   54533.479900       0.0000       3.2633       0.0000       3.2633      -nan       0.0000       0.0000  0.000  0.000  762 
   54534.493900       0.0000       4.1753       0.0000       4.1753      -nan       0.0000       0.0000  0.000  0.000  762 
   54535.485300       4.5738       8.1255    2085.3922     172.7000    0.2943       0.0000       0.0000  7.041  0.000  762 
   54536.509200   -2133.3030     250.0136   -2157.2965     251.6671    0.1720     997.0760     912.5411  8.915  8.049  762 
   54538.445200   -1370.0405     236.9847   -1581.7679     238.6412    0.0257    1488.3495    1380.7005  6.810  7.882  762 
   54590.268200   -1013.1287     164.1965   -1675.3452     168.2920    0.0973     442.0800     365.7872  6.085  5.284  762 
   54591.392100   -1285.7873     232.6186   -1339.2068     234.2323    0.0247    1327.5872    1221.4965  7.626  8.046  762 
   55536.490900    1350.7047     260.4024    1063.3059     260.7531    0.0488    -114.9471    -111.5955 -0.139 -0.615  762 
   55927.511900    3664.3317     162.9958    2727.0420     172.3289    0.2356     420.1041     305.4845  5.088  6.017  762 
   56008.327800    -435.7693     200.6345    -583.9124     204.9507    0.0247     533.2560     444.7246  5.521  5.196  762 
   56009.317200     375.5257     199.7029     307.1582     204.2693    0.1087     520.0133     431.8072  4.601  4.737  762 
   56090.359900     251.5643     230.9532     -69.9948     232.7504    0.0587    -721.7820    -653.0793 -9.465 -9.851  762 
   56302.487100    1829.7427     210.7919    1839.6234     213.9502    0.3943    1546.1484    1341.5457 12.479 12.798  762 
