   54533.479900       0.0000       3.2771       0.0000       3.2771      -nan       0.0000       0.0000  0.000  0.000  762 
   54534.493900       0.0000       4.1821       0.0000       4.1821      -nan       0.0000       0.0000  0.000  0.000  762 
   54535.485300       0.0000       3.4151       0.0000       3.4151      -nan       0.0000       0.0000  0.000  0.000  762 
   54536.509200     403.4812     278.0955     679.3736     282.8808    0.2199    1390.6184    1194.1787 13.770 10.410  762 
   54538.445200     297.7898     264.7379     -96.9246     269.4088    0.1733    1973.3375    1737.8508 12.913  9.893  762 
   54590.268200   -2540.9143     194.8794   -3863.7331     205.3023    0.2633     657.0217     484.4458 13.242  6.862  762 
   54591.392100    -355.9873     260.3977    -920.6628     265.3986    0.0733    1723.3581    1491.9366 13.227  9.779  762 
   55536.490900    1163.2537     275.3020    1065.1937     276.4340    0.0606       0.0000       0.0000 -3.624  0.000  762 
   55927.511900    2365.4353     204.2775    1490.5186     224.5912    0.1692     237.9804     147.0627  6.820  2.826  762 
   56008.327800    -450.3220     236.9898    -210.6573     247.8728    0.0388       0.0000       0.0000 -2.678  0.000  762 
   56009.317200    1039.0555     236.2003     992.0078     247.9956    0.1907       0.0000       0.0000  1.424  0.000  762 
   56090.359900     976.2496     259.2479     580.7916     264.5103    0.0512       0.0000       0.0000 -1.872  0.000  762 
   56302.487100    1926.2094     244.1327    2566.7165     252.7212    0.4819    2425.4548    1916.3734 19.179 18.101  762 
