   54533.485600       0.0000       2.5947       0.0000       2.5947      -nan       0.0000       0.0000  0.000  0.000  762 
   54534.499900       0.0000       3.4046       0.0000       3.4046      -nan       0.0000       0.0000  0.000  0.000  762 
   54535.491300       0.0000       3.1902       0.0000       3.1902      -nan       0.0000       0.0000  0.000  0.000  762 
   54536.509600    1215.2979       3.0224    1211.7718       3.0600    0.0016   -1215.2983   -1215.5344 -16.906 -17.534  762 
   54538.449200  -27566.7119     518.3248  -29324.1325     542.8877    0.4856   -3561.1266   -3103.1416 -23.022 -23.328  762 
   54590.274300  -40451.3584     324.3656  -50280.7414     350.4327    0.4789    -612.0770    -557.8136 -11.722 -10.579  762 
   54591.398100  -28006.2249     427.8220  -33984.7612     458.0076    0.4912   -4582.3876   -3915.5381 -45.043 -45.593  762 
   54912.375400  -26245.5305     440.7150  -28558.4347     470.1947    0.5610   -3857.4603   -3288.4829 -30.806 -30.765  762 
   55536.496700   -8290.5727     671.0924   -7194.1435     673.0405    0.3267   -5688.6122   -5518.5106 -37.334 -34.871  762 
   55927.517400   -1046.0883     320.2038    -484.5927     349.5441    0.0675    -265.9489    -244.0559 -5.002 -4.954  762 
   56008.332400    4220.5932     392.3965    1748.4695     421.4451    0.0400    -744.3880    -667.6316 -10.258 -8.807  762 
   56009.322600     871.7711     358.9279     789.0369     390.2419    0.0332    -634.9130    -561.8045 -9.367 -8.139  762 
   56090.365100   21320.8620     353.0755   25419.1337     375.4916    0.5044   -1686.2731   -1540.8120 -27.133 -29.915  762 
   56302.492900    -658.0518     415.9755   -1701.9313     439.5045    0.0823     736.2854     669.1348  9.348  9.313  762 
