   54535.493400       0.0000       3.4456       0.0000       3.4456       nan       0.0000       0.0000  0.000  0.000  762 
   54536.510300     550.3249     199.8276     528.7481     199.8495    0.2482     427.4071     424.5656  2.767  2.618  762 
   54538.451500     -26.3318     171.9856     -77.9925     172.0226    0.2036     921.0361     916.6494  3.254  3.731  762 
   54590.276400     480.8505      91.7813     439.8293      91.9186    0.2998     549.8831     528.9274  6.792  6.927  762 
   54591.400200     232.9393     123.3185     185.9408     123.4011    0.1556     315.1885     308.2832  3.104  2.619  762 
   54912.385500    -244.6428     118.4193    -276.8671     118.5305    0.1565     640.4437     622.4790  5.376  5.449  762 
   55536.498700    1812.9191     111.8771    1760.0073     111.8927    0.2901     -34.3411     -34.0823  0.530 -0.280  762 
   55927.519800      14.8903      81.5154       6.6232      81.8175    0.1889     262.9800     244.4109  3.308  3.314  762 
   56008.335800     173.3647     117.6670     153.2185     117.7780    0.1648     242.5235     235.5798  2.671  2.126  762 
   56009.325100      45.9355     103.5407      35.0154     103.7118    0.0865     154.2527     147.2699  1.402  1.620  762 
   56090.365900     489.3249     132.7203     463.5260     132.7555    0.1729     217.1795     213.5649  3.253  2.761  762 
   56302.495200    -339.8338      90.9366    -379.8111      91.2091    0.3638    -520.1834    -487.2443 -6.532 -6.562  762 
