   54535.493400       2.3765       6.0180     588.3438      79.7993    0.3132       0.0000       0.0000  2.169  0.000  762 
   54536.510300    -113.9210     208.2666    -147.4467     208.2961    0.0647     412.0338     408.6959  2.331  2.406  762 
   54538.451500    -126.8270     179.3672    -172.2965     179.4131    0.2098     937.4523     931.4804  3.962  3.660  762 
   54590.276400     138.5836      92.8517     110.7055      92.9869    0.0863     142.3680     136.7647  1.545  1.804  762 
   54591.400200      82.7370     124.9191      33.1572     125.0103    0.2284     740.0390     724.2971  5.536  6.120  762 
   54912.385500     160.8270     121.3165     148.4272     121.4037    0.3214     485.7651     474.0560  3.968  4.050  762 
   55536.498700   -1532.3558     132.9218   -1616.4922     132.9500    0.2047     -78.7717     -78.1663 -1.654 -0.510  762 
   55927.519800     106.4371      82.9344     104.7242      83.2700    0.1105      22.2081      20.7057  0.285  0.283  762 
   56008.335800      47.6545     116.5147      45.5914     116.6339    0.0642     113.9550     110.6371  0.682  1.053  762 
   56009.325100    -345.3115     104.9164    -366.3027     105.1395    0.1131     139.6626     132.9337  1.676  1.483  762 
   56090.365900      36.1195     131.0807      15.0714     131.1224    0.0277    -129.6505    -127.4685 -1.668 -1.708  762 
   56302.495200     368.2770      91.6287     321.8518      91.9098    0.1624      15.7147      14.7700  0.504  0.198  762 
