   54535.493400       0.0000       3.4836       0.0000       3.4836       nan       0.0000       0.0000  0.000  0.000  762 
   54536.510300   -1309.2720     224.0113   -1426.8274     224.5475    0.1162     597.7376     572.5933  3.524  3.340  762 
   54538.451500   -1268.6760     197.4775   -1406.3237     198.0799    0.0896     950.2871     915.9860  3.942  3.580  762 
   54590.276400     593.2326     115.5509     462.5879     118.3095    0.1877     195.3842     162.3481  1.646  2.109  762 
   54591.400200     333.7781     145.3039     191.9290     146.7131    0.1996     868.6162     782.9567  6.376  6.569  762 
   54912.385500    1316.9754     144.1680    1310.0944     145.8019    0.3913     206.8627     183.9649  1.676  1.554  762 
   55536.498700     985.7445     136.1070     861.9759     136.3913    0.0427   -1253.1829   -1202.9030 -8.409 -8.363  762 
   55927.519800     149.7486     115.2747     217.1011     120.2177    0.1025     -19.8296     -14.9072 -0.294 -0.201  762 
   56008.335800      98.4091     142.5751     -24.4712     144.9578    0.0970    -324.6861    -279.5684 -2.650 -2.639  762 
   56009.325100     266.7861     133.4945     206.4098     137.1591    0.0964      27.5921      22.4359 -0.646  0.248  762 
   56090.365900     392.3794     148.9577     352.3867     149.9542    0.0870      17.2699      15.7298  0.480  0.208  762 
   56302.495200    -445.8377     122.2143    -458.0719     126.8148    0.1496      90.2311      69.8508  0.840  0.921  762 
