   54533.494200       0.0000       2.8633       0.0000       2.8633       nan       0.0000       0.0000  0.000  0.000  762 
   54534.508600       0.0000       3.6204       0.0000       3.6204       nan       0.0000       0.0000  0.000  0.000  762 
   54535.499500    8660.6408     176.2121   19109.4836     330.9987    0.3003       0.0000       0.0000  9.488  0.000  762 
   54536.510100   12915.8224     387.1191    8019.2767     402.4985    0.1811   -1536.9280   -1323.6121 -13.692 -12.459  762 
   54590.282500   11441.6580     284.7471    3358.1461     298.3105    0.0542    -184.4507    -163.5180 -7.437 -3.103  762 
   54591.406300   16473.9942     359.8470   14313.8347     373.7306    0.3346    -830.0613    -728.6259 -8.233 -8.461  762 
   54912.391600   14592.4379     458.5362   15913.1197     464.1487    0.2981   -4998.9112   -4637.5611 -27.604 -27.691  762 
   55536.504600   11164.3076     486.9089   11127.1665     487.9170    0.0579   -8429.7641   -8160.8468 -64.669 -68.814  762 
   55927.525800   -1979.6552     284.5250   -2585.2634     312.8513    0.1087    -492.1944    -389.4943 -10.616 -8.623  762 
   56008.341900    -335.1391     344.2435   -5107.3724     367.8769    0.1711    -616.0343    -518.9897 -8.126 -8.167  762 
   56009.331100   -2658.0220     320.6266   -5703.0179     347.4646    0.2769    -347.7980    -274.7453 -5.876 -5.070  762 
   56090.371800    1772.9504     379.2827     246.3225     390.2457    0.0310     588.5511     528.2233 10.458  8.935  762 
   56302.501200    5471.2213     378.1698    7641.3554     393.7122    0.3167     567.5136     476.4123  5.506  6.685  762 
