   54534.141800    2627.4813     242.3917    2788.7683     249.4349    0.0936   -2245.6700   -1971.8555 -7.337 -7.993  762 
   54591.213000   -1616.4795     193.8876   -1337.7376     208.7063    0.0999     385.8185     249.4278  2.626  2.875  762 
   54792.421200       0.0000       3.1494       0.0000       3.1494      -nan       0.0000       0.0000 -0.214  0.000  762 
   54794.402600    2600.3207     182.9507    -149.1311     208.6166    0.0009     296.2539     130.9256  3.138  3.560  762 
   54861.113700     664.7678     225.1177     494.8857     236.1179    0.0997     614.6487     464.5246  1.549  3.518  762 
   54862.104500     789.7924     198.8003   -1958.7081     217.3693    0.1450     196.1660     114.8708  1.367  2.051  762 
   55470.446100   -1801.5268     272.2021   -2989.6629     279.9162    0.3059    -594.1196    -475.4156 -4.094 -5.574  762 
   55536.218700     973.1594     199.9195     538.1831     215.9233    0.0695     -63.7784     -41.6222  0.702 -0.408  762 
   55538.255300    1460.2532     189.4135   -1183.2979     213.5531    0.0896     -39.8650     -19.6549  0.042 -0.398  762 
   55540.326500    -209.6040     225.2847    -242.1092     237.3809    0.0618    -256.7613    -197.8807 -0.252 -1.187  762 
   55543.323400     979.1920     192.1057      -5.7694     217.0193    0.0179     237.5272     111.5462  1.576  2.535  762 
   55599.152300    2113.8518     230.5759    1930.5439     238.9198    0.1710    -743.1198    -613.5304 -2.216 -3.305  762 
   55889.405200    -679.2583     234.7301    -912.6514     249.9084    0.1062     475.6505     347.6833  2.228  2.331  762 
   55924.295100     480.4251     197.3040   -2947.7202     226.0880    0.2812      62.7463      27.4193  1.026  0.731  762 
   55925.229700    -946.5862     229.9015   -1981.6381     243.6966    0.2266     357.7916     255.3816  2.286  2.347  762 
   55926.291200    1629.4227     193.6046     415.1609     222.1309    0.0659      69.1005      28.3854  1.240  0.816  762 
   55927.336300    -340.2766     201.3187   -1273.8916     226.0530    0.2372      99.0899      47.9043  0.849  1.079  762 
   55930.389000     140.6032     270.8766    -207.1201     279.3354    0.0328      15.8621      12.3482  0.795  0.206  762 
   55969.097700   -1720.1028     218.6386   -2350.2460     230.8941    0.3437     396.7344     288.5925  2.272  2.435  762 
   56008.133000    -990.8752     224.7652   -1313.4437     242.4723    0.1959     238.1696     160.8078  0.649  1.309  762 
   56009.120000    -270.8910     233.5465    -773.5233     248.2669    0.2176      37.4678      26.3488 -0.134  0.234  762 
   56045.147000     552.8739     295.9992     440.6212     301.4394    0.0542      23.9537      20.5311 -0.029  0.152  762 
   56215.446700     385.8158     234.2293    1128.6760     248.0974    0.1821     -31.2493     -22.2350 -1.063 -0.187  762 
   56217.444300     487.0322     277.5265     528.0857     285.6533    0.0706   -1253.9446   -1090.2217 -5.611 -4.659  762 
   56254.418300    -757.8377     208.8557    -652.2661     236.0532    0.0681      -0.7294      -0.3134 -0.692 -0.009  762 
   56301.218900    1170.6261     249.1056    1458.4483     261.5007    0.0796   -1134.9216    -890.3762 -5.019 -5.009  762 
   56302.299000    -200.4052     186.5367     505.7059     198.8387    0.0448    -164.6197    -103.3963 -0.427 -1.722  762 
   56337.368100     290.6945     204.4958     344.6615     226.6713    0.0431       9.1322       4.7906 -0.440  0.086  762 
   56417.143800    1102.6076     209.7583    2855.4760     225.8497    0.3484     138.6050      86.0020  0.624  1.392  762 
