   54534.141800   12046.0752     376.1851    9912.4143     400.9561      -nan  -12046.0752   -9912.4143 -40.858 -39.232  762 
   54591.213000     264.1805     300.4352     140.1433     350.8205      -nan    -264.1805    -140.1433 -0.079 -1.539  762 
   54792.421200     769.0809     258.8496     460.4719     292.4066      -nan    -769.0809    -460.4719 -4.029 -5.750  762 
   54794.402600     151.5762     277.0081      56.3654     358.0927      -nan    -151.5762     -56.3654 -1.403 -1.377  762 
   54861.113700    1954.5907     348.0244    1258.3161     388.2258      -nan   -1954.5907   -1258.3161 -11.454 -9.188  762 
   54862.104500     556.4860     310.9385     267.1742     366.6568      -nan    -556.4860    -267.1742 -4.559 -4.355  762 
   55470.446100     814.1360     383.9192     541.0474     419.6279      -nan    -814.1360    -541.0474 -6.352 -6.154  762 
   55536.218700     749.3608     316.8392     394.2930     370.7300      -nan    -749.3608    -394.2930 -3.709 -3.877  762 
   55538.255300      10.1546     300.8756       3.9625     372.4155      -nan     -10.1546      -3.9625  0.229 -0.075  762 
   55540.326500    2986.1449     353.7263    2005.5179     395.4064      -nan   -2986.1449   -2005.5179 -13.123 -11.953  762 
   55543.323400     -23.1376     304.9784      -8.7708     380.1585      -nan      23.1376       8.7708  0.388  0.177  762 
   55599.152300    4478.2486     351.8021    3283.4365     383.9138      -nan   -4478.2486   -3283.4365 -19.064 -17.435  762 
   55889.405200    3331.8245     371.3474    2077.1107     421.6924      -nan   -3331.8245   -2077.1107 -12.942 -13.930  762 
   55924.295100     -81.7150     300.4036     -27.5694     394.8031      -nan      81.7150      27.5694  0.389  0.741  762 
   55925.229700     450.4629     353.9001     259.2911     404.6847      -nan    -450.4629    -259.2911 -3.441 -2.407  762 
   55926.291200     -79.9206       2.1286     -79.9206       2.1286      -nan      79.9206      79.9206  1.044  2.246  762 
   55927.336300     153.8632     312.9852      57.4799     396.1275      -nan    -153.8632     -57.4799 -0.691 -1.259  762 
   55930.389000     110.0372     377.5909      70.0190     423.2299      -nan    -110.0372     -70.0190 -1.317 -1.171  762 
   55969.097700     579.5102     340.9105     336.9473     387.6609      -nan    -579.5102    -336.9473 -3.231 -2.982  762 
   56008.133000    1825.6811     356.4196    1037.5618     413.0775      -nan   -1825.6811   -1037.5618 -8.203 -8.242  762 
   56009.120000     964.5054     362.3665     547.0471     415.0950      -nan    -964.5054    -547.0471 -5.258 -4.903  762 
   56045.147000    1028.4176     407.8193     757.3671     437.5125      -nan   -1028.4176    -757.3671 -6.527 -5.566  762 
   56215.446700    1114.2690     372.0609     618.9071     426.5038      -nan   -1114.2690    -618.9071 -5.180 -5.596  762 
   56217.444300   10397.4931     419.3705    8213.0637     452.4911      -nan  -10397.4931   -8213.0637 -37.219 -35.656  762 
   56254.418300      47.9970       2.0730      47.9970       2.0730      -nan     -47.9970     -47.9970 -2.062 -1.420  762 
   56301.218900    5659.2527     390.5863    3817.7717     436.8327      -nan   -5659.2527   -3817.7717 -23.013 -22.135  762 
   56302.299000     659.1738     290.8132     295.1586     351.4566      -nan    -659.1738    -295.1586 -6.138 -5.376  762 
   56337.368100     287.0584     315.6079     114.8363     397.3460      -nan    -287.0584    -114.8363 -1.963 -2.119  762 
   56417.143800     169.7603     317.8488      79.5438     381.7941      -nan    -169.7603     -79.5438 -0.098 -1.401  762 
