   54534.141800    2760.6795     215.6085    3063.1214     219.1705    0.2944    -725.3805    -658.0522 -3.366 -2.728  762 
   54591.213000    2602.3957     164.7936    2966.2231     174.1120    0.3768    -159.8500    -115.6869 -0.911 -1.357  762 
   54792.421200       0.0000       3.1736       0.0000       3.1736      -nan       0.0000       0.0000  0.000  0.000  762 
   54794.402600       0.0000       2.3132       0.0000       2.3132      -nan       0.0000       0.0000  0.000  0.000  762 
   54861.113700       0.0000       4.2411       0.0000       4.2411      -nan       0.0000       0.0000  0.000  0.000  762 
   54862.104500       0.0000       2.7550       0.0000       2.7550      -nan       0.0000       0.0000  0.000  0.000  762 
   55470.446100    3002.1730     248.5130    3213.1632     252.2490    0.3831       7.9147       6.8240  0.773  0.078  762 
   55536.218700    2443.8891     170.2711    3060.9907     180.4211    0.4580      53.4784      38.2798  0.467  0.389  762 
   55538.255300       0.0000       2.5161       0.0000       2.5161      -nan       0.0000       0.0000  0.083  0.000  762 
   55540.326500    1901.6735     197.2451    2097.2650     204.0962    0.3118    -377.3420    -309.5535 -1.663 -1.886  762 
   55543.323400    1482.9195     161.7480    2595.7851     178.5169    0.4941     -32.7315     -19.1200  0.525 -0.380  762 
   55599.152300    2230.9743     206.5887    2070.3332     211.1702    0.2112    -716.9589    -622.5320 -4.795 -3.373  762 
   55889.405200    -306.8977     206.8038    -389.9030     215.8976    0.3271   -1036.0428    -816.5248 -5.676 -5.464  762 
   55924.295100    -988.3896     164.7539    -923.6632     189.9938    0.1446    -180.0259     -91.8144 -1.388 -2.376  762 
   55925.229700     802.8202     200.4830    1235.5955     208.5181    0.1950     155.1555     120.1929  0.916  1.126  762 
   55926.291200    2307.0093     160.0463    2304.0526     186.4641    0.2473     -59.9639     -29.1891 -1.554 -0.782  762 
   55927.336300      59.3751     169.9665    -181.0305     190.3059    0.0394      20.5823      11.5187 -0.153  0.244  762 
   55930.389000    -126.6916     246.3477     -39.5544     251.7567    0.0163     -65.8255     -54.5748 -1.997 -0.899  762 
   55969.097700     330.0126     188.7273     171.9243     196.8993    0.0255    -471.1563    -361.6052 -3.137 -3.279  762 
   56008.133000    2049.0071     195.5761    2026.3740     206.1168    0.2015    -538.8106    -403.6097 -3.244 -3.208  762 
   56009.120000    1183.5257     204.3040    1477.6700     213.2677    0.1682    -442.1864    -338.3356 -2.930 -3.022  762 
   56045.147000    -870.3444     274.6748    -927.3696     277.5152    0.1046     -47.8658     -42.9094  0.153 -0.317  762 
   56215.446700    -823.2514     200.2054   -1403.9028     211.2619    0.2538     109.8986      80.8215  1.461  0.757  762 
   56217.444300    -300.9464     248.9669    -385.1852     253.6814    0.1838    -963.2008    -861.6552 -4.573 -3.793  762 
   56254.418300     277.2820     170.3782   -2177.5729     202.7980    0.2084     101.5498      47.1678  1.819  1.398  762 
   56301.218900    1249.3048     217.0552    1233.0065     225.1541    0.2267     410.0145     335.1652  2.120  1.988  762 
   56302.299000    2689.5342     155.8739    1136.8966     169.9304    0.0957      21.1913      13.5265  0.955  0.264  762 
   56337.368100    5232.6053     167.8322    5832.4812     187.5866    0.3893      87.9734      49.7342  0.661  0.978  762 
   56417.143800    1290.8238     178.1635    1503.3163     192.3139    0.2412      69.1822      45.5710  0.414  0.803  762 
