   54534.141800   14038.5715     301.1304   16100.9320     314.9762    0.5773   -4735.7818   -3978.2660 -16.826 -16.629  762 
   54591.213000    5659.1286     250.0797    8967.2702     277.3214    0.4649     296.2284     171.7099  0.962  2.040  762 
   54792.421200       0.0000       3.1607       0.0000       3.1607      -nan       0.0000       0.0000  0.000  0.000  762 
   54794.402600       0.0000       2.3143       0.0000       2.3143      -nan       0.0000       0.0000  0.000  0.000  762 
   54861.113700       0.0000       4.2249       0.0000       4.2249      -nan       0.0000       0.0000  0.000  0.000  762 
   54862.104500       0.0000       2.7438       0.0000       2.7438      -nan       0.0000       0.0000  0.000  0.000  762 
   55470.446100    1481.5684     328.5054    3509.6685     345.5470    0.2905    -270.3843    -196.5187 -1.357 -2.246  762 
   55536.218700       0.0000       3.5632       0.0000       3.5632      -nan       0.0000       0.0000  0.000  0.000  762 
   55538.255300       0.0000       2.4986       0.0000       2.4986      -nan       0.0000       0.0000  0.000  0.000  762 
   55540.326500       0.0000       4.7968       0.0000       4.7968      -nan       0.0000       0.0000  0.000  0.000  762 
   55543.323400       0.0000       2.5249       0.0000       2.5249      -nan       0.0000       0.0000  0.523  0.000  762 
   55599.152300       0.0000       5.1580       0.0000       5.1580      -nan       0.0000       0.0000 -0.518  0.000  762 
   55889.405200   14298.9027     300.1349   15483.0182     328.4627    0.9236    -695.8293    -468.4927 -7.140 -3.133  762 
   55924.295100   -7074.7666     267.2532   -9414.7900     325.7288    0.3774    -359.0628    -130.6532 -3.095 -3.377  762 
   55925.229700   -3160.1596     293.9194   -1045.6953     321.3890    0.1458    -431.8233    -272.1713 -2.586 -2.554  762 
   55926.291200   -4925.9708     263.9879   -3865.5367     322.3598    0.3395     -72.4915     -25.1310 -1.085 -0.671  762 
   55927.336300   -9349.4826     273.3358  -10190.2060     322.8408    0.7638     166.9573      68.4802  1.218  1.450  762 
   55930.389000   -7005.8745     335.0279   -7584.6537     357.6197    0.6440    -747.1747    -505.5404 -6.670 -8.322  762 
   55969.097700    4410.7511     279.3117    4472.2207     305.9314    0.4773    -483.3029    -302.9457 -2.890 -2.762  762 
   56008.133000    1395.3832     293.3002    3161.0654     325.3618    0.3130   -1257.7573    -776.4121 -6.543 -6.170  762 
   56009.120000      65.8205     299.8681    -101.9781     330.5457    0.1298   -1072.1067    -664.9977 -6.029 -5.937  762 
   56045.147000   14250.0708     349.0511   14953.2303     362.5000    0.6681    -647.8308    -511.7334 -4.039 -3.776  762 
   56215.446700   15989.5978     298.7983   13581.6528     331.4677    0.7521     451.6119     269.6708  2.202  2.543  762 
   56217.444300   19406.5830     340.7389   20014.0670     358.2118    0.7690   -3191.1909   -2616.7807 -12.303 -11.540  762 
   56254.418300   22205.5203     272.1401   14063.8548     342.4281    0.4205     438.7298     146.0633  3.800  4.370  762 
   56301.218900  -10747.0166     320.9462  -11142.1503     349.1942    0.7903   -1566.8319   -1102.7449 -6.204 -6.568  762 
   56302.299000  -14510.8556     247.1314  -20159.1432     285.2392    0.8245     164.1441      76.5605  1.104  1.520  762 
   56337.368100   -5546.1184     276.3546   -8603.5149     327.9948    0.4905     219.8489      89.2859  1.939  1.778  762 
   56417.143800     979.6043     274.3028   -1005.5400     314.6341    0.0535     521.4155     259.6256  5.191  4.590  762 
