   54534.141800       0.0000       6.1574       0.0000       6.1574      -nan       0.0000       0.0000  0.000  0.000  762 
   54591.213000   10153.2557     147.5429   10682.8653     152.6961    0.6075    -210.1141    -164.8184 -1.333 -1.948  762 
   54792.421200       0.0000       3.1626       0.0000       3.1626      -nan       0.0000       0.0000  0.000  0.000  762 
   54794.402600       0.0000       2.3318       0.0000       2.3318      -nan       0.0000       0.0000  0.000  0.000  762 
   54861.113700    6635.6435     183.9576    7662.4498     186.9192    0.7264     914.7819     790.2396  5.128  5.898  762 
   54862.104500    8400.5509     151.9720   10466.0028     157.0021    0.6713     178.2264     136.8751  2.729  2.234  762 
   55470.446100    2388.8948     236.6442    2341.2593     238.8798    0.2724     312.8571     279.1187  2.120  3.195  762 
   55536.218700    2050.7473     155.2355    2906.7697     161.7498    0.3011    -177.2347    -134.2030 -0.414 -1.401  762 
   55538.255300    4954.9935     139.3273    6988.0831     148.8242    0.4283     -52.1583     -34.5774 -0.191 -0.697  762 
   55540.326500    1112.1475     183.6831    1680.0329     188.0283    0.1556    -749.1320    -636.1793 -3.603 -3.910  762 
   55543.323400    2280.2968     145.1572    3017.8430     154.9422    0.4527     -39.0404     -25.8604 -0.331 -0.496  762 
   55599.152300    6347.8958     193.0670    6466.6207     195.8009    0.6388    -514.2922    -460.2859 -1.218 -2.499  762 
   55889.405200    2510.0514     190.5718    2635.5796     196.4722    0.6136      79.2670      64.9128 -0.188  0.438  762 
   55924.295100    2347.4791     144.8865     767.5435     163.5246    0.0977    -168.5446     -94.7076 -2.324 -2.566  762 
   55925.229700    3086.0388     184.5679    3295.5542     189.8089    0.4783     -26.1266     -21.1465 -0.440 -0.203  762 
   55926.291200    2990.3126     141.6049    2136.9104     160.6446    0.2642     -48.0260     -26.0414 -1.030 -0.715  762 
   55927.336300    1072.9788     152.0698     761.4875     165.9149    0.2098     -14.8422      -9.1428 -0.626 -0.197  762 
   55930.389000    -673.8612     231.0746   -1071.6598     234.5405    0.1911    -370.5876    -317.9787 -6.065 -5.392  762 
   55969.097700    1674.2027     172.2636    1481.0850     178.1731    0.2285     252.3023     200.4800  1.582  1.911  762 
   56008.133000    3188.0727     180.3305    3744.4875     186.7393    0.5303    -363.0795    -287.1585 -1.713 -2.277  762 
   56009.120000     392.0271     189.6828      -5.4988     196.1836    0.0489    -239.4962    -189.7195 -1.104 -1.730  762 
   56045.147000    2122.5676     262.3332    1975.1336     264.0357    0.1829    -130.2105    -119.5312 -0.750 -0.891  762 
   56215.446700    1349.7716     180.6772     569.6421     188.9212    0.1065     586.6732     446.4052  3.662  4.476  762 
   56217.444300    1869.1262     232.5069    1808.4696     235.6716    0.2702     269.1564     244.6880  0.308  1.097  762 
   56254.418300   -1431.6135     150.0984   -4937.8590     176.1120    0.4107     299.6487     150.9601  4.283  5.000  762 
   56301.218900    3153.7960     199.5808    3339.3924     204.9887    0.4424     616.8034     518.8487  2.678  3.179  762 
   56302.299000    1796.1102     139.0409    1143.7739     149.2523    0.1905     151.0962     100.8731  2.024  2.198  762 
   56337.368100    2198.1146     150.5858    2680.9345     164.9342    0.3057     300.4377     180.3890  3.727  3.806  762 
   56417.143800   -1659.5193     161.3045   -2828.0727     172.2037    0.2301     332.5679     228.3912  4.267  4.390  762 
