   54534.143600    -248.4237     417.2711    -352.0128     422.6343    0.5205   -4641.1694   -4327.6358 -20.738 -20.153  762 
   54591.214800   -7013.4776     281.6183   -7033.5371     297.4955    0.6478   -1389.6710   -1170.4977 -16.653 -17.402  762 
   54861.115600    1630.4423     330.2570    1725.3051     340.0972    0.0896    -994.1270    -876.6760 -7.343 -7.533  762 
   54862.106300    2171.9498     249.0244    3248.3361     268.3692    0.2743    -526.1318    -433.5892 -5.941 -6.805  762 
   55470.447800    -174.7517     327.2675    -368.8987     337.9066    0.0898    -415.4846    -370.8713 -4.549 -4.547  762 
   55536.220400    4387.5044     278.8635    4273.9316     294.8874    0.5061     999.2290     846.3349  8.731 10.106  762 
   55538.257000    3301.7737     238.5549    3475.1934     260.8364    0.5280    1609.5818    1342.1201 25.490 24.481  762 
   55540.328200    -595.1930     329.6046    -411.6736     340.6588    0.2008    -851.5380    -741.7194 -6.078 -5.189  762 
   55543.325100      83.2449     207.4313    -297.5784     234.3502    0.0721    -227.4747    -190.1819 -5.251 -4.397  762 
   55889.400500    -157.4024     327.3950    -170.7651     339.8834    0.0117     132.0808     114.4383  1.143  1.027  762 
   55889.413600     678.8725     334.8725     319.1626     344.1040    0.0133    -273.7112    -242.1684 -1.160 -1.789  762 
   55924.296700    -417.2061     164.5798    -399.8122     195.7173    0.0651    -171.7416    -143.2513 -4.838 -4.190  762 
   55925.181100    1529.5057     297.4704    1225.0990     310.1644    0.1189    -378.2539    -328.3673 -4.098 -3.660  762 
   55925.281600   -1440.4759     242.6165   -1906.3147     263.2426    0.5171    -387.0533    -319.1994 -4.990 -4.709  762 
   55926.293000   -1104.6204     182.6449   -1208.1493     210.7778    0.2642    -231.7456    -194.7001 -6.481 -5.022  762 
   55927.338100   -2615.6609     221.4881   -3309.9792     245.5444    0.6319    -353.7475    -290.3985 -5.630 -5.501  762 
   55930.390900   -4803.2561     319.4148   -4527.6248     329.0674    0.5165    -237.4799    -215.7907 -2.496 -3.586  762 
   55969.100600     642.7297     316.5181     341.2696     326.7033    0.0291    -571.3635    -503.8711 -5.430 -4.637  762 
   56008.134700   -2661.2441     319.0436   -3089.8140     330.5288    0.4886    -929.9635    -804.8595 -8.400 -7.036  762 
   56009.119700   -1710.9801     312.9656   -1592.7748     323.8255    0.3992    -603.5668    -528.1132 -4.903 -5.335  762 
   56045.148400   -2417.1727     401.3214   -2333.9490     406.4636    0.3203   -1388.0520   -1280.6151 -11.873 -11.242  762 
   56215.447500     894.7099     283.5308     983.2503     301.9595    0.0357    -873.7188    -744.7315 -11.745 -10.898  762 
   56217.445100     185.4498     462.2899      19.9939     467.2551    0.2256   -1964.6846   -1829.4928 -10.894 -10.715  762 
   56254.420000   -2613.8654     192.7977   -3797.5958     220.2054    0.2730    -309.3739    -268.8316 -9.749 -8.621  762 
   56301.204000      32.0383     315.2860     -18.6078     329.6934    0.2005   -1292.4482   -1100.9526 -8.498 -9.103  762 
   56301.237400    -813.7238     353.4924    -824.4615     363.7123    0.4665   -2347.6668   -2077.4747 -12.353 -12.564  762 
   56302.300900   -2444.6680     227.7320   -3208.7257     238.2404    0.4421    -197.3087    -179.8133 -5.588 -4.044  762 
   56337.369900   -7302.5497     244.0601   -6726.1060     271.4423    0.5368    -677.1015    -526.2091 -8.072 -8.606  762 
   56417.145600   -6049.3999     282.5669   -5354.0514     295.8310    0.4727    -933.8211    -816.9216 -12.855 -11.513  762 
