   54534.143600   17767.4213     654.8142   14477.1340     694.5782      -nan  -17767.4213  -14477.1340 -73.798 -67.930  762 
   54591.214800     623.6808       2.9126     623.6808       2.9126      -nan    -623.6808    -623.6808 -9.062 -9.359  762 
   54861.115600    1864.1772     560.3427    1220.5708     623.3300      -nan   -1864.1772   -1220.5708 -10.049 -10.851  762 
   54862.106300     182.2505       2.8279     182.2505       2.8279      -nan    -182.2505    -182.2505 -3.449 -2.928  762 
   55470.447800     445.3755     563.1196     288.8498     623.9275      -nan    -445.3755    -288.8498 -3.992 -3.443  762 
   55536.220400    2303.6548     529.7006    1346.8021     603.8484      -nan   -2303.6548   -1346.8021 -14.997 -15.612  762 
   55538.257000    -333.2548       2.6896    -333.2548       2.6896      -nan     333.2548     333.2548  5.985  5.911  762 
   55540.328200    7325.3566     574.9107    4999.4127     636.3450      -nan   -7325.3566   -4999.4127 -33.902 -34.683  762 
   55543.325100     495.9637       2.3885     495.9637       2.3885      -nan    -495.9637    -495.9637 -11.382 -11.111  762 
   55889.400500    3863.7108     573.9164    2478.5073     641.9471      -nan   -3863.7108   -2478.5073 -21.874 -22.138  762 
   55889.413600    5610.8731     560.5114    3863.3576     618.3191      -nan   -5610.8731   -3863.3576 -29.922 -28.606  762 
   55924.296700      31.9466       2.1210      31.9466       2.1210      -nan     -31.9466     -31.9466 -2.248 -0.902  762 
   55925.181100    1883.8392     533.9465    1174.0868     599.8671      -nan   -1883.8392   -1174.0868 -14.399 -12.704  762 
   55925.281600     420.9246       2.9889     420.9246       2.9889      -nan    -420.9246    -420.9246 -5.668 -6.091  762 
   55926.293000      36.2852       2.2569      36.2852       2.2569      -nan     -36.2852     -36.2852 -0.428 -0.905  762 
   55927.338100     239.9793       2.6297     239.9793       2.6297      -nan    -239.9793    -239.9793 -4.303 -4.449  762 
   55930.390900    -153.0195       2.7937    -153.0195       2.7937      -nan     153.0195     153.0195  2.786  2.508  762 
   55969.100600    2270.4770     543.7703    1510.0217     601.6824      -nan   -2270.4770   -1510.0217 -12.876 -13.615  762 
   56008.134700    3781.7182     548.8976    2417.6645     616.9554      -nan   -3781.7182   -2417.6645 -21.842 -21.413  762 
   56009.119700    2139.6091     538.9226    1367.4857     603.9718      -nan   -2139.6091   -1367.4857 -14.438 -13.807  762 
   56045.148400    5177.1974     602.4526    3840.5994     646.1261      -nan   -5177.1974   -3840.5994 -33.203 -33.560  762 
   56215.447500     584.7622       3.0002     584.7622       3.0002      -nan    -584.7622    -584.7622 -8.076 -8.371  762 
   56217.445100   13178.4844     691.2232   10323.9903     734.0949      -nan  -13178.4844  -10323.9903 -62.212 -60.117  762 
   56254.420000       0.0000       2.0320       0.0000       2.0320      -nan       0.0000       0.0000  0.894  0.000  762 
   56301.204000    5300.8918     572.9562    3364.6404     645.6233      -nan   -5300.8918   -3364.6404 -28.341 -27.291  762 
   56301.237400   13882.0903     602.6164    9971.6348     663.2065      -nan  -13882.0903   -9971.6348 -62.190 -59.579  762 
   56302.300900     365.9017       2.4052     365.9017       2.4052      -nan    -365.9017    -365.9017 -8.552 -8.044  762 
   56337.369900     305.3901       2.8436     305.3901       2.8436      -nan    -305.3901    -305.3901 -4.935 -4.823  762 
   56417.145600     461.3783       3.0146     461.3783       3.0146      -nan    -461.3783    -461.3783 -6.182 -6.480  762 
