   54534.143600    2286.0801     485.5739    1977.9351     496.4369    0.2934   -5075.5895   -4444.7087 -20.515 -21.092  762 
   54591.214800    7713.3768     376.9946    7640.7422     399.2712    0.2683    -966.3239    -654.1595 -10.378 -10.036  762 
   54861.115600    2493.7714     401.3255    3466.7060     419.5245    0.3258     235.0465     175.3720  2.243  1.678  762 
   54862.106300    2814.7949     351.3351    2597.1507     379.0089    0.1651     126.0559      76.6124  2.004  1.345  762 
   55470.447800    3233.6162     417.9772    3364.9350     433.4522    0.4062     621.7577     472.9555  5.369  5.617  762 
   55536.220400     819.1246     379.5622    1029.9963     400.9603    0.1110     197.3546     137.6500  2.588  1.584  762 
   55538.257000    -464.4984     364.1705    -777.1644     391.4545    0.0909      49.6904      30.8399  0.623  0.555  762 
   55540.328200    1354.7266     410.3983    1192.2749     428.7929    0.0022   -1520.1956   -1175.1118 -8.747 -8.227  762 
   55543.325100    1254.9190     347.9002    1898.7159     380.4809    0.2201      33.7171      18.7944  0.508  0.431  762 
   55889.400500   -1293.0147     414.5700    -800.4950     434.4755    0.0881     353.6759     260.9635  1.583  2.399  762 
   55889.413600    2177.7790     408.3657    2640.0028     424.5804    0.3265    -203.3861    -158.3228 -0.400 -1.206  762 
   55924.296700   -1043.8682     323.0190   -1354.5400     358.3810    0.1439     -47.1820     -22.7591  0.779 -0.671  762 
   55925.181100   -1334.5443     389.3401   -1990.9920     407.2406    0.3452    -274.1772    -201.7511 -3.046 -2.168  762 
   55925.281600   -2260.7984     352.9826   -2040.0773     379.5139    0.3724      30.5736      19.0302 -4.169  0.281  762 
   55926.293000    -686.7496     329.9023   -1020.8787     362.8010    0.1673      51.6286      26.9315  0.645  0.701  762 
   55927.338100    -271.8735     346.0933      27.8191     376.1558    0.0035     -86.6661     -49.7019 -0.796 -0.955  762 
   55930.390900    -402.9500     407.1953    -136.0518     422.9324    0.0239    -112.5989     -83.6046 -1.971 -1.459  762 
   55969.100600      18.0634     398.0856    -697.2203     413.8537    0.2240   -1017.9416    -782.2752 -7.704 -7.095  762 
   56008.134700    1657.2283     396.4936    2517.3555     416.4467    0.2320    -161.3606    -117.9845 -0.876 -1.096  762 
   56009.119700    1061.9941     396.0442    1560.0549     414.7751    0.2633    -385.3517    -281.2275 -1.906 -2.961  762 
   56045.148400    1558.4129     466.0559    1434.6593     476.4531    0.0164   -1497.6417   -1240.2624 -10.348 -11.296  762 
   56215.447500    2879.7309     395.3670    3361.1520     418.9810    0.3968    -692.1589    -466.2972 -6.406 -6.772  762 
   56217.445100    2490.3795     530.2116    2240.2274     540.4744    0.1422   -4356.2557   -3771.4320 -22.897 -22.133  762 
   56254.420000    1621.5283     356.3286    -992.5649     392.4959    0.0464     -62.2348     -32.9573  1.153 -1.046  762 
   56301.204000    1091.6766     408.9826     695.5571     431.0227    0.0049    -898.0819    -656.7461 -4.326 -5.316  762 
   56301.237400    4311.7088     434.4552    4083.2956     452.3228    0.2876   -2279.9085   -1819.5712 -10.687 -10.918  762 
   56302.300900     129.0420     317.6613     180.5268     333.4752    0.0213    -711.4854    -495.6400 -9.839 -11.373  762 
   56337.369900     313.2400     354.8130   -2618.4052     382.8948    0.1435     233.3392     142.6007  1.855  2.316  762 
   56417.145600    1408.3995     364.7562     466.8241     381.3994    0.0330      75.6805      54.5104  1.227  0.836  762 
