   54534.143600     590.4946     416.1157     516.7876     418.6814    0.0552     -92.4514     -86.7840 -1.195 -0.394  762 
   54591.214800    1489.8212     303.0922    1833.0668     310.9042    0.2986     868.8916     708.3935  9.853  9.353  762 
   54861.115600    3750.7830     335.9031    4400.1676     340.5171    0.2761   -1571.9628   -1377.9523 -9.492 -11.229  762 
   54862.106300    7126.8232     268.6205    9581.4064     277.7959    0.4848    -538.1750    -418.9226 -4.462 -6.129  762 
   55470.447800    2131.1213     336.3409    2430.6509     341.7608    0.2824    -376.1805    -322.0630 -5.089 -3.905  762 
   55536.220400    1224.0676     291.7026     911.0728     300.4776    0.0168    -965.4734    -772.4547 -9.326 -9.102  762 
   55538.257000     790.9873     271.4076     957.8535     284.5622    0.1202      56.2514      41.5099  2.093  0.725  762 
   55540.328200    1133.4649     326.8816    1350.9020     332.5912    0.0516   -1234.1267   -1067.5297 -8.255 -7.453  762 
   55543.325100     441.8751     255.6503     419.0600     273.2701    0.0170    -498.9004    -341.6331 -8.245 -7.414  762 
   55889.400500    1372.5372     330.6586    1372.2350     337.2891    0.1891    -559.8760    -473.2846 -3.936 -4.237  762 
   55889.413600    1814.9378     334.6564    2123.9722     339.3487    0.2449    -765.8493    -672.5575 -5.078 -4.941  762 
   55924.296700    -704.6764     229.3048   -1132.6459     254.3573    0.2381     -64.9592     -39.3640 -1.698 -1.074  762 
   55925.181100     154.5314     304.3823     381.1410     310.9033    0.0583     216.9388     181.0330  1.976  2.013  762 
   55925.281600    -178.7891     265.0532     -24.7908     276.7604    0.0170     124.3362      93.2261  2.240  1.332  762 
   55926.293000    -312.2173     237.4635    -367.1236     258.6582    0.0712      66.6057      42.8888  1.469  1.059  762 
   55927.338100    -618.9008     256.1737    -254.1028     271.4479    0.0627     -16.7413     -11.8096 -0.378 -0.215  762 
   55930.390900   -4770.1220     335.4675   -4236.9088     341.2478    0.2855     129.2269     109.7019  3.519  1.829  762 
   55969.100600   -1400.6067     318.0798   -1545.6864     323.4832    0.2853      38.1851      32.7959  0.222  0.304  762 
   56008.134700    2133.5152     322.0546    2612.8341     327.6829    0.1680   -1546.2409   -1324.8433 -12.750 -11.265  762 
   56009.119700     280.7503     320.1016     592.1296     326.1977    0.0233    -844.8715    -714.0383 -7.336 -7.124  762 
   56045.148400     903.8557     398.2218     887.0813     401.0439    0.0228    -691.3779    -629.2743 -13.761 -5.618  762 
   56215.447500    -963.3522     304.8460   -1078.9614     315.1861    0.2149    -209.9842    -164.5583 -1.821 -2.348  762 
   56217.445100     400.1137     457.1198     351.2500     459.7034    0.0285    -629.0446    -585.1990 -2.684 -3.419  762 
   56254.420000   -1015.4207     260.5421     -61.1766     282.5899    0.0013     117.2207      77.6599  2.434  2.265  762 
   56301.204000      19.7996     317.1731     275.7039     324.9664    0.1677     757.5315     629.6444  5.171  5.191  762 
   56301.237400    1460.9729     347.6138    1674.5787     353.0769    0.2680     -92.0635     -81.0303 -1.131 -0.493  762 
   56302.300900    1822.8036     255.2475    2387.2761     261.5147    0.2455    -136.5189    -111.9323 -1.498 -2.384  762 
   56337.369900    3092.9095     257.6539    3984.2221     271.6555    0.3331     366.9006     263.4644  5.901  4.369  762 
   56417.145600    4052.0377     287.0119    4623.3153     293.1471    0.3395    -185.5395    -154.4738 -3.223 -2.245  762 
