   54534.143900       0.0000       6.6311       0.0000       6.6311      -nan       0.0000       0.0000  0.000  0.000  762 
   54591.214800    2861.3286      91.9756    2872.7673      93.8716    0.5451    -145.8209    -122.7864 -0.879 -1.234  762 
   54861.115600    1901.5872     117.7492    1943.9923     119.0765    0.3680     118.9525     106.6779  0.499  0.727  762 
   54862.106300    -918.5252      96.8775   -1351.4903     100.3328    0.3004     395.3713     306.2911  3.099  3.776  762 
   55470.447900     671.8161     140.8187     762.6343     141.8366    0.2098     223.8482     201.3841  1.409  2.387  762 
   55536.220500     133.8640      94.2320     391.6961      97.0668    0.1582     124.1426      98.4656  0.785  0.982  762 
   55538.257100    -234.5051      92.0690     163.2953      95.3552    0.0705      28.5851      21.2815  0.147  0.322  762 
   55540.328300    -572.3800     119.3301    -555.2513     121.5197    0.1522     -67.2771     -58.6930 -0.359 -0.341  762 
   55543.325200    1165.5102      95.3672    1530.0856      97.5786    0.3448     -15.8216     -12.5087 -0.595 -0.180  762 
   55599.154200    2661.0218     107.0705    2748.5697     108.8510    0.5848     -78.9624     -69.4620 -0.807 -0.399  762 
   55924.297000     869.3383      84.1379     624.5181      92.0576    0.1878     -89.3956     -49.3712 -1.464 -1.922  762 
   55925.231600    1149.3255     101.9366    1077.6830     105.5972    0.3587     -63.5910     -48.6320 -0.796 -0.609  762 
   55926.293300    1044.9943      82.8859    1151.0986      90.8985    0.4474      10.8200       5.7041  0.556  0.193  762 
   55927.338400     421.5161      97.0929     451.3445     102.2557    0.2847     117.5238      80.8837  1.406  1.449  762 
   55930.391100     310.2112     132.2694     209.6165     134.1334    0.0888      77.4971      66.1776  1.380  1.040  762 
   55969.099700     138.5056      96.6614     180.3329     100.1944    0.1036      84.0783      64.4308  0.995  0.688  762 
   56008.135200    1287.0444     107.0336    1350.1139     111.0896    0.3552     104.6170      81.4287  0.142  0.685  762 
   56009.121900     533.5617     114.8381     578.6780     117.9187    0.3152     122.3217      99.1511  0.794  0.885  762 
   56045.149100     920.2654     171.7363     753.7635     172.4819    0.1782     362.8616     340.6141  2.601  2.188  762 
   56215.448600     563.9391     118.1422     529.7832     121.4816    0.1941     -14.9995     -12.0759  0.067 -0.109  762 
   56217.446200    1233.1972     144.8507    1172.7133     146.6311    0.2371    -220.7627    -198.8786 -0.991 -1.056  762 
   56254.420200    -877.4453      93.1509   -1554.5462     102.8727    0.4212      21.3117      11.2680 -0.564  0.414  762 
   56301.220900    1056.1445     129.1815    1055.2159     131.5083    0.2708    -357.9563    -314.3470 -1.797 -1.646  762 
   56302.301100     657.1784      78.8632     139.1097      82.9129    0.0267     -99.8808     -70.0615 -0.578 -1.647  762 
   56337.370100     247.7138      88.5608     -21.6675      95.5278    0.0130      91.1042      55.3625  1.145  1.264  762 
   56417.145900    -203.5131      94.8861    -442.9861      99.1589    0.0934     250.6306     181.4196  2.574  2.983  762 
