   54534.143900    2574.6900     192.2447    1897.5312     199.8570    0.0231   -2392.8259   -2099.4144 -7.497 -7.448  762 
   54591.214800    -145.7341     154.5939    -740.7911     167.5969    0.0981    -104.4601     -69.1123 -0.817 -0.596  762 
   54861.115600   -1162.4982     177.1058   -2867.5464     190.0180    0.4253    -172.1266    -122.4948 -0.699 -0.867  762 
   54862.106300     882.1410     162.5357    1424.7926     177.5815    0.3006     106.7170      63.8078  0.384  0.689  762 
   55470.447900    -642.4692     203.3287   -1497.2067     213.8129    0.1879     129.5525      94.2069  0.981  1.042  762 
   55536.220500     445.5961     159.2917    -716.7356     176.5628    0.1374      37.5592      22.1715  0.415  0.210  762 
   55538.257100     -55.6624     162.5904   -2517.0068     183.7878    0.3961     287.5793     143.2660  1.697  2.112  762 
   55540.328300     855.9035     185.4094     -15.3997     199.3654    0.0799    -629.3494    -463.9699 -1.687 -2.598  762 
   55543.325200   -1190.9851     169.0460   -3868.9221     187.6554    0.5093     336.1905     176.2313  2.341  2.575  762 
   55599.154200    -330.6174     171.8661   -1366.0763     184.8982    0.1681      84.9876      62.8387 -0.714  0.348  762 
   55924.297000    1265.0455     164.6417     363.5080     196.2799    0.0474      34.7745      11.3159  0.425  0.393  762 
   55925.231600     231.9335     173.7487    -148.4010     193.7835    0.0052     314.5206     174.4221  1.626  2.056  762 
   55926.293300    1495.4276     162.8403   -1042.2963     198.2381    0.1701       1.8498       0.5356 -0.035  0.018  762 
   55927.338400     491.6344     174.2892     165.4623     200.2566    0.0425     -78.9504     -35.5002 -0.037 -0.619  762 
   55930.391100     882.4443     200.5614    1116.8430     214.8500    0.1990     -36.3188     -23.6678  0.327 -0.357  762 
   55969.099700    1017.8243     165.7483    1266.4438     183.1401    0.3862     116.5832      68.3777  0.554  0.662  762 
   56008.135200     589.1348     180.5608    -343.9729     204.1426    0.0953    -260.7383    -151.0745 -1.377 -1.250  762 
   56009.121900     514.7353     186.5612     851.9188     204.6486    0.3039     160.3586     100.6577  0.713  0.855  762 
   56045.149100     771.3155     226.3556    1006.0672     233.3750    0.1433     -27.3205     -22.5285 -0.854 -0.141  762 
   56215.448600     290.6551     194.6600     994.6718     212.2253    0.1671    -193.6616    -123.0223 -1.143 -1.039  762 
   56217.446200     604.0778     216.0218    -255.1260     229.0918    0.1932   -1255.8459    -980.6645 -4.865 -5.014  762 
   56254.420200     384.8582     178.4898    -151.5019     213.2061    0.0281     -13.5608      -4.2458 -0.530 -0.142  762 
   56301.220900     330.6431     200.4908     -55.6780     215.4886    0.2181   -1137.6529    -857.9173 -5.016 -4.355  762 
   56302.301100     717.2450     140.1071    2375.6056     156.6262    0.4373      45.4358      22.3231 -0.002  0.470  762 
   56337.370100      44.2339     167.0119     617.4661     193.7500    0.0854     -28.9481     -11.4069 -0.294 -0.239  762 
   56417.145900     888.9757     163.3848    2337.0382     182.8105    0.2874    -144.1436     -74.3966 -1.433 -1.154  762 
