   54534.146000       0.0000       6.1794       0.0000       6.1794      -nan       0.0000       0.0000  0.000  0.000  762 
   54591.216800   19992.0998     223.7019   19768.8461     227.1197    0.5405    -284.7965    -245.4558 -2.636 -3.501  762 
   54792.424000       0.0000       3.0709       0.0000       3.0709      -nan       0.0000       0.0000  0.000  0.000  762 
   54794.405400       0.0000       2.1045       0.0000       2.1045      -nan       0.0000       0.0000  0.000  0.000  762 
   54861.117500   10001.2865     253.3591    9661.4312     256.9265    0.3437     523.6298     454.4939  5.640  5.070  762 
   54862.108200    7230.6966     209.6288    7565.4987     217.6626    0.3698     440.2590     334.1489  5.996  6.909  762 
   55470.449700    3547.2124     312.4451    3657.7787     314.6495    0.3653     577.7536     522.2548  5.434  6.716  762 
   55536.222400    4934.4535     228.9224    5044.9537     234.8777    0.2168   -1493.6964   -1214.8959 -14.365 -16.126  762 
   55538.258900     347.5540     212.0736     443.4763     219.7687    0.0048    -645.7839    -491.9544 -8.709 -9.311  762 
   55540.330200    2767.0070     286.9448    3082.0067     289.7131    0.0071   -3558.1853   -3212.6377 -19.224 -21.141  762 
   55543.327000    4745.4053     203.1050    4686.3726     211.9354    0.2532    -705.9960    -520.5807 -13.646 -12.620  762 
   55599.156000   10309.1759     290.1011   10324.5626     292.1354    0.4313   -1984.9016   -1824.8482 -9.872 -11.923  762 
   55889.408200    8755.0499     288.3188    8758.1085     292.0825    0.4039   -1427.6099   -1254.1668 -8.956 -10.254  762 
   55924.298900    2416.2864     216.0126    1028.1859     227.0908    0.0907    -207.5234    -152.9909 -3.310 -3.020  762 
   55925.233500    4258.4894     261.0794    4160.2384     265.5218    0.4958      66.1326      56.4385 -0.616  0.631  762 
   55926.295200    7358.3933     195.8822    5924.5780     213.0259    0.2356    -402.5979    -262.8230 -6.047 -7.766  762 
   55927.340300    3027.7946     238.7395    3685.1557     245.5977    0.4677    -223.3813    -176.5153 -3.962 -2.668  762 
   55930.393000    4113.8863     347.1631    3159.4876     349.1144    0.1022    -844.3706    -780.0265 -9.504 -9.817  762 
   55969.101700    4810.2606     264.9122    4351.3972     268.0099    0.2331    -422.9811    -376.4926 -3.792 -3.274  762 
   56008.137100    8358.9197     307.3007    8260.5299     310.1173    0.3156   -1205.2355   -1091.5842 -8.545 -7.146  762 
   56009.123900    5283.5666     289.0264    5056.1721     292.2639    0.2739   -1264.7249   -1123.9976 -7.844 -9.266  762 
   56045.151000    7010.3307     394.1828    6724.5458     395.2856    0.3437     274.8671     261.2427  2.615  1.788  762 
   56215.450500    2153.2198     314.7430    1378.0410     317.6581    0.1544     376.6780     340.8827  1.354  2.642  762 
   56217.448100    2022.9352     406.8717    1704.4381     408.3728    0.1879     326.3088     309.8892  3.707  1.582  762 
   56254.422100   -3921.3046     229.1712   -6927.6150     245.4568    0.4746     484.6422     334.9141  8.910  8.323  762 
   56301.222800    1591.1696     299.5446    1299.3944     303.9250    0.2126     101.5200      88.9413  1.259  0.632  762 
   56302.303100    -363.4921     259.3594   -1929.2550     260.9203    0.1384    -952.6694    -878.5335 -9.661 -10.782  762 
   56337.372000    3778.4256     218.0532    3900.0463     230.9499    0.3286     342.9972     242.7032  4.568  4.874  762 
   56417.147800   -1035.9527     260.4581   -2662.0482     267.5939    0.1829     343.9505     282.9185  5.207  3.676  762 
