   54534.146000   14458.4858     433.3210   12979.2239     448.2517      -nan  -14458.4858  -12979.2239 -56.052 -54.227  762 
   54591.216800     310.8822     280.4918     244.0928     322.5260      -nan    -310.8822    -244.0928 -2.389 -3.692  762 
   54792.424000       0.0000       3.0654       0.0000       3.0654      -nan       0.0000       0.0000  0.000  0.000  762 
   54794.405400       0.0000       2.0816       0.0000       2.0816      -nan       0.0000       0.0000  0.000  0.000  762 
   54861.117500       0.0000       3.3642       0.0000       3.3642      -nan       0.0000       0.0000  0.000  0.000  762 
   54862.108200       0.0000       2.4248       0.0000       2.4248      -nan       0.0000       0.0000  0.000  0.000  762 
   55470.449700      77.6045     378.0266      65.0387     406.5219      -nan     -77.6045     -65.0387 -2.559 -0.832  762 
   55536.222400       0.0000       3.1435       0.0000       3.1435      -nan       0.0000       0.0000  0.000  0.000  762 
   55538.258900       0.0000       2.5249       0.0000       2.5249      -nan       0.0000       0.0000  0.000  0.000  762 
   55540.330200       0.0000       4.6473       0.0000       4.6473      -nan       0.0000       0.0000  0.000  0.000  762 
   55543.327000       0.0000       2.1673       0.0000       2.1843      -nan       0.0000       0.0000 -4.735  0.000  762 
   55599.156000       0.0000       4.6120       0.0000       4.6120      -nan       0.0000       0.0000 -3.183  0.000  762 
   55889.408200    2258.3233     382.0059    1770.0395     416.2166      -nan   -2258.3233   -1770.0395 -16.605 -14.414  762 
   55924.298900     147.8967     250.5347     109.3419     325.6074      -nan    -147.8967    -109.3419 -3.802 -2.113  762 
   55925.233500     836.9478     341.6357     653.8285     386.1656      -nan    -836.9478    -653.8285 -6.359 -7.060  762 
   55926.295200      53.6061       2.0527      53.6061       2.0527      -nan     -53.6061     -53.6061 -2.354 -1.618  762 
   55927.340300     567.6253     294.0092     420.8355     348.9331      -nan    -567.6253    -420.8355 -5.665 -6.450  762 
   55930.393000    1142.3986     413.1544    1011.2121     438.2488      -nan   -1142.3986   -1011.2121 -12.468 -12.014  762 
   55969.101700    1690.4288     353.8096    1371.3626     391.7093      -nan   -1690.4288   -1371.3626 -10.852 -11.385  762 
   56008.137100    5411.5475     406.6806    4425.9884     435.8841      -nan   -5411.5475   -4425.9884 -30.712 -28.679  762 
   56009.123900    2320.3277     381.7852    1864.7183     416.4386      -nan   -2320.3277   -1864.7183 -15.560 -14.906  762 
   56045.151000    2532.9366     470.2236    2270.7804     485.2588      -nan   -2532.9366   -2270.7804 -11.550 -15.301  762 
   56215.450500   -1035.3399     426.8836    -845.1436     457.5144      -nan    1035.3399     845.1436  5.663  6.084  762 
   56217.448100    2863.3355     512.8936    2547.0065     530.0157      -nan   -2863.3355   -2547.0065 -12.917 -12.591  762 
   56254.422100    -155.8496       2.3754    -155.8496       2.3754      -nan     155.8496     155.8496  5.259  3.503  762 
   56301.222800    3013.3975     413.5087    2362.6841     452.8669      -nan   -3013.3975   -2362.6841 -16.751 -16.200  762 
   56302.303100    1178.2695     334.7635     999.4995     356.2306      -nan   -1178.2695    -999.4995 -9.194 -10.946  762 
   56337.372000     -78.1959     280.5158     -50.6878     340.2542      -nan      78.1959      50.6878  0.567  0.959  762 
   56417.147800      29.3831     349.8792      21.9065     389.8703      -nan     -29.3831     -21.9065 -0.154 -0.255  762 
