   54534.146000   17030.8904     423.1377   18437.5659     432.7646    0.4942   -6450.6162   -5812.2624 -23.870 -23.867  762 
   54591.216800   21415.7243     308.5513   27440.0642     332.8387    0.6692     -97.3301     -68.5713 -0.528 -1.042  762 
   54792.424000       0.0000       3.0529       0.0000       3.0529      -nan       0.0000       0.0000  3.221  0.000  762 
   54794.405400   33246.2525     255.6379   17337.7231     310.3371    0.2123     129.9842      79.8772  3.171  2.498  762 
   54861.117500   22127.5787     339.3832   23542.5979     366.0658    0.5926    -483.6035    -342.8785 -5.301 -4.184  762 
   54862.108200   31203.5494     281.7090   19865.4086     329.4278    0.3290    -204.1327    -123.4183 -2.722 -2.897  762 
   55470.449700    9653.9679     390.3234    4683.3527     409.8178    0.1550    -820.7700    -644.9422 -8.818 -8.471  762 
   55536.222400   23862.3711     319.7722   12729.0599     355.0385    0.2854    -324.2796    -216.6082 -2.677 -2.777  762 
   55538.258900   36799.3310     278.6084   17453.9596     329.1101    0.2308     -25.6925     -15.7651  3.080 -0.347  762 
   55540.330200    7545.6106     383.2842    5238.1977     402.6992    0.2590   -1505.1783   -1204.6993 -8.335 -7.599  762 
   55543.327000   41653.7521     261.3972   44121.6561     310.5444    0.4906     282.7049     167.8372  6.206  5.378  762 
   55599.156000    5237.5316     379.7289    3378.5294     396.3114    0.1424   -1106.9237    -901.5149 -7.203 -5.837  762 
   55889.408200    8962.1759     389.5181    6899.5572     415.4018    0.5873   -1045.0761    -781.2284 -6.063 -6.381  762 
   55924.298900   -7885.4177     306.4705  -18651.3544     349.5846    0.3618      88.9136      51.1203  2.295  1.036  762 
   55925.233500    -340.9772     363.9284   -7793.2472     391.7812    0.2635    -266.9508    -192.7895 -2.630 -1.996  762 
   55926.295200  -11583.4821     277.5302   -6660.6735     331.2191    0.1634     118.5521      58.4223  2.527  1.925  762 
   55927.340300     830.6655     335.7722    3908.1771     372.2571    0.1806     172.1433     107.4871  1.564  1.703  762 
   55930.393000   -1425.2949     443.4531  -10008.2640     459.8144    0.2095      58.2851      47.4124 -0.326  0.553  762 
   55969.101700    4740.8272     370.6654   -7326.8572     391.9734    0.1859    -605.1150    -477.8230 -3.616 -3.651  762 
   56008.137100    4023.0695     409.4832    1782.0120     430.6627    0.0282   -1730.2351   -1375.3352 -6.612 -8.766  762 
   56009.123900    3722.1399     389.9326   -2025.5621     412.5691    0.0977     169.1229     130.6405  1.027  1.032  762 
   56045.151000   -1535.4891     478.1395   -5317.1468     489.5612    0.1922    -576.9937    -498.4473 -2.514 -3.391  762 
   56215.450500    8477.6397     441.5351    6499.4471     455.6816    0.2488   -1012.7618    -867.1465 -4.476 -5.331  762 
   56217.448100   10544.9934     518.5180    9906.5125     527.8244    0.2942   -4204.6109   -3812.0586 -18.207 -17.467  762 
   56254.422100   14697.9932     335.7939   13803.2016     378.1475    0.3707     141.1013      88.7166  0.399  1.636  762 
   56301.222800    8352.7410     416.2974    7120.3921     438.5541    0.3695   -1933.5003   -1534.7469 -8.907 -9.621  762 
   56302.303100    5259.2040     353.7837    3465.5366     359.7869    0.1164    1356.7505    1205.8852  7.865 10.557  762 
   56337.372000    7540.4100     330.1541   10959.1264     370.9168    0.3566      20.1393      12.5096 -0.018  0.201  762 
   56417.147800   14635.7034     373.9990   13725.4727     397.9084    0.3880     258.5038     196.3726  1.609  1.945  762 
