   54534.146000   31902.0151     608.2718   26896.1303     643.7779      -nan  -31902.0151  -26896.1303 -116.496 -106.543  762 
   54591.216800    2219.8580     462.1344    1298.6344     545.2103      -nan   -2219.8580   -1298.6344 -15.497 -16.997  762 
   54792.424000     627.3265       3.1741     627.3265       3.1741      -nan    -627.3265    -627.3265 -6.133 -8.156  762 
   54794.405400     -13.5096       2.1407     -13.5096       2.1407      -nan      13.5096      13.5096  1.007  0.375  762 
   54861.117500    1887.4093     509.6061    1102.1672     591.3877      -nan   -1887.4093   -1102.1672 -13.549 -12.381  762 
   54862.108200     330.8003       2.4825     330.8003       2.4825      -nan    -330.8003    -330.8003 -6.443 -6.872  762 
   55470.449700    1263.5785       3.1717    1263.5785       3.1717      -nan   -1263.5785   -1263.5785 -17.600 -16.297  762 
   55536.222400     428.5366       3.2103     428.5366       3.2103      -nan    -428.5366    -428.5366 -5.627 -5.410  762 
   55538.258900     366.7102       2.5734     366.7102       2.5734      -nan    -366.7102    -366.7102 -5.425 -7.081  762 
   55540.330200    7742.5698     562.3347    5316.0693     627.6518      -nan   -7742.5698   -5316.0693 -35.124 -33.443  762 
   55543.327000    -104.9159       2.2189    -104.9159       2.2189      -nan     104.9159     104.9159  2.644  2.708  762 
   55599.156000    6784.6980     547.6425    4796.1790     604.0405      -nan   -6784.6980   -4796.1790 -31.049 -30.622  762 
   55889.408200    4749.6114     577.3716    2965.7979     656.7785      -nan   -4749.6114   -2965.7979 -26.675 -23.780  762 
   55924.298900    -460.1499       2.5260    -460.1499       2.5260      -nan     460.1499     460.1499  8.079  9.195  762 
   55925.233500    1036.5404     538.7958     601.0321     621.9949      -nan   -1036.5404    -601.0321 -5.602 -6.427  762 
   55926.295200     -94.4630       2.0539     -94.4630       2.0539      -nan      94.4630      94.4630  4.180  2.855  762 
   55927.340300     409.0111       2.9181     409.0111       2.9181      -nan    -409.0111    -409.0111 -5.377 -6.220  762 
   55930.393000    -171.8357       3.2170    -171.8357       3.2170      -nan     171.8357     171.8357  1.404  2.140  762 
   55969.101700    1295.4461     548.3643     834.1450     617.7971      -nan   -1295.4461    -834.1450 -6.557 -6.689  762 
   56008.137100   10458.3294     591.3012    7199.6038     659.1338      -nan  -10458.3294   -7199.6038 -48.205 -45.746  762 
   56009.123900    3392.5267     569.9185    2148.3506     643.4677      -nan   -3392.5267   -2148.3506 -17.045 -17.428  762 
   56045.151000    6272.4851     632.8855    4745.1705     679.9227      -nan   -6272.4851   -4745.1705 -30.899 -32.691  762 
   56215.450500    2682.5255     627.4857    1924.8394     680.3607      -nan   -2682.5255   -1924.8394 -12.545 -13.042  762 
   56217.448100   18372.0253     700.0207   14938.6707     741.1399      -nan  -18372.0253  -14938.6707 -73.946 -71.407  762 
   56254.422100     197.0382       2.5122     197.0382       2.5122      -nan    -197.0382    -197.0382 -2.916 -3.991  762 
   56301.222800    7752.8777     607.4536    5224.0023     680.8791      -nan   -7752.8777   -5224.0023 -37.577 -34.126  762 
   56302.303100   -2914.1777     466.9183   -2160.2928     497.6355      -nan    2914.1777    2160.2928 21.873 21.309  762 
   56337.372000    -162.6385       2.7516    -162.6385       2.7516      -nan     162.6385     162.6385  2.044  2.744  762 
   56417.147800    -313.8413       3.3734    -313.8413       3.3734      -nan     313.8413     313.8413  5.200  3.595  762 
