   54116.305800     435.4479     282.3888     333.7421     282.4955    0.4803   -5664.8362   -5623.6876 -15.424 -15.815  762 
   54127.315500    -142.8792     271.3414    -163.6359     271.4311    0.1790   -1210.2623   -1194.5938 -8.566 -7.600  762 
   54127.409800    -522.6128     225.6795    -569.8975     225.8812    0.1766    -580.9723    -568.0258 -2.866 -3.339  762 
   54127.505600   -1347.8319     174.1265   -1445.3290     174.8846    0.1631     413.4970     390.7645  2.164  2.438  762 
   54149.242500     170.9963     165.1905     188.4781     165.9507    0.3213    1464.4903    1385.2271  8.484  8.477  762 
   54149.261900    1025.9221     200.2931     863.7378     200.4406    0.3240   -4967.8610   -4897.5803 -17.501 -17.743  762 
   54152.347000    -295.2889     136.0262    -148.1799     137.3536    0.1240     963.5350     876.4642  8.003  8.468  762 
   54201.227200    -345.2653     207.8047    -374.8057     208.0079    0.2967    2533.3214    2489.2739  9.636  9.595  762 
   54201.240900   -1170.2805     177.1942   -1299.4371     177.7045    0.0654    1840.3494    1763.9787  9.210  9.124  762 
   54201.251200    -180.8112     188.9693    -252.8298     189.3457    0.3097    2634.4911    2552.9373 11.588 11.644  762 
   54230.228100   -1609.0729     115.7874   -1468.7726     117.6579    0.1028     755.5460     663.2447  8.159  9.161  762 
   54260.167300   -1173.6489     140.9463   -1063.8303     141.7269    0.0652     677.7022     630.9929  5.525  5.675  762 
   54261.167200   -1369.3991     186.3736   -1381.6220     186.5756    0.0437    1090.2519    1064.9611  4.209  5.391  762 
   54264.169000   -1773.8418     122.3454   -1725.9055     123.6977    0.1239     803.5969     722.5884  9.830  9.374  762 
   54265.188900   -1144.5923     139.8288   -1185.6115     140.4735    0.0412     895.4019     842.5443  6.645  6.681  762 
   54384.475400     412.5199     160.0178     332.0989     160.7782    0.2602    1075.9878    1018.2771  5.505  6.506  762 
   54384.485900     963.9101     161.6499     832.7340     162.3893    0.3024     997.4444     946.9886  4.839  5.898  762 
   54385.512900     974.7305     203.3802     829.0806     203.8475    0.1507     125.3446     120.4597  1.486  1.154  762 
   55884.428500    3221.5726     512.0427    3177.3404     512.0906    0.3250   -8216.2392   -8166.2451 -36.488 -37.161  762 
   55889.438100    1452.4106     181.0331    1365.5897     183.6455    0.0532   -1206.9173   -1090.4473 -12.567 -12.630  762 
   56301.281100     346.2692     268.2498     323.7262     268.9529    0.2955    1438.2176    1387.2299  7.342  7.261  762 
