   54116.305800    2190.8822     271.3215    1983.9751     271.9598    0.4258   -7188.6064   -7022.0569 -18.368 -19.667  762 
   54127.315500   -2035.8857     279.1610   -2146.9955     279.4014    0.6120   -3303.0353   -3224.4645 -18.753 -19.886  762 
   54127.409800    -841.8107     230.5135    -863.5035     231.0192    0.3538   -1589.4927   -1525.7336 -9.264 -8.834  762 
   54127.505600    2113.1817     177.0357    1990.5726     178.2845    0.2001    -261.3265    -238.9165 -2.372 -1.483  762 
   54149.242500    -111.6236     170.9360    -124.7085     172.4299    0.0631    -192.2141    -173.8123 -0.498 -1.045  762 
   54149.261900    3526.2097     197.3650    3318.2387     197.8792    0.1830   -5190.4344   -5010.1226 -17.162 -17.869  762 
   54152.347000   -1190.4579     146.5012   -1077.7734     148.0135    0.1818      57.6351      50.5595  1.000  0.463  762 
   54201.227200     507.8072     205.0731     609.1964     205.9829    0.1319     501.1025     480.4648  1.853  1.848  762 
   54201.240900    1303.5999     179.1656    1412.1339     180.3397    0.2334     153.8417     142.7411  0.846  0.731  762 
   54201.251200    1202.3202     189.5762    1215.9742     190.7288    0.1777     105.0387      98.5028 -0.583  0.447  762 
   54230.228100     291.6077     123.9115     389.8693     125.5522    0.0983     567.0926     491.9680  6.177  6.396  762 
   54260.167300     -98.1019     148.1018    -189.3269     149.3303    0.0581     817.2865     739.8381  6.824  6.419  762 
   54261.167200    2381.2618     188.8134    2190.2440     189.5405    0.3596    1013.0641     967.0525  5.121  4.783  762 
   54264.169000    4787.8840     128.8835    4797.7265     130.0110    0.4676     523.6371     467.3767  6.729  5.769  762 
   54265.188900    3782.0365     144.7156    3592.1112     145.6562    0.3934    1153.4964    1056.0913  7.967  8.166  762 
   54384.475400    5536.7902     164.2114    5349.6262     165.4751    0.5798    -235.3635    -213.8266 -0.543 -1.351  762 
   54384.485900    4537.1091     166.7525    4373.4167     168.0327    0.5208      61.5089      56.0815 -0.503  0.342  762 
   54385.512900   -2536.8813     210.2889   -2628.5187     210.8049    0.4143    -297.8656    -281.2383 -1.724 -2.650  762 
   55884.428500    1845.1674     508.2424    1759.7860     508.3774    0.1376   -3691.3124   -3642.6443 -16.721 -16.590  762 
   55889.438100   -1448.7246     191.2538   -1623.2906     194.0359    0.3770    -465.0058    -400.1166 -4.208 -4.651  762 
   56301.281100   -2881.9468     269.7608   -3126.0628     271.7563    0.4920    -597.8045    -551.7286 -4.386 -2.971  762 
