   54116.305800    -645.2304     263.3928    -614.3643     264.4478    0.5343   -6245.7510   -6104.9749 -16.582 -17.330  762 
   54127.315500  -10722.2731     268.1139  -10700.0061     268.5392    0.8341   -2238.5355   -2187.6408 -14.845 -14.279  762 
   54127.409800   -7189.5917     222.5501   -7385.1335     223.5240    0.8085   -2159.4432   -2077.1762 -12.991 -12.447  762 
   54127.505600   -1514.1171     169.6677   -1962.7917     171.9944    0.3255   -1540.3652   -1411.6294 -8.724 -8.936  762 
   54149.242500   -5718.3009     162.9317   -5461.3416     165.6056    0.7513    -477.3389    -429.9452 -3.515 -2.676  762 
   54149.261900   -4055.8845     191.6223   -3947.9988     192.4564    0.5042   -3461.4722   -3343.2315 -12.726 -12.270  762 
   54152.347000   -2198.2560     134.8008   -2585.1804     138.1008    0.5192    -738.8594    -636.8759 -6.633 -6.410  762 
   54201.227200   -2540.4033     200.0728   -2429.0133     201.6950    0.4785   -1346.1483   -1296.8555 -6.080 -4.960  762 
   54201.240900   -1921.8894     171.4432   -2130.5285     173.6790    0.3995    -694.1230    -646.1547 -4.193 -3.384  762 
   54201.251200   -2019.7847     182.6604   -2111.4306     184.6911    0.4507   -1422.6607   -1340.0214 -6.193 -6.121  762 
   54230.228100    5380.2279     112.1984    5243.6554     114.6825    0.4592    -113.3944     -98.8351 -1.814 -1.396  762 
   54260.167300    1775.6300     139.5438    1634.0433     141.3029    0.1355    -768.6384    -702.8676 -5.447 -6.243  762 
   54261.167200    2360.6508     182.8519    2164.7253     184.0811    0.0878   -1273.3909   -1229.6027 -5.756 -6.102  762 
   54264.169000    6311.5111     119.0948    5833.6439     120.9649    0.4361    -360.4924    -323.6266 -4.832 -4.228  762 
   54265.188900    6055.9847     135.6160    5363.3802     137.2740    0.4201    -192.2893    -177.4310 -2.425 -1.442  762 
   54384.475400      57.4223     157.0643     325.3371     159.2042    0.0237    -118.0800    -107.2448 -0.361 -0.690  762 
   54384.485900     462.8814     158.0576     654.5284     160.2763    0.0125    -601.8249    -547.3519 -2.303 -3.469  762 
   54385.512900   -1549.9284     202.4492   -1399.3074     203.1115    0.1626     151.3273     143.3217  1.022  1.399  762 
   55884.428500     268.4646     506.9046     161.7583     507.1180    0.0845   -1183.9075   -1170.3191 -5.845 -5.346  762 
   55889.438100   -3523.2758     182.8628   -4067.8355     187.1985    0.5345     236.1181     201.2319  2.221  2.370  762 
   56301.281100   -2867.1653     263.9430   -3102.4316     267.1996    0.5496   -1121.3697   -1045.6520 -5.627 -5.405  762 
