   54116.305800    6340.5500     255.7830    6027.2511     256.5325    0.2930   -3277.5556   -3184.2092 -9.316 -8.909  762 
   54127.315500   -1287.2723     276.3989   -1343.6914     276.6827    0.4302   -1889.4851   -1835.8868 -12.288 -11.352  762 
   54127.409800   -1391.9905     226.8770   -1432.0514     227.5390    0.3542   -1048.8503    -997.7018 -6.902 -5.788  762 
   54127.505600    1757.5757     172.6177    1679.2837     174.3360    0.1127    -676.0077    -602.1198 -3.754 -3.759  762 
   54149.242500    1353.2221     165.2922    1295.2244     167.2902    0.1872    -407.6482    -358.1445 -2.477 -2.167  762 
   54149.261900    5655.6731     190.0486    5338.0957     190.6866    0.0648   -4899.4767   -4693.7923 -18.116 -16.771  762 
   54152.347000   -1392.2682     144.7922   -1322.6823     146.8429    0.2540    -329.4748    -276.3496 -1.641 -2.560  762 
   54201.227200    -701.3452     195.2569    -686.4929     196.4976    0.0533     230.2853     217.7405  0.342  0.845  762 
   54201.240900    -119.9959     173.0933     -17.8517     174.7506    0.0017       8.2773       7.5004  0.040  0.039  762 
   54201.251200    1190.2957     181.5723    1182.9406     183.1283    0.1041    -400.8611    -368.9448 -2.279 -1.686  762 
   54230.228100    1952.8689     122.1043    1801.2615     123.9518    0.1792     -55.4682     -46.8371 -0.283 -0.621  762 
   54260.167300    1750.3626     144.4605    1722.1185     145.9049    0.1670     399.1021     354.2711  1.699  3.141  762 
   54261.167200    1150.2892     182.5393     987.2237     183.5127    0.0973    -111.1773    -104.6074 -0.216 -0.527  762 
   54264.169000    3527.6777     127.1296    3335.3568     128.5555    0.2894      67.3556      58.8755  1.112  0.745  762 
   54265.188900    3299.1388     142.4429    3207.6242     143.6657    0.2704     297.0826     266.5530  1.326  2.071  762 
   54384.475400    2932.0646     159.9439    2751.4553     161.7241    0.3416     -85.0870     -75.0427 -0.711 -0.479  762 
   54384.485900    2011.5092     162.4692    1814.8357     164.2792    0.2337     -64.5219     -57.1192  0.010 -0.350  762 
   54385.512900      32.7781     208.0769     -38.6972     208.6169    0.0134     -60.7956     -56.9454  0.074 -0.542  762 
   55884.428500    1830.8835     504.4607    1747.4366     504.6251    0.1376   -3572.5947   -3516.4996 -16.882 -16.104  762 
   55889.438100   -2465.2848     189.9048   -2628.3240     192.9448    0.4903    -163.0395    -135.4550 -2.223 -1.589  762 
   56301.281100    -478.6098     259.0967    -806.7702     261.8466    0.0675     429.4632     386.5881  2.143  2.099  762 
