   54116.305800    5604.4689     177.1005    5539.9225     177.2607    0.4680   -2266.9212   -2236.3829 -6.693 -6.361  762 
   54127.315500    3763.2426     241.3280    3735.4195     241.3893    0.5647     376.3339     372.3545  0.928  2.364  762 
   54127.409800    3634.5682     183.7166    3568.1828     183.9019    0.4847    -666.3530    -650.8373 -4.649 -3.866  762 
   54127.505600    4565.3261     115.3027    4597.9240     116.3134    0.7836    -818.1921    -756.2826 -4.561 -4.811  762 
   54149.242500    4086.0647     102.4447    4160.1066     103.8404    0.8150     286.1008     258.9943  1.904  1.589  762 
   54149.261900    4246.1964     141.0773    4153.2698     141.2476    0.4798      -4.0212      -3.9363 -0.684 -0.014  762 
   54152.347000    3583.7120      88.0966    3645.9744      90.2721    0.7574     229.0917     198.0926  1.418  1.903  762 
   54201.227200    3523.2766     131.1479    3421.3148     131.5467    0.6441     401.2412     388.9720  1.240  1.480  762 
   54201.240900    3601.1387     111.7803    3615.4250     112.5993    0.7125     134.3661     125.6785 -0.016  0.655  762 
   54201.251200    3247.1190     118.9222    3193.4465     119.6074    0.5712    -345.2612    -327.5037 -1.431 -1.489  762 
   54230.228100    3690.4526      80.7224    3743.9237      83.0045    0.7754     338.4433     289.6585  3.194  3.807  762 
   54260.167300    4088.0687     102.3071    3985.2881     103.2522    0.7483     306.4282     282.6622  1.772  2.370  762 
   54261.167200    4008.5159     138.4290    3916.6554     138.6679    0.6299      66.9654      65.1829  0.364  0.310  762 
   54264.169000    4171.7976      92.6896    4136.8263      94.0211    0.7484     152.5905     136.6820  1.760  1.669  762 
   54265.188900    4202.7263     100.8818    4238.2569     101.5925    0.7153     306.2046     283.8481  2.281  2.267  762 
   54384.475400    1382.6755     104.8750    1408.6852     106.0800    0.3380    -266.2392    -241.4226 -2.115 -1.539  762 
   54384.485900    1109.2149     105.4337    1093.6363     106.6351    0.2209    -217.6099    -197.6101 -1.263 -1.230  762 
   54385.512900    1523.4794     176.4608    1554.9671     176.7324    0.3174      89.4693      86.3465  0.665  0.831  762 
   55884.428500   -5511.7470     471.3295   -5583.9306     471.3779    0.4385    -676.3655    -671.4964 -3.914 -3.085  762 
   55889.438100   -5133.5197     125.5766   -5451.3353     130.4489    0.8822    -181.5828    -149.2499 -1.889 -1.781  762 
   56301.281100  -11130.7597     175.2415  -11382.5170     177.4386    0.9499    -374.1546    -341.8034 -1.955 -1.830  762 
