   54116.305800     977.1752     213.7359     962.0294     214.0647    0.4560    2887.0524    2846.5452  8.041  7.899  762 
   54127.315500    1404.7770     258.2534    1407.8814     258.2891    0.4861    1998.2464    1980.7794 14.525 11.881  762 
   54127.409800    -313.4180     200.6284    -335.0745     200.7519    0.1774    1338.4071    1312.0762  7.647  7.461  762 
   54127.505600   -1156.8594     135.2048   -1105.2632     135.7884    0.1234     650.8673     610.0916  4.442  3.765  762 
   54149.242500     687.6050     124.0477     705.3474     124.7666    0.0787    -444.6487    -414.0927 -2.373 -2.458  762 
   54149.261900    1459.1185     162.2093    1344.9833     162.3842    0.5070    3590.8788    3524.2783 12.641 12.384  762 
   54152.347000    -806.2064     107.2332    -649.8087     108.2161    0.1384     111.8177     100.8319  0.615  0.883  762 
   54201.227200    -968.9438     153.4168   -1131.5676     153.8578    0.1550     318.5401     309.1629  1.006  1.211  762 
   54201.240900   -1218.1620     133.7462   -1226.1963     134.2587    0.1579     512.6180     486.8488  2.555  2.478  762 
   54201.251200   -1770.4155     141.2265   -1771.4570     141.6958    0.2371     649.5038     621.5596  2.036  2.835  762 
   54230.228100   -1468.1951      92.2429   -1408.6162      93.6780    0.2528     158.6128     139.3952  1.217  1.792  762 
   54260.167300   -2209.0550     112.8111   -2126.0691     113.4434    0.3956     193.7118     179.2744  1.725  1.603  762 
   54261.167200   -3784.7061     149.9782   -3793.5811     150.2191    0.5674     462.5768     449.0394  1.823  2.291  762 
   54264.169000   -2889.2504     101.6916   -2833.0583     102.6448    0.4492     188.7113     170.7052  2.732  2.136  762 
   54265.188900   -2129.1445     115.6194   -2152.6075     116.0631    0.3594     247.6757     232.6201  1.322  1.758  762 
   54384.475400    2174.9151     120.8636    2152.3122     121.4742    0.3590    -524.8182    -490.9059 -4.276 -3.110  762 
   54384.485900    1875.3903     123.5881    1792.9498     124.2044    0.2312    -806.9652    -757.0457 -4.570 -4.544  762 
   54385.512900    1158.0117     185.4324    1110.5853     185.6339    0.1456    -332.3172    -322.4128 -3.105 -3.028  762 
   55884.428500    2503.4124     480.0774    2470.9474     480.1034    0.5307    5337.5386    5309.4465 22.865 24.338  762 
   55889.438100    1911.9117     135.6939    1789.0000     137.9302    0.5632     216.2105     191.3047  1.586  2.250  762 
   56301.281100    1823.2506     192.6426    1736.2355     193.5171    0.2151    -968.2849    -913.8828 -5.518 -5.105  762 
