   54116.305800    5497.5048     211.6323    5381.0945     211.8083    0.6087     534.0800     526.8328  1.945  1.468  762 
   54127.315500    3812.7673     257.2918    3787.4177     257.3711    0.5753    1039.0471    1025.4542  6.701  6.231  762 
   54127.409800    3140.3253     200.1299    3130.2793     200.3377    0.5848     456.6991     445.3068  2.356  2.557  762 
   54127.505600    4711.4646     135.1372    4755.0750     136.2219    0.7684      13.3177      12.3307  0.577  0.077  762 
   54149.242500    -671.8752     126.6838    -752.1770     128.2258    0.2965    -610.9402    -552.6232 -3.282 -3.314  762 
   54149.261900     266.5151     162.3579     152.9780     162.5739    0.0972     622.2490     608.0629  1.797  2.153  762 
   54152.347000   -1508.7945     109.7237   -1727.2970     112.0910    0.3395     166.5851     144.1220  1.473  1.295  762 
   54201.227200    3375.9205     153.0448    3329.2567     153.4233    0.5388     160.1708     155.2070  0.443  0.606  762 
   54201.240900    4194.8333     133.3119    4181.8156     134.1163    0.7146     158.5159     148.9373  0.661  0.763  762 
   54201.251200    4338.4817     140.7514    4256.1723     141.4169    0.5956    -653.3536    -620.6425 -2.406 -2.838  762 
   54230.228100    4131.2375      93.5529    4058.9888      96.3842    0.6631     -50.6094     -43.3511 -1.632 -0.566  762 
   54260.167300    3340.0754     114.1770    3345.9697     115.4437    0.5404     -68.3930     -62.3408 -0.629 -0.556  762 
   54261.167200    3176.1199     149.9025    3171.2231     150.2027    0.4899    -161.1536    -155.9353 -1.450 -0.791  762 
   54264.169000    1466.0326     103.3928    1318.5925     105.3917    0.2115     135.1582     119.5836  1.421  1.507  762 
   54265.188900     762.3052     116.3637     705.4131     117.2929    0.1472     230.6683     213.2424  0.589  1.633  762 
   54384.475400     798.9541     123.9997     646.0120     125.3195    0.0097    -764.8554    -692.6294 -4.237 -4.412  762 
   54384.485900    1491.5279     125.7091    1435.9767     126.8809    0.1262    -984.7846    -900.8326 -5.309 -5.464  762 
   54385.512900    -556.2022     187.8338    -525.9384     188.2556    0.0738     100.6474      96.1756  0.024  0.911  762 
   55884.428500    2294.6243     481.4462    2235.0125     481.4964    0.3189    2149.9618    2133.4890  8.460  9.801  762 
   55889.438100    -408.4006     144.0300    -792.3322     148.7786    0.2512    -104.7200     -87.3452 -1.346 -1.033  762 
   56301.281100    2320.3543     196.5866    2128.4528     198.2347    0.3721    -655.8697    -606.0977 -3.892 -3.362  762 
