   54116.305800    5127.4900     210.4556    4936.2484     211.2712    0.4445    -893.8009    -867.3644 -3.269 -2.434  762 
   54127.315500     335.2811     261.5790     254.5202     261.9420    0.0697    -759.1552    -738.4667 -2.787 -4.540  762 
   54127.409800    -627.3605     206.7305    -763.6196     207.6661    0.2263    -705.7648    -669.3969 -3.999 -3.882  762 
   54127.505600    1906.7037     145.5784    1555.3250     149.6172    0.2943     -90.5102     -77.6841 -0.782 -0.485  762 
   54149.242500    -508.0769     136.0684    -416.3468     140.7709    0.0455     705.9456     590.7992  2.400  3.560  762 
   54149.261900    3608.3776     163.3644    3216.5664     164.2564    0.2296    -942.1250    -899.8128 -3.037 -3.214  762 
   54152.347000    -274.9340     121.2775    -800.7974     127.8568    0.1378     225.7812     175.8191  1.699  1.601  762 
   54201.227200    1353.4293     159.6586    1291.8577     161.2968    0.3253     488.1981     459.1017  2.623  1.770  762 
   54201.240900     850.9677     142.1498     830.9623     145.3115    0.3279     745.9044     659.1004  3.371  3.391  762 
   54201.251200    1146.7255     148.7609     979.2463     151.4576    0.2455     219.1296     198.1714  0.878  0.902  762 
   54230.228100    3760.2809     107.2881    3609.9907     113.9276    0.5423     350.6410     268.5859  4.368  3.460  762 
   54260.167300    1991.4423     126.9723    1998.7322     130.5192    0.5245     565.5898     479.6691  4.866  4.126  762 
   54261.167200    2002.4255     158.8123    2088.3103     159.9471    0.4617     759.7313     714.5743  3.322  3.514  762 
   54264.169000    5194.5819     115.2402    5302.0843     119.6786    0.6065     371.5736     303.9594  3.955  3.723  762 
   54265.188900    2608.7510     124.7650    2452.2048     127.5975    0.5005     528.5321     456.4887  3.811  3.534  762 
   54384.475400   -1047.2429     134.8793   -1091.7853     138.9527    0.1392     161.7868     135.7479  1.189  0.862  762 
   54384.485900    -574.4828     135.9505    -527.8918     139.8303    0.1254    -317.8692    -269.8992 -1.017 -1.647  762 
   54385.512900   -1369.4951     197.0808   -1388.9745     198.4631    0.2444      34.5792      31.8616 -0.681  0.302  762 
   55884.428500   -1415.4455     486.5158   -1527.0213     486.7281    0.2757   -2309.1865   -2273.1446 -11.180 -10.429  762 
   55889.438100   -2891.5743     164.5227   -3343.9404     175.3448    0.7308    -369.6186    -275.0546 -2.956 -3.238  762 
   56301.281100   -2079.5338     213.5119   -2227.8003     218.9612    0.4757     -52.8305     -45.8550 -0.575 -0.251  762 
