   54116.305800    1226.8817     180.5542    1125.8586     180.6428    0.0217   -1261.1434   -1250.8169 -3.863 -3.555  762 
   54127.315500    -519.7910     237.9111    -548.7202     237.9383    0.1613    -542.1310    -538.3155 -3.780 -3.475  762 
   54127.409800    -719.0458     181.9503    -729.9948     182.0137    0.3325   -1140.6020   -1125.0298 -7.245 -6.705  762 
   54127.505600     279.4279     114.1299     221.5741     114.5538    0.2709   -1195.4033   -1137.0941 -6.792 -7.168  762 
   54149.242500      42.3563     100.7300       7.8238     101.3177    0.0885    -292.6597    -274.2042 -2.173 -1.688  762 
   54149.261900    1079.3647     142.1997     987.2165     142.2700    0.0578    -571.6216    -564.8429 -2.824 -2.061  762 
   54152.347000    -316.1356      84.0897    -393.1720      85.1089    0.2035    -221.5539    -200.1123 -2.110 -1.981  762 
   54201.227200    -716.2093     132.3898    -812.5919     132.5635    0.1516     105.7703     103.7906 -0.011  0.392  762 
   54201.240900     271.7345     110.8268     219.9075     111.1713    0.0036    -243.5869    -233.8446 -1.512 -1.217  762 
   54201.251200     448.7781     118.6422     380.8384     118.9111    0.0958    -790.5150    -765.4713 -3.298 -3.463  762 
   54230.228100     332.3390      76.0747     265.3138      77.1593    0.0744     -40.5231     -36.3587 -1.314 -0.490  762 
   54260.167300    -290.4909      99.4235    -352.3952      99.8412    0.1359     -95.2572     -90.2079 -0.990 -0.766  762 
   54261.167200    -272.2151     137.5167    -322.9574     137.6110    0.1671    -500.9910    -492.7773 -2.649 -2.361  762 
   54264.169000     160.9769      88.2957     138.5143      88.8598    0.0264     -53.3403     -49.6191 -1.640 -0.617  762 
   54265.188900    -267.4461      98.4857    -287.5147      98.7983    0.1055    -113.8147    -108.4753 -1.021 -0.871  762 
   54384.475400    -237.8138     101.6416    -258.3635     102.1279    0.1329    -132.7866    -125.0157 -0.578 -0.793  762 
   54384.485900    -273.5340     101.6536    -297.8126     102.1351    0.1851    -277.5510    -261.6418 -1.082 -1.638  762 
   54385.512900      27.7807     173.5412      12.3754     173.6444    0.0197    -112.3714    -109.9328 -1.871 -1.053  762 
   55884.428500     211.5150     473.4074     162.1592     473.4226    0.1312    1556.8022    1551.8454  5.494  7.040  762 
   55889.438100    -256.9024     115.6389    -351.5973     117.4538    0.0323     303.2698     270.0959  2.715  3.137  762 
   56301.281100    -666.3634     167.8464    -727.0640     168.4060    0.3566    -577.5715    -553.5144 -3.048 -2.854  762 
