   54116.305800    1785.7577     195.3985    1674.1380     195.5402    0.1439   -2690.3769   -2658.8062 -8.066 -7.517  762 
   54127.315500     169.2205     246.3824     134.4296     246.4439    0.2031   -1570.4668   -1553.9900 -10.014 -9.843  762 
   54127.409800     659.1162     190.3744     563.1542     190.5452    0.3113   -2287.3186   -2239.5090 -12.184 -13.231  762 
   54127.505600     740.6914     124.6497     665.7270     125.4832    0.1237   -1219.3103   -1141.7920 -7.413 -7.190  762 
   54149.242500     408.1415     112.6897     437.6522     113.7056    0.1491      90.2471      83.1803  0.944  0.509  762 
   54149.261900     765.4349     151.2266     612.9575     151.3859    0.0745   -1263.7369   -1240.6801 -4.770 -4.498  762 
   54152.347000     352.2124      95.3140     227.5590      97.0881    0.0143    -199.0818    -176.6585 -1.880 -1.692  762 
   54201.227200     769.4257     143.8028     655.9922     144.1097    0.0717    -324.9812    -316.8293 -0.924 -1.209  762 
   54201.240900     847.0270     122.0057     845.0330     122.5913    0.1275    -320.5222    -304.3065 -1.502 -1.582  762 
   54201.251200     707.7980     130.1680     647.2374     130.6609    0.0346    -832.9552    -798.2877 -3.173 -3.632  762 
   54230.228100    1953.8237      84.6871    1939.2691      86.4960    0.4382      90.7189      79.9894  1.062  1.052  762 
   54260.167300     615.5470     107.6237     621.5221     108.3389    0.1601     -33.0621     -30.8492 -0.312 -0.262  762 
   54261.167200    1903.0614     145.3859    1866.2421     145.5594    0.1906    -941.7248    -920.6022 -3.389 -4.462  762 
   54264.169000    1362.0754      96.1642    1181.0899      97.3221    0.2403     -15.5572     -14.1244  0.436 -0.173  762 
   54265.188900    1062.3157     106.4962     983.4639     107.1077    0.1717    -192.1025    -180.4281 -1.412 -1.429  762 
   54384.475400    -394.5709     112.7439    -379.8216     113.6180    0.1065     -16.0021     -14.8021 -0.733 -0.094  762 
   54384.485900    -582.3183     113.5729    -615.5849     114.4398    0.2472    -399.2895    -369.7791 -1.890 -2.297  762 
   54385.512900    -121.0653     180.4997    -119.2189     180.7332    0.0681    -252.6122    -244.6499 -2.341 -2.330  762 
   55884.428500     406.0365     479.2612     342.2367     479.2943    0.1859   -2726.5352   -2711.2317 -10.782 -12.391  762 
   55889.438100    -878.6861     130.1208    -934.2628     133.1294    0.3041     137.4273     118.9443  1.417  1.383  762 
   56301.281100     114.2885     183.5928      24.2191     184.6464    0.1576    -592.9093    -559.1668 -2.459 -2.961  762 
