   54116.305800   -4491.0120     215.4653   -4718.2802     215.8124    0.2900    2274.7582    2236.2048  5.628  6.218  762 
   54127.315500   -4852.6029     259.5925   -4893.5488     259.7314    0.6098    -448.6278    -441.1488 -1.442 -2.689  762 
   54127.409800   -7188.3121     204.1975   -7226.4033     204.5650    0.8152     178.2516     172.4700  0.211  0.988  762 
   54127.505600   -7253.8396     142.3081   -7498.6074     144.1479    0.9279    -323.7769    -291.8122 -0.997 -1.798  762 
   54149.242500   -4819.1889     130.5461   -5079.8025     132.6988    0.7908    -195.2142    -174.2060 -1.060 -1.042  762 
   54149.261900   -4933.9158     165.2017   -5173.2824     165.5577    0.5374    -446.5324    -434.5802 -2.582 -1.538  762 
   54152.347000   -6340.8670     114.3293   -6551.7284     117.4273    0.8595     339.0831     285.7246  1.318  2.573  762 
   54201.227200   -8948.1833     158.4808   -9099.2592     159.2499    0.8802     328.7471     315.1182  0.810  1.226  762 
   54201.240900   -8663.1788     139.7006   -8825.8591     141.1526    0.8763     631.1751     581.3388  2.321  2.964  762 
   54201.251200   -9245.8610     147.0192   -9475.3644     148.2635    0.8939    -116.7697    -109.0746 -1.206 -0.497  762 
   54230.228100  -10334.1773     102.0311  -11130.9142     106.2451    0.9302     -75.4570     -60.6289 -1.244 -0.794  762 
   54260.167300   -9729.1382     120.7368  -10077.1048     122.7824    0.9141       1.7249       1.5169 -1.242  0.014  762 
   54261.167200   -9738.3980     154.5839   -9860.8336     155.2052    0.8921    -146.3568    -139.5455 -0.726 -0.710  762 
   54264.169000  -10504.5903     110.1370  -11164.8628     113.0951    0.8980     -19.2991     -16.2640 -1.720 -0.205  762 
   54265.188900   -9683.6217     121.6036   -9919.1996     123.0596    0.9064    -393.3747    -354.6890 -3.004 -2.709  762 
   54384.475400    1142.8980     125.7424    1082.0413     127.4244    0.2766     297.4811     268.9014  2.272  1.703  762 
   54384.485900    1738.7675     127.3863    1640.0507     128.9593    0.2963    -246.7448    -224.8253 -1.867 -1.362  762 
   54385.512900    1110.5345     189.5439    1064.8378     190.1003    0.2113     117.4729     112.0456  0.172  1.053  762 
   55884.428500    9075.6996     484.9474    9011.7881     485.0108    0.5174   -1355.8854   -1345.7842 -4.871 -6.133  762 
   55889.438100    8955.6591     142.9103    9592.9334     146.8449    0.9069     262.5647     224.0301  1.774  2.593  762 
   56301.281100    3280.6479     200.3794    3193.6375     202.3792    0.6183     -99.7724     -92.2233  0.036 -0.501  762 
