   54116.305800    -245.6091     246.4808    -377.9943     246.6707    0.6011   -5579.0344   -5505.8060 -15.250 -15.501  762 
   54127.315500   -1365.6396     261.9458   -1406.3660     262.0550    0.4951   -2500.5376   -2461.3618 -13.594 -15.619  762 
   54127.409800   -1579.5875     212.3312   -1664.1971     212.6003    0.4889   -1351.1319   -1313.6802 -8.119 -7.722  762 
   54127.505600     899.0930     155.4970     793.4655     156.4212    0.0100    -896.6447    -836.6831 -5.091 -5.218  762 
   54149.242500    2245.6177     145.8409    2287.8692     146.8180    0.4730     125.7422     116.6031  0.992  0.712  762 
   54149.261900    1881.7075     180.1751    1733.2246     180.3719    0.2844   -4850.9234   -4750.5076 -16.861 -17.178  762 
   54152.347000     376.7079     122.3228     349.0520     124.0135    0.0967      32.7445      29.1100  0.470  0.280  762 
   54201.227200     551.6050     182.6357     509.8448     182.9732    0.0640    -181.3485    -176.5573 -0.120 -0.676  762 
   54201.240900     259.9847     156.3736     184.0380     157.0851    0.0593     136.5745     129.2528  0.668  0.668  762 
   54201.251200     900.2760     166.3257     842.5351     166.8815    0.1891     202.3942     193.7803  0.594  0.880  762 
   54230.228100    1764.3782     105.4110    1860.2676     107.3776    0.3133    -215.6577    -188.5759 -3.377 -2.552  762 
   54260.167300    1579.7302     129.4517    1651.8526     130.3451    0.2668    -328.5591    -303.0719 -2.742 -2.660  762 
   54261.167200    1170.9896     170.3729    1149.8082     170.6428    0.2260     254.8705     247.3615  0.940  1.227  762 
   54264.169000    2239.1045     113.2316    2178.9205     114.6177    0.3864      90.7667      81.5119  0.411  1.033  762 
   54265.188900    2060.3898     127.5021    2042.0646     128.2312    0.3401     172.1001     160.4925  0.103  1.269  762 
   54384.475400     375.5955     143.1635     448.8321     144.0678    0.1519     388.1422     359.1274  1.243  2.284  762 
   54384.485900     387.3370     144.4442     281.3362     145.4068    0.1013     269.1428     249.3949  1.324  1.549  762 
   54385.512900    -481.5376     195.7150    -514.2588     196.1312    0.0969     -38.2179     -36.5666 -1.342 -0.349  762 
   55884.428500    2214.5361     498.5829    2155.9918     498.6393    0.1520   -3977.2534   -3944.8473 -19.165 -17.926  762 
   55889.438100   -1539.3672     165.8399   -1582.1732     168.8917    0.5429     -39.1363     -34.0857 -1.162 -0.394  762 
   56301.281100     708.0298     236.8154     679.6512     237.8554    0.1184    -135.0692    -127.7896 -1.034 -0.668  762 
