   54116.305800    6922.7216     199.7430    6817.7594     199.8057    0.8394    4277.6205    4252.3645 11.952 11.807  762 
   54127.315500    8120.1513     251.4675    8103.2113     251.4846    0.7933     578.2494     575.1132  4.590  3.493  762 
   54127.409800    6587.1405     192.5997    6564.0029     192.6494    0.7920     564.9064     558.2254  4.430  3.193  762 
   54127.505600    6670.1406     123.6696    6669.3787     123.9697    0.8556     509.1482     488.4185  2.594  3.012  762 
   54149.242500    8618.0869     110.4125    8675.0331     110.7148    0.9060       2.1509       2.0606 -0.098  0.012  762 
   54149.261900    8859.9631     154.0195    8769.0444     154.0642    0.7803    1932.4328    1916.6627  6.547  6.773  762 
   54152.347000    8242.2765      93.3578    8414.6806      93.8245    0.8384      57.7696      54.0566 -0.242  0.482  762 
   54201.227200    3301.7599     141.8956    3245.8128     142.0330    0.6120     399.3893     392.2770  1.596  1.535  762 
   54201.240900    3871.7864     122.2841    3857.0073     122.5389    0.7245     625.5728     603.9327  2.447  3.081  762 
   54201.251200    3319.5677     129.6649    3247.3735     129.9078    0.6314     235.7172     228.5992  1.340  1.044  762 
   54230.228100   -4058.4647      85.8653   -4216.2014      87.3309    0.7367     -39.9783     -35.3197 -0.756 -0.464  762 
   54260.167300   -3908.1126     106.0225   -3986.2898     106.6382    0.7514    -123.5582    -115.1430 -0.833 -1.041  762 
   54261.167200   -3601.5293     142.2768   -3694.6254     142.4400    0.6538    -556.2793    -542.8569 -2.186 -2.790  762 
   54264.169000   -3991.5606      95.6963   -4178.2202      96.6488    0.7021    -136.1235    -123.7605 -1.576 -1.570  762 
   54265.188900   -3527.0232     109.3160   -3614.6790     109.7262    0.6848    -294.0301    -278.3684 -2.956 -2.123  762 
   54384.475400    -954.5019     112.2294    -993.9468     112.7679    0.2286     207.1126     195.6071  1.510  1.243  762 
   54384.485900   -1244.0381     114.4347   -1325.0090     114.9537    0.3601    -181.9762    -172.4533 -1.562 -1.044  762 
   54385.512900     105.2149     180.7197      72.2843     180.8593    0.0183    -174.9286    -170.8071 -1.757 -1.611  762 
   55884.428500    3776.3796     478.4841    3725.3795     478.4999    0.4183    2362.5456    2354.7683 11.228 10.773  762 
   55889.438100    3841.3897     123.7083    3949.1484     125.1968    0.8352     316.8268     288.4808  3.217  3.365  762 
   56301.281100   -9002.7282     184.6327   -9193.1293     185.6380    0.9013    -421.8524    -398.4222 -2.321 -2.190  762 
