   54116.305800    1637.9715     213.5259    1445.1177     213.8501    0.0037   -1444.9679   -1420.1703 -3.892 -3.966  762 
   54127.315500   -1803.7202     258.7605   -1841.3515     258.8925    0.2850    -217.9652    -214.3834 -1.609 -1.305  762 
   54127.409800   -1181.1102     202.5529   -1236.0489     202.8993    0.3946    -946.1219    -916.6567 -4.895 -5.265  762 
   54127.505600    -626.9540     139.7802    -760.4711     141.5746    0.2331    -118.6238    -107.7371 -1.448 -0.666  762 
   54149.242500     230.0594     128.9805     168.0780     130.9933    0.0491      13.3000      11.9155 -0.781  0.071  762 
   54149.261900     454.6230     163.0264     248.3144     163.3292    0.0888   -1069.5780   -1042.1260 -4.419 -3.693  762 
   54152.347000    -315.7825     112.2689    -547.8421     115.5359    0.1177     133.2833     113.3881  0.206  1.016  762 
   54201.227200    -466.4506     156.9886    -487.6851     157.5631    0.0257     369.5735     356.2526  2.035  1.375  762 
   54201.240900     102.1097     137.1098      26.5297     138.3671    0.1108     465.0021     431.2468  2.238  2.200  762 
   54201.251200     306.7918     144.4181     290.0066     145.3933    0.0292    -178.2426    -168.0202 -0.861 -0.761  762 
   54230.228100     975.4081      98.3643     941.7264     102.3105    0.3177     365.1790     302.3363  3.523  3.876  762 
   54260.167300     353.4848     118.7334     385.6453     120.4966    0.1767     348.6652     312.3536  2.995  2.710  762 
   54261.167200     -54.9027     153.8440     -91.3191     154.3001    0.1086     627.3668     603.4823  1.858  2.990  762 
   54264.169000    1697.4747     107.3629    1729.0932     109.9123    0.3258    -172.0257    -148.8493 -0.401 -1.825  762 
   54265.188900    1509.1974     118.3433    1530.6007     119.6023    0.3128      95.6139      87.2980  1.074  0.668  762 
   54384.475400    -171.2800     126.9171    -246.8965     128.7300    0.0703     -38.7744     -34.7797 -0.050 -0.219  762 
   54384.485900    -318.4143     128.6218    -358.8735     130.3048    0.0918      -7.4819      -6.7631 -0.009 -0.041  762 
   54385.512900    -309.1195     190.1713    -319.4061     190.8079    0.0195     241.6872     229.4575  1.633  2.151  762 
   55884.428500    -169.7173     483.5203    -207.1853     483.5909    0.0411    -216.0678    -214.1643 -0.953 -0.976  762 
   55889.438100   -1208.3771     149.2512   -1348.4110     155.3526    0.4754      10.2924       8.4320 -1.280  0.098  762 
   56301.281100     459.2274     202.2562     491.8808     204.3527    0.2851     590.8376     543.2637  2.734  2.960  762 
