   54116.305800   -1496.8173     219.5852   -1586.3901     219.8035    0.4003   -1940.0858   -1911.9851 -5.599 -5.421  762 
   54127.315500   -4005.9310     249.8160   -4050.4477     249.9247    0.6229   -2152.9050   -2121.2142 -13.474 -13.852  762 
   54127.409800   -4567.7714     199.1652   -4613.4046     199.4253    0.7526   -1606.9001   -1564.0848 -8.287 -9.374  762 
   54127.505600   -2772.5266     139.5811   -2819.1929     140.6283    0.6759   -1272.6661   -1179.6645 -7.098 -7.443  762 
   54149.242500   -2649.6811     128.5357   -2802.0163     129.9381    0.6141    -247.4782    -225.7042 -1.437 -1.403  762 
   54149.261900   -1175.9556     164.5904   -1337.9650     164.8147    0.2981   -1643.5707   -1607.0011 -5.091 -5.914  762 
   54152.347000   -2032.1990     107.4887   -2022.9827     109.5125    0.5644    -541.2024    -470.4300 -5.336 -4.709  762 
   54201.227200   -1639.1153     162.6191   -1682.0505     162.9933    0.3143    -119.5158    -116.1976 -1.032 -0.444  762 
   54201.240900   -1464.5105     137.9802   -1514.3533     138.7987    0.3131      82.6761      77.8590  0.126  0.408  762 
   54201.251200   -1390.6199     147.2983   -1424.1970     147.9309    0.3139    -244.7267    -233.2868 -0.421 -1.066  762 
   54230.228100    1182.4774      93.9073    1363.5728      95.8910    0.2556    -345.3216    -296.6646 -4.125 -4.126  762 
   54260.167300    1992.8696     116.6308    2086.1019     117.5215    0.3812    -620.2136    -570.4572 -4.927 -5.023  762 
   54261.167200    3551.4532     156.0126    3584.2743     156.2327    0.3684   -1202.0860   -1171.5111 -6.500 -5.820  762 
   54264.169000    3208.9477     102.5462    3272.4167     103.7668    0.5555    -490.0997    -438.9797 -5.382 -5.642  762 
   54265.188900    2975.1825     114.7896    2946.8577     115.5346    0.4928    -484.9881    -451.3555 -4.073 -3.657  762 
   54384.475400    -336.3178     126.4387    -375.6637     127.5544    0.2771    -835.6005    -767.0829 -4.603 -4.926  762 
   54384.485900    -651.7941     126.6357    -629.7874     127.7132    0.2876    -586.9617    -539.9925 -3.757 -3.421  762 
   54385.512900    -630.8278     186.1813    -643.6831     186.5486    0.1498    -103.6365     -99.4573 -2.249 -0.961  762 
   55884.428500     829.5156     490.6642     768.5750     490.7148    0.0622     -50.4149     -50.0753  0.285 -0.229  762 
   55889.438100   -2227.4881     147.8561   -2499.2397     151.4124    0.5859     505.8067     432.0188  5.039  4.991  762 
   56301.281100    4564.0781     207.7279    4462.7458     208.7826    0.6235   -1100.8920   -1043.6026 -5.371 -5.371  762 
