   54116.305800    8434.6413     246.7568    8401.8973     247.9986    0.4807   -3418.6577   -3400.7026 -10.585 -9.635  762 
   54127.315500    1069.9919     257.2311    1022.4386     257.5170    0.2747   -3186.7872   -3163.3455 -19.590 -20.502  762 
   54127.409800    1922.5613     208.5304    1898.3278     209.1361    0.0542   -2236.7908   -2208.3687 -12.879 -13.177  762 
   54127.505600    6321.9606     150.7377    6241.6977     152.1863    0.7112   -1639.8630   -1580.8545 -10.333 -9.993  762 
   54149.242500     131.6382     143.0980     110.6924     145.0097    0.0302    -289.3213    -274.8522 -1.292 -1.703  762 
   54149.261900    9880.6544     178.8345    9687.3761     179.5925    0.4341   -4276.5717   -4237.8521 -15.390 -15.483  762 
   54152.347000    1126.1279     116.2071    1038.4649     118.2948    0.1482    -491.5101    -454.4028 -4.204 -4.517  762 
   54201.227200    4003.6304     184.0914    4110.2248     185.8009    0.4245   -1356.4819   -1336.0040 -5.150 -5.121  762 
   54201.240900    2799.6897     154.3179    2734.4832     156.0800    0.4241    -353.3944    -342.1998 -2.651 -1.786  762 
   54201.251200    4774.7136     165.9111    4692.1131     167.6997    0.5223   -1208.2375   -1177.0161 -5.523 -5.375  762 
   54230.228100    2787.6816      98.4248    2789.0738     100.2792    0.3762    -289.8248    -264.1139 -4.156 -3.723  762 
   54260.167300    2946.1605     124.7605    2967.7001     126.1056    0.3658    -812.0066    -774.6731 -7.549 -6.923  762 
   54261.167200    3630.6555     170.7199    3595.3817     171.9482    0.3311   -1291.8018   -1265.8106 -6.935 -6.303  762 
   54264.169000    3865.0150     107.1662    3692.9120     108.5919    0.4093    -277.1808    -258.3297 -5.061 -3.383  762 
   54265.188900    4894.8495     123.2652    4721.4810     124.4046    0.4233    -927.1125    -887.9993 -7.281 -7.183  762 
   54384.475400   -3300.7955     141.6747   -3177.8303     143.4860    0.4587     122.0589     115.3299  0.440  0.742  762 
   54384.485900   -3010.5432     142.2538   -2904.6434     144.0741    0.4634    -207.3096    -196.7183 -1.238 -1.241  762 
   54385.512900   -1882.9299     190.8562   -1861.4315     191.3067    0.2597     135.5577     131.6886  1.876  1.285  762 
   55884.428500   -1705.3966     497.3065   -1761.4481     497.4617    0.2882   -2135.4252   -2125.2773 -9.609 -9.709  762 
   55889.438100   -1391.9509     156.6253   -1515.2253     159.5900    0.4205     -10.6932      -9.6764  1.082 -0.115  762 
   56301.281100    -625.6920     235.2165    -694.2643     237.8861    0.1226      60.9091      58.8892 -0.084  0.307  762 
