   54116.305800    -251.7814     234.0940    -380.7115     234.4181    0.2095   -1214.2300   -1192.7506 -2.636 -3.336  762 
   54127.315500      26.0052     264.1185     -87.5332     264.3020    0.2727   -1833.3423   -1797.3386 -10.257 -11.086  762 
   54127.409800    1529.5607     210.7769    1409.4265     211.2101    0.0572   -1832.7051   -1770.7379 -10.036 -10.249  762 
   54127.505600    2460.7170     151.4348    2259.5351     153.2061    0.1991   -1049.9550    -957.8585 -6.495 -5.958  762 
   54149.242500    -672.4949     143.2127    -896.2530     145.3684    0.2334    -104.1729     -93.3295 -0.385 -0.563  762 
   54149.261900    1174.3616     175.0356    1020.9919     175.3736    0.2117   -3035.4879   -2950.7543 -10.592 -10.525  762 
   54152.347000    2224.6459     122.2748    1738.6987     125.5703    0.2716    -328.8784    -281.2713 -2.686 -2.584  762 
   54201.227200    1128.2239     173.0287     899.1801     173.7355    0.0688    -452.6031    -435.5682 -1.797 -1.686  762 
   54201.240900     415.0338     151.1372     312.1157     152.4482    0.0222    -468.0032    -434.5518 -2.327 -2.231  762 
   54201.251200     657.8875     159.5033     563.0319     160.5667    0.0290    -766.6405    -721.9249 -3.265 -3.290  762 
   54230.228100    2358.1749     106.0888    2096.4751     110.1265    0.2565    -132.2976    -110.5092 -2.621 -1.459  762 
   54260.167300    1300.7860     127.6331    1117.0895     129.5820    0.0932    -399.4391    -358.1651 -4.329 -3.166  762 
   54261.167200   -2216.0424     165.4626   -2311.0477     166.0439    0.4961    -972.3060    -930.5801 -3.846 -4.668  762 
   54264.169000    3926.9143     113.5151    3685.4879     116.2874    0.3640    -289.8252    -251.5222 -4.116 -3.166  762 
   54265.188900    3454.0764     126.6048    3399.1297     127.9603    0.3573    -493.0486    -450.1536 -3.005 -3.486  762 
   54384.475400   -2118.8520     140.1322   -2110.8236     142.0017    0.2685     719.0208     643.2709  5.095  4.091  762 
   54384.485900   -2727.7505     142.1663   -2754.5354     143.9576    0.4169     424.4562     382.3331  2.361  2.338  762 
   54385.512900   -2862.3890     196.8470   -2876.8862     197.6144    0.3724     524.9872     494.0103  4.436  4.689  762 
   55884.428500    -709.4145     492.7650    -772.0044     492.8672    0.2449   -2605.5415   -2577.5076 -11.279 -11.783  762 
   55889.438100    -252.1056     163.7516    -550.9708     169.7816    0.1583    -142.5347    -117.5148 -1.010 -1.377  762 
   56301.281100   -2778.0279     226.3621   -2925.8179     228.7219    0.3757    1065.8182     976.0423  4.518  5.288  762 
