   54116.305800    2479.2373     214.1937    2387.1588     214.3152    0.0307   -2617.7812   -2602.8070 -7.690 -7.385  762 
   54127.315500     403.2585     246.0196     368.2265     246.0737    0.3377   -2844.1876   -2816.2863 -19.071 -18.412  762 
   54127.409800    -103.1690     194.3841    -158.0057     194.5233    0.4010   -1982.7923   -1946.2087 -11.454 -11.671  762 
   54127.505600     446.3818     133.1408     405.0273     133.7806    0.2556   -1390.5154   -1316.2176 -8.579 -8.313  762 
   54149.242500   -1143.5128     122.0297   -1196.9631     122.8846    0.4196    -437.6168    -408.4438 -2.525 -2.541  762 
   54149.261900    1331.3644     160.6800    1175.0203     160.8109    0.0489   -1605.6098   -1584.5037 -5.927 -5.830  762 
   54152.347000    -761.2090     100.8861    -838.0716     102.3608    0.3465    -496.4524    -443.1434 -5.335 -4.448  762 
   54201.227200    4925.7801     156.1225    4861.7379     156.3024    0.5830   -1202.1817   -1185.2988 -4.190 -4.532  762 
   54201.240900    4693.3475     130.7933    4670.5842     131.1957    0.7487    -550.8991    -530.3347 -2.260 -2.780  762 
   54201.251200    5441.0423     140.2083    5403.6496     140.5129    0.6522   -1422.6435   -1384.6974 -5.653 -6.328  762 
   54230.228100    1106.0112      88.0442    1242.2147      89.4866    0.3130    -112.6069     -99.2104 -1.792 -1.389  762 
   54260.167300    -129.2731     112.0350    -144.5286     112.6609    0.1637    -498.2617    -464.6256 -4.050 -4.107  762 
   54261.167200    -157.1500     152.3135    -172.2821     152.4537    0.2065   -1001.9568    -983.1837 -4.780 -4.885  762 
   54264.169000     481.9003      98.2550     401.3217      99.2232    0.0018    -432.5058    -393.7204 -4.904 -5.093  762 
   54265.188900      60.8624     110.8785     -10.7232     111.3991    0.0607    -309.3989    -292.0805 -3.004 -2.371  762 
   54384.475400   -2823.3353     121.5162   -2940.6981     122.3362    0.6766    -548.9727    -511.8311 -3.021 -3.290  762 
   54384.485900   -3202.5966     121.8692   -3366.1773     122.7166    0.7037    -649.0426    -605.2640 -3.496 -3.838  762 
   54385.512900   -3856.5148     182.7756   -3896.3540     183.0508    0.5764     193.1004     186.6194  0.006  1.811  762 
   55884.428500    5496.0010     486.4926    5452.9229     486.5196    0.4348     -62.2331     -61.9918  0.763 -0.283  762 
   55889.438100    3161.7108     135.7078    3215.3716     137.8146    0.7248     387.5609     344.9622  3.680  4.011  762 
   56301.281100    -425.1079     201.4347    -454.8775     202.1214    0.3001    -934.6889    -897.1623 -4.158 -4.620  762 
