   54116.305800     311.5942     226.5967     211.1314     226.6962    0.4065    3047.8516    3020.3901  8.273  8.358  762 
   54127.315500     927.1966     260.4960     900.2175     260.5387    0.4165    2405.0886    2380.7330 14.131 14.468  762 
   54127.409800    1219.7580     204.5387    1212.5147     204.6409    0.4442    1496.6332    1470.1574  8.234  8.392  762 
   54127.505600    1146.6038     141.0329    1117.6803     141.4961    0.2844      67.4972      64.0726 -0.203  0.393  762 
   54149.242500     608.1921     130.6363     572.4026     131.2063    0.0653    -371.5718    -349.1025 -1.925 -2.086  762 
   54149.261900    1448.5684     169.7914    1292.0191     169.9070    0.4748    3497.0213    3441.1214 11.949 12.155  762 
   54152.347000    -800.1452     111.4912    -851.5317     112.4217    0.2490    -155.3271    -141.6950 -1.656 -1.264  762 
   54201.227200     760.5435     161.1575     666.4624     161.3854    0.0159    -773.3775    -755.8092 -2.701 -2.977  762 
   54201.240900    1358.4747     140.3592    1274.9255     140.7452    0.1493    -627.4699    -600.7203 -3.548 -3.063  762 
   54201.251200    1427.1014     148.1032    1378.7737     148.4115    0.1287    -827.4024    -798.4752 -3.449 -3.659  762 
   54230.228100     840.3405      93.8026     724.5033      94.9895    0.0821    -446.4364    -401.7401 -6.606 -5.306  762 
   54260.167300    -363.3355     115.0688    -377.1709     115.6487    0.1808    -594.0892    -555.1857 -6.344 -5.105  762 
   54261.167200     642.1439     152.7978     630.3487     152.9747    0.0888   -1165.8303   -1136.0867 -5.867 -5.967  762 
   54264.169000     826.0085     102.1991     702.8051     103.0065    0.0252    -628.0572    -578.4198 -8.361 -7.413  762 
   54265.188900     591.0432     119.0106     454.1737     119.4163    0.1528   -1523.9140   -1444.4771 -11.235 -10.984  762 
   54384.475400    1754.7805     126.6316    1749.1621     127.1311    0.3854    -116.4536    -109.5102 -0.053 -0.697  762 
   54384.485900    2596.2937     128.8633    2614.9871     129.2913    0.5052    -505.2373    -478.1882 -2.788 -2.897  762 
   54385.512900    1143.4406     188.5343    1131.1682     188.6920    0.2041     -37.2947     -36.2049 -0.635 -0.340  762 
   55884.428500     200.5258     489.8414     137.6379     489.8736    0.3480    4792.3027    4765.0257 20.878 21.787  762 
   55889.438100   -1638.4364     145.0660   -1768.9472     146.8529    0.3222     817.3207     729.8198  8.352  8.400  762 
   56301.281100    -555.7180     205.7636    -645.5570     206.5081    0.3324    -675.3459    -640.7467 -3.768 -3.517  762 
