   54116.305800    1117.1028     236.9011    1015.7384     236.9610    0.1823     664.7357     663.0122  1.249  1.863  762 
   54127.315500    1243.9399     257.4294    1219.0185     257.4445    0.0128   -1134.1795   -1128.6874 -7.883 -7.038  762 
   54127.409800    2044.8714     203.9429    1995.7161     203.9829    0.2126    -751.9822    -744.8521 -4.770 -4.340  762 
   54127.505600    2025.2672     142.3393    1981.6919     142.5050    0.4245    -139.8970    -135.8841 -2.050 -0.852  762 
   54149.242500    1821.9662     132.2251    1808.1777     132.4070    0.5498     731.7302     710.3493  3.947  4.334  762 
   54149.261900    2959.5263     173.6213    2830.7837     173.6646    0.0989   -1789.6018   -1780.2874 -6.774 -6.379  762 
   54152.347000    2471.2640     108.3466    2408.6970     108.6794    0.5208      40.0436      38.0002 -0.117  0.357  762 
   54201.227200    3831.1110     168.0896    3671.2407     168.1550    0.4876    1003.0430    1000.4518  3.406  3.908  762 
   54201.240900     899.5628     143.8629     830.5474     143.9851    0.2615     835.7320     818.4545  3.493  4.226  762 
   54201.251200    1444.6249     153.6002    1349.5846     153.6998    0.2708     417.2897     410.5597  2.579  1.885  762 
   54230.228100    -268.6429      91.4172    -309.5079      91.9850    0.0402     195.2980     181.1053  1.802  2.512  762 
   54260.167300   -1149.0526     115.4524   -1218.8127     115.7188    0.2691      59.5639      57.0578  0.232  0.526  762 
   54261.167200    -955.6295     157.5350   -1004.8802     157.5957    0.0449     778.5799     769.2104  3.297  3.953  762 
   54264.169000   -1832.0117     100.6873   -1913.0958     101.1055    0.4344     -40.7025     -38.2044 -3.653 -0.506  762 
   54265.188900   -1226.8419     118.1945   -1272.6580     118.3602    0.2585      16.3965      15.8552 -2.375  0.125  762 
   54384.475400    4040.5953     127.4305    4067.9730     127.5526    0.7794    1003.9025     979.3621  6.492  6.307  762 
   54384.485900    4275.3764     129.9185    4257.5721     130.0583    0.8005     596.2923     582.3390  3.620  3.599  762 
   54385.512900    4041.9060     183.7899    4045.0232     183.8429    0.6641     510.9929     503.3525  5.014  4.883  762 
   55884.428500   -3492.7859     488.0760   -3521.3307     488.0886    0.4294   -2411.2563   -2404.8701 -10.822 -11.049  762 
   55889.438100   -2431.3997     142.7537   -2504.7468     143.6733    0.6498    -247.3808    -230.3423 -1.954 -2.766  762 
   56301.281100    3070.0605     210.3608    3058.7777     210.5091    0.7889    2117.0524    2078.9630 10.907 11.315  762 
