   54116.305800   11813.5966     252.8175   11141.2033     255.4594    0.6216   -2589.4602   -2470.2484 -6.139 -6.849  762 
   54127.315500    2256.6574     289.0934    2610.8248     290.5830    0.3344     894.3480     844.9543  6.173  5.079  762 
   54127.409800    2276.0445     239.1364    2336.1051     242.6523    0.3506      -0.6652      -0.6016 -0.528 -0.003  762 
   54127.505600    3097.0433     186.4902    2738.4798     198.3498    0.5074    -545.9322    -425.6126 -2.760 -2.609  762 
   54149.242500    2011.0643     177.9698    2023.1085     190.8917    0.2712    -944.8785    -724.0862 -4.346 -4.284  762 
   54149.261900    6544.7085     193.1429    5723.8543     196.1604    0.4141   -1120.2847   -1035.2272 -3.211 -3.639  762 
   54152.347000    -461.1214     163.6598     147.9642     179.8411    0.0141    -104.6817     -71.6258 -1.160 -0.629  762 
   54201.227200     153.1340     198.3249     -64.4282     203.5915    0.0522    -298.4283    -268.5275 -1.548 -1.046  762 
   54201.240900    1558.8938     182.2751    1557.9078     191.4209    0.2189    -140.6143    -115.6952 -1.006 -0.587  762 
   54201.251200    1290.7242     188.7564    1001.5411     196.6354    0.0362    -926.6360    -787.2553 -3.248 -3.574  762 
   54230.228100   -3405.8614     146.6442   -3942.0290     166.1006    0.5665     -29.6341     -18.7994 -0.575 -0.239  762 
   54260.167300    -472.4680     163.2461     -44.3046     175.1346    0.0467    -259.0883    -191.7496 -1.624 -1.692  762 
   54261.167200   -1933.9682     190.8397   -2522.4396     195.6282    0.3920    -195.8707    -172.5579 -0.440 -0.875  762 
   54264.169000   -4873.4309     152.7274   -5667.3340     168.2234    0.6403      15.3872      10.4928 -0.851  0.129  762 
   54265.188900   -3437.8002     160.0558   -3906.5052     169.3477    0.5891    -386.0545    -298.5978 -1.297 -2.249  762 
   54384.475400    3219.7092     173.4681    3335.4463     185.2633    0.5152    -536.8610    -412.2154 -2.346 -2.594  762 
   54384.485900    1212.3669     175.5742    1688.7638     186.6492    0.2274    -569.2373    -445.1201 -3.274 -2.668  762 
   54385.512900    1051.8764     229.0735    1259.2366     234.9959    0.2247     100.3711      85.5660  0.498  0.793  762 
   55884.428500    5081.9734     511.7306    4933.0628     512.7491    0.4559    1344.1297    1300.6296  4.681  5.921  762 
   55889.438100    4291.4014     217.2921    3790.7898     246.0426    0.6663     153.4659      99.0132  1.426  1.137  762 
   56301.281100    3017.1214     272.5175    2106.2402     288.6409    0.1835   -1159.0601    -929.1056 -5.456 -5.108  762 
