   54116.305800    -931.0308     221.2310   -1021.9345     221.3470    0.1022    1817.0329    1798.0977  5.093  5.092  762 
   54127.315500     210.1160     248.7469     182.8992     248.8115    0.2438   -1823.7168   -1803.1495 -12.490 -11.785  762 
   54127.409800      22.0450     197.9541       7.4507     198.1026    0.1774    -962.4021    -943.3899 -5.763 -5.647  762 
   54127.505600    1499.5522     137.4962    1466.3442     138.1994    0.2592    -448.5752    -423.6902 -2.929 -2.670  762 
   54149.242500   -1555.8590     127.2902   -1585.5750     128.2331    0.3213     321.3050     298.0826  2.492  1.854  762 
   54149.261900    -850.7770     165.4583   -1002.9931     165.6043    0.1725    -494.1391    -485.5082 -2.541 -1.788  762 
   54152.347000     -14.3228     104.8586     -91.8349     106.4723    0.0405     -61.7855     -54.9721 -0.073 -0.552  762 
   54201.227200   -1421.0634     162.8087   -1434.2983     163.0377    0.3776    -631.1508    -617.5411 -2.239 -2.372  762 
   54201.240900   -1825.1372     137.9390   -1859.2193     138.5119    0.4017     154.4488     146.9794  1.381  0.770  762 
   54201.251200    -412.7528     147.0493    -461.3735     147.4745    0.1971    -528.4045    -508.9575 -2.449 -2.331  762 
   54230.228100    2610.3674      90.4913    2825.8385      92.1200    0.4909     -21.0730     -18.5942  0.516 -0.263  762 
   54260.167300    -141.3533     115.1582    -100.3164     115.9013    0.0926    -313.3749    -290.5924 -2.282 -2.610  762 
   54261.167200    -559.1240     155.4288    -503.3421     155.5918    0.1572    -444.0824    -434.3758 -2.638 -2.193  762 
   54264.169000    2889.9002      99.8218    2914.9410     100.8868    0.4615    -193.1514    -176.2057 -1.842 -2.310  762 
   54265.188900    1537.9090     113.9710    1580.5651     114.5154    0.2375    -287.2805    -270.9395 -0.854 -2.199  762 
   54384.475400   -1265.1262     125.6846   -1288.5548     126.4882    0.2487     -22.7848     -21.1543  0.295 -0.136  762 
   54384.485900   -1561.7750     126.1206   -1557.9192     126.9243    0.3581    -394.9595    -367.5791 -2.458 -2.332  762 
   54385.512900    -180.7495     184.7983    -191.2602     185.0829    0.1324    -491.3144    -474.1481 -4.201 -4.599  762 
   55884.428500    1049.3110     491.4014     972.0883     491.4434    0.0162    -794.5427    -789.7481 -2.216 -3.609  762 
   55889.438100   -2190.6483     145.5957   -2494.8384     148.6126    0.5223     399.6348     347.0642  4.324  4.017  762 
   56301.281100    -274.7427     210.0982    -399.2836     210.9256    0.3448   -1113.3178   -1061.0351 -5.401 -5.456  762 
