   54116.305800    8363.3861     261.0612    8133.2181     262.2820    0.1926   -6269.8761   -6207.1407 -17.282 -17.439  762 
   54127.315500    -311.4264     267.4694    -398.9900     267.7779    0.3847   -2725.4497   -2694.9057 -17.137 -16.867  762 
   54127.409800    1972.8399     217.2891    1867.1011     217.8526    0.0065   -1942.1419   -1907.2654 -10.814 -11.125  762 
   54127.505600    3221.6682     160.7844    3167.2141     161.9977    0.4293    -488.8432    -467.0368 -3.453 -2.907  762 
   54149.242500     525.2631     153.2160     419.4756     154.7868    0.0730     -84.2766     -79.9036 -0.982 -0.484  762 
   54149.261900    5016.2096     188.2986    4822.4523     189.0031    0.1371   -3618.2841   -3568.7875 -12.914 -12.813  762 
   54152.347000    1258.5599     124.5790    1030.8345     126.2491    0.1581    -210.7921    -195.1554 -1.542 -1.841  762 
   54201.227200     659.3776     193.5226     677.9152     194.9550    0.1744     352.4559     345.7604  0.402  1.324  762 
   54201.240900    1691.1315     163.6761    1604.0039     165.0319    0.2446    -229.8276    -221.8267 -1.926 -1.141  762 
   54201.251200    1358.7213     175.1144    1285.7610     176.4884    0.1926     -30.8949     -30.0426 -0.178 -0.136  762 
   54230.228100    2955.8915     104.9361    3020.5441     106.7274    0.3845      31.2643      28.4648 -0.307  0.378  762 
   54260.167300     633.5107     131.4220     733.5654     132.4726    0.0967     -14.9111     -14.1372 -2.383 -0.123  762 
   54261.167200     170.4109     176.4679     195.4759     177.3995    0.0214     -49.8069     -48.8742 -0.054 -0.241  762 
   54264.169000    2523.5208     113.0941    2501.2483     114.3361    0.2989      59.6353      55.2509 -0.182  0.692  762 
   54265.188900    -324.2855     130.8752    -258.0303     131.7575    0.0111     177.0416     168.6787  1.112  1.320  762 
   54384.475400    -226.4478     148.3596    -209.1523     149.6970    0.0735     661.0626     626.5098  3.246  3.966  762 
   54384.485900     -51.9811     150.5393     -48.6027     151.9553    0.0881     609.1009     578.0023  3.600  3.555  762 
   54385.512900   -1062.7169     197.4456   -1107.4665     197.8568    0.1709     -23.1672     -22.4744  0.056 -0.213  762 
   55884.428500    1535.1028     501.7094    1482.0093     501.8551    0.2164   -4007.3082   -3985.3817 -18.543 -18.093  762 
   55889.438100   -1220.1924     167.2742   -1469.4673     170.2696    0.3162     -83.9777     -75.3426 -1.086 -0.873  762 
   56301.281100   -3028.9961     249.5938   -3101.2320     252.1922    0.5152      51.9421      49.5760  0.578  0.262  762 
