   54116.305800    8178.1671     235.5240    7728.4328     237.0703    0.7102    2185.1156    2106.5886  5.767  5.847  762 
   54127.315500    3066.3721     275.9387    3176.8750     276.6355    0.5323    1837.1602    1766.0063 11.153 10.691  762 
   54127.409800    2875.4508     223.8220    2996.4407     225.4888    0.5811    1194.5583    1112.3597  5.417  6.346  762 
   54127.505600    2967.9857     168.4034    2701.8588     174.4571    0.5238    -151.7825    -125.3011 -0.501 -0.772  762 
   54149.242500    2865.8821     158.9807    2768.0640     166.0017    0.5030    -169.7879    -137.4767 -1.454 -0.819  762 
   54149.261900    5134.1654     180.9663    4516.7576     182.5766    0.4814    1238.2811    1165.4022  2.645  4.106  762 
   54152.347000     828.1849     144.5210     979.3954     152.7925    0.2083     201.4033     149.9298  0.972  1.333  762 
   54201.227200    1003.2588     180.6470     974.0419     183.6858    0.2051     213.2718     196.0749  0.847  0.767  762 
   54201.240900    1397.4430     164.7750    1133.5255     169.9059    0.2621     290.2765     248.7235  1.511  1.266  762 
   54201.251200     946.5804     171.1180     801.0652     175.5852    0.1210    -200.4765    -176.1810 -1.313 -0.803  762 
   54230.228100   -1296.5595     128.2892   -1321.3761     137.4665    0.2552    -324.4982    -229.7398 -2.758 -3.018  762 
   54260.167300   -1030.8411     145.7183   -1095.1301     151.7583    0.1855    -188.1604    -149.1452 -1.102 -1.353  762 
   54261.167200      -6.5854     174.5160    -137.0537     177.1159    0.1013    -422.3276    -383.0884 -1.983 -1.969  762 
   54264.169000   -2380.7109     134.1454   -2719.2471     141.3281    0.5217    -315.8615    -238.1549 -1.779 -3.031  762 
   54265.188900    -957.6523     144.0325   -1244.9284     148.7053    0.2843    -331.4363    -273.2856 -2.653 -2.078  762 
   54384.475400    2406.4418     155.1738    2568.1018     161.4987    0.5092     195.1369     158.4850  0.102  1.005  762 
   54384.485900    3535.6739     156.8083    3328.2791     162.9752    0.4519    -567.2206    -467.6300 -1.995 -2.822  762 
   54385.512900     944.0363     211.9898     993.9072     214.4842    0.1165    -403.1526    -360.2624 -3.021 -3.395  762 
   55884.428500    4091.8271     499.0487    4020.4680     499.4864    0.4592    3030.4805    2962.8585 13.131 13.528  762 
   55889.438100    1934.1892     192.2237    1485.3988     206.4659    0.4622     566.6496     403.4916  5.190  4.725  762 
   56301.281100    2185.3162     245.3062    1725.5256     254.1909    0.2993    -554.6356    -465.0779 -3.910 -2.562  762 
