   54116.305800    3066.8102     262.3767    2874.7295     262.9236    0.2160   -5530.5125   -5414.1274 -15.427 -15.350  762 
   54127.315500   -1660.6687     268.6637   -1727.3927     269.0766    0.3952   -1764.2422   -1711.0705 -12.300 -11.164  762 
   54127.409800    -330.2674     223.5081    -508.0901     224.4160    0.3006   -1806.2102   -1717.7343 -9.344 -10.281  762 
   54127.505600    3213.2591     171.8873    2970.8590     174.7702    0.2130   -1211.7518   -1080.4442 -6.457 -6.846  762 
   54149.242500    1363.8360     164.2974    1424.8845     167.5022    0.2028    -205.7836    -180.0510 -1.493 -1.123  762 
   54149.261900    7261.4952     190.3079    7101.7643     190.9157    0.2350   -3826.0815   -3693.9979 -13.609 -13.555  762 
   54152.347000    3279.1488     139.0743    3117.0949     143.8863    0.4703    -540.5817    -442.3799 -4.226 -4.472  762 
   54201.227200    5425.5315     198.2524    5482.5938     199.2243    0.5146   -1296.0678   -1242.2405 -3.928 -4.776  762 
   54201.240900    4674.4656     172.2813    4650.5636     174.3880    0.6106    -449.0113    -409.8425 -1.824 -2.147  762 
   54201.251200    5619.5199     182.4341    5538.0654     184.1578    0.6125    -924.9116    -860.6120 -4.994 -3.943  762 
   54230.228100    6058.4163     120.6820    6457.6890     125.7960    0.4675    -232.2265    -185.4047 -3.631 -2.666  762 
   54260.167300    5572.3440     144.5471    5939.0814     147.2332    0.5801    -727.6390    -631.5528 -5.234 -5.721  762 
   54261.167200    4470.3970     183.3881    4656.6612     184.2450    0.4338    -794.5033    -755.2892 -3.823 -3.802  762 
   54264.169000    6330.7481     127.2057    6202.6911     131.0269    0.4150    -356.0252    -295.9323 -3.959 -3.949  762 
   54265.188900    3866.1054     140.9057    3213.4046     143.4990    0.1813    -835.1362    -737.2190 -5.035 -6.005  762 
   54384.475400    -671.2370     161.4064    -458.2207     164.3137    0.0287     211.5195     184.5146  0.910  1.192  762 
   54384.485900   -1575.5380     162.4523   -1457.5660     165.3408    0.1372      65.8542      57.6064 -0.304  0.366  762 
   54385.512900     907.7518     206.9445    1024.1350     208.3739    0.1165    -102.8433     -94.4758 -0.197 -0.927  762 
   55884.428500    3450.9195     507.6761    3394.4040     507.8924    0.1171   -1966.6387   -1936.2348 -9.382 -8.858  762 
   55889.438100   -5635.5303     194.8052   -7057.5690     203.9435    0.6730     299.4928     234.9437  2.212  2.785  762 
   56301.281100   -3944.8444     267.5511   -4242.4049     270.8786    0.6430   -1264.5963   -1151.2519 -6.098 -5.968  762 
