   54116.305800    1910.1418     246.4202    1702.1214     247.0122    0.2824   -5058.3244   -4943.3257 -13.883 -13.979  762 
   54127.315500  -15839.2615     267.4671  -16091.6540     267.9818    0.8946   -2615.7566   -2531.4725 -16.572 -16.282  762 
   54127.409800  -14956.5688     219.9236  -15500.7011     221.1083    0.8575   -1730.6172   -1636.7375 -9.532 -9.721  762 
   54127.505600  -10633.1973     166.3590  -11797.3486     170.3559    0.6738   -1169.4081   -1023.8508 -6.845 -6.458  762 
   54149.242500    4783.0672     153.6286    4837.8955     157.2062    0.6388     157.6321     137.0034  0.704  0.846  762 
   54149.261900    7403.8693     181.4211    7290.5049     182.0446    0.2507   -4217.5310   -4066.4535 -14.361 -14.826  762 
   54152.347000    4967.0979     131.6307    4665.0993     137.2362    0.6827    -154.9253    -125.3916 -0.973 -1.237  762 
   54201.227200   -9701.1572     188.7406   -9729.0810     190.0092    0.7558    -176.5956    -168.2983 -0.848 -0.646  762 
   54201.240900   -9816.3970     165.2241  -10043.2589     167.9940    0.7582     -30.7604     -27.7304  0.186 -0.145  762 
   54201.251200   -9433.4841     174.4626   -9691.8639     176.6652    0.7540    -509.4820    -468.9213 -2.212 -2.142  762 
   54230.228100    4467.0268     116.0355    4555.9544     122.2136    0.3588    -112.5993     -88.6854 -0.414 -1.231  762 
   54260.167300    6003.9351     137.9209    6280.1618     140.9550    0.6256    -346.2109    -299.7775 -0.385 -2.656  762 
   54261.167200    4702.0818     175.0961    4736.6333     176.0204    0.4645    -545.3822    -518.1039 -3.131 -2.579  762 
   54264.169000    4546.5319     123.1627    4311.1029     127.6161    0.3155     120.6674      99.5970  0.673  1.288  762 
   54265.188900    2219.2251     135.0979    1864.5874     137.8726    0.1443     -34.8822     -30.6741 -1.333 -0.246  762 
   54384.475400   -2294.8014     152.7527   -2150.9282     156.1097    0.2867    -272.8724    -235.9023 -0.647 -1.513  762 
   54384.485900   -2321.1341     153.5134   -2250.7069     156.7908    0.3363    -239.7748    -208.2364 -0.692 -1.308  762 
   54385.512900   -3315.3214     204.2319   -3336.5122     205.8248    0.4060     -61.2149     -56.1034 -0.691 -0.543  762 
   55884.428500    6073.6558     500.9088    5991.3615     501.1129    0.3018   -1926.1465   -1897.6655 -10.791 -8.666  762 
   55889.438100     -52.1911     182.8445    -899.8841     192.7671    0.1382    -125.9893     -97.9124 -1.369 -1.148  762 
   56301.281100  -19265.5669     255.8453  -19913.4421     260.4642    0.9681    -527.1758    -470.9876 -2.146 -2.461  762 
