   54116.305800      -1.0662       8.6341   -1045.5079      28.8027    0.0913       0.0000       0.0000  0.524  0.000  762 
   54127.315500   10260.3453     279.8694   10386.4583     280.3476    0.7573    2578.7211    2491.9776 15.793 15.525  762 
   54127.409800   11128.7030     232.8873   11264.1050     233.9575    0.8113    2018.8971    1907.5921 11.798 11.003  762 
   54127.505600   11697.2607     181.1702   11924.8064     184.7906    0.8982     601.3978     525.0528  3.544  3.238  762 
   54149.242500       0.0000       4.9409       0.0000       4.9409      -nan       0.0000       0.0000  0.000  0.000  762 
   54149.261900       0.0000       7.1497       0.0000       7.1497      -nan       0.0000       0.0000  0.000  0.000  762 
   54152.347000    6266.2663     152.2497    6229.7716     158.0037    0.6563       0.0000       0.0000 -0.296  0.000  762 
   54201.227200    4945.1667     202.3065    4896.1354     204.0542    0.5334    -609.2677    -573.5238 -2.502 -2.271  762 
   54201.240900    3650.9562     182.1755    3851.9862     185.1258    0.5524     790.0703     707.8464  3.256  3.625  762 
   54201.251200    5166.4468     190.0433    5295.0385     192.5545    0.6445    -377.8260    -345.2370 -0.814 -1.588  762 
   54230.228100    3919.2671     129.4492    3675.3024     136.9944    0.4139       0.0000       0.0000 -0.858  0.000  762 
   54260.167300      -0.2403       3.7193    -254.0966      10.9035    0.0712       0.0000       0.0000 -0.912  0.000  762 
   54261.167200      -0.1213       6.9905      72.2999     128.7189    0.0117       0.0000       0.0000 -3.568  0.000  762 
   54264.169000    6129.0536     133.7796    6063.0097     139.3017    0.5932    -238.7685    -190.8128 -2.584 -2.624  762 
   54265.188900    6981.5636     150.1133    7385.1056     153.2240    0.5676    -949.3608    -825.5510 -5.948 -6.434  762 
   54384.475400    1219.5042     169.6242    1482.7812     173.7714    0.1236    -478.1545    -407.6277 -2.638 -2.625  762 
   54384.485900     685.3649     172.1613    1000.6012     176.0888    0.0136   -1037.2888    -893.6054 -6.310 -5.501  762 
   54385.512900    -118.1569     216.5696    -229.6038     218.8047    0.2006   -1110.0038   -1000.8857 -10.280 -9.621  762 
   55884.428500       0.0000       6.0089       0.0000       6.0089      -nan       0.0000       0.0000  0.412  0.000  762 
   55889.438100   -4844.6427     207.1512   -6804.6050     219.1496    0.5664    1173.5858     889.3632 10.562 10.411  762 
   56301.281100  -17490.6820     281.1363  -17871.1979     286.9986    0.9376   -2429.8482   -2131.9630 -10.916 -11.488  762 
