   54116.305800     799.9065     222.5619     710.0384     222.6555    0.4102   -4121.1659   -4095.1925 -12.274 -11.513  762 
   54127.315500    -403.3804     253.8586    -439.4234     253.8929    0.4167   -2660.7774   -2640.4249 -16.167 -16.534  762 
   54127.409800    -911.4799     199.8614    -965.2642     199.9487    0.5052   -1989.8415   -1961.2110 -11.088 -11.462  762 
   54127.505600     588.9625     136.9853     539.4714     137.2580    0.1060    -987.4588    -951.1275 -5.669 -5.933  762 
   54149.242500    -537.8378     126.7501    -556.0423     127.0885    0.0829     227.8090     217.5865  1.251  1.319  762 
   54149.261900    1488.8221     165.8013    1383.1946     165.8771    0.3419   -4370.6567   -4325.2168 -15.493 -15.552  762 
   54152.347000    -568.1472     105.0667    -632.5249     105.5380    0.1868     -13.7215     -12.8054  0.594 -0.120  762 
   54201.227200    -419.7343     162.2862    -471.4341     162.4324    0.0613     161.2844     158.9951  0.423  0.609  762 
   54201.240900    -146.4346     137.2397    -204.3527     137.4986    0.0304      73.2097      70.9547  0.099  0.366  762 
   54201.251200     154.1649     146.5953      80.3812     146.8058    0.0437     122.8942     119.8997  0.462  0.544  762 
   54230.228100     837.1456      88.9591     807.7177      89.3074    0.2245      55.0976      51.8716  0.409  0.685  762 
   54260.167300     636.3005     113.6860     626.8187     113.9050    0.1696      88.4284      85.1493  1.067  0.738  762 
   54261.167200    -152.6141     155.6246    -214.8854     155.7388    0.0126     145.9253     143.6880  0.592  0.708  762 
   54264.169000    1176.9773      98.6892    1146.4206      98.9012    0.2616      80.6198      77.2043  1.964  0.960  762 
   54265.188900     645.7023     113.8003     625.0034     113.9824    0.1579     109.0673     105.4268  0.416  0.826  762 
   54384.475400    -653.0677     124.5032    -647.1266     124.7784    0.0873     302.0645     288.8879  1.207  1.832  762 
   54384.485900    -455.9783     125.8320    -468.2161     126.1146    0.0476     290.1516     277.9613  1.781  1.712  762 
   54385.512900      38.1125     184.3387      26.5911     184.4052    0.0155    -106.8438    -104.8248 -0.680 -0.993  762 
   55884.428500     250.7318     486.7804     205.4224     486.7986    0.3412   -4579.4649   -4561.9796 -19.223 -20.768  762 
   55889.438100    -726.1730     138.4159    -793.5266     139.0585    0.3654    -217.0484    -201.9212 -1.488 -2.341  762 
   56301.281100    -750.7340     205.5382    -802.5864     205.9360    0.1535     172.9441     166.9960  1.111  0.887  762 
