   54116.305800   -1033.3467     222.2406   -1171.8802     222.4127    0.5122   -2890.5411   -2857.4754 -8.252 -7.996  762 
   54127.315500   -2347.7286     258.1927   -2382.2387     258.2637    0.5304   -1805.3355   -1786.8568 -11.880 -10.960  762 
   54127.409800   -1896.9280     202.8539   -1940.4368     203.0320    0.5508   -1687.8227   -1654.3423 -9.024 -9.550  762 
   54127.505600   -1675.5133     139.8133   -1690.4148     140.5729    0.5213    -551.1330    -519.6048 -3.429 -3.231  762 
   54149.242500    -140.8374     129.2178    -163.1365     130.1049    0.0237     266.1856     249.7124  1.683  1.500  762 
   54149.261900     506.8288     166.4680     374.3377     166.6261    0.2441   -2409.1873   -2368.4327 -8.764 -8.431  762 
   54152.347000     140.2643     108.6930     238.6429     109.9975    0.0796      53.7727      48.9669  0.693  0.447  762 
   54201.227200   -4826.9177     163.0398   -4930.2108     163.4161    0.6658     505.1776     492.1492  1.346  1.898  762 
   54201.240900   -4669.2657     140.1791   -4768.8549     140.8544    0.7441     293.7967     279.7207  1.724  1.433  762 
   54201.251200   -4430.2936     148.8430   -4577.2147     149.4150    0.7145     -66.7626     -64.0962  0.456 -0.291  762 
   54230.228100   -5936.3054      97.0867   -6088.8729      99.1995    0.8281     204.0151     178.2955  1.940  2.313  762 
   54260.167300   -6242.8924     119.1666   -6337.6917     120.0735    0.8364     217.3408     201.6037  1.557  1.752  762 
   54261.167200   -6684.8910     157.6478   -6770.9578     157.9529    0.7448     596.6782     579.5682  2.654  2.870  762 
   54264.169000   -5957.5464     106.3074   -6148.8685     107.6978    0.8025     -76.7958     -68.9264 -0.527 -0.853  762 
   54265.188900   -5930.4835     118.9759   -5999.2610     119.6556    0.7707     462.5335     433.3683  2.073  3.340  762 
   54384.475400   12462.5706     122.5345   12543.9776     123.0606    0.9544      37.7888      36.1126  0.365  0.228  762 
   54384.485900   12593.1389     124.3751   12699.2247     124.8599    0.9483      80.4820      77.1882  0.509  0.469  762 
   54385.512900   12006.5257     184.4965   12103.8505     184.6658    0.9163     452.9114     443.6331  2.324  4.182  762 
   55884.428500   -3707.8786     485.8140   -3768.2476     485.8603    0.4602   -2686.6407   -2669.8693 -13.317 -12.187  762 
   55889.438100   -5736.1789     146.5458   -6188.9766     149.9600    0.8338    -126.8838    -111.5428 -1.457 -1.302  762 
   56301.281100   -5389.1012     207.8814   -5545.4931     209.1023    0.7790     408.1037     386.2224  1.911  2.095  762 
