   54116.305800   14634.0156     293.6915   13308.4422     298.2298    0.2246  -11021.7557  -10349.9730 -29.256 -29.220  762 
   54127.315500   -2834.6495     307.3754   -3965.3652     310.9292    0.4688   -2249.2399   -2066.9949 -13.844 -13.086  762 
   54127.409800   -3903.7215     265.9590   -5261.5803     272.5573    0.5598   -2458.7436   -2146.2249 -12.952 -12.661  762 
   54127.505600    2901.2922     221.0708    2005.3611     236.5433    0.0018   -2634.9056   -1987.9504 -11.994 -12.510  762 
   54149.242500    1355.4054     214.5671    2058.9486     230.9373    0.2419    -483.1906    -359.7343 -1.709 -2.201  762 
   54149.261900   11854.1060     218.9384   10518.3619     223.9976    0.2556   -7497.6642   -6768.6654 -24.962 -24.511  762 
   54152.347000    -437.6072     194.9468    -912.3895     214.9290    0.1317    -492.2695    -321.3116 -3.091 -3.085  762 
   54201.227200    -108.8664     238.9691    -241.8556     246.2583    0.0448    -344.5329    -308.2907 -1.094 -1.179  762 
   54201.240900     411.3408     218.5296     120.2144     231.1979    0.1025   -1060.9819    -851.0676 -4.374 -4.420  762 
   54201.251200    2118.6646     226.8100    1871.6593     237.5867    0.0412   -1852.5837   -1548.7200 -6.605 -7.053  762 
   54230.228100    5244.6079     174.8313    6450.6302     194.0408    0.3785    -106.3394     -66.5946 -0.481 -0.886  762 
   54260.167300   -1641.8668     195.6010   -1509.2626     209.3958    0.1838    -138.9727    -101.3001 -0.582 -0.871  762 
   54261.167200     382.7246     225.1014     363.6805     231.4271    0.0081    -284.9004    -249.8282 -1.718 -1.222  762 
   54264.169000    -853.6815     179.9322   -1337.4117     195.9626    0.1566     133.5719      89.0704  0.455  1.108  762 
   54265.188900    -677.7091     185.6377    -509.6482     197.8094    0.0996    -186.2544    -138.5709 -1.497 -1.098  762 
   54384.475400    3127.0392     209.5725    3124.9500     224.6141    0.4154    -355.1617    -265.1655 -1.104 -1.690  762 
   54384.485900    2803.4674     210.5004    2020.7376     225.6448    0.2513    -217.6041    -163.9094 -1.634 -1.019  762 
   54385.512900    1396.3476     253.2527    1450.5908     261.7650    0.2128    -138.1939    -113.0627 -2.162 -1.079  762 
   55884.428500    6118.8115     538.0071    5722.0837     540.0689    0.1449   -4027.0825   -3841.0968 -17.539 -17.545  762 
   55889.438100    1089.0318     267.9736    1419.6951     297.9208    0.2297     156.9317      97.7376  0.833  1.139  762 
   56301.281100    1531.3008     333.6044    1331.6602     352.8077    0.0765   -1059.6617    -848.5495 -5.063 -4.493  762 
