   54116.305800   81626.8948     452.4652   76381.2506     463.4513    0.6516  -25401.1356  -23787.1792 -64.310 -67.289  762 
   54127.315500   -2382.6695     379.0857   -2008.5086     384.5525    0.1576   -3427.1092   -3153.5587 -24.164 -20.458  762 
   54127.409800   -8265.5886     356.3135   -7208.9519     364.2096    0.5518   -3462.4405   -3066.2883 -19.180 -18.235  762 
   54127.505600  -15230.1725     323.3669  -11248.4014     331.0661    0.3905   -4608.5465   -3825.7429 -8.267 -24.023  762 
   54149.242500   11574.7351     317.8843    9497.8749     327.1683    0.2692   -3534.9084   -2920.5214 -25.161 -18.064  762 
   54149.261900   25729.1518     319.8647   24574.9180     327.1094    0.1709  -13679.9781  -12429.5275 -37.875 -45.422  762 
   54152.347000   -6154.7660     269.5286   -4733.3404     274.2951    0.3573   -2462.1610   -1953.8252 -20.723 -19.534  762 
   54201.227200    2846.9874     372.7929    6819.2214     384.2665    0.0572   -5611.9630   -5050.6858 -18.890 -19.344  762 
   54201.240900   -7769.4883     331.7137   -5838.1088     341.9503    0.4546   -4138.5584   -3505.3626 -18.554 -18.235  762 
   54201.251200  -12667.7620     350.2295   -7685.9929     361.0519    0.3996   -4323.8295   -3752.5468 -11.333 -17.093  762 
   54230.228100   -7253.5765     228.4216   -4245.0133     231.3952    0.0976    -734.7984    -589.3757 -4.385 -8.350  762 
   54260.167300   -2529.9447     273.1012    3822.4029     280.0534    0.0642    -577.2182    -466.3610 -0.879 -4.191  762 
   54261.167200  -16390.0225     329.2864   -6159.6945     338.4654    0.1230    -301.3449    -264.9271  0.841 -1.328  762 
   54264.169000  -12152.5968     231.4151   -7508.4828     234.5531    0.1432    -429.5522    -350.0116  3.474 -4.604  762 
   54265.188900  -28552.3780     260.2736  -22142.4261     266.1713    0.4238     367.1539     300.6615 13.037  2.426  762 
   54384.475400   47009.1894     304.2674   38238.5716     314.5317    0.7074   -1408.7869   -1157.7956 -21.827 -7.416  762 
   54384.485900   47784.0422     306.7946   38874.6095     317.1458    0.7161   -1002.2147    -825.5101 -22.567 -5.201  762 
   54385.512900   15666.8746     308.7055   13620.9198     312.0549    0.5039    -742.2356    -648.2761 -14.375 -6.279  762 
   55884.428500   29037.9304     630.7851   27311.4844     634.8552    0.6981   -1322.2635   -1251.7120 -2.778 -5.686  762 
   55889.438100    3913.4391     364.2901    -285.1430     371.1774    0.0070     693.8939     545.0813  5.523  6.350  762 
   56301.281100   20597.8032     508.7822   15070.4132     527.2524    0.4758   -3190.6978   -2728.5394 -15.391 -14.026  762 
