   54116.305800    3659.4040     203.9767    3574.1670     204.0335    0.5310     614.8299     611.4382  2.320  1.699  762 
   54127.315500    2944.2518     253.4621    2917.4343     253.4899    0.5086    1337.1376    1327.6514  9.829  7.994  762 
   54127.409800    2545.7063     194.4821    2519.5200     194.5561    0.5297     331.1555     326.4218  2.007  1.859  762 
   54127.505600    2378.9828     126.8246    2390.6122     127.2453    0.5928     302.6321     287.8207  3.777  1.770  762 
   54149.242500    1072.3169     115.7497    1012.7639     116.3621    0.1135    -692.3207    -652.1437 -3.222 -3.867  762 
   54149.261900    1809.0335     156.4711    1666.3694     156.5572    0.2554     441.1676     436.0413  2.657  1.535  762 
   54152.347000     483.0609      99.0060     465.7905      99.9824    0.1636      97.1942      88.4239 -0.758  0.779  762 
   54201.227200   -2219.6840     145.9994   -2338.0258     146.1805    0.3494     427.6901     419.0065  2.592  1.627  762 
   54201.240900   -2355.3555     126.0936   -2428.9219     126.5134    0.3940     852.3115     815.7295  4.475  4.143  762 
   54201.251200   -1909.6563     133.4528   -2031.6062     133.7807    0.4058     -54.9637     -53.0825  0.624 -0.241  762 
   54230.228100   -3432.1620      87.9753   -3602.0381      89.5509    0.7530     -17.9450     -15.7385  2.344 -0.201  762 
   54260.167300     139.5527     106.9106     103.6070     107.4662    0.0741     196.2751     183.6621  3.053  1.616  762 
   54261.167200    -213.2260     143.6962    -286.9822     143.8234    0.0469      39.9207      39.0909  1.003  0.197  762 
   54264.169000    -142.9406      96.6431    -192.6847      97.5175    0.0500      -3.3598      -3.0681  1.237 -0.038  762 
   54265.188900     -83.8462     109.4941     -92.5257     109.8517    0.0372     273.4402     259.2911  2.185  1.962  762 
   54384.475400    -897.9629     114.5046   -1018.9770     115.1296    0.3310    -427.1434    -401.7887 -3.459 -2.529  762 
   54384.485900   -1470.0822     116.7265   -1532.7260     117.2761    0.4906    -493.0592    -465.9445 -2.509 -2.796  762 
   54385.512900   -2065.7493     182.6634   -2100.0381     182.8530    0.3525     174.2645     169.5643 -0.255  1.582  762 
   55884.428500    3496.4971     477.6971    3451.6338     477.7153    0.4162    1492.6962    1486.8857  5.572  6.776  762 
   55889.438100    1907.4474     127.5786    1993.1800     129.4542    0.6571      48.1437      43.1930  0.207  0.502  762 
   56301.281100    1859.9943     181.4588    1755.9763     182.1234    0.3784    -448.5294    -428.4196 -2.762 -2.356  762 
