   54116.305800    2175.3150     222.6039    2066.7770     222.7765    0.4454   -5528.0434   -5453.4602 -16.948 -15.438  762 
   54127.315500    1015.0599     252.5513     960.3309     252.6427    0.2558   -2684.6770   -2648.3867 -17.743 -16.967  762 
   54127.409800    1007.0283     200.6430     922.9008     200.8695    0.2462   -2479.7537   -2418.7703 -15.037 -14.351  762 
   54127.505600    2944.7058     139.9683    2878.1864     140.9240    0.2611   -1636.9852   -1531.7868 -10.996 -9.644  762 
   54149.242500    -561.0125     130.9270    -625.9005     132.1733    0.1724     -70.6072     -64.8311 -0.754 -0.399  762 
   54149.261900     602.5155     166.2433     494.7299     166.4169    0.2670   -3067.1404   -3003.8530 -10.547 -10.926  762 
   54152.347000      18.5413     109.1873    -267.3207     111.4456    0.1303    -340.7877    -299.8776 -2.975 -2.924  762 
   54201.227200     443.7365     165.1402     434.1932     165.4323    0.0928   -1030.9786   -1005.1266 -2.048 -3.833  762 
   54201.240900     778.5903     139.9386     814.2059     140.6185    0.1720     -14.1166     -13.3710  0.614 -0.070  762 
   54201.251200    -378.7568     149.7099    -366.7630     150.2339    0.1075    -241.0727    -230.7630 -0.798 -1.049  762 
   54230.228100    1998.3330      95.3825    1918.3477      97.7372    0.2992       1.7291       1.5038  2.787  0.020  762 
   54260.167300    1969.4356     119.1438    1993.7542     120.0653    0.3120    -502.2006    -464.3801 -3.660 -4.019  762 
   54261.167200    1086.2734     159.1620    1067.2942     159.3862    0.0080   -1145.7251   -1115.5441 -5.086 -5.449  762 
   54264.169000    2499.1736     104.9331    2288.8079     106.4411    0.2814    -572.9089    -514.1855 -6.073 -6.479  762 
   54265.188900    1429.3381     117.2438    1295.0451     118.0641    0.0950    -746.1838    -695.1857 -6.762 -5.556  762 
   54384.475400     -14.8342     128.7550      39.8984     129.7539    0.1386     622.0573     573.2844  3.850  3.658  762 
   54384.485900     418.9408     129.4907     434.2544     130.4683    0.1209     151.3742     139.8891  1.363  0.875  762 
   54385.512900    -341.8321     187.5664    -325.3402     187.9598    0.0399     113.0024     108.4158  1.981  1.043  762 
   55884.428500    -833.1176     488.6109    -908.4671     488.6669    0.2589   -2481.4535   -2463.1368 -9.212 -11.233  762 
   55889.438100   -1673.7072     149.5272   -1786.2419     153.1647    0.4510     259.5793     222.3719  3.237  2.602  762 
   56301.281100     148.7368     213.2613      43.9668     214.3878    0.2173    -859.6101    -810.7887 -5.271 -4.241  762 
