   54116.305800    7194.3444     226.1179    7099.1791     226.3436    0.7866    3120.0958    3076.5404  8.550  8.548  762 
   54127.315500    5232.5904     261.7168    5243.6738     261.8362    0.6332     598.1012     588.3269  4.475  3.600  762 
   54127.409800    4495.0700     207.4258    4554.8098     207.7317    0.7160     770.6946     747.7037  3.085  4.286  762 
   54127.505600    5173.3753     146.5551    5189.2583     148.0688    0.8147     209.4042     191.0984  1.332  1.180  762 
   54149.242500    3600.4378     136.5560    3653.4554     138.4062    0.7233     188.8566     170.3741  0.404  1.024  762 
   54149.261900    2389.9137     171.4775    2252.9487     171.7723    0.3990    1884.2451    1835.6118  5.334  6.498  762 
   54152.347000    2622.8769     118.2392    2754.1670     120.9661    0.6099     472.6368     404.1022  3.447  3.681  762 
   54201.227200   10050.1280     163.1264   10047.9143     163.6075    0.8916     314.5172     304.0600  1.659  1.191  762 
   54201.240900   10404.6660     143.1812   10449.1074     144.1615    0.9097     837.8902     783.8353  4.073  4.003  762 
   54201.251200    9602.6088     150.9378    9622.0956     151.7520    0.8727     399.3074     377.9086  1.156  1.728  762 
   54230.228100    7538.6725     100.3512    7896.8867     103.6824    0.7820      59.2390      49.4402  0.561  0.667  762 
   54260.167300    2012.1515     122.2517    2099.5364     124.0766    0.3792    -100.2636     -89.0143 -0.808 -0.821  762 
   54261.167200    1874.7141     157.4865    1814.1041     158.0194    0.2086    -683.2293    -653.4960 -3.216 -3.393  762 
   54264.169000    1643.5329     110.0473    1524.4661     112.6484    0.2575    -512.6444    -440.0034 -5.136 -5.734  762 
   54265.188900    1164.8843     124.5400    1126.1241     125.8074    0.1004    -712.8239    -647.8558 -4.659 -4.973  762 
   54384.475400    9971.3313     131.0709   10185.9654     132.4911    0.9224      93.0158      84.6722  0.745  0.540  762 
   54384.485900   10440.9703     133.0301   10602.6679     134.3644    0.9282      37.1456      34.0563 -0.242  0.207  762 
   54385.512900   10121.7769     191.1949   10259.2583     191.6991    0.8420      40.7497      38.8315  0.744  0.368  762 
   55884.428500  -10910.4114     491.8665  -10973.1322     491.9742    0.5968    1561.5641    1544.3140  6.747  7.047  762 
   55889.438100  -10528.9709     162.7279  -11576.6209     169.5274    0.8951     338.3826     274.4336  3.523  3.211  762 
   56301.281100    9828.3495     211.1864    9837.6952     212.9857    0.9285     141.2221     130.9740  0.632  0.714  762 
