   54116.305800     955.0413     251.1688     888.5452     251.5106    0.3273    1908.8878    1888.2161  5.145  5.217  762 
   54127.315500    -290.3968     269.7956    -330.8630     269.9382    0.3147    2949.5991    2909.3097 17.230 17.637  762 
   54127.409800     995.6527     217.2591     940.2020     217.5617    0.3711    1404.5242    1373.4737  8.476  7.785  762 
   54127.505600    2185.1869     158.6417    1961.9447     159.6745    0.2950     -32.9116     -31.0258 -0.945 -0.189  762 
   54149.242500     318.8673     150.2446     206.3945     151.4541    0.1919   -1110.3644   -1034.9510 -6.012 -6.146  762 
   54149.261900   -1665.2378     185.0520   -1713.7523     185.3378    0.2127    4071.5674    3994.0168 14.488 14.029  762 
   54152.347000    1311.1052     127.1689    1078.5925     128.6726    0.1124    -574.6354    -521.0444 -3.491 -4.642  762 
   54201.227200     -58.9342     181.8958    -202.4845     182.5863    0.1870   -1069.0590   -1037.7640 -3.502 -4.077  762 
   54201.240900    1047.3236     159.5180     966.7054     160.4121    0.1332    -238.3466    -226.9148 -0.954 -1.147  762 
   54201.251200    2472.4441     167.7050    2282.8139     168.5451    0.2191    -872.4700    -837.4836 -4.348 -3.812  762 
   54230.228100    1507.0911     105.2754    1218.9227     106.9674    0.1209    -460.1214    -413.0281 -7.808 -5.533  762 
   54260.167300    1732.7106     126.8356    1494.0026     127.9264    0.1199    -737.3010    -686.1317 -6.884 -6.411  762 
   54261.167200    2220.9535     166.1656    2092.9917     166.7174    0.1355    -945.0618    -915.1214 -6.464 -4.825  762 
   54264.169000    2520.8909     111.4342    2349.1242     112.5616    0.2379    -389.5315    -357.8997 -6.613 -4.658  762 
   54265.188900    3221.3392     130.5769    2972.1829     131.3411    0.1878    -961.3622    -909.3988 -6.488 -6.879  762 
   54384.475400    -732.3977     144.9697    -591.8153     145.9751    0.1158    -118.4579    -110.1738 -0.679 -0.697  762 
   54384.485900    -230.1757     148.0197     -77.5788     149.0097    0.1711    -896.5909    -838.9450 -4.557 -5.048  762 
   54385.512900   -1612.8093     198.4040   -1621.4551     198.7568    0.2965    -388.8190    -373.7166 -3.751 -3.493  762 
   55884.428500     227.4566     498.8593     192.7927     498.9305    0.4350    7439.4634    7383.2172 30.844 33.431  762 
   55889.438100    -959.8006     165.5489   -1180.4952     168.1374    0.0822     916.0305     811.9608 10.130  9.317  762 
   56301.281100   -2178.0531     236.7052   -2155.0412     238.2461    0.5318   -1373.2163   -1292.9778 -6.468 -7.017  762 
