   54116.305800    5912.8149     262.3339    5557.8991     262.9452    0.6168    3902.9362    3819.7128 11.982 10.625  762 
   54127.315500   -5084.6308     275.8162   -5077.5845     276.1991    0.2004    3145.8371    3054.6445 18.760 19.029  762 
   54127.409800   -3884.7751     227.5240   -3947.2477     228.3970    0.1639    2962.4974    2822.5673 16.253 16.292  762 
   54127.505600   -2019.7708     174.2460   -2443.7326     177.1389    0.2546     913.7800     811.7605  5.708  5.023  762 
   54149.242500       0.0000       4.9378       0.0000       4.9378      -nan       0.0000       0.0000  0.000  0.000  762 
   54149.261900       0.0000       7.1478       0.0000       7.1478      -nan       0.0000       0.0000  1.877  0.000  762 
   54152.347000   -2225.6283     143.7651   -2734.9704     148.2351    0.4807    -191.5006    -157.3031  0.175 -1.471  762 
   54201.227200   -2640.8531     194.3512   -2822.9837     195.6984    0.4324     -10.1809      -9.6724 -0.993 -0.038  762 
   54201.240900   -3053.3118     173.8646   -3075.5682     176.0742    0.4463     635.1533     578.5768  3.367  2.968  762 
   54201.251200   -1876.7634     181.5752   -1935.9192     183.4782    0.2247     431.4062     399.8819  1.838  1.844  762 
   54230.228100    4523.1313     118.9931    3604.2042     124.5733    0.3117    -201.0051    -161.8070 -2.091 -2.325  762 
   54260.167300    2414.1316     140.3455    2025.4183     143.6814    0.1825    -578.5183    -497.5981 -5.831 -4.866  762 
   54261.167200    4320.9086     175.7876    3995.2180     177.0696    0.2816   -1035.9959    -975.3676 -5.019 -5.291  762 
   54264.169000    6876.3826     123.6750    6252.3949     127.7621    0.4892    -350.1279    -293.0442 -3.191 -4.063  762 
   54265.188900    6972.5225     141.4351    6540.1906     143.7057    0.3881    -879.8101    -788.5220 -5.453 -6.158  762 
   54384.475400   -2734.9060     160.5159   -2589.6611     163.4345    0.3445    -827.2138    -721.5421 -3.991 -4.659  762 
   54384.485900   -2857.0591     163.0877   -2678.7568     165.8298    0.4766   -1283.0583   -1129.6015 -6.861 -6.965  762 
   54385.512900   -2397.8620     208.9710   -2394.6350     210.3916    0.4259   -1140.0503   -1047.7982 -10.181 -10.121  762 
   55884.428500    -171.6515     507.4172    -214.3526     507.6301    0.4582    8797.5434    8659.2543 38.561 39.636  762 
   55889.438100   -2922.0930     191.4568   -4279.3628     199.9319    0.3674    1321.2255    1045.4295 11.467 12.323  762 
   56301.281100   -6665.5752     262.0377   -6773.0616     265.7550    0.7640   -2152.7795   -1936.4425 -10.146 -10.476  762 
