   54116.305800    1322.3891     267.3385    1206.3950     267.4187    0.1434   -2511.2074   -2494.6584 -7.124 -6.939  762 
   54127.315500   -1668.5401     270.5286   -1692.7410     270.5842    0.0871    1071.1908    1059.7357  5.853  6.520  762 
   54127.409800   -2491.1405     220.6811   -2528.8194     220.8168    0.2498     993.9105     975.3156  5.787  5.602  762 
   54127.505600   -2577.0031     165.0089   -2623.1653     165.5723    0.4018     633.4513     601.1570  4.660  3.700  762 
   54149.242500    -499.5714     155.7699    -577.3450     156.4095    0.0415     403.5249     382.8786  2.355  2.299  762 
   54149.261900    -952.3827     192.6203   -1069.7235     192.7201    0.2877   -1740.5913   -1718.0646 -5.766 -6.096  762 
   54152.347000   -2193.1597     130.2899   -2282.7542     131.4599    0.3276     796.5132     729.7476  6.575  6.666  762 
   54201.227200   -1403.7588     192.9603   -1445.4798     193.1145    0.1182     764.7029     752.0401  2.650  2.933  762 
   54201.240900   -1574.2165     166.6062   -1597.0376     166.9669    0.1402     903.5253     871.8322  4.318  4.446  762 
   54201.251200     -89.4392     176.5726    -102.0971     176.8268    0.0771     591.0847     575.2106  2.871  2.620  762 
   54230.228100   -2438.9093     109.3590   -2397.1893     110.8987    0.3048     613.9378     543.3953  7.683  7.340  762 
   54260.167300   -1783.9321     131.9181   -1726.1140     132.5482    0.2749     333.7545     311.8992  3.452  2.865  762 
   54261.167200   -2377.6677     174.1872   -2383.7499     174.3573    0.1753    1349.8619    1319.2809  6.362  6.825  762 
   54264.169000   -1059.0767     115.3011    -925.7506     116.2548    0.0932     272.2080     247.6122  4.622  3.213  762 
   54265.188900   -1251.7897     134.1528   -1220.8738     134.5555    0.1195     400.0498     378.9782  2.829  2.917  762 
   54384.475400     -80.3772     150.0218    -104.8008     150.5807    0.0397     -94.5102     -89.8088 -0.697 -0.571  762 
   54384.485900    -254.2575     152.9042    -274.4455     153.4109    0.0408      60.0000      57.2250 -0.844  0.349  762 
   54385.512900     910.5603     198.6109     868.9819     198.9105    0.1605       1.7496       1.6921 -0.416  0.016  762 
   55884.428500    2377.6318     503.1474    2335.8203     503.1802    0.0608   -3091.0622   -3074.1292 -12.116 -13.971  762 
   55889.438100    -278.8849     169.7874    -657.7388     172.1752    0.2636    -387.4317    -347.6811 -4.517 -4.038  762 
   56301.281100   -1074.9524     247.0489   -1120.6795     247.6592    0.0597     860.3521     828.4905  4.511  4.465  762 
