   54116.305800    5042.4926     215.8754    4745.9216     217.1586    0.1989   -3302.0041   -3183.4507 -9.292 -9.040  762 
   54127.315500    -302.5257     259.0895    -435.9275     259.7487    0.2214   -1188.9175   -1145.5104 -6.757 -7.386  762 
   54127.409800   -1063.3903     209.1881   -1360.1847     210.8192    0.3499   -1012.7058    -945.4846 -5.925 -5.634  762 
   54127.505600    3295.2411     152.0022    2936.4327     158.0264    0.2354   -1371.8516   -1143.5993 -7.270 -7.216  762 
   54149.242500    -543.6280     143.0732    -692.0168     150.3505    0.1515      30.4923      24.4967 -0.203  0.151  762 
   54149.261900    3030.2897     166.7897    2795.3897     168.1385    0.1280   -1693.8347   -1598.4648 -6.309 -5.833  762 
   54152.347000     -49.2001     126.2018    -524.9961     136.3584    0.0713      76.7042      55.8505 -0.526  0.551  762 
   54201.227200     419.7101     168.0879      -2.4409     170.5903    0.0210    -165.3394    -153.9362 -0.839 -0.584  762 
   54201.240900     489.2335     149.0318     349.8110     153.9061    0.0569      81.7225      70.3640  0.216  0.367  762 
   54201.251200    1306.2811     156.2328     909.7290     160.3112    0.0564    -610.5352    -541.0935 -2.582 -2.455  762 
   54230.228100    3053.2262     114.7964    2657.6939     125.0073    0.2824    -119.7550     -84.8710  0.015 -1.147  762 
   54260.167300     886.8070     134.9891     569.0897     140.4860    0.0537    -246.8769    -201.6080 -1.859 -1.722  762 
   54261.167200     686.5729     166.8641     445.4579     168.6595    0.0953   -1138.3371   -1057.5403 -4.624 -5.102  762 
   54264.169000    2662.9155     123.1774    2465.9832     130.1855    0.2474    -145.6957    -111.8427 -1.661 -1.397  762 
   54265.188900    1790.4601     129.8583    1525.4928     134.5712    0.2025      24.1553      20.0341 -0.122  0.161  762 
   54384.475400    -867.1348     142.0140    -721.6680     148.2822    0.1367      83.1586      67.4184 -0.072  0.429  762 
   54384.485900    -465.6227     142.0377    -341.5750     148.2184    0.0573      90.1022      73.4095 -0.403  0.460  762 
   54385.512900    -754.2133     201.6278    -703.4940     204.0193    0.1877    -392.8700    -353.2364 -3.133 -3.394  762 
   55884.428500    1085.7160     492.9987     936.6970     493.3453    0.0239    -643.1614    -630.5837 -3.010 -2.870  762 
   55889.438100    -599.0068     176.1642   -1193.8729     192.1959    0.1632     371.7313     260.0108  3.520  3.032  762 
   56301.281100     -30.2534     227.8176    -364.0302     235.1409    0.1641    -682.1940    -585.2615 -3.213 -3.036  762 
