   54116.305800    5712.8036     262.1764    5376.8259     262.8390    0.1026   -4319.9574   -4229.5029 -11.765 -11.929  762 
   54127.315500    2206.6462     270.6491    2058.7110     271.1017    0.0873   -2990.1614   -2899.8264 -19.030 -18.654  762 
   54127.409800    3496.4900     224.9305    3315.3132     225.8773    0.1810   -2272.1644   -2160.9016 -11.676 -12.759  762 
   54127.505600    6237.4334     173.1365    5918.0958     176.1371    0.5302    -630.2703    -563.2333 -3.231 -3.506  762 
   54149.242500    2616.5315     165.8325    2485.1896     169.2266    0.3828    -187.3824    -164.0931 -1.410 -1.006  762 
   54149.261900    7701.1371     191.2187    7187.3116     191.9628    0.3063   -3030.4170   -2921.8510 -10.977 -10.617  762 
   54152.347000    4670.7693     140.4647    4387.4707     145.6325    0.6163    -377.1448    -310.7930 -3.709 -3.056  762 
   54201.227200   -3109.9766     200.6304   -3250.7469     201.8940    0.4509    -633.5565    -604.9957 -2.448 -2.311  762 
   54201.240900   -3829.3708     175.6990   -4054.3455     178.1875    0.5620    -274.7655    -249.5228 -1.021 -1.289  762 
   54201.251200   -3226.8146     185.3788   -3369.5733     187.3798    0.4184    -235.5030    -218.5056 -1.482 -0.990  762 
   54230.228100    7625.7327     121.6251    7818.4162     127.2048    0.5297    -335.6908    -270.4068 -3.573 -3.761  762 
   54260.167300    6718.4237     145.3466    7450.8984     148.0541    0.6031    -454.1897    -396.0355 -3.448 -3.532  762 
   54261.167200    7147.4737     182.9734    7419.0177     183.9005    0.5804    -339.3993    -322.9402 -1.652 -1.612  762 
   54264.169000    7067.9167     128.2171    7078.6042     132.2392    0.4633     -80.8101     -67.6504 -0.473 -0.876  762 
   54265.188900    5052.6197     142.1225    4839.1564     144.6584    0.3495    -449.2283    -397.4724 -1.304 -3.171  762 
   54384.475400     722.6321     162.7298     700.6857     165.7864    0.0285    -461.8990    -402.8471 -3.155 -2.560  762 
   54384.485900     731.3080     163.6642     759.3328     166.6345    0.0061    -938.8572    -822.4522 -5.267 -5.136  762 
   54385.512900   -1924.8519     210.1493   -1923.4956     211.7085    0.2677    -241.0261    -221.0989 -2.209 -2.114  762 
   55884.428500    1242.2306     510.3905    1046.9436     510.6564    0.1841   -3586.5579   -3527.1851 -15.401 -15.930  762 
   55889.438100   -3566.6639     197.0562   -4902.9574     206.3492    0.5177     226.0223     178.3877  1.373  2.049  762 
   56301.281100   -4556.9563     270.2933   -4889.1324     274.0420    0.6508   -1223.5038   -1110.4100 -6.285 -5.690  762 
