   54116.305800    3571.1189     288.6355    3177.0642     289.6206    0.0752   -4129.7614   -4026.7994 -11.903 -11.210  762 
   54127.315500     416.0858     289.4210     374.6338     290.2270    0.0846     312.1825     299.7771  1.015  1.850  762 
   54127.409800     283.8430     243.7672      85.2856     245.4883    0.0363     172.5289     161.4244  0.777  0.930  762 
   54127.505600     520.5938     195.1758     -47.6551     200.6627    0.0141     132.0883     113.3505  0.517  0.700  762 
   54149.242500    1186.4435     187.4337     797.3959     193.3124    0.1349     -14.9604     -12.7482 -0.460 -0.077  762 
   54149.261900    2254.1207     210.1433    1812.6414     211.3871    0.2253   -4220.0386   -4025.6595 -13.007 -14.321  762 
   54152.347000     136.9731     165.0089    -613.2380     173.4094    0.0500     372.7323     292.6452  3.126  2.689  762 
   54201.227200    -458.0637     217.4814    -499.0136     219.5246    0.0036     501.4240     472.5439  2.085  1.849  762 
   54201.240900    -115.7710     194.8547    -244.9338     198.7588    0.0461     608.3537     542.0833  2.327  2.774  762 
   54201.251200     183.6759     203.9369      35.9824     207.1835    0.0649     415.2408     377.8839  1.373  1.727  762 
   54230.228100     547.6868     142.1567     503.9797     152.4871    0.1023     202.0589     150.0495  2.492  2.043  762 
   54260.167300   -1269.4643     163.2265   -1099.4697     169.2475    0.1880     183.8655     150.4399  2.351  1.390  762 
   54261.167200   -1026.6901     198.1867   -1191.9326     200.3310    0.0549     861.2763     795.2267  3.374  4.138  762 
   54264.169000     783.1480     146.5481     722.0979     154.6431    0.1323     320.2557     247.9158  3.681  3.243  762 
   54265.188900    1734.6023     160.4184    1731.9827     164.8414    0.2393      55.5003      47.2940  0.507  0.366  762 
   54384.475400     774.1559     181.3194     867.5348     186.7021    0.2261     277.8995     236.1848  1.012  1.507  762 
   54384.485900    1938.6579     183.5346    1970.7763     188.5625    0.3553     -20.4095     -17.5481 -0.515 -0.107  762 
   54385.512900    -738.4497     225.6384    -721.4531     228.7957    0.1118     111.0262      98.7914 -0.165  0.940  762 
   55884.428500    3185.7719     520.7585    3102.9934     521.2515    0.0720   -2210.5978   -2161.4241 -9.265 -9.858  762 
   55889.438100    1086.5170     219.6791    -256.0835     234.7785    0.0971    -401.3613    -302.7605 -4.315 -3.534  762 
   56301.281100     677.9904     292.2003     426.2369     298.6922    0.1296     407.9531     360.3950  0.999  1.949  762 
