   54116.305800    1930.1171     250.5382    1871.1435     252.3043    0.0446   -2626.2594   -2522.3991 -6.646 -7.181  762 
   54127.315500   -5913.2801     271.7236   -5938.0617     272.9518    0.5419   -1521.7553   -1445.9077 -9.105 -9.550  762 
   54127.409800   -6354.1639     227.5488   -6535.1449     230.1957    0.7106   -1178.3885   -1080.5697 -6.002 -6.522  762 
   54127.505600    -862.0273     177.0698   -1134.6072     185.2093    0.2032    -994.4517    -812.0737 -4.607 -5.150  762 
   54149.242500   -8914.9894     170.5900   -8624.9432     180.0021    0.7857   -1377.3165   -1091.2597 -5.390 -6.824  762 
   54149.261900   -1109.4501     187.8481   -1394.4318     189.9403    0.1035    -553.3983    -517.3573 -1.346 -1.914  762 
   54152.347000   -7607.7219     150.3685   -7745.0395     162.9908    0.7069    -430.0053    -300.5671 -3.364 -3.069  762 
   54201.227200    4574.8026     195.6275    4669.7371     198.7316    0.4244    -805.1997    -746.0853 -2.074 -2.845  762 
   54201.240900    5250.5308     173.6634    5344.0828     179.9077    0.6280    -714.4885    -609.2830 -3.047 -3.206  762 
   54201.251200    5773.3923     182.0948    5888.0135     187.2158    0.5609   -1160.0585   -1021.6017 -4.261 -4.670  762 
   54230.228100    9681.0707     132.3040   11367.9347     143.8298    0.7122    -301.0768    -206.1333 -3.872 -2.916  762 
   54260.167300    1658.9594     154.4622    2158.0693     161.7221    0.1865    -723.4002    -569.4209 -5.573 -5.024  762 
   54261.167200    3535.6289     186.8333    3768.2676     189.3846    0.2400   -1302.5356   -1196.9275 -5.664 -5.919  762 
   54264.169000    5384.0997     139.3859    6106.9937     148.1461    0.3735    -619.6144    -457.6099 -7.008 -5.947  762 
   54265.188900    2641.0315     147.3753    1957.1737     154.1332    0.1443    -109.5895     -88.4835 -1.548 -0.725  762 
   54384.475400  -11313.0991     168.8012  -11340.7446     177.4390    0.8243    -813.1207    -642.2832 -3.037 -4.135  762 
   54384.485900  -11124.8191     168.7786  -11021.2726     177.3022    0.8521   -1086.0211    -861.8895 -4.416 -5.498  762 
   54385.512900  -11009.2786     218.7698  -11228.1581     222.9565    0.8919     110.9924      96.2701  0.111  0.939  762 
   55884.428500   14843.0281     509.3705   14695.7420     509.9666    0.7854     970.3554     946.5241  6.182  4.324  762 
   55889.438100    6893.8534     205.8340    4941.1194     225.4837    0.3902     534.0541     363.6659  4.692  4.238  762 
   56301.281100  -13872.8018     273.7689  -14975.5049     283.8099    0.9070   -1344.6920   -1144.1449 -5.898 -5.846  762 
