   54116.305800   12298.8883     214.5518   12179.0397     214.8507    0.8867     529.9121     521.7834  2.070  1.458  762 
   54127.315500   10668.2179     257.7226   10666.6586     257.8525    0.8127    -644.9088    -634.9506 -4.762 -3.896  762 
   54127.409800   10767.3888     202.1284   10796.2269     202.4527    0.8653    -629.9075    -611.2939 -2.762 -3.527  762 
   54127.505600   10822.9797     139.5202   11104.3128     140.9991    0.8996     -98.9846     -90.4187 -1.071 -0.561  762 
   54149.242500   10319.4457     128.9926   10484.3745     130.9304    0.9151      18.5000      16.6681  0.451  0.100  762 
   54149.261900   13165.8888     163.6379   13103.2742     163.9182    0.7836   -2359.1592   -2305.9909 -8.635 -8.196  762 
   54152.347000    9733.7226     111.7084   10270.1717     114.4532    0.8797     477.5449     409.2529  3.059  3.720  762 
   54201.227200    4758.1404     158.7652    4652.4278     159.4869    0.7135     646.8407     622.4767  2.096  2.412  762 
   54201.240900    4760.9301     139.1475    4766.0743     140.5111    0.7856     479.9156     444.0470  1.886  2.274  762 
   54201.251200    5464.4328     146.3666    5445.0800     147.4763    0.7835     -60.3835     -56.7903  0.406 -0.258  762 
   54230.228100    -879.7030     101.6795    -768.2377     105.8281    0.1384     247.8376     200.9535  1.684  2.643  762 
   54260.167300     -83.3255     121.1521      14.0088     123.1150    0.0636     259.7879     230.3169  1.663  2.041  762 
   54261.167200    -772.5832     156.1805    -882.8462     156.8132    0.1536      52.7481      50.4321 -0.404  0.253  762 
   54264.169000    -224.6733     109.8422    -314.8402     112.7083    0.0557      89.7730      76.2888 -0.346  0.960  762 
   54265.188900    -264.4768     121.2837    -244.7369     122.7509    0.0154     188.2072     170.0152  1.644  1.311  762 
   54384.475400    3686.0557     128.6932    3746.1275     130.6441    0.7329     293.2251     262.8324  1.142  1.668  762 
   54384.485900    4325.0098     130.1476    4379.7981     131.9797    0.7777     -59.9059     -54.1628 -0.761 -0.330  762 
   54385.512900    4971.8088     190.1990    5042.1147     190.8594    0.7256     171.8887     163.1652  1.305  1.546  762 
   55884.428500   -2543.0266     486.2481   -2588.2168     486.3468    0.3305   -1713.7658   -1696.7970 -6.812 -7.750  762 
   55889.438100   -4465.3848     155.0486   -4816.7372     161.8942    0.8354    -105.4351     -85.5306 -1.177 -1.005  762 
   56301.281100    7792.2346     203.9762    7862.2671     206.2145    0.9196     778.0649     717.4553  3.894  3.906  762 
