   54116.305800    2101.1735     245.5288    1993.9040     245.6760    0.4228   -5552.1986   -5503.8483 -15.944 -15.488  762 
   54127.315500   -1162.4196     261.0205   -1201.2054     261.1065    0.4071   -2122.5746   -2095.9565 -13.796 -13.243  762 
   54127.409800    -765.0025     210.5430    -829.3610     210.7503    0.3799   -1522.6855   -1488.4098 -8.015 -8.742  762 
   54127.505600     -86.7000     153.1211    -218.6418     153.9961    0.1100    -294.2118    -277.3495 -2.263 -1.736  762 
   54149.242500     502.4760     143.9204     459.6528     144.8362    0.1186      49.1064      45.9356 -0.418  0.280  762 
   54149.261900    1974.8906     179.4903    1833.6701     179.6497    0.3861   -5866.7423   -5776.2332 -21.051 -20.828  762 
   54152.347000     638.0461     119.8151     461.6587     121.4756    0.1967     297.8100     268.2767  2.292  2.556  762 
   54201.227200    1015.4695     180.2616     970.3213     180.5231    0.2785     569.0528     558.0194  2.381  2.147  762 
   54201.240900     909.9479     153.9140     902.5512     154.4564    0.2428     256.5943     245.5707  2.089  1.269  762 
   54201.251200    1709.7256     164.0097    1599.2442     164.4554    0.2916      27.7229      26.7850  0.485  0.122  762 
   54230.228100     584.4413     102.5807     675.6421     104.5001    0.2124     427.8139     377.4788  5.880  5.145  762 
   54260.167300    1813.4787     126.0833    1846.8191     126.8781    0.4112     190.7617     177.8383  2.604  1.580  762 
   54261.167200     395.6193     168.0186     317.4853     168.2651    0.0828     186.9921     182.5136 -0.802  0.911  762 
   54264.169000    2138.5305     110.2466    2070.7286     111.5636    0.3910     357.2547     323.9320  4.441  4.155  762 
   54265.188900    1528.5927     125.3057    1584.5809     125.9252    0.3643     562.6905     530.2064  4.239  4.193  762 
   54384.475400     940.8581     140.2003     955.3080     141.0013    0.2964     456.6197     427.3637  3.055  2.729  762 
   54384.485900     347.5369     142.0078     262.3307     142.8285    0.1109     330.6850     309.9564  1.765  1.923  762 
   54385.512900    -235.8687     192.9718    -236.0352     193.3295    0.0023     259.0450     248.9344  1.188  2.393  762 
   55884.428500    -266.0346     495.5319    -348.4802     495.5894    0.4102   -5354.5220   -5316.5327 -24.218 -24.251  762 
   55889.438100   -1680.1582     161.0040   -1854.4191     164.0220    0.6229    -497.5455    -436.3033 -5.530 -5.139  762 
   56301.281100    -323.5168     232.1955    -357.3307     233.0891    0.0095     331.4953     316.0511  2.509  1.677  762 
