   54116.305800     309.0418     256.1545     251.6998     256.2262    0.2901    1960.6237    1949.4791  6.239  5.404  762 
   54127.315500    1032.3411     266.5412    1002.8563     266.5822    0.4074    2454.2741    2434.8033 15.403 14.939  762 
   54127.409800     700.7419     214.9837     667.7956     215.0758    0.3970    1789.1092    1763.4958  9.980 10.098  762 
   54127.505600      53.2170     156.4875      12.8960     156.8798    0.2034     862.9651     829.0148  4.889  5.080  762 
   54149.242500    -535.3363     147.4959    -610.9647     147.9673    0.1635     -51.6011     -49.3319  0.408 -0.296  762 
   54149.261900    -107.9720     186.2162    -175.0118     186.2921    0.1064    1075.7457    1064.3019  3.788  3.772  762 
   54152.347000    -386.3748     122.3257    -516.8727     123.1552    0.0036     539.6819     502.4337  3.946  4.557  762 
   54201.227200    -609.9426     183.2223    -680.1046     183.3721    0.0107     625.9791     616.5297  2.331  2.417  762 
   54201.240900    -611.6523     158.1727    -643.4813     158.4462    0.0298     810.2385     786.2597  3.628  4.005  762 
   54201.251200    -383.6758     167.7944    -438.9582     168.0212    0.0255     585.0719     571.1908  2.293  2.611  762 
   54230.228100     886.6527     101.0921     713.1674     102.3234    0.1942      67.6863      61.9975  0.717  0.837  762 
   54260.167300    -214.0857     124.1682    -248.6244     124.6919    0.0568      -1.0182      -0.9649 -1.268 -0.009  762 
   54261.167200      51.5725     166.0786       4.6526     166.2122    0.0717    -390.4187    -383.0582 -2.169 -2.013  762 
   54264.169000     738.2723     108.6473     636.5975     109.4545    0.0492    -457.0362    -424.8995 -6.179 -5.529  762 
   54265.188900     696.3792     128.1185     678.6520     128.4301    0.0627    -385.2086    -369.5594 -4.634 -2.832  762 
   54384.475400     337.4928     141.8380     300.3388     142.2624    0.1347     250.4238     239.5253  1.182  1.524  762 
   54384.485900    -449.8174     144.9387    -458.7071     145.3250    0.0873      89.8396      86.2119  0.633  0.524  762 
   54385.512900      84.4106     194.8965      73.8839     195.0764    0.0401    -267.8215    -260.6816 -0.982 -2.457  762 
   55884.428500   -1292.0268     500.7929   -1349.6315     500.8221    0.0955    2574.0049    2561.8505 12.448 11.655  762 
   55889.438100    -448.2298     159.2057    -579.8390     160.8283    0.0508     481.3746     441.2725  5.484  5.062  762 
   56301.281100      11.8039     233.5389     -16.1566     234.0069    0.0301     149.1976     144.2942  0.616  0.778  762 
