   54116.305800   14914.4946     249.7307   14624.6888     250.5052    0.6256   -3989.7132   -3900.6929 -11.702 -11.048  762 
   54127.315500   17035.4523     264.1120   17140.7748     264.5002    0.8497   -2842.1428   -2772.0109 -18.730 -17.964  762 
   54127.409800   18146.2602     216.7296   18150.9827     217.6133    0.9286   -1681.6487   -1610.7001 -9.657 -9.609  762 
   54127.505600   21074.5900     162.3494   21259.0603     165.1690    0.9774    -931.3149    -837.9302 -5.046 -5.308  762 
   54149.242500   34401.5940     149.9522   35301.5134     152.5639    0.9432     128.3851     115.0635  0.840  0.715  762 
   54149.261900   39870.2122     180.0214   39833.1684     180.5944    0.9341   -3533.8371   -3434.4548 -11.961 -12.557  762 
   54152.347000   38476.6933     124.5907   40253.2396     128.1080    0.9378    -129.3585    -110.3732 -1.358 -1.106  762 
   54201.227200    5733.7228     191.2112    5714.2421     192.7182    0.6840    -281.2910    -268.6230 -0.833 -1.032  762 
   54201.240900    4676.4312     166.7007    4577.0789     169.4408    0.6845     298.0846     271.0706  1.125  1.417  762 
   54201.251200    5430.7245     176.3582    5260.5988     178.6975    0.6534    -193.4716    -179.1937 -1.196 -0.820  762 
   54230.228100    8232.6683     117.5155    8623.0215     123.2052    0.7450      56.1367      44.4691  0.484  0.632  762 
   54260.167300    5346.4966     141.1308    5863.5737     144.2032    0.6568    -161.1924    -140.0059 -1.698 -1.260  762 
   54261.167200    6074.4448     179.0175    6191.3512     180.2931    0.6370    -301.4586    -285.8443 -1.547 -1.432  762 
   54264.169000    2627.9559     125.8692    2366.6604     130.3046    0.2035     -54.0673     -44.5328  0.022 -0.589  762 
   54265.188900     716.7546     138.4508     183.9313     141.4636    0.0093     -98.2922     -86.3617 -1.280 -0.700  762 
   54384.475400   10231.0622     153.9201   10793.0011     157.0604    0.7156     101.4662      88.8441 -0.223  0.573  762 
   54384.485900   10802.4292     154.4819   11257.6459     157.5694    0.7723    -182.4987    -160.7449 -1.210 -1.016  762 
   54385.512900    8711.1903     203.0893    8994.4319     204.4994    0.7259    -242.2798    -223.9577 -0.969 -2.191  762 
   55884.428500     688.0852     504.1350     599.0146     504.4015    0.2384   -3721.1982   -3662.5264 -17.940 -16.755  762 
   55889.438100   -9025.0816     190.8557  -10626.2476     201.3387    0.8744     -13.8804     -10.7276 -0.335 -0.127  762 
   56301.281100    8385.8887     252.8402    8548.4743     256.5884    0.7817     -81.3366     -74.2605 -0.684 -0.387  762 
