   54116.305800   -3241.6894     244.3338   -3299.3332     244.6973    0.5329   -2539.4857   -2495.0810 -6.469 -7.059  762 
   54127.315500   -6363.3280     260.0401   -6362.1322     260.1680    0.7191   -2184.2005   -2147.5685 -14.293 -13.894  762 
   54127.409800   -6696.8636     212.1770   -6776.6949     212.5119    0.7723   -1392.1929   -1350.0089 -7.692 -8.032  762 
   54127.505600   -2819.3401     155.9652   -3103.6952     157.0706    0.4755    -768.5658    -714.4340 -3.618 -4.497  762 
   54149.242500     419.7888     145.8925     530.5159     147.0277    0.1142      18.9989      17.4989 -0.184  0.108  762 
   54149.261900    2260.2510     178.8836    2174.5993     179.1581    0.0774   -3067.0825   -2991.5366 -9.437 -10.925  762 
   54152.347000   -3158.3113     122.4737   -3331.9894     124.2637    0.5634    -283.9503    -251.2151 -3.318 -2.491  762 
   54201.227200   -1664.5875     182.9177   -1655.1404     183.5068    0.3001    -232.5423    -225.0206 -1.279 -0.863  762 
   54201.240900   -2236.3853     156.6508   -2288.1056     157.5534    0.3002     461.8621     434.8368  2.130  2.264  762 
   54201.251200   -1579.8582     166.9001   -1641.5070     167.7022    0.3323    -318.9639    -303.3144 -1.672 -1.384  762 
   54230.228100    -637.4103     104.6620    -816.0701     106.6867    0.0961     -21.1758     -18.5251 -0.372 -0.261  762 
   54260.167300   -2722.8840     130.0543   -2808.2700     131.0463    0.4524    -468.6164    -430.2200 -2.604 -3.855  762 
   54261.167200   -5226.5299     171.5703   -5254.2310     172.0076    0.5738    -413.1508    -399.0577 -2.490 -1.997  762 
   54264.169000    5571.9492     110.8622    5603.2076     111.9746    0.6535     -58.6134     -53.1209 -1.520 -0.695  762 
   54265.188900    1143.4176     126.9897     938.5154     127.7738    0.1187      11.0802      10.3259  0.288  0.083  762 
   54384.475400   -1217.6883     143.5676   -1142.8647     144.6007    0.2128      11.6920      10.7500  0.776  0.069  762 
   54384.485900    -986.3702     144.4763    -995.7290     145.5307    0.2205    -314.8100    -289.8794 -1.535 -1.825  762 
   54385.512900   -2165.1135     194.3939   -2163.9127     194.8036    0.3497     -30.2921     -28.9412 -0.477 -0.281  762 
   55884.428500      12.2270     497.9768     -36.7947     498.0476    0.1895   -2406.5090   -2385.8640 -10.205 -10.875  762 
   55889.438100   -2555.7744     165.8011   -3075.4486     169.1488    0.5789      25.2658      21.9084 -0.472  0.257  762 
   56301.281100   -7174.8903     241.0899   -7293.7954     242.5643    0.8768    -492.7619    -462.7241 -2.141 -2.401  762 
