   54116.305800    2420.0891     226.6961    2297.0580     226.8917    0.1804   -3786.6514   -3741.4869 -11.435 -10.590  762 
   54127.315500   -2310.4984     254.3500   -2366.1563     254.4634    0.5091   -1794.5114   -1768.8961 -10.791 -11.338  762 
   54127.409800   -1785.6712     202.8304   -1925.7339     203.1222    0.5151   -1543.3906   -1503.8776 -9.140 -8.938  762 
   54127.505600     175.4292     143.2718     -43.4786     144.4512    0.1722    -994.9738    -928.2054 -5.538 -5.876  762 
   54149.242500     264.8068     133.3441     198.8436     134.6690    0.0949     252.4095     232.2957  0.704  1.434  762 
   54149.261900    2503.4839     168.5703    2315.6823     168.7910    0.0659   -3005.3772   -2944.6812 -9.495 -10.731  762 
   54152.347000      14.4893     111.6509    -273.3395     113.9665    0.1004    -222.0517    -195.1620 -1.018 -1.918  762 
   54201.227200    1788.9103     168.0569    1703.0403     168.4124    0.2027    -449.3434    -439.1998 -1.966 -1.682  762 
   54201.240900    1739.0478     142.5982    1666.4490     143.4080    0.3124      -9.1222      -8.6596 -0.565 -0.045  762 
   54201.251200    2303.2259     152.3304    2193.8699     152.9708    0.2655    -709.5910    -680.9362 -3.243 -3.112  762 
   54230.228100    6300.3087      95.8925    6425.8008      98.1738    0.7606    -101.7527     -88.6895 -1.389 -1.210  762 
   54260.167300     805.0829     121.1165     626.4535     122.2874    0.0903    -149.2924    -137.5605 -1.347 -1.199  762 
   54261.167200    1840.8147     161.0296    1757.4666     161.3231    0.1326    -901.8779    -879.7548 -5.028 -4.332  762 
   54264.169000    2718.9018     106.3269    2439.4434     108.0384    0.3233      68.5817      61.2585  0.323  0.778  762 
   54265.188900    2646.5525     118.8029    2283.1780     119.8012    0.2461    -418.7163    -389.4915 -2.738 -3.123  762 
   54384.475400      34.2137     131.4871     133.0727     132.5840    0.0566     176.1394     162.3708  0.144  1.041  762 
   54384.485900     679.6638     132.1051     690.2992     133.2032    0.1198     -56.2418     -52.0255 -0.006 -0.326  762 
   54385.512900   -1981.4822     189.3426   -1967.7118     189.7997    0.3565    -146.3666    -139.9403 -1.932 -1.351  762 
   55884.428500    1458.3376     489.8630    1437.7431     489.9089    0.0618   -2203.1234   -2188.2741 -8.354 -10.015  762 
   55889.438100    -394.0214     151.9679    -510.2424     155.9411    0.1151     101.4414      86.7947  0.460  1.019  762 
   56301.281100    1334.7992     216.0251    1319.4317     217.1876    0.2589    -115.5101    -109.4120 -0.691 -0.576  762 
