   54116.305800    2947.6535     234.1323    2850.5931     234.3383    0.6627   -8990.8718   -8927.6471 -36.757 -24.960  762 
   54127.315500   -2036.3336     260.7723   -2066.3093     260.8242    0.3496    -434.0401    -430.9463 -4.069 -2.643  762 
   54127.409800    -680.0251     205.7534    -749.9707     205.8853    0.2299    -597.1827    -589.1661 -3.504 -3.404  762 
   54127.505600       0.4501     143.6081     -91.9253     144.1247    0.1110    -411.2048    -395.2603 -3.367 -2.464  762 
   54149.242500      54.4406     134.6928      -3.2623     135.3153    0.1296    -548.5021    -523.3845 -2.853 -3.152  762 
   54149.261900    3188.0973     172.9256    3042.6033     173.0722    0.3853   -6658.9308   -6581.7090 -26.174 -23.434  762 
   54152.347000     784.2342     112.0668     643.7437     113.0476    0.1576     -13.6464     -12.7131 -0.076 -0.116  762 
   54201.227200     281.4579     169.2191     178.2355     169.5484    0.0174     -80.0047     -78.8369  0.424 -0.306  762 
   54201.240900     308.3389     144.4564     178.6730     144.8983    0.0163    -103.8762    -100.7629 -1.637 -0.518  762 
   54201.251200    1226.3268     153.7692    1165.3985     154.1144    0.0595    -879.4994    -859.0629 -4.267 -3.920  762 
   54230.228100    1519.5780      94.8605    1486.9108      96.1175    0.3609     258.6436     236.6877  3.014  3.091  762 
   54260.167300    2184.4298     117.5880    2163.4756     118.0616    0.4906     445.4185     425.9954  3.582  3.746  762 
   54261.167200    1567.5789     159.2097    1498.5132     159.3892    0.3848     852.4853     840.5641  4.088  4.211  762 
   54264.169000    2920.9987     103.3327    2868.0101     104.1089    0.4760      12.1902      11.4087  0.500  0.143  762 
   54265.188900    2471.8548     118.7260    2381.4620     119.0943    0.4598     592.2065     571.2295  4.466  4.409  762 
   54384.475400   -1220.1792     131.2702   -1245.9179     131.7903    0.3502    -359.2188    -343.0912 -2.367 -2.183  762 
   54384.485900   -1678.3691     133.8188   -1637.6041     134.2952    0.4115    -289.3275    -277.2710 -2.062 -1.691  762 
   54385.512900   -1263.1885     188.8184   -1272.7356     189.0162    0.2616    -111.4735    -108.6318 -0.786 -1.030  762 
   55884.428500    1109.8650     487.9955    1063.5802     488.0268    0.0725   -1950.2621   -1942.6378 -10.452 -8.908  762 
   55889.438100   -1393.0250     145.9804   -1475.1205     147.9634    0.4418      40.1679      36.5264  0.264  0.430  762 
   56301.281100      80.6121     212.9747       7.2223     213.6640    0.1796    -765.8825    -740.7423 -4.905 -4.057  762 
