   54116.305800    1660.7720     255.5817    1709.4150     256.4600    0.1995   -3719.2892   -3653.2143 -9.081 -10.310  762 
   54127.315500   -2344.9850     264.4276   -2370.6802     264.6813    0.5749   -2978.2189   -2930.8662 -19.159 -18.764  762 
   54127.409800   -2053.0130     216.8791   -2116.5673     217.4497    0.5693   -2325.9073   -2261.1516 -13.255 -13.341  762 
   54127.505600    1420.6684     162.0784    1327.3911     163.4940    0.0368   -1140.5394   -1067.1736 -7.152 -6.653  762 
   54149.242500    -112.9543     153.9798     187.3663     155.6284    0.0659     189.7055     174.9851  1.680  1.070  762 
   54149.261900     913.6611     186.3295     952.8720     186.9366    0.1756   -2869.0056   -2792.5656 -9.488 -10.128  762 
   54152.347000   -1263.9994     127.5224   -1230.1629     129.5596    0.3170    -374.0640    -333.4740 -3.514 -3.254  762 
   54201.227200     642.9437     191.8020     699.1046     193.0706    0.0422   -1026.5464    -996.2512 -3.227 -3.795  762 
   54201.240900      20.0622     164.0081    -126.0567     165.5150    0.0944    -489.6392    -462.3731 -2.390 -2.388  762 
   54201.251200     695.0314     174.8089     614.1387     176.2279    0.0592   -1029.1689    -980.9572 -3.976 -4.440  762 
   54230.228100    3370.5809     106.9288    3437.4715     108.9811    0.3932    -229.3656    -203.3996 -3.480 -2.780  762 
   54260.167300    3550.4911     132.3611    3512.0173     133.4829    0.3964    -689.2727    -641.6523 -6.218 -5.626  762 
   54261.167200    3898.6551     175.2144    3840.6270     175.9716    0.3739    -735.7856    -716.9874 -3.922 -3.534  762 
   54264.169000    3878.8439     114.4551    3717.6297     115.8997    0.3671     -61.4981     -55.9117 -2.379 -0.711  762 
   54265.188900    3341.7553     130.9037    3060.4195     131.9357    0.2628    -641.9066    -600.9511 -4.773 -4.778  762 
   54384.475400    -899.3317     149.7334    -739.6870     151.1159    0.1395    -297.6463    -275.3225 -1.180 -1.746  762 
   54384.485900   -1556.6303     151.3075   -1551.1902     152.8251    0.2290    -276.5387    -255.4778 -1.795 -1.591  762 
   54385.512900   -1255.0602     198.4249   -1256.0502     198.9018    0.2146    -192.4950    -184.3909 -1.145 -1.758  762 
   55884.428500    -901.5070     502.8073    -972.0163     502.9380    0.1454    -944.1684    -936.1402 -5.726 -4.232  762 
   55889.438100   -1982.0247     171.7882   -2259.6931     175.2055    0.4214     170.7677     149.5598  2.184  1.721  762 
   56301.281100      54.6582     249.9394      12.7526     252.0926    0.0326     195.3418     184.6407  0.397  0.952  762 
