   54116.305800    -671.1959     248.3827    -784.1502     248.5994    0.1161     -58.5883     -57.9190 -0.070 -0.161  762 
   54127.315500   -1614.1176     265.9671   -1648.1368     266.0620    0.0933    2395.5655    2362.5642 13.679 14.587  762 
   54127.409800   -1430.3689     214.0972   -1477.4360     214.3252    0.0345    1316.7412    1285.4651  7.211  7.420  762 
   54127.505600     724.7111     154.9800     536.3402     155.8536    0.1571     233.1125     219.0357  0.987  1.363  762 
   54149.242500    1240.6573     146.0166    1158.7187     146.9777    0.0439   -1060.9930    -988.5671 -5.315 -5.994  762 
   54149.261900    1640.3623     182.2735    1536.1313     182.4630    0.1724     -27.5312     -27.0162  0.161 -0.096  762 
   54152.347000    -970.1677     124.0453   -1241.9718     125.5585    0.2764    -225.7672    -202.7442 -1.498 -1.867  762 
   54201.227200   -1125.9811     178.9457   -1255.1929     179.3546    0.2661    -469.4063    -457.2256 -2.047 -1.805  762 
   54201.240900   -1560.6779     156.4323   -1685.4979     157.1325    0.3362    -106.4003    -101.1020 -1.153 -0.520  762 
   54201.251200   -1409.6254     165.0754   -1482.7954     165.6538    0.2854    -336.9038    -323.5542 -2.274 -1.490  762 
   54230.228100       6.4387     103.4349    -505.8908     105.4623    0.1079    -201.1499    -176.7117 -3.734 -2.455  762 
   54260.167300    3940.9377     123.9032    3860.8775     124.8003    0.5896    -508.4206    -471.7250 -5.301 -4.464  762 
   54261.167200    4249.7750     163.7681    4180.3382     164.0753    0.4934    -686.6805    -666.7074 -3.287 -3.527  762 
   54264.169000    3946.7103     108.9758    3780.1976     110.1926    0.5164    -276.6945    -251.1848 -3.465 -3.372  762 
   54265.188900    3254.4617     127.6288    3060.8627     128.2863    0.3613    -394.7683    -371.2980 -3.170 -2.884  762 
   54384.475400    -725.2230     141.6698    -671.1432     142.5416    0.1317      11.3710      10.5588 -0.213  0.068  762 
   54384.485900    -538.0162     144.4016    -472.0842     145.2119    0.2027    -576.3343    -538.6772 -3.891 -3.309  762 
   54385.512900    -353.3675     194.4636    -360.6289     194.8098    0.1466    -499.8523    -479.4151 -4.111 -4.624  762 
   55884.428500   -1175.1218     495.8715   -1233.6277     495.9301    0.0846    2391.2539    2372.5769 10.060 10.903  762 
   55889.438100   -2919.5920     162.3694   -3232.9952     165.2868    0.5879     537.9007     468.5115  5.868  5.580  762 
   56301.281100   -4851.2619     232.3351   -4976.5862     233.6108    0.7884    -839.1670    -789.5679 -4.446 -4.335  762 
