   54116.305800    1356.6725     225.8670    1294.1314     226.0404    0.4741   -5008.2531   -4947.7839 -13.575 -13.966  762 
   54127.315500    -665.0230     255.1979    -733.1399     255.3027    0.3824   -2027.3662   -1997.9976 -13.321 -12.672  762 
   54127.409800    -351.4769     203.5487    -445.4404     203.8061    0.4122   -2305.5874   -2245.7300 -12.691 -13.208  762 
   54127.505600    1183.3925     144.0800    1075.0717     145.1310    0.0596   -1519.9593   -1418.4228 -8.570 -8.844  762 
   54149.242500   -2003.3403     135.0399   -2088.9095     136.3138    0.4472     108.2517      99.2752  0.035  0.604  762 
   54149.261900    -955.4635     168.7899   -1087.7754     169.0115    0.4188   -2707.1046   -2649.8268 -8.956 -9.575  762 
   54152.347000    -724.6527     113.3392   -1086.2014     115.5422    0.2534    -312.8119    -274.7383 -3.018 -2.637  762 
   54201.227200     489.2505     168.4022     399.1732     168.7802    0.1038   -1061.6084   -1034.0084 -4.271 -3.926  762 
   54201.240900   -1249.1504     144.3298   -1335.0236     145.1510    0.3451    -717.2387    -676.7162 -3.320 -3.488  762 
   54201.251200   -1676.4460     153.7843   -1749.2015     154.4412    0.4091    -729.3824    -696.5603 -3.731 -3.145  762 
   54230.228100    4673.6651      97.5661    4730.1378      99.6426    0.6452    -132.3000    -115.6944 -2.065 -1.540  762 
   54260.167300    1029.3411     122.1498     965.5881     123.1299    0.1139    -358.3204    -330.8251 -2.739 -2.837  762 
   54261.167200    1935.3604     161.3051    1891.3760     161.5808    0.1639    -906.8768    -882.5497 -5.133 -4.283  762 
   54264.169000    2855.2497     107.3644    2795.1327     108.7774    0.3918      99.4146      89.3764 -1.115  1.108  762 
   54265.188900    2635.2212     119.6038    2511.7895     120.4262    0.2860    -544.0970    -507.1866 -3.324 -4.004  762 
   54384.475400   -1729.2423     132.9048   -1708.4155     133.9782    0.3441     -93.8722     -86.3026 -0.340 -0.545  762 
   54384.485900   -2241.2308     133.9410   -2301.8216     135.0364    0.5166    -180.0632    -165.7027 -0.305 -1.025  762 
   54385.512900   -1982.7856     190.6672   -2009.5816     191.0748    0.3504    -193.9979    -185.5516 -2.189 -1.758  762 
   55884.428500    1057.6978     489.9423    1026.0992     489.9883    0.0677   -1830.3021   -1817.3678 -7.873 -8.222  762 
   55889.438100    -670.3925     153.3653    -880.2439     156.9946    0.1986     285.1516     245.4164  3.273  2.826  762 
   56301.281100      90.6833     218.2617    -121.0342     219.5503    0.1465    -525.4776    -494.7299 -2.885 -2.572  762 
