   54116.305800    1935.5164     212.5665    1821.3012     212.6799    0.6493    5171.7662    5132.1946 14.489 14.202  762 
   54127.315500    -862.9465     257.1581    -916.3687     257.2039    0.2688    3006.5529    2979.0619 18.896 18.019  762 
   54127.409800     346.1132     199.2462     322.3272     199.3399    0.3653    1767.5782    1739.8880 10.279  9.909  762 
   54127.505600     822.8186     133.0376     764.8069     133.4944    0.3260     443.1825     421.5419  2.960  2.589  762 
   54149.242500     951.9189     121.7118     930.1910     122.2570    0.1780    -379.0313    -357.3098 -1.783 -2.130  762 
   54149.261900     991.7716     162.1938     881.7806     162.2939    0.5167    3938.4414    3886.1980 13.478 13.692  762 
   54152.347000      33.0578     103.9458     -88.5573     104.8247    0.0049     116.7650     106.8509  0.955  0.948  762 
   54201.227200     895.1986     150.8868     792.9780     151.1159    0.2162     340.8316     333.6202  1.169  1.312  762 
   54201.240900    1532.7052     131.0312    1505.1562     131.3770    0.4332     523.5133     503.6025  1.946  2.565  762 
   54201.251200    1654.1112     138.3281    1607.1291     138.6334    0.3667     152.2810     147.4164  0.226  0.675  762 
   54230.228100     289.3534      88.5800     238.8101      89.6402    0.0413    -124.4815    -112.3518 -0.492 -1.473  762 
   54260.167300     615.8817     109.0934     517.6433     109.6323    0.0652    -309.7171    -290.7005 -1.710 -2.656  762 
   54261.167200     889.9080     146.0277     878.0258     146.1774    0.1159    -227.8154    -222.8052 -1.150 -1.162  762 
   54264.169000    1083.9320      97.3890     944.0304      98.0954    0.1347    -338.3290    -313.7308 -3.693 -3.996  762 
   54265.188900      45.4593     113.5616     -79.0540     113.9325    0.1709    -918.4403    -873.6273 -5.879 -6.621  762 
   54384.475400    -140.1784     119.2480    -137.1418     119.7566    0.0073     116.2040     109.3627  0.585  0.695  762 
   54384.485900    -194.0162     121.7566    -256.7801     122.2635    0.1508    -371.4764    -350.7907 -1.995 -2.118  762 
   54385.512900    -403.5294     184.9489    -411.2144     185.0908    0.1403    -368.8009    -359.1373 -2.872 -3.367  762 
   55884.428500    2120.3518     483.7913    2062.0757     483.8161    0.4348    4747.7735    4726.2031 23.418 21.608  762 
   55889.438100    -526.4629     135.4169    -645.2585     137.0370    0.0190     654.8927     585.2433  6.718  6.763  762 
   56301.281100      79.8577     191.5394       9.2285     192.2479    0.1335    -530.6049    -504.6337 -2.992 -2.782  762 
