   54116.305800    2620.3368     239.5385    2474.9786     239.9496    0.3188   -5226.9982   -5127.3502 -14.725 -14.336  762 
   54127.315500   -1011.1425     267.4526   -1057.6504     267.6701    0.3224   -1249.8771   -1224.4059 -8.925 -7.516  762 
   54127.409800     463.1921     214.3180     342.0811     214.8243    0.1130   -1103.0871   -1063.2902 -5.923 -6.145  762 
   54127.505600    2447.1059     155.7447    2207.4690     157.3847    0.2111    -737.3610    -672.2841 -4.518 -4.182  762 
   54149.242500   -1327.9590     148.3386   -1469.5786     150.3032    0.3034     -10.0780      -9.0252 -0.525 -0.054  762 
   54149.261900     475.8831     178.7777     295.8546     179.2126    0.3886   -4220.8267   -4090.7185 -13.144 -14.571  762 
   54152.347000   -1031.2645     128.1778   -1236.6525     130.9400    0.2287       4.1858       3.5885  0.678  0.033  762 
   54201.227200    -501.8289     177.9728    -528.0447     178.7910    0.0083     606.0737     582.0424  1.339  2.255  762 
   54201.240900    -385.9890     156.0288    -477.9939     157.4788    0.0697     106.2924      98.3077 -0.070  0.505  762 
   54201.251200     336.7041     164.3250     361.6076     165.4997    0.0435    -115.1773    -108.2020  0.079 -0.493  762 
   54230.228100    1895.2571     108.2717    1557.1179     110.7034    0.2049     182.3983     156.6367  1.426  2.043  762 
   54260.167300    3243.6580     129.8103    3101.6985     131.2229    0.4107     226.4995     205.4945  1.713  1.804  762 
   54261.167200     -85.6133     168.5208    -132.7374     169.1753    0.0955     798.7483     765.7151  3.218  3.828  762 
   54264.169000    3104.9534     114.9335    2828.3784     116.5851    0.2921    -103.8140     -92.6064 -0.793 -1.154  762 
   54265.188900    2386.4645     129.6255    2098.0987     130.8410    0.2702     218.1515     199.8009  1.955  1.542  762 
   54384.475400     758.4968     143.4638     595.6908     145.1152    0.0645    -209.2515    -188.8787 -1.038 -1.200  762 
   54384.485900      74.6087     145.9719     -86.6944     147.6223    0.0416    -177.9788    -161.1450 -1.312 -0.983  762 
   54385.512900    -543.4707     197.9056    -560.9151     198.3932    0.0566     201.2800     191.1128  1.789  1.811  762 
   55884.428500    3101.0386     493.9526    3001.3394     494.0621    0.0336   -2605.8795   -2577.8278 -10.049 -11.810  762 
   55889.438100   -1404.6622     167.4894   -1596.8663     170.8865    0.4432    -226.1011    -190.4562 -1.842 -2.236  762 
   56301.281100    -454.1879     231.7387    -692.9962     234.0562    0.1837    -257.8741    -236.8440 -1.697 -1.293  762 
