   54116.305800    -951.1060     248.1295   -1025.8408     248.3767    0.1550    2235.5548    2210.4839  5.769  6.131  762 
   54127.315500     799.7247     265.6706     766.3789     265.7865    0.4147    2494.9229    2463.6952 14.433 15.131  762 
   54127.409800      48.0501     213.9383       6.0197     214.2011    0.3078    1971.5736    1924.8842 10.688 11.022  762 
   54127.505600     538.7650     155.3925     511.5920     156.3783    0.2065     660.1180     617.7328  3.809  3.792  762 
   54149.242500     117.4764     145.8093      -8.0139     147.0577    0.0915    -362.1507    -336.9555 -2.051 -2.024  762 
   54149.261900      27.8050     182.2640    -133.2718     182.5094    0.1667    1810.6152    1776.3702  6.658  6.294  762 
   54152.347000    -706.9327     122.7601    -927.1532     124.7289    0.1922     160.3314     143.8742  1.039  1.313  762 
   54201.227200    1350.7021     177.9911    1276.7734     178.4774    0.2828     399.5778     388.6860  1.312  1.525  762 
   54201.240900      15.1915     155.6045      13.2423     156.3963    0.1280     696.9329     662.6109  2.698  3.376  762 
   54201.251200    1573.2326     163.9125    1569.3448     164.5700    0.3339     321.6832     308.8981  1.170  1.412  762 
   54230.228100     380.7751     103.3641     559.9769     105.6094    0.0695    -124.8433    -108.3260 -1.874 -1.479  762 
   54260.167300     -25.6083     124.9509      41.5593     126.1122    0.0626    -391.6744    -359.3010 -2.167 -3.364  762 
   54261.167200     497.3321     163.8483     519.3596     164.2614    0.0390    -295.3673    -285.6251 -0.946 -1.504  762 
   54264.169000   -1444.3376     110.6107   -1263.5304     112.2040    0.2099    -107.3868     -95.8658 -0.595 -1.263  762 
   54265.188900   -2051.1224     128.8881   -1913.9438     129.6448    0.2645    -149.1957    -139.1965 -1.541 -1.069  762 
   54384.475400    2169.4103     139.9833    2152.0891     141.0576    0.4018    -131.8905    -123.4181  0.416 -0.786  762 
   54384.485900    1945.3865     142.7447    1898.5974     143.7752    0.2916    -401.6665    -377.4427 -1.953 -2.298  762 
   54385.512900    1640.9108     194.9677    1608.2383     195.4212    0.1575    -723.0962    -696.1193 -5.011 -6.585  762 
   55884.428500    1971.5455     497.6088    1920.8033     497.6696    0.2928    2625.5095    2607.7611 11.603 11.861  762 
   55889.438100     -57.9723     161.5098    -615.0375     165.3704    0.0635     408.4302     356.7208  3.546  4.122  762 
   56301.281100      22.1984     230.3917    -177.2270     231.8981    0.1536    -532.2176    -503.1494 -2.281 -2.715  762 
