   54116.305800   -3762.6998     280.2221   -3854.1775     280.4807    0.3835   -1419.2708   -1398.7770 -2.666 -3.958  762 
   54127.315500   -5986.3434     272.0739   -6015.2361     272.2559    0.7398   -2484.3075   -2430.6991 -15.583 -15.804  762 
   54127.409800   -3868.2945     228.0549   -3917.9241     228.4187    0.5973   -1762.7713   -1703.4587 -10.504 -10.151  762 
   54127.505600   -1111.7938     177.3025   -1258.7003     178.1993    0.2959   -1566.9828   -1459.2575 -10.352 -9.187  762 
   54149.242500   -1783.8047     169.4900   -1732.7760     170.5177    0.3261      70.6650      65.1363  2.124  0.404  762 
   54149.261900   -1772.1554     199.8582   -1836.1766     200.1254    0.2304   -1353.3916   -1320.7125 -1.496 -4.840  762 
   54152.347000   -1424.6248     139.9594   -1519.6441     141.1841    0.4303    -926.0369    -823.5341 -8.268 -8.248  762 
   54201.227200   -2861.2719     210.6175   -2838.9167     211.0785    0.4042    -536.9565    -520.8234  1.657 -2.004  762 
   54201.240900   -3993.7707     180.9613   -4081.5738     181.8181    0.6258    -501.6703    -471.5098 -1.188 -2.460  762 
   54201.251200   -2110.6304     192.6387   -2111.2975     193.3284    0.4833   -1493.8429   -1422.7624 -5.790 -6.507  762 
   54230.228100    2174.5180     118.6060    2086.6961     119.8092    0.1585    -968.0782    -847.4810 -15.554 -12.111  762 
   54260.167300    -648.0531     146.0014    -645.4700     146.9214    0.2448   -1307.8751   -1193.6919 -11.719 -10.845  762 
   54261.167200    1254.7078     189.5383    1272.5760     189.9587    0.0499   -1723.5154   -1661.8200 -7.617 -8.416  762 
   54264.169000    2347.8679     125.0687    2205.2523     126.0110    0.1811    -903.0219    -807.9373 -14.195 -10.736  762 
   54265.188900    1751.6611     142.6816    1611.3369     143.4214    0.0470   -1358.7791   -1255.7139 -14.983 -10.166  762 
   54384.475400   -3993.3985     165.7531   -3950.1182     166.8036    0.4369     840.2967     770.7064  9.956  4.961  762 
   54384.485900   -3377.5692     166.8059   -3410.0632     167.8402    0.3687     623.1672     572.7392  9.149  3.620  762 
   54385.512900   -2573.3214     206.2809   -2557.5768     206.6777    0.3171     601.8787     571.3906  5.386  5.561  762 
   55884.428500    3243.4424     513.1382    3166.0276     513.2294    0.2319    -183.0460    -181.0904 -0.977 -0.826  762 
   55889.438100     351.4591     189.3884     122.1615     191.3474    0.1108     500.8708     439.8754  5.816  5.149  762 
   56301.281100     -24.9086     277.0130    -131.5101     278.2014    0.1596    -852.3855    -804.0688 -3.916 -4.153  762 
