   54116.305800     871.9987     277.3579     806.6848     277.4506    0.0021    -796.0478    -789.8814 -2.490 -2.202  762 
   54127.315500     199.6127     272.0325     172.4587     272.1080    0.3234    2296.2072    2268.3801 15.103 14.176  762 
   54127.409800    -427.7440     224.5484    -465.6559     224.7182    0.2536    2059.9904    2018.2553 11.985 11.682  762 
   54127.505600    -710.8261     170.9649    -811.5790     171.5662    0.0253     985.9013     935.1175  5.723  5.780  762 
   54149.242500    -225.0400     162.0127    -214.6576     162.6342    0.1264     832.2468     788.7117  4.392  4.786  762 
   54149.261900     913.3893     198.1259     830.8365     198.2360    0.1269     357.2958     352.3160  1.158  1.260  762 
   54152.347000   -1116.2672     134.7202   -1165.2531     135.7630    0.1476     510.4161     467.6001  3.672  4.383  762 
   54201.227200   -1601.2089     200.4846   -1606.9533     200.6935    0.0944    1066.1107    1045.4632  2.898  4.104  762 
   54201.240900    -406.5259     173.4105    -419.6159     173.8104    0.1157    1110.1881    1068.0666  4.271  5.474  762 
   54201.251200     -55.6301     184.0852    -123.0189     184.4314    0.0021     113.8798     110.3579  0.440  0.506  762 
   54230.228100     473.6370     110.4303     414.8499     111.7681    0.1508     131.8657     118.6181  1.806  1.675  762 
   54260.167300     111.0240     134.5906      97.5132     135.2925    0.0112    -159.2886    -148.7103 -1.568 -1.415  762 
   54261.167200     175.2672     178.0035     119.0631     178.2297    0.0258    -284.2533    -276.8981 -1.961 -1.467  762 
   54264.169000    -316.6802     116.8385    -394.5106     117.8120    0.0751      40.8774      37.3071 -0.438  0.505  762 
   54265.188900    -251.9137     137.8607    -238.2585     138.3254    0.0920    -287.9011    -272.9341 -1.944 -2.133  762 
   54384.475400    -435.7719     156.1004    -436.0363     156.7126    0.0526     188.2429     178.0967  0.724  1.143  762 
   54384.485900    -311.2016     158.9911    -350.0513     159.5768    0.0574      60.4422      57.3756 -0.223  0.354  762 
   54385.512900    -390.8208     201.1653    -413.3053     201.4630    0.1348    -368.0285    -354.9837 -2.377 -3.410  762 
   55884.428500     419.9797     508.3603     386.1562     508.4016    0.1424    1382.1833    1373.0652  6.077  6.258  762 
   55889.438100     851.8806     175.4751     611.7813     177.3048    0.1762      -9.4394      -8.5499  1.380 -0.100  762 
   56301.281100    -487.4277     259.3150    -506.1402     259.9812    0.0993      -9.7358      -9.3544 -1.168 -0.050  762 
