   54116.305800    7310.0438     239.8817    7130.8303     240.4787    0.3179   -4228.7750   -4128.7141 -12.340 -11.695  762 
   54127.315500    2939.8575     261.9175    2869.7672     262.2799    0.0312   -2659.2024   -2585.3046 -16.635 -16.780  762 
   54127.409800    2963.8120     214.3025    2853.1209     215.1308    0.1762   -1767.4549   -1683.9791 -11.263 -10.037  762 
   54127.505600    7171.7623     159.8117    7001.3030     162.4655    0.5801   -1591.8463   -1413.8960 -8.713 -8.883  762 
   54149.242500   -2733.0308     153.3360   -2753.0361     156.7722    0.5550    -677.4625    -583.7304 -3.487 -3.604  762 
   54149.261900    1620.4112     179.4132    1303.6359     180.1347    0.1112   -2791.1701   -2679.8474 -10.355 -9.818  762 
   54152.347000    -317.7748     131.6068    -589.8210     136.3884    0.2008    -528.9739    -423.6745 -5.035 -4.215  762 
   54201.227200    4926.5229     183.1569    4915.7550     184.2990    0.5423   -1035.0436    -986.6126 -3.688 -3.764  762 
   54201.240900    4729.6254     159.4674    4668.1844     161.7294    0.6081    -622.5912    -563.4602 -3.464 -2.935  762 
   54201.251200    4865.3549     168.8086    4724.6543     170.7143    0.4998   -1347.5938   -1243.9660 -5.199 -5.662  762 
   54230.228100    6185.5426     114.5151    6017.2776     118.7689    0.4726    -427.5623    -340.4391 -4.303 -4.710  762 
   54260.167300    1790.7163     137.6449    1955.8672     140.1616    0.1855    -665.3259    -577.7425 -5.495 -5.077  762 
   54261.167200    3064.7510     174.1605    3089.1656     175.1098    0.1666   -1640.1330   -1556.5754 -7.565 -7.705  762 
   54264.169000    6677.2586     121.5309    6442.0514     124.6212    0.4671    -536.9722    -449.2643 -5.190 -5.751  762 
   54265.188900    3818.3476     133.1479    3318.9001     135.4668    0.2339    -386.1612    -340.4136 -3.748 -2.741  762 
   54384.475400   -2019.2925     150.6601   -1836.8485     153.6060    0.2751    -465.9379    -402.5930 -2.969 -2.570  762 
   54384.485900   -2367.8030     151.1493   -2373.0977     154.1732    0.3472    -422.7140    -365.9374 -2.630 -2.303  762 
   54385.512900   -1195.4800     202.4688   -1105.2282     203.5367    0.1495      78.3322      72.3299  0.506  0.695  762 
   55884.428500    2792.9761     501.6749    2669.5708     501.8729    0.1227   -1134.4682   -1117.5008 -3.892 -5.077  762 
   55889.438100   -3857.8789     183.4631   -4731.8295     190.3688    0.5856     289.6714     225.6401  2.602  2.598  762 
   56301.281100   -1442.6239     246.6755   -1722.8976     250.1347    0.4920   -1333.7232   -1207.6578 -6.889 -6.200  762 
