   54116.305800   54735.6708     277.2416   54106.9807     281.0023    0.9261   -8857.9722   -8342.4422 -23.904 -23.594  762 
   54127.315500   28627.0905     299.2921   28358.5273     302.1531    0.8477   -1733.6742   -1602.1992 -11.459 -10.149  762 
   54127.409800   29574.5638     256.1099   29418.2734     261.6550    0.8664   -1968.5586   -1732.6087 -10.856 -10.222  762 
   54127.505600   38229.7260     208.8136   40080.5887     221.9959    0.9332   -1899.8711   -1455.7242 -9.186 -9.140  762 
   54149.242500   25577.9796     204.7556   27398.9184     219.6065    0.7970    -188.6700    -140.5663 -0.953 -0.857  762 
   54149.261900   37978.3681     209.9122   37128.4166     214.3677    0.8429   -5250.8407   -4748.1981 -17.313 -17.187  762 
   54152.347000   23997.7650     185.4774   26144.0474     202.7822    0.8230    -260.7968    -172.4841 -1.381 -1.650  762 
   54201.227200   28058.0819     227.6706   28187.2699     234.2272    0.9519    -585.9191    -525.7196 -1.894 -2.000  762 
   54201.240900   28500.0213     207.7084   29417.2492     218.9615    0.9613    -759.9665    -612.4815 -2.913 -3.172  762 
   54201.251200   28360.8594     215.8994   28853.8649     225.6087    0.9550   -1203.3922   -1010.1620 -4.757 -4.578  762 
   54230.228100   35602.6819     164.9961   38881.2711     183.3501    0.8957     451.6932     288.5211  3.198  3.803  762 
   54260.167300   35039.3553     185.2921   35265.7726     198.3950    0.9734     187.2206     138.4987  0.658  1.176  762 
   54261.167200   34140.3612     215.2744   34018.7784     220.8291    0.9711    -328.9445    -290.3772 -2.155 -1.402  762 
   54264.169000   37203.3519     169.8786   38367.0207     184.6796    0.9098      28.5099      19.4950  0.320  0.239  762 
   54265.188900   37785.1689     175.4863   39392.2150     186.2710    0.9528    -119.2226     -90.1017 -1.473 -0.713  762 
   54384.475400   31609.8206     199.8558   32841.8801     213.2086    0.8268     226.7249     169.1443  0.921  1.072  762 
   54384.485900   32034.3752     200.5191   33117.5862     213.7641    0.8373     155.2944     116.9234  1.174  0.725  762 
   54385.512900   29885.5051     245.8188   31129.3549     253.1982    0.8145    -383.3212    -316.0780 -3.842 -3.006  762 
   55884.428500  -67945.8528     542.3825  -69069.0203     544.9526    0.9726   -3363.5751   -3185.8573 -15.229 -14.506  762 
   55889.438100  -60451.0445     278.2080  -67425.4489     313.9564    0.9451     420.0891     250.1931  3.327  2.909  762 
   56301.281100 -132728.6523     359.4295 -139128.0114     385.0053    0.9816   -1755.4050   -1354.4297 -7.317 -7.134  762 
