   54116.305800   -7025.6650     238.9653   -6992.6951     239.2478    0.8420   -7120.5077   -7058.6478 -19.025 -19.883  762 
   54127.315500   -2499.5238     258.9973   -2609.3273     259.1380    0.6418   -3308.3774   -3256.3400 -21.361 -20.551  762 
   54127.409800   -1513.5718     207.0485   -1670.7499     207.3806    0.5369   -2226.3676   -2166.0939 -12.854 -12.733  762 
   54127.505600    -551.4528     148.3708    -824.2969     149.7469    0.2178    -599.8244    -557.2242 -3.496 -3.500  762 
   54149.242500   -2133.0684     139.5244   -2183.3914     141.0673    0.5295    -472.1686    -433.1622 -2.599 -2.648  762 
   54149.261900   -5224.7182     175.5964   -5229.4269     175.8403    0.7018   -5459.4160   -5355.8007 -19.972 -19.332  762 
   54152.347000   -1905.3623     117.5415   -2295.8413     120.2686    0.4404    -109.3672     -95.1917 -2.726 -0.909  762 
   54201.227200    1052.5834     172.7681     959.8840     173.1631    0.2426     329.8871     322.6668  1.876  1.241  762 
   54201.240900    1391.9559     147.8898    1266.0979     148.7833    0.1802    -398.4229    -377.2989 -1.760 -1.955  762 
   54201.251200     459.1093     157.5741     359.1042     158.2900    0.0705      19.5055      18.7173  0.617  0.085  762 
   54230.228100    2521.0868     100.8062    2251.0451     103.8874    0.3274     106.4208      91.0454  0.340  1.232  762 
   54260.167300    5926.0973     122.3990    5960.5655     123.5854    0.7569     167.8300     154.6916  1.214  1.362  762 
   54261.167200    4525.5698     162.4592    4505.8470     162.7531    0.6838     739.5817     720.9665  2.540  3.581  762 
   54264.169000    4216.5606     108.7706    4170.3007     110.6607    0.5372     173.6638     154.3986  2.823  1.965  762 
   54265.188900    2004.6682     122.3344    1903.3769     123.3679    0.4034     898.1523     832.9270  6.424  6.590  762 
   54384.475400    -621.4178     136.0168    -447.7947     137.2410    0.0632     148.0670     136.0827  1.836  0.870  762 
   54384.485900    -566.9411     137.2957    -487.7342     138.4988    0.0229     398.8394     367.7963  2.642  2.284  762 
   54385.512900    -344.9377     191.9157    -309.0839     192.4415    0.0518      13.1128      12.4852  0.697  0.120  762 
   55884.428500   -4192.7236     492.5767   -4249.1991     492.6500    0.5531   -4302.4850   -4268.5554 -20.300 -19.515  762 
   55889.438100   -2967.8809     158.7393   -3523.6355     163.7437    0.7333    -416.5839    -350.5240 -3.764 -4.131  762 
   56301.281100    -110.0369     222.8545    -208.9133     224.2857    0.1003    -268.0473    -252.4728 -3.075 -1.344  762 
