   54116.305800    4834.7218     280.8916    4856.3066     281.1321    0.3852    -649.3567    -644.1732 -0.147 -1.792  762 
   54127.315500   -2278.6954     275.2787   -2285.6867     275.3991    0.0552    2789.8728    2753.2398 15.822 17.154  762 
   54127.409800   -1897.5343     227.3489   -1896.1627     227.5928    0.1136    2647.6119    2596.0614 14.960 15.006  762 
   54127.505600    -869.5783     173.6990    -910.5043     174.4300    0.0047     984.2781     936.7005  8.879  5.809  762 
   54149.242500    1822.1679     165.3855    1688.2370     166.2396    0.1267   -1099.3471   -1038.3490 -5.984 -6.315  762 
   54149.261900    4113.9206     200.7410    4057.3665     200.9424    0.5458    3525.2870    3470.5667 13.221 12.419  762 
   54152.347000     161.5506     136.5424    -194.2108     137.8128    0.0662    -223.6004    -206.4185 -1.550 -1.934  762 
   54201.227200   -2800.2156     203.3073   -2823.3459     203.7350    0.3821     449.2319     439.2788  1.081  1.742  762 
   54201.240900   -2848.4794     176.9754   -2740.8572     177.5405    0.3481     676.7660     650.5048  4.401  3.346  762 
   54201.251200   -1559.4130     186.9793   -1581.6648     187.5248    0.1370     713.5920     690.9484  5.499  3.191  762 
   54230.228100    2237.6138     109.7392    1892.3258     111.4664    0.2457     138.3288     127.3761  5.634  1.815  762 
   54260.167300   -1013.9258     134.9485    -986.6972     135.7983    0.1537     -49.3129     -46.4791  2.616 -0.450  762 
   54261.167200   -1121.1176     179.0027   -1186.8958     179.3585    0.1068     336.9456     328.8467  2.720  1.779  762 
   54264.169000    1700.0802     115.3477    1613.6664     116.5314    0.2421     321.7177     300.5360  8.292  4.128  762 
   54265.188900     652.6461     139.2764     596.3420     139.8438    0.0839     237.7092     227.3903  6.956  1.775  762 
   54384.475400    -496.3384     158.7382    -423.0404     159.4404    0.1342    -652.0191    -616.4213 -6.863 -3.982  762 
   54384.485900    -388.3051     162.3756    -314.8880     163.0492    0.2270   -1423.7716   -1350.1323 -10.925 -8.335  762 
   54385.512900    -606.2369     203.1241    -607.3008     203.4283    0.2562   -1493.6255   -1441.6757 -15.972 -13.882  762 
   55884.428500   -2374.3816     510.6246   -2391.6960     510.6850    0.3380    7815.4104    7762.0445 34.955 35.607  762 
   55889.438100    -423.8899     178.6625    -980.9705     180.9904    0.0481     751.9308     678.5283  5.654  7.963  762 
   56301.281100   -2381.9383     264.3191   -2264.4313     265.2269    0.5426   -2775.3861   -2657.0581 -15.943 -14.402  762 
