   54116.305800   14246.0879     283.1873   13502.4506     284.9040    0.2645   -9929.0131   -9647.0884 -39.960 -26.992  762 
   54127.315500   -2821.2374     289.4713   -3059.2470     290.2552    0.3841    -671.5813    -650.9299 -4.938 -3.993  762 
   54127.409800     864.0942     241.9444     504.5326     243.4390    0.0139    -642.4127    -611.1341 -3.292 -3.533  762 
   54127.505600    7257.8787     189.5343    6337.4141     192.6245    0.3563   -1557.6659   -1400.3502 -10.896 -8.741  762 
   54149.242500   -1273.4325     185.7695   -1702.5944     189.3811    0.3159    -884.7480    -783.7423 -4.970 -4.722  762 
   54149.261900    9328.2869     206.7303    8319.9592     208.1866    0.1310   -6843.1333   -6555.0262 -28.054 -23.335  762 
   54152.347000     508.7868     161.3003    -247.9257     164.9802    0.0798    -353.9805    -300.9416 -2.724 -2.741  762 
   54201.227200    1155.6300     218.2158     651.8814     220.9539    0.0230    -462.2109    -438.2838 -2.523 -1.701  762 
   54201.240900    3617.8956     193.0295    3161.9692     196.2181    0.2510   -1194.7518   -1089.7871 -6.381 -5.599  762 
   54201.251200    5532.9761     202.9302    5051.3643     205.9959    0.3252   -1957.3409   -1811.9590 -9.116 -8.267  762 
   54230.228100    6324.0595     133.6402    5793.3802     136.4801    0.4057     394.0647     338.7393  3.949  4.444  762 
   54260.167300    6417.2666     158.1124    5913.7149     160.6657    0.3761     427.7813     383.6392  3.220  3.385  762 
   54261.167200    4507.6013     200.4257    4029.6874     202.7189    0.3443     693.1672     652.2846  3.252  3.267  762 
   54264.169000    8942.8255     138.2615    8085.9621     140.6096    0.4286      19.2905      16.9907  1.554  0.213  762 
   54265.188900   10144.4147     155.2565    9237.6600     157.5863    0.4799     401.2766     361.8143  2.009  2.798  762 
   54384.475400   -4223.4440     180.9085   -3738.2508     184.0207    0.3646    -671.7992    -593.6588 -4.870 -3.781  762 
   54384.485900   -3230.5053     183.2677   -2887.1382     186.4355    0.2884    -396.7942    -353.1661 -2.872 -2.154  762 
   54385.512900   -3637.9448     219.8702   -3474.9984     220.9362    0.3265     -76.4043     -71.2916 -0.657 -0.678  762 
   55884.428500    2734.6853     515.5667    2689.9564     515.9650    0.0013   -2757.9990   -2708.7824 -12.743 -12.429  762 
   55889.438100   -4412.6979     208.6253   -4518.8398     213.2173    0.5500      27.8542      23.5099 -0.272  0.279  762 
   56301.281100   -4796.0811     290.5388   -4992.1710     295.6065    0.6311   -1129.9699   -1020.0979 -6.605 -5.599  762 
