   54116.305800   18301.3744     289.9505   18093.2662     291.0014    0.8468   -1071.1004   -1041.6212 -1.913 -2.886  762 
   54127.315500  -17086.6626     293.1172  -16943.4531     293.7238    0.7879    3023.0734    2909.9355 17.938 17.814  762 
   54127.409800  -16533.6498     247.5161  -16413.2250     248.8082    0.8173    2069.6933    1947.7888 11.619 11.142  762 
   54127.505600  -14239.1871     198.2180  -14640.7470     202.5702    0.7073     291.3918     253.6944  3.010  1.560  762 
   54149.242500   -1173.4523     188.8638   -1396.5762     193.1446    0.4108   -1285.9499   -1112.4247 -6.843 -6.684  762 
   54149.261900    7814.8906     211.8052    7135.7860     212.8703    0.5369     576.8265     549.3919  3.198  1.944  762 
   54152.347000    6993.0807     163.1964    7259.6909     168.6253    0.7192    -194.6955    -159.2653 -1.727 -1.441  762 
   54201.227200   -4778.6789     219.5717   -4911.8545     221.4011    0.5618    -731.6831    -688.9799 -1.869 -2.723  762 
   54201.240900   -3772.3742     196.9827   -3508.3563     199.8424    0.4078    -121.2196    -109.2008  0.025 -0.557  762 
   54201.251200   -5810.8675     206.4366   -5330.4156     208.8686    0.5083    -274.9272    -251.8828  0.021 -1.156  762 
   54230.228100   22497.3306     132.8263   23541.7861     139.6555    0.9422    -512.8566    -410.9078 -4.549 -5.631  762 
   54260.167300  -11456.3976     161.9056  -12335.6785     167.1176    0.6007    -250.0821    -209.4540 -0.210 -1.987  762 
   54261.167200  -11883.8488     199.2610  -12216.2260     201.0669    0.6168   -1020.7791    -946.5286 -2.512 -5.047  762 
   54264.169000    1219.3773     141.7834     395.9721     148.0769    0.0162    -123.8544    -100.9268 -1.038 -1.342  762 
   54265.188900    3444.7127     159.2726    3086.4753     162.4875    0.1310    -464.2213    -407.6345  0.028 -3.127  762 
   54384.475400   24503.5696     176.3600   24678.2434     179.4203    0.8606   -1147.7172   -1002.7824 -7.937 -6.418  762 
   54384.485900   25253.1325     179.5994   25237.3624     182.5452    0.8857   -1631.0362   -1437.6984 -9.962 -8.753  762 
   54385.512900   24894.0093     219.3302   25231.6257     221.0509    0.7950    -977.0025    -892.1820 -8.445 -8.484  762 
   55884.428500  -10011.7490     523.0981  -10215.5371     523.5150    0.2303    6106.1468    5967.5316 27.667 27.270  762 
   55889.438100  -20800.4251     223.9285  -24498.3395     237.2638    0.8843     863.5889     654.0109  7.278  7.628  762 
   56301.281100   23845.0645     284.8597   23340.8690     288.9403    0.8645   -2382.1250   -2138.0542 -13.414 -11.682  762 
