   54116.305800   -1176.5168     220.5269   -1252.0318     220.6375    0.4446   -2493.2535   -2470.3791 -7.240 -6.928  762 
   54127.315500    -249.2455     255.5098    -303.9722     255.5733    0.3880   -2592.4432   -2565.2474 -15.875 -15.962  762 
   54127.409800     303.4896     200.4083     230.2523     200.5576    0.2780   -1801.6370   -1766.9909 -10.984 -10.300  762 
   54127.505600     881.8339     137.4948     802.1916     138.1715    0.0719    -559.6254    -528.5446 -3.007 -3.298  762 
   54149.242500     750.5621     127.0005     716.4469     127.8002    0.2657     288.0199     269.4454  1.661  1.634  762 
   54149.261900    1948.5845     165.2266    1841.4812     165.3489    0.2685   -4028.0004   -3966.0470 -14.138 -14.227  762 
   54152.347000    1002.4024     106.9872     866.1774     108.3178    0.3077     251.2025     226.9744  1.736  2.102  762 
   54201.227200    1379.3915     159.7595    1314.0999     159.9870    0.2937     236.5192     231.8277  2.086  0.894  762 
   54201.240900     746.7411     136.5854     696.1313     137.0788    0.2919     595.6959     570.0254  3.021  2.940  762 
   54201.251200    1292.9534     145.2670    1192.3359     145.6735    0.2570      94.8867      91.6552  0.705  0.418  762 
   54230.228100     823.9001      92.9543     735.0640      94.5519    0.1998     159.0065     141.2191  1.607  1.860  762 
   54260.167300    2433.7747     114.6605    2430.8306     115.2952    0.5512     339.9374     318.7377  3.333  2.786  762 
   54261.167200    2292.7404     153.9177    2275.3799     154.0843    0.5372     807.5176     790.6903  3.476  3.935  762 
   54264.169000    3757.6354     101.3830    3783.6129     102.2845    0.6326     110.4300     101.4402  2.864  1.265  762 
   54265.188900    3791.3474     114.6530    3755.0297     115.1274    0.6172     122.4080     116.0403  0.714  0.905  762 
   54384.475400   -1826.5471     125.5650   -1829.5442     126.3235    0.3538     428.9921     400.3917  2.436  2.550  762 
   54384.485900   -1841.1659     127.1561   -1861.7737     127.8756    0.3881     179.7567     168.3779  1.017  1.036  762 
   54385.512900   -1332.8300     186.6753   -1353.1408     186.9209    0.2585      68.4909      66.2059  0.627  0.630  762 
   55884.428500      -2.7769     486.4882     -71.8465     486.5258    0.2753   -3683.5879   -3662.0448 -14.121 -16.766  762 
   55889.438100   -1914.5977     143.5863   -2143.2992     146.2237    0.6797    -349.4622    -306.7961 -3.711 -3.585  762 
   56301.281100     733.4656     202.8429     719.0975     203.6342    0.3510     698.1316     664.8724  3.753  3.582  762 
