   54116.305800    2806.0288     231.7603    2714.2637     231.8004    0.4622   -6419.1405   -6386.7611 -18.071 -17.876  762 
   54127.315500    -877.8670     257.9448    -907.1125     257.9566    0.4977   -3143.1526   -3130.4297 -19.300 -19.269  762 
   54127.409800    -189.8088     203.0412    -231.1307     203.0686    0.4050   -2368.1956   -2351.7259 -13.506 -13.598  762 
   54127.505600     723.9837     139.4630     688.2119     139.5379    0.0937   -1044.9666   -1027.0332 -6.497 -6.363  762 
   54149.242500     -78.4490     129.8829    -108.5805     129.9818    0.0273     213.2699     208.5558  1.257  1.251  762 
   54149.261900    1975.2346     170.5560    1870.5977     170.5851    0.2628   -4250.5679   -4221.2170 -15.631 -15.049  762 
   54152.347000    -416.8666     106.0046    -498.1271     106.1887    0.0928     152.4752     148.0489  0.715  1.352  762 
   54201.227200     639.5592     167.7379     592.9486     167.7798    0.0730    -211.6446    -209.7484 -0.301 -0.806  762 
   54201.240900    -126.5097     141.1895    -169.9842     141.2564    0.0549     -62.4594     -61.4960 -0.151 -0.315  762 
   54201.251200     225.7317     151.3551     190.1201     151.4088    0.0867    -590.5287    -582.9869 -2.426 -2.642  762 
   54230.228100     929.3967      89.2121     896.9922      89.4010    0.3665     312.0958     302.0447  4.752  3.887  762 
   54260.167300     796.4568     114.8938     779.1050     114.9750    0.2687     172.1129     168.7058  2.718  1.452  762 
   54261.167200     366.3728     158.7344     318.1458     158.7716    0.2366     990.6637     981.0920  4.637  4.841  762 
   54264.169000    1082.2506      99.3127    1047.8929      99.4293    0.2689      87.1416      85.0855  1.366  1.039  762 
   54265.188900    1072.6861     115.4503    1003.1220     115.5321    0.3303     626.0338     615.4088  4.340  4.743  762 
   54384.475400    -113.7344     127.0687    -153.0887     127.1641    0.0140     105.1590     102.8072  0.413  0.648  762 
   54384.485900      75.5385     129.0425      22.2406     129.1396    0.0454     162.7322     159.2917  0.894  0.969  762 
   54385.512900    -460.0057     185.7309    -474.4262     185.7597    0.0645     130.7350     129.3871 -0.042  1.212  762 
   55884.428500    1653.7552     488.2155    1590.1829     488.2267    0.1145   -3103.4520   -3096.3402 -13.471 -14.086  762 
   55889.438100    -617.8267     137.7031    -640.6277     138.0059    0.2880     -68.9299     -66.3976 -1.628 -0.765  762 
   56301.281100    -788.7894     209.5662    -828.5757     209.6955    0.2044      59.7108      58.6354 -0.387  0.315  762 
