   54116.305800    6787.7801     187.4225    6534.9980     187.8310    0.7995    3758.8856    3684.6742 12.854 10.193  762 
   54127.315500    4219.6441     256.1610    4221.6661     256.2668    0.6875    4265.4627    4199.9393 27.626 24.807  762 
   54127.409800     -31.4593     195.6463      37.5874     195.9931    0.5407    3997.3362    3865.2888 21.853 21.767  762 
   54127.505600    -362.4369     128.0949    -378.9888     130.2834    0.1725    1614.3703    1425.2924  9.051  8.733  762 
   54149.242500    1066.3850     114.9941    1044.9464     117.8091    0.3357     170.8769     148.6493  0.731  0.872  762 
   54149.261900    1284.5410     149.9664    1075.6496     150.3868    0.6901    7624.7623    7388.0705 24.997 25.768  762 
   54152.347000    -104.5310     104.1089     346.7681     107.4966    0.1129     422.1945     346.6944  3.211  2.947  762 
   54201.227200     225.6949     137.2307     105.5933     138.2009    0.0380     106.8470     101.3062  0.541  0.397  762 
   54201.240900    1325.8705     122.4781    1339.9376     124.1875    0.3410     143.5440     130.3274  0.184  0.659  762 
   54201.251200     694.9943     127.8416     706.8979     129.2743    0.0931    -311.2356    -287.0626 -1.655 -1.304  762 
   54230.228100   -4094.1077      94.9471   -4766.6269      99.9693    0.4859     116.4664      90.3077  1.405  1.129  762 
   54260.167300   -2618.6768     110.7213   -3068.2183     114.0884    0.3473       0.0000       0.0000  2.797  0.000  762 
   54261.167200   -2348.8637     141.5104   -2517.3326     142.2576    0.2826    1082.0957    1024.4599  5.000  5.205  762 
   54264.169000   -4692.9543     104.6691   -4915.9429     107.8330    0.5790    -655.1304    -541.9108 -7.335 -6.633  762 
   54265.188900   -2486.1492     113.4317   -2596.0637     114.9518    0.3283    -122.7297    -109.1705 -0.872 -0.813  762 
   54384.475400    1379.6667     113.8251    1127.1341     116.3660    0.2384     -56.6815     -49.6872 -0.289 -0.312  762 
   54384.485900    2068.1926     115.5000    1886.0318     117.7940    0.3328    -406.5088    -360.8229 -1.920 -2.138  762 
   54385.512900    1481.6634     185.8363    1386.4185     186.5027    0.2760     308.6172     293.3564  1.573  2.720  762 
   55884.428500       0.0000       5.9418       0.0000       5.9418      -nan       0.0000       0.0000 11.248  0.000  762 
   55889.438100    2598.4579     133.7505    2710.0380     140.7882    0.6867     816.3895     653.9053  7.509  7.638  762 
   56301.281100    2491.5119     176.6427    2416.4988     179.9726    0.3742    -777.3328    -694.2895 -4.447 -3.915  762 
