   54116.305800    4792.1400     201.2807    4633.9885     201.4647    0.3097   -2438.1266   -2401.1800 -6.693 -6.778  762 
   54127.315500     -83.4348     248.8771    -116.9441     248.9482    0.2373   -1507.9321   -1489.2128 -10.662 -9.414  762 
   54127.409800      19.2647     193.6104     -47.6064     193.8073    0.2410   -1210.1175   -1180.5797 -7.139 -6.957  762 
   54127.505600    1234.2724     129.2537    1159.5946     130.2890    0.1038    -804.7326    -746.5740 -4.466 -4.688  762 
   54149.242500    1436.8867     117.6635    1334.5334     118.9341    0.4143     427.1400     389.0421  1.856  2.377  762 
   54149.261900    2177.2123     154.9106    2057.7101     155.0773    0.1125   -1157.4757   -1133.1377 -5.077 -4.100  762 
   54152.347000     773.7963     100.2516     518.5009     102.5020    0.1647      99.4233      86.4613  0.136  0.823  762 
   54201.227200     -58.6094     149.0145     -44.5413     149.3251    0.0871     463.6113     450.0302  1.654  1.720  762 
   54201.240900      29.7935     127.3279      62.8950     128.0406    0.0659     228.6626     215.0158  1.163  1.115  762 
   54201.251200     311.1358     135.2986     308.3163     135.8609    0.0742      52.4971      49.9720  0.149  0.227  762 
   54230.228100    3651.0327      88.2200    3614.8393      90.5014    0.6416     141.3082     122.1057  1.909  1.616  762 
   54260.167300    1866.2435     110.9513    1886.8748     111.8758    0.5232     368.8545     339.6394  2.148  2.913  762 
   54261.167200    1671.3435     148.6760    1607.2478     148.9027    0.2299    -244.5452    -237.6530 -1.887 -1.160  762 
   54264.169000    1671.8287      99.3946    1556.9305     100.8605    0.3133     238.6712     213.5496  1.550  2.643  762 
   54265.188900    1712.9001     109.9331    1648.3552     110.7036    0.3746     195.0633     181.2823  1.281  1.433  762 
   54384.475400    -326.8897     117.6581    -388.0578     118.7643    0.0708     107.3900      98.0249  0.960  0.624  762 
   54384.485900     539.9386     118.0393     480.6068     119.0788    0.1478      91.7621      84.1773  0.441  0.522  762 
   54385.512900    -823.3248     183.3035    -836.4343     183.6458    0.2573    -445.3312    -428.0520 -3.212 -4.085  762 
   55884.428500     453.2909     481.5263     378.7559     481.5708    0.1801   -2665.7594   -2647.3381 -12.676 -12.098  762 
   55889.438100    -538.4977     136.4853    -675.1168     140.3455    0.1786     111.7031      94.6071  1.153  1.104  762 
   56301.281100     333.8135     190.9752     140.7151     192.2718    0.0090    -113.0453    -105.5944 -0.714 -0.560  762 
