   54116.305800    3274.3619     209.9440    3138.6922     210.2255    0.5235    1331.8674    1312.8618  4.165  3.635  762 
   54127.315500    -999.9494     260.4441   -1009.7499     260.5507    0.2220    2572.4782    2533.8713 14.896 15.118  762 
   54127.409800    -405.6869     202.3163    -439.0153     202.6054    0.1332    1163.5831    1130.2514  5.325  6.393  762 
   54127.505600     765.8930     137.4643     581.5301     138.8919    0.1697     221.2193     202.3462  1.143  1.239  762 
   54149.242500      60.9236     127.1117     -44.2199     128.8432    0.1496    -541.9617    -487.3307 -2.318 -2.872  762 
   54149.261900    1094.3901     161.5187     992.9374     161.7853    0.4537    3397.2984    3318.4959 11.057 11.615  762 
   54152.347000    -235.5948     111.3604    -346.5449     113.7109    0.0615     121.2938     104.7635  0.839  0.908  762 
   54201.227200    -194.4264     152.3726    -267.3524     152.9837    0.0247     415.5266     400.4754  1.034  1.564  762 
   54201.240900     679.4761     134.5925     525.6082     135.7388    0.1679     334.6063     311.5462  1.593  1.576  762 
   54201.251200     305.1992     141.3387     152.9044     142.3250    0.0463      53.1600      50.0556  0.603  0.227  762 
   54230.228100     365.1323      96.6471    -111.9826      99.7817    0.0384     -98.0196     -82.7452 -1.136 -1.051  762 
   54260.167300    -190.5720     116.0759    -356.2622     117.6050    0.1112    -142.7072    -128.2643 -1.352 -1.140  762 
   54261.167200     566.3547     149.8393     404.0585     150.3509    0.0391    -193.6676    -185.9762 -0.896 -0.946  762 
   54264.169000     282.7807     105.2715      27.0000     107.3209    0.0111      45.2311      39.7047 -1.514  0.491  762 
   54265.188900    -375.5408     118.0351    -525.8491     119.0974    0.0743      65.1798      59.8484  0.624  0.449  762 
   54384.475400     -65.9975     124.3949      14.2751     125.8463    0.0244    -120.1883    -108.4198 -0.508 -0.682  762 
   54384.485900      15.9809     126.6051      70.2235     127.9659    0.0699    -393.0887    -357.6975 -1.883 -2.133  762 
   54385.512900     -33.5890     189.6255      -9.3308     190.0613    0.0463    -251.5215    -240.0263 -1.207 -2.230  762 
   55884.428500    1767.4401     481.5170    1697.0511     481.5835    0.4725    5749.2078    5700.8849 24.309 25.982  762 
   55889.438100     -49.3153     145.3030    -231.2837     149.7474    0.0499     467.6259     389.8353  3.698  4.524  762 
   56301.281100     286.1652     197.0251     156.2704     199.0823    0.2212   -1081.2482    -990.6296 -5.740 -5.498  762 
