   54116.305800    1775.2375     215.9496    1711.9689     216.0525    0.4019    1583.8043    1571.5322  3.461  4.384  762 
   54127.315500    -373.5701     256.7790    -428.0995     256.8342    0.1581    1645.7542    1631.0654  9.173  9.916  762 
   54127.409800    -204.3531     199.8430    -232.9275     199.9620    0.0820     642.0482     631.2377  3.305  3.623  762 
   54127.505600    2088.5704     134.6563    1937.9723     135.2512    0.4226     217.8206     207.0693  1.450  1.285  762 
   54149.242500     183.3087     125.1912     135.0137     125.9025    0.0364      -1.5332      -1.4410  0.088 -0.009  762 
   54149.261900     641.7866     163.4256     505.7293     163.5475    0.1140     501.9563     494.6882  1.887  1.753  762 
   54152.347000      71.4780     106.0051    -120.2397     107.1463    0.0397     -41.2513     -37.6026  0.173 -0.339  762 
   54201.227200     441.2932     156.0635     386.9136     156.2742    0.1937     624.2229     613.2882  2.719  2.377  762 
   54201.240900     238.6329     134.3480     202.2767     134.7813    0.1473     422.9160     406.3531  1.778  2.077  762 
   54201.251200     720.7482     142.3902     636.1936     142.7567    0.1812     227.2908     220.2156  0.298  1.002  762 
   54230.228100    1654.4370      90.6656    1470.8985      91.9422    0.3531     284.9434     257.2945  2.713  3.323  762 
   54260.167300    2445.5483     112.3016    2300.1127     112.9065    0.4305      86.8076      81.9585  0.458  0.718  762 
   54261.167200     725.7963     151.2080     621.9044     151.3947    0.1509     204.1701     199.9530  1.505  0.999  762 
   54264.169000    1842.7167     100.0451    1788.5160     100.7788    0.3168     -32.7450     -30.3747  0.075 -0.377  762 
   54265.188900    2253.2363     113.9825    2091.2106     114.4340    0.4004     228.0871     217.0342  1.984  1.660  762 
   54384.475400      14.2002     122.6309      11.8178     123.2210    0.0030       2.2230       2.0902  0.219  0.013  762 
   54384.485900     215.8647     124.7154     196.1337     125.2816    0.0230    -105.4534     -99.6825  0.100 -0.603  762 
   54385.512900    -510.0102     185.7214    -534.8301     185.9152    0.0980      25.4584      24.7220  1.583  0.233  762 
   55884.428500    -642.1008     481.8581    -687.0741     481.8860    0.2436    3797.9402    3779.1285 18.846 17.277  762 
   55889.438100    -921.0590     138.9738   -1035.1208     141.0491    0.3849    -114.1415    -101.4062 -0.991 -1.187  762 
   56301.281100      81.7005     197.2699      40.6014     198.0239    0.0531    -251.1946    -239.7190 -1.340 -1.315  762 
