   54116.305800    2044.6432     254.0995    1904.1322     254.2261    0.1106   -2853.9760   -2825.9370 -8.958 -7.958  762 
   54127.315500     528.4460     261.4825     474.6621     261.5687    0.1838   -1824.8828   -1802.3821 -12.023 -11.568  762 
   54127.409800    1144.9780     212.8519    1072.7667     213.0369    0.0126   -1028.8139   -1006.8460 -5.715 -5.961  762 
   54127.505600    1649.8280     156.7378    1562.5899     157.4543    0.2871    -289.8798    -274.7608 -1.829 -1.721  762 
   54149.242500    -387.0012     147.9552    -421.5356     148.7939    0.0077     485.5122     455.7472  2.559  2.808  762 
   54149.261900    1735.5229     184.2366    1556.0465     184.3850    0.2577   -4353.1207   -4283.8315 -15.259 -15.622  762 
   54152.347000     -60.9018     121.9750     -98.0328     123.4247    0.0279     235.9935     213.5741  1.811  2.081  762 
   54201.227200      56.7998     186.9084       8.5563     187.1412    0.1965    1065.1249    1043.5899  4.593  4.025  762 
   54201.240900    -187.5343     158.8257    -295.6364     159.3668    0.0812     748.5820     716.6138  4.598  3.731  762 
   54201.251200     464.6848     169.5409     378.9425     169.9536    0.1897     703.4551     680.1094  3.919  3.114  762 
   54230.228100    1866.6044     103.6613    2027.0660     105.3478    0.3957     154.2900     137.2948  1.213  1.899  762 
   54260.167300     875.5845     128.4378    1012.4997     129.1653    0.2270     124.8622     116.6921  0.210  1.047  762 
   54261.167200     491.6382     171.9991     481.1486     172.1938    0.0375    -282.4400    -275.8468 -0.426 -1.399  762 
   54264.169000    2048.7269     111.5423    2099.4562     112.7008    0.4347     293.7461     267.4957  2.109  3.464  762 
   54265.188900    2188.1098     127.5607    2111.6140     128.1890    0.3820      78.5023      74.1358  1.017  0.592  762 
   54384.475400   -1076.3451     144.6210   -1112.4021     145.3945    0.1114     586.7884     549.7732  2.727  3.529  762 
   54384.485900    -708.0479     145.7773    -791.3002     146.5414    0.1345     185.0912     173.8861  0.774  1.091  762 
   54385.512900    -807.7770     195.4325    -845.8006     195.7986    0.1735     -79.9330     -76.8769  0.752 -0.739  762 
   55884.428500    1107.0359     503.4241    1038.3176     503.4709    0.3627   -6058.2757   -6018.5423 -26.254 -27.506  762 
   55889.438100    -841.6959     165.2271   -1081.5573     168.0313    0.4409    -369.4129    -328.2149 -4.290 -3.786  762 
   56301.281100    -707.0956     241.5736    -798.4100     242.3512    0.1131     256.8098     245.9128  1.381  1.284  762 
