   54116.305800    3535.6583     198.1537    3419.7740     198.2484    0.7761    6218.4729    6163.1535 17.407 17.029  762 
   54127.315500    3205.9827     253.8901    3197.7309     253.9170    0.6945    2808.6249    2787.0646 17.362 16.694  762 
   54127.409800    3671.5958     194.0912    3666.1531     194.1707    0.7269    1545.1508    1521.8848  8.878  8.605  762 
   54127.505600    3126.2894     125.3453    3129.0673     125.8781    0.7658     485.6536     459.6027  2.818  2.808  762 
   54149.242500    3375.9382     113.1766    3348.8985     113.8637    0.6057    -878.4484    -822.3899 -5.178 -4.865  762 
   54149.261900    4408.0432     154.1268    4293.4483     154.2174    0.7088    4235.9700    4180.4880 15.140 14.644  762 
   54152.347000    2907.7457      97.3673    2972.2225      98.3248    0.5760    -306.9256    -278.6368 -2.042 -2.435  762 
   54201.227200     741.3963     140.9008     667.4725     141.1340    0.1561      76.0696      74.2083  0.124  0.291  762 
   54201.240900    1153.7324     123.0790    1090.2957     123.5342    0.3330     221.2049     211.0058  0.816  1.068  762 
   54201.251200    1233.3937     129.5939    1163.9206     129.9605    0.2082    -363.2056    -349.2161 -1.183 -1.590  762 
   54230.228100   -1670.6329      86.4224   -1867.8729      88.1614    0.5252    -394.7607    -345.2543 -3.742 -4.454  762 
   54260.167300   -2955.6270     106.3099   -3107.7798     107.1485    0.6801    -305.1570    -281.4793 -2.732 -2.546  762 
   54261.167200   -3601.1323     141.3212   -3669.7236     141.5362    0.6682   -1240.1634   -1205.6943 -6.226 -6.222  762 
   54264.169000   -2407.7293      96.2709   -2598.8242      97.4094    0.5966    -405.3647    -366.7025 -3.759 -4.606  762 
   54265.188900   -2101.2813     109.9425   -2227.8521     110.4519    0.4975    -486.0735    -457.6070 -3.826 -3.434  762 
   54384.475400    4199.4480     110.8654    4159.5651     111.4440    0.7595    -462.6626    -434.4230 -2.960 -2.740  762 
   54384.485900    4409.7090     112.8220    4436.6248     113.3247    0.7515    -726.0936    -687.3762 -4.110 -4.111  762 
   54385.512900    3377.1362     181.6749    3387.1224     181.8253    0.5262    -192.5839    -187.6527 -1.782 -1.745  762 
   55884.428500   -1399.9454     479.0442   -1462.1424     479.0743    0.3225    5861.3602    5829.0528 26.806 26.544  762 
   55889.438100    -640.3266     128.7142    -789.9345     131.1979    0.1470     497.2690     436.6805  5.317  5.028  762 
   56301.281100   -1225.5218     179.6204   -1385.5364     180.6268    0.5582   -1170.4968   -1101.4453 -6.222 -6.075  762 
