   54116.305800    1853.5607     262.8169    1711.6735     263.0822    0.1687    -340.8899    -335.8568 -0.697 -0.934  762 
   54127.315500    2197.9536     271.4024    2152.9288     271.5852    0.4835    2025.9591    1991.0910 11.784 12.305  762 
   54127.409800      10.0002     222.2534     -38.1365     222.6554    0.1939    1291.3393    1251.2702  7.384  7.207  762 
   54127.505600   -1239.7353     167.0909   -1210.8777     168.4827    0.0435    1003.8544     926.4349  5.984  5.722  762 
   54149.242500     110.9059     158.0131      88.5127     159.6325    0.0558    -371.6774    -341.9529 -1.816 -2.063  762 
   54149.261900    1966.8252     191.3919    1820.5822     191.6956    0.1576    -574.1794    -560.2864 -1.664 -1.992  762 
   54152.347000    -668.3444     133.5864    -968.6403     136.3815    0.1700     150.3317     132.8674  1.522  1.220  762 
   54201.227200     726.4621     191.2121     634.0713     191.7973    0.1790     486.0670     469.8954  1.412  1.847  762 
   54201.240900     481.3787     167.6665     487.6805     168.7098    0.1622     436.5860     410.8439  1.892  2.101  762 
   54201.251200     414.2673     176.9534     395.9303     177.8181    0.0877     187.8389     178.4942  1.213  0.817  762 
   54230.228100   -2695.8819     112.7052   -2610.9769     115.7786    0.3385     -40.3784     -34.3514  1.792 -0.475  762 
   54260.167300   -1861.9412     134.8435   -1619.1017     136.4388    0.1875     104.3351      94.1311  0.515  0.888  762 
   54261.167200    -580.5737     174.2414    -561.0392     174.8031    0.0817      15.0761      14.4543  0.741  0.076  762 
   54264.169000   -4332.2057     119.0281   -4126.5417     121.1556    0.4486    -141.9137    -124.3922 -0.159 -1.659  762 
   54265.188900   -2033.7990     137.5233   -1870.8475     138.5846    0.1772      44.7316      41.0916 -0.888  0.318  762 
   54384.475400    2168.3813     151.7376    2063.4707     153.2545    0.3162    -235.0328    -217.0181 -1.035 -1.390  762 
   54384.485900    1583.5620     154.7763    1469.0726     156.2267    0.1943    -386.9494    -358.7731 -3.399 -2.196  762 
   54385.512900    2795.8232     200.3237    2733.5129     200.9981    0.3380    -265.6348    -253.9311 -2.335 -2.430  762 
   55884.428500    1946.1867     503.0989    1848.6656     503.2062    0.1768     708.8826     701.9924  2.694  3.204  762 
   55889.438100    1276.2038     174.0366     641.2832     178.6167    0.1727     271.9861     236.0061  1.623  2.776  762 
   56301.281100    1639.3057     248.7006    1356.1794     250.5531    0.1995    -156.3753    -146.6193 -1.825 -0.795  762 
