   54116.305800    7129.9106     275.4799    6971.0399     276.2538    0.5509   -1019.3330    -999.3060 -2.600 -2.781  762 
   54127.315500    1218.0454     279.0317    1159.1626     279.2840    0.3379    1691.2966    1655.8495  8.146 10.193  762 
   54127.409800    1251.7903     230.8255    1211.5283     231.3450    0.2164     467.2144     450.2262  2.580  2.595  762 
   54127.505600    1092.8325     178.2591     996.7978     179.9759    0.0816    -311.4319    -283.0707 -0.694 -1.761  762 
   54149.242500     451.7696     170.5479     130.2825     172.5841    0.0342    -344.3322    -311.9528 -2.364 -1.887  762 
   54149.261900    5437.6150     199.8067    5044.4704     200.4146    0.4709     285.7897     277.0545  1.252  0.985  762 
   54152.347000   -3454.2556     146.4452   -3794.7841     149.4443    0.5573     -73.7252     -63.3459 -0.940 -0.582  762 
   54201.227200    -676.6695     204.7015    -730.1301     205.7823    0.1926    -666.5496    -638.7527 -2.309 -2.517  762 
   54201.240900    -545.9498     179.7933    -564.1580     181.2355    0.1216    -214.2886    -199.1020 -1.506 -1.023  762 
   54201.251200     101.2403     189.1246      86.1719     190.4462    0.0350    -377.3698    -354.6508 -2.430 -1.632  762 
   54230.228100   -2503.3104     124.1574   -2521.7854     127.3641    0.3079    -107.4821     -88.5193 -0.949 -1.218  762 
   54260.167300    -984.3095     145.0139    -659.0104     146.6709    0.1132    -459.8258    -408.3146 -3.811 -3.827  762 
   54261.167200    -356.9889     183.9341     -75.4034     184.6890    0.0276    -159.0151    -151.6108 -0.920 -0.797  762 
   54264.169000   -6095.4541     129.8397   -5671.6705     132.1694    0.4830      12.1880      10.3146  1.070  0.137  762 
   54265.188900   -6504.4743     147.4571   -6247.9896     148.7873    0.4859     -71.4100     -64.4605  0.804 -0.499  762 
   54384.475400    4295.3885     162.7623    4165.3380     164.5550    0.5396    -103.2289     -93.8633 -1.060 -0.604  762 
   54384.485900    4295.8410     166.2068    4001.6468     167.9700    0.4633    -665.9058    -608.7201 -3.935 -3.731  762 
   54385.512900    3662.1612     208.2788    3552.7482     209.0941    0.3893    -376.6252    -354.9739 -3.107 -3.408  762 
   55884.428500    4672.3257     508.5737    4513.1455     508.7472    0.4592    3133.3414    3093.0536 15.846 14.205  762 
   55889.438100    2525.9575     189.5607    1678.9991     194.5068    0.3228     304.0840     256.9606  2.406  3.051  762 
   56301.281100    1051.5297     267.1140     577.6697     269.6425    0.0133    -522.4466    -482.4838 -2.680 -2.652  762 
