   54116.305800    5889.0493     265.1036    5743.7960     265.4600    0.0705   -6554.9899   -6438.2092 -18.489 -18.082  762 
   54127.315500   -1568.9867     273.7612   -1693.0934     273.9794    0.5188   -3246.1774   -3178.9055 -17.937 -19.844  762 
   54127.409800   -2506.4894     225.5073   -2677.0052     225.9848    0.5619   -1601.3430   -1543.0237 -9.777 -9.012  762 
   54127.505600    -861.1069     171.7261   -1160.8093     173.0562    0.3324   -1008.5775    -922.4496 -6.115 -5.768  762 
   54149.242500    -687.3224     163.9467    -663.5631     165.3789    0.1806    -251.8189    -230.0604 -1.093 -1.398  762 
   54149.261900    2762.3715     193.0209    2532.1261     193.3939    0.2770   -5284.8986   -5134.0599 -18.355 -18.446  762 
   54152.347000   -3262.5878     139.9668   -3379.2793     141.8238    0.6194    -141.2352    -123.0318 -1.386 -1.151  762 
   54201.227200    1862.0577     199.9718    1833.9832     200.5691    0.1041   -1127.9086   -1089.4096 -3.488 -4.196  762 
   54201.240900     622.2426     173.1943     495.0450     174.2691    0.0182    -629.3966    -587.8932 -2.548 -3.036  762 
   54201.251200     463.6833     183.8303     446.9715     184.7192    0.0253    -636.7624    -602.4777 -3.058 -2.746  762 
   54230.228100   -4328.6154     121.3674   -4398.1126     123.4817    0.5520     -12.4300     -10.5133  0.797 -0.139  762 
   54260.167300   -4018.0871     145.0375   -4035.5851     146.4168    0.4788     159.2913     143.2417  2.217  1.251  762 
   54261.167200   -3765.0725     186.0003   -3903.7020     186.6180    0.4458     163.2658     156.3323  0.366  0.776  762 
   54264.169000   -5073.0776     128.0102   -5200.1108     129.6799    0.5196     243.5377     211.7830  2.135  2.651  762 
   54265.188900   -4745.8478     142.2411   -4890.7717     143.3771    0.4769     349.7669     317.4336  2.682  2.485  762 
   54384.475400     116.7095     159.3974     109.4431     160.7790    0.0944     397.8069     363.2374  2.548  2.314  762 
   54384.485900    -558.7439     161.4183    -596.1258     162.7615    0.0705     235.2982     215.8661  2.044  1.331  762 
   54385.512900     335.1147     205.6092     329.6857     206.1259    0.0378    -122.7515    -116.4505 -0.538 -1.109  762 
   55884.428500    9292.3599     504.6618    9265.5765     504.7534    0.4193   -3139.6471   -3108.0497 -14.733 -14.216  762 
   55889.438100    4659.4899     181.9510    4599.7707     184.7292    0.5917    -212.7393    -183.9368 -2.464 -2.151  762 
   56301.281100   -2062.5430     260.8344   -1999.3777     262.5325    0.3712     -96.0382     -89.6285  0.124 -0.481  762 
