   54116.305800     666.2719     257.5448     478.8080     257.9079    0.2893   -3680.1115   -3617.1737 -10.117 -10.158  762 
   54127.315500   -6672.5016     271.4095   -6799.7666     271.6730    0.8064   -3122.1126   -3043.4658 -19.749 -19.058  762 
   54127.409800   -8279.9148     222.7675   -8493.1291     223.4340    0.8300   -1822.3292   -1742.3294 -11.520 -10.179  762 
   54127.505600   -5735.5938     170.1192   -6133.7713     172.4989    0.6854   -1216.4060   -1079.0312 -8.652 -6.743  762 
   54149.242500    -979.4693     160.0074   -1000.6774     162.3829    0.1883     102.2307      90.8037  0.046  0.553  762 
   54149.261900    -141.6534     188.7272    -371.5157     189.1663    0.3936   -4416.9306   -4282.2832 -15.557 -15.389  762 
   54152.347000   -3591.8881     139.8198   -4374.1343     143.9978    0.6097     218.3590     177.3174  0.563  1.672  762 
   54201.227200     528.5943     192.2813     484.6531     192.9484    0.1373     405.9786     391.4586  1.530  1.508  762 
   54201.240900      41.1147     167.7648    -118.0569     169.2870    0.0368     360.8556     332.4034  1.431  1.715  762 
   54201.251200    1150.8156     176.9903    1189.1981     178.1143    0.1776     -31.1839     -29.3117  0.521 -0.134  762 
   54230.228100   -5078.2917     123.2911   -4835.9867     127.8479    0.4221      17.2004      13.3031  0.714  0.179  762 
   54260.167300   -4975.8482     142.4416   -4650.5800     144.5097    0.4042     -40.2333     -35.0602 -2.765 -0.309  762 
   54261.167200   -5518.6577     179.7266   -5561.8635     180.4342    0.6219    -697.3697    -665.3459 -2.831 -3.318  762 
   54264.169000   -2394.8850     127.9948   -2246.7624     131.3342    0.1900     158.6210     129.6261 -0.332  1.645  762 
   54265.188900   -3234.1316     139.4703   -3076.6520     141.1870    0.2788      47.2336      41.9026 -3.031  0.329  762 
   54384.475400   -1636.4214     155.3616   -1711.6524     157.6193    0.1644     554.6382     493.8637  4.144  3.148  762 
   54384.485900   -1438.1559     157.0736   -1602.9981     159.2088    0.1471     659.5501     590.4182  4.849  3.645  762 
   54385.512900   -1234.8417     205.9647   -1322.7748     207.1007    0.1389     397.1779     366.8171  4.674  3.504  762 
   55884.428500    5149.4530     502.2705    5092.6360     502.3966    0.0797   -4138.8617   -4088.4530 -20.541 -18.664  762 
   55889.438100    3899.4699     185.6237    3203.0796     192.5311    0.4712    -422.7384    -333.3358 -4.535 -3.905  762 
   56301.281100    -230.4999     252.4702    -383.1576     254.8882    0.0275     613.4225     564.2887  3.249  3.012  762 
