   54116.305800  -12423.9284     212.9014  -12598.7611     213.1297    0.8112    1845.8537    1818.5571  4.901  5.064  762 
   54127.315500  -11250.4262     257.1157  -11289.2559     257.1957    0.8540    -335.9864    -331.3340 -0.837 -2.027  762 
   54127.409800  -11915.5825     200.9195  -11964.7033     201.1465    0.9154    -198.9831    -193.5918 -1.538 -1.113  762 
   54127.505600  -11616.4722     138.0501  -11802.4228     139.2662    0.9511    -307.8176    -280.6447 -1.563 -1.737  762 
   54149.242500   -3675.5316     123.8431   -3843.9489     125.0651    0.6521       2.8990       2.6458  0.439  0.016  762 
   54149.261900   -3568.0414     161.3917   -3693.4649     161.5581    0.4332    -515.3468    -505.2025 -2.065 -1.793  762 
   54152.347000   -5078.6831     107.3362   -4805.9912     108.9225    0.6863     295.2171     257.7538  2.425  2.331  762 
   54201.227200     889.0138     150.5878     865.0563     150.8601    0.2106     213.2655     207.6402  1.182  0.809  762 
   54201.240900    1552.3882     130.7570    1582.4006     131.2961    0.4343     470.4009     445.4963  2.252  2.279  762 
   54201.251200    1431.8068     138.1467    1331.2637     138.6540    0.3055     223.9900     214.0255  0.413  0.977  762 
   54230.228100    1474.7415      92.0910    1451.6013      93.9621    0.2581      73.4329      62.2875 -0.060  0.821  762 
   54260.167300    1710.4880     111.5096    1696.7948     112.3122    0.3104     -40.8918     -37.4305 -0.053 -0.336  762 
   54261.167200    1299.0106     147.2463    1277.2114     147.4650    0.3051     523.1554     507.9100  1.588  2.587  762 
   54264.169000     974.3152     101.1437     711.8346     102.4933    0.0915    -129.0597    -113.7119 -0.701 -1.440  762 
   54265.188900    1149.9353     113.6019    1154.7350     114.1652    0.1783     -81.4510     -75.9139 -1.356 -0.583  762 
   54384.475400   -1057.2211     120.3701   -1131.7011     121.3272    0.2372      40.7290      37.4975  0.733  0.238  762 
   54384.485900   -1520.6200     122.4029   -1644.3086     123.3321    0.3576     -75.1095     -69.4202 -0.242 -0.422  762 
   54385.512900   -1290.3133     185.6918   -1327.2547     185.9935    0.2150     171.2550     164.5857  1.193  1.557  762 
   55884.428500    -494.7243     482.9005    -538.8589     482.9358    0.1363   -1130.3316   -1123.3415 -4.451 -5.136  762 
   55889.438100     210.6937     139.7431     232.7611     142.6464    0.0898      15.5990      13.2977 -0.337  0.155  762 
   56301.281100     963.4943     192.2442     901.4024     193.3163    0.2262       4.2049       3.9468  0.835  0.022  762 
