   54533.216400    3202.2340     367.5857    3205.0617     368.0263    0.3624     229.0411     222.1202  2.630  1.603  762 
   54534.350300    3024.3985     352.3466    3037.4606     352.9143    0.5241    1933.6858    1866.7160 12.375 13.708  762 
   54535.300800    3383.3649     325.2850    3329.2083     326.2318    0.4924    1089.6663    1038.4391  9.942  9.169  762 
   54536.152700    2134.2883     333.0253    2028.6028     333.5969    0.2361     210.1502     202.7482  1.609  2.088  762 
   54537.404600    4500.5680     227.6727    4335.6177     230.9100    0.4437     251.2528     231.5167  5.959  4.942  762 
   54538.192700    1536.8310     439.4490    1579.1668     439.7922    0.4934    2233.2988    2181.1238 13.756 13.983  762 
   54590.208000    2728.5323     253.5288    2691.3308     255.4418    0.3504     262.2482     244.4394  2.742  3.870  762 
   54861.128800    -842.9727     399.2714    -893.1744     399.6892    0.0048     866.6804     841.6211  5.505  6.194  762 
   54862.306200    3074.9548     534.0136    2986.1980     534.1172    0.3547    1712.2526    1698.6900  5.328  6.287  762 
   54912.160800    -243.7157     238.4252    -550.3763     239.5032    0.1747   -1524.8779   -1449.0994 -26.641 -25.319  762 
   54914.127200   23865.2344    1073.3820   23714.5917    1073.4116    0.2544  -31060.4893  -31032.7770 -54.212 -53.424  762 
   55126.494500    -174.2168     306.7632    -288.9264     308.0497    0.0874     985.9431     934.2236 13.092 13.736  762 
   55273.271900    -579.0611     330.7256    -650.5003     331.7824    0.0529    1097.0799    1042.1955  7.992  9.387  762 
   55536.299000     811.8639     335.0982     799.7294     335.8257    0.2562    1631.0418    1562.6289 13.201 13.894  762 
   55538.335900    -288.0016     242.0627    -308.0406     244.7800    0.0751    -266.2944    -246.7057 -2.658 -4.806  762 
   55540.344000    2405.1405     488.0718    2359.6529     488.3084    0.0132   -2243.3879   -2205.3976 -8.855 -10.195  762 
   55679.254400    2294.9859     237.7457    2171.1929     240.3275    0.3778     507.6030     465.1134  9.105  8.220  762 
   55884.409900    -690.5914     755.7119    -725.6437     755.7856    0.3981   -5498.0864   -5453.7463 -31.287 -30.802  762 
   55889.436800     483.9350     296.8180     454.6935     297.8543    0.1619   -1783.0803   -1693.0236 -17.556 -20.306  762 
   55924.444500    1693.4207     207.3897     979.4858     211.4547    0.0802     -81.3933     -74.4083 -5.443 -2.046  762 
   55925.375400     598.2079     271.9355     427.1580     273.4658    0.0134    -354.3902    -332.3280 -4.956 -4.411  762 
   55926.308900   -1606.9094     228.3816   -1935.9077     231.0217    0.3305    -335.4237    -308.4682 -7.575 -5.981  762 
   55927.351300     -50.5955     271.5327    -130.4628     273.0068    0.0489    -169.8202    -159.2669 -2.873 -2.214  762 
   55969.117000     167.3007     353.6156     -25.4892     354.1886    0.0826    -802.4291    -773.1110 -12.408 -6.733  762 
   56045.161300    2870.2158     324.7010    2837.4903     325.5329    0.3311     -67.5924     -64.7275 -2.031 -0.835  762 
   56215.479000       2.3239     278.6341     -37.8239     280.1511    0.1033     776.1707     728.2795 14.816 11.875  762 
   56217.471100    3069.9998     693.2595    2934.2378     693.3577    0.2873    2392.5145    2374.8308 10.544  8.960  762 
   56301.274100    1736.3769     364.0060    1800.6101     364.5426    0.5641    2017.9798    1949.6235 14.075 14.389  762 
   56301.282000    1860.1458     402.5038    1899.1225     402.8424    0.5682    2194.1916    2141.8448 14.207 12.877  762 
