   54533.216400   11028.1033     351.3943   11242.8913     352.2258    0.5026       0.0000       0.0000 -3.525  0.000  762 
   54534.350300   20173.2450     342.0253   20264.2422     343.2531    0.7470    -576.7062    -560.0728 -6.096 -4.125  762 
   54535.300800    9023.0347     312.9801    9159.8037     314.6278    0.4032     -76.9509     -73.1065 -4.548 -0.673  762 
   54536.152700    7468.8198     319.3537    7636.5339     320.1353    0.3223   -1067.7638   -1031.8021 -15.079 -11.260  762 
   54537.404600    6286.0279     212.0963    5919.3051     215.3906    0.2750     127.1662     117.8539 -4.719  2.749  762 
   54538.192700   12999.3145     422.8323   13112.0268     423.6122    0.6402     660.2783     644.1828  3.288  4.311  762 
   54590.208000    5694.8767     239.1388    5567.9173     241.3219    0.3331    -101.9811     -95.5726 -2.737 -1.620  762 
   54861.128800   -3018.2204     378.0258   -3599.9724     378.9984    0.2007    -108.6279    -105.4106 -8.820 -0.843  762 
   54862.306200    3002.1412     530.8967    2424.6304     531.5744    0.1040    -632.0611    -626.9749 -6.290 -2.281  762 
   54912.160800    3579.6528     220.5854    3450.4221     221.4780    0.1755    1802.6645    1730.4415 16.028 33.985  762 
   54914.127200   89400.0758    1048.1029   89183.2804    1048.2966    0.8634  -26827.5428  -26788.4728 -42.480 -45.894  762 
   55126.494500     555.5736     298.6155     423.4567     299.8682    0.0549      63.2347      60.4617 -7.957  0.905  762 
   55273.271900    7591.2510     320.7629    7931.6892     322.2282    0.5230     851.3506     811.7192  5.614  7.438  762 
   55536.299000    8384.8951     329.9979    8477.4933     331.0022    0.4472    -961.1167    -927.1089 -18.837 -8.141  762 
   55538.335900    3416.8096     235.7430    3446.3651     238.4780    0.1611    -378.0629    -350.0061 -19.865 -6.850  762 
   55540.344000   19621.2787     473.6728   19485.4706     474.3648    0.7189   -3040.4804   -2986.3925 -17.930 -14.032  762 
   55679.254400    5064.0782     225.8457    4614.7017     228.4528    0.2535     586.7563     541.9317  1.651  9.999  762 
   55884.409900   13288.4677     751.7747   13336.1079     751.9080    0.4763   -3768.1070   -3741.2608 -20.151 -21.222  762 
   55889.436800    4968.6353     290.5424    5239.7973     291.7406    0.3006    -496.5535    -474.4933 -5.194 -5.687  762 
   55924.444500    3560.1291     192.3955    3444.7548     195.3682    0.2250     240.6134     223.2275  7.452  6.704  762 
   55925.375400    2396.6519     261.7700    2480.3298     263.5393    0.2309     572.9134     539.1545  8.827  7.420  762 
   55926.308900     359.2501     223.2020     457.9242     225.3231    0.0504     238.4474     223.0026  4.996  4.250  762 
   55927.351300    2146.2678     263.5115    2264.8961     265.2048    0.2002     331.9566     313.2208  2.553  4.433  762 
   55969.117000    5677.9144     340.7202    5680.0109     341.5493    0.4990     121.0409     117.3711  2.753  1.062  762 
   56045.161300   -1763.0518     318.1221   -2297.2037     319.2013    0.0409    1123.2065    1085.4515 15.456 14.167  762 
   56215.479000  -16258.5109     274.5445  -18046.1673     276.5746    0.2910   -1183.0530   -1125.0419 -19.448 -18.596  762 
   56217.471100  -30837.1099     690.5062  -31783.9763     691.0738    0.7212   -9326.1402   -9244.5063 -33.885 -35.055  762 
   56301.274100  -12724.8522     363.2763  -13421.9524     364.8117    0.5268    -190.2980    -183.8587  1.141 -1.345  762 
   56301.282000  -14121.2784     405.9476  -14715.0248     407.2794    0.6364    -334.0549    -324.9607  1.030 -1.909  762 
