   54533.216400   -4496.7423     373.5281   -4637.6248     374.6816    0.3472     338.2411     322.5147  4.238  2.368  762 
   54534.350300    2437.0671     361.2038    2226.1995     362.6399    0.3106     877.2809     832.6714  8.288  6.135  762 
   54535.300800    1305.6139     334.0746     941.0163     336.3634    0.1358     783.7549     729.8279  7.496  6.542  762 
   54536.152700   -2949.1712     338.9919   -3013.4216     340.2424    0.2057     619.5421     588.4098  5.010  6.181  762 
   54537.404600    6060.6752     235.7194    5240.0893     241.2367    0.3200      50.5467      45.4000  5.126  0.996  762 
   54538.192700   -1181.8633     444.1519   -1213.5630     445.0754    0.1536    2681.8636    2584.8454 17.903 16.823  762 
   54590.208000     521.9242     262.4324    -127.8744     266.3333    0.0092     286.7622     260.4575 10.799  4.214  762 
   54861.128800     917.8970     401.0165     915.5281     401.9602    0.1444     636.6994     610.2638  8.926  4.612  762 
   54862.306200    7964.9072     537.5775    7868.5536     537.8663    0.4469   -1110.6323   -1098.0103 -3.083 -4.041  762 
   54912.160800    -685.2484     241.3724   -1399.1376     243.4936    0.1128    -222.2051    -206.7311 -2.824 -3.764  762 
   54914.127200   64425.6901    1056.0473   64340.5294    1056.1359    0.6251  -37188.2655  -37143.7000 -67.157 -64.037  762 
   55126.494500    3139.1615     314.3655    3129.0010     316.6270    0.4982    1324.0998    1234.4695 23.767 18.275  762 
   55273.271900   -3461.6863     340.5130   -3784.8413     342.8763    0.2865    1172.5437    1088.4682  8.357  9.882  762 
   55536.299000    -349.4379     344.4501    -499.1005     346.0319    0.0135     393.2544     370.6643  4.866  3.286  762 
   55538.335900    -738.1187     252.4153   -1192.6728     257.2050    0.1577      50.5772      45.6603  5.418  0.893  762 
   55540.344000    5550.5970     490.4753    5431.8535     491.1024    0.3958     316.4126     308.3452  1.847  1.432  762 
   55679.254400   -1521.3070     247.9561   -2736.7661     252.9079    0.1981     439.9647     390.1571  5.105  7.017  762 
   55884.409900   -1504.8986     759.6193   -1645.6877     759.8151    0.4676   -5902.9708   -5830.2792 -33.034 -33.019  762 
   55889.436800   -3967.4461     307.3381   -4197.5441     309.5123    0.5396   -1441.9746   -1339.1418 -14.816 -16.079  762 
   55924.444500    1623.8080     214.5769     590.7647     220.6599    0.0679     234.7226     208.3055  3.158  5.922  762 
   55925.375400    -878.1713     280.9386   -1122.7871     283.8744    0.1123     117.6859     107.7528 -0.751  1.449  762 
   55926.308900   -1787.6491     239.1606   -2198.8551     243.4932    0.2731    -142.6590    -127.9535 -2.271 -2.471  762 
   55927.351300   -1478.2356     281.8471   -1675.4036     284.6835    0.3460    -465.6158    -426.0257 -5.838 -5.956  762 
   55969.117000   -3182.6834     360.0737   -3421.4242     361.3016    0.3812    -577.0519    -547.4948 -4.986 -4.828  762 
   56045.161300    2422.3262     332.9547    2255.7253     334.6456    0.3349     568.0953     534.6069  7.308  6.938  762 
   56215.479000    -246.0275     287.8924    -190.6544     290.6846    0.0868    -368.3863    -339.0833 -2.447 -5.567  762 
   56217.471100   11678.9686     695.0800   11540.4329     695.3241    0.3578   -4768.2026   -4716.7249 -18.267 -17.821  762 
   56301.274100    -281.2482     373.5547    -221.1089     374.8431    0.1397    1154.4433    1097.3584  7.635  8.091  762 
   56301.282000    1045.0316     411.5551    1053.4648     412.4699    0.3301    1296.0354    1249.4605  6.578  7.467  762 
