   54533.216400     658.5587     354.9705     460.6062     355.2536    0.0445       0.0000       0.0000 -0.021  0.000  762 
   54534.350300     389.6267     330.0001     206.0292     330.3796    0.0245       0.0000       0.0000  3.426  0.000  762 
   54535.300800    -241.1805     307.8367    -344.3612     308.3329    0.0472       0.0000       0.0000  0.743  0.000  762 
   54536.152700   -1244.2875     325.2595   -1344.0559     325.5166    0.1547       0.0000       0.0000  3.699  0.000  762 
   54537.404600       0.0182       2.5519     112.4157      22.1603    0.0386       0.0000       0.0000  3.616  0.000  762 
   54538.192700    4594.1574     425.2731    4478.7779     425.4684    0.4107       0.0000       0.0000  6.567  0.000  762 
   54590.208000       0.0718       3.4901     315.7787     127.2189    0.0832       0.0000       0.0000  0.455  0.000  762 
   54861.128800       0.1814       5.0311    1039.7025     176.2861    0.1265       0.0000       0.0000  1.963  0.000  762 
   54862.306200   16874.7867     498.4434   16717.1170     498.5411    0.5980       0.0000       0.0000  2.691  0.000  762 
   54912.160800      -0.7846       4.3648   -2241.9793     177.3598    0.2938       0.0000       0.0000 -21.440  0.000  762 
   54914.127200   34136.5560    1001.5497   34002.1087    1001.5796    0.6424       0.0000       0.0000 -24.303  0.000  762 
   55126.494500      -0.3529      11.2081    -462.2743     284.1734    0.0699       0.0000       0.0000  5.190  0.000  762 
   55273.271900    2168.4769     309.2071    2082.4558     309.6991    0.2889       0.0000       0.0000  0.172  0.000  762 
   55536.299000       3.6159      10.9720    2942.5086     294.3007    0.4470       0.0000       0.0000  0.734  0.000  762 
   55538.335900    3031.2580     224.8745    3102.1776     225.9423    0.4534       0.0000       0.0000 -2.798  0.000  762 
   55540.344000    9085.2826     464.6588    8944.4530     464.8275    0.4919       0.0000       0.0000 -4.960  0.000  762 
   55679.254400    1873.3997     222.9742    1794.9334     224.0968    0.2669       0.0000       0.0000 -0.359  0.000  762 
   55884.409900    5561.4654     739.6442    5539.9292     739.6788    0.3420       0.0000       0.0000 -22.650  0.000  762 
   55889.436800   -4631.2119     280.2290   -4698.6370     280.7827    0.5244       0.0000       0.0000 -13.354  0.000  762 
   55924.444500   -2176.4155     199.2582   -2738.4830     201.1496    0.2661       0.0000       0.0000 -5.078  0.000  762 
   55925.375400    -802.0683     257.0311    -922.8007     257.7159    0.1542       0.0000       0.0000  0.339  0.000  762 
   55926.308900   -3186.3453     210.8998   -3460.2775     212.2239    0.4631       0.0000       0.0000 -2.339  0.000  762 
   55927.351300   -1031.3181     255.9134   -1076.5922     256.5424    0.1998       0.0000       0.0000 -2.350  0.000  762 
   55969.117000    3578.6928     340.0941    3532.7358     340.3125    0.3566       0.0000       0.0000 -3.715  0.000  762 
   56045.161300    1568.0370     311.4159    1558.1171     311.7505    0.1952       0.0000       0.0000 -4.563  0.000  762 
   56215.479000    1081.5053     216.1507    1492.5962     263.6679    0.2239       0.0000       0.0000  9.199  0.000  762 
   56217.471100   15704.8807     668.2866   15616.3967     668.3418    0.6129       0.0000       0.0000  5.324  0.000  762 
   56301.274100    4775.3544     340.2656    4605.2969     340.5940    0.4857       0.0000       0.0000 10.550  0.000  762 
   56301.282000    6454.7329     374.1322    6317.0344     374.3666    0.5392       0.0000       0.0000  8.942  0.000  762 
