   54533.216400     426.2934     340.3828     413.9744     340.4537    0.1420     776.4848     768.4844  3.968  5.617  762 
   54534.350300    1490.3231     323.9590    1455.6903     324.0538    0.3284     748.4960     738.9896  5.718  5.429  762 
   54535.300800     860.2616     294.5806     829.8420     294.7399    0.2620     758.7021     744.9014  5.900  6.651  762 
   54536.152700    -167.2504     309.9070    -201.7033     309.9992    0.0352     -94.8278     -93.5645  0.718 -0.979  762 
   54537.404600    1272.1731     199.6001    1235.4633     200.2080    0.2252     231.5415     223.3518  3.409  4.898  762 
   54538.192700   -1612.6112     412.0228   -1626.8609     412.0839    0.0860    2167.6940    2148.3933 13.649 13.907  762 
   54590.208000     461.5929     225.6462     424.1692     226.0001    0.0738      52.5380      51.0523  2.004  0.825  762 
   54861.128800   -1342.2952     371.9948   -1374.4273     372.0581    0.0463     903.9709     894.5435  9.454  6.721  762 
   54862.306200    1633.8859     507.5680    1561.3210     507.5977    0.1833     951.4855     949.7554  2.436  3.494  762 
   54912.160800    -715.7557     217.6426    -803.4140     217.8359    0.1437    -454.9171    -445.4183 -7.428 -8.066  762 
   54914.127200   10251.6715    1034.4589   10107.5153    1034.4814    0.3189  -19946.4080  -19948.4046 -33.611 -34.484  762 
   55126.494500     324.1269     282.0632     327.1308     282.2401    0.2617    1229.1183    1204.8845 17.392 17.823  762 
   55273.271900    1325.6058     300.5372    1295.1975     300.6995    0.3584    1210.3313    1188.1795 11.550 10.766  762 
   55536.299000     -14.9906     310.7716     -58.8373     310.8945    0.0045      24.8513      24.4311  0.767  0.217  762 
   55538.335900    -386.3944     216.3344    -385.5018     216.8042    0.0461     159.6881     154.5102  0.624  3.031  762 
   55540.344000   -1521.3924     460.0906   -1584.7861     460.1437    0.1497    -180.8261    -179.7551  0.521 -0.833  762 
   55679.254400    1405.1023     209.3359    1280.6006     209.8741    0.2833     713.8209     688.8016 12.556 12.393  762 
   55884.409900    3216.1486     739.5187    3177.9476     739.5324    0.1771   -5678.5492   -5664.5511 -30.804 -31.984  762 
   55889.436800    -873.4449     272.1971    -873.7458     272.3499    0.3081   -1519.2111   -1489.4340 -18.782 -17.887  762 
   55924.444500     686.5497     181.2990     563.7817     182.0803    0.1159     263.4408     253.1755  6.347  7.196  762 
   55925.375400    -575.7275     244.7076    -623.4651     244.9830    0.0911     157.7815     153.7175  2.658  2.065  762 
   55926.308900     513.4563     202.0103     440.4376     202.4658    0.1083     114.6852     110.9294  3.317  2.148  762 
   55927.351300    -847.0367     245.4204    -853.5958     245.6617    0.1643      21.5652      20.9947  1.046  0.294  762 
   55969.117000     439.1147     328.7528     415.3043     328.8286    0.0237    -230.2865    -227.3150 -2.765 -1.998  762 
   56045.161300    1049.8536     302.4649    1021.1770     302.5923    0.1405     260.7460     256.6396  5.511  3.333  762 
   56215.479000      96.7712     253.0185      89.2968     253.2621    0.0791    -463.8708    -452.3786 -6.988 -7.421  762 
   56217.471100    -281.9861     669.9814    -338.3188     670.0022    0.2727   -3544.8620   -3537.0088 -12.636 -13.336  762 
   56301.274100    1569.2664     337.1930    1547.2015     337.2782    0.3022     107.4608     106.1509  1.323  0.782  762 
   56301.282000    2053.1570     376.4749    2032.0400     376.5300    0.4713     796.6476     790.3689  4.045  4.716  762 
