   54533.216400       0.0000       4.5823       0.0000       4.5823      -nan       0.0000       0.0000  0.000  0.000  762 
   54534.350300       0.0000       4.3207       0.0000       4.3207      -nan       0.0000       0.0000  0.000  0.000  762 
   54535.300800       0.0000       4.0816       0.0000       4.0816      -nan       0.0000       0.0000  0.000  0.000  762 
   54536.152700    3212.6409     426.0408    3382.9512     427.5335    0.3146    1662.9356    1577.4365 15.867 14.430  762 
   54537.404600   -2858.5179     322.3474   -1932.5836     329.4587    0.0828     608.6949     536.0185  8.397  9.907  762 
   54538.192700    2012.2234     566.3288    2127.8199     567.2954    0.1732    -392.0411    -379.3031 -1.818 -2.218  762 
   54590.208000    -381.3344     348.1577       3.4741     352.9084    0.0847    1222.3170    1102.1571 15.312 15.459  762 
   54861.128800    9558.9221     519.3398   10022.3549     520.1481    0.5385    2629.8080    2544.1384 16.893 16.052  762 
   54862.306200    7442.0180     652.5849    7240.7941     652.9457    0.0683   -8440.8486   -8332.1637 -31.630 -32.192  762 
   54912.160800    4841.5204     321.7574    5877.9794     323.5964    0.0881   -4094.2038   -3815.2137 -49.280 -51.518  762 
   54914.127200   55468.7538    1358.5612   55245.5438    1358.6137    0.8577 -124664.7656 -124586.8974 -211.704 -207.114  762 
   55126.494500   -4058.1304     384.3486   -3543.5704     388.1966    0.0720    1641.8612    1489.7093 22.035 21.267  762 
   55273.271900   -1704.3337     439.9660   -1785.5463     442.7352    0.2986   -1623.0623   -1511.2239 -12.830 -12.812  762 
   55536.299000   -1233.7369     419.2490   -1120.0325     421.6833    0.1371    3172.8111    2954.5254 26.207 27.003  762 
   55538.335900   -4776.3698     319.0991   -4502.4574     326.1758    0.2666     887.1859     784.4619 13.876 14.881  762 
   55540.344000    5180.4605     613.1730    5145.5887     613.8834    0.3551    2352.0938    2294.3701 11.020 10.457  762 
   55679.254400    6980.1570     324.7545    7557.2982     330.8134    0.4565    -701.6208    -624.3853 -9.313 -9.921  762 
   55884.409900    2217.7841     827.7471    2220.7523     828.0627    0.0065   -2384.0785   -2345.6698 -10.143 -13.064  762 
   55889.436800    -541.9687     376.3857    -582.8214     379.8855    0.1545    3928.8213    3596.4225 42.312 43.103  762 
   55924.444500       0.0000       2.3890       0.0000       2.3890      -nan       0.0000       0.0000  0.000  0.000  762 
   55925.375400    1000.6191     363.9510    1592.1062     367.6964    0.0328   -1210.5251   -1102.0686 -12.753 -13.552  762 
   55926.308900    8209.6309     288.1284    9331.1454     295.6004    0.4046    -570.2840    -502.3022 -8.665 -10.538  762 
   55927.351300    5575.1805     349.8984    6253.8114     354.1656    0.4163    -235.8291    -214.2620 -5.906 -2.952  762 
   55969.117000    4595.2252     446.3429    5116.3422     447.7378    0.3770    2141.4663    2032.3238 16.027 16.562  762 
   56045.161300    7533.0344     394.9737    7200.3032     398.0348    0.4527     -23.5034     -21.8932 -2.914 -0.275  762 
   56215.479000   -6180.6100     361.0949   -6303.7032     366.1754    0.4076    1212.1897    1090.6725 18.092 17.078  762 
   56217.471100    -964.2875     813.4889   -1062.7615     813.8025    0.0587    -359.5286    -355.2682 -3.255 -1.338  762 
   56301.274100   -3302.0488     468.1458   -3653.4897     470.1501    0.5298   -3086.7213   -2913.1916 -22.418 -21.584  762 
   56301.282000   -7066.5298     507.8639   -7638.1414     509.3465    0.6718   -3615.8942   -3458.4569 -22.088 -21.546  762 
