   54533.216400   -1611.5389     299.3634   -1749.1412     299.7653    0.1586     403.6577     391.5369  2.391  2.813  762 
   54534.350300   -1325.5226     273.0381   -1404.2926     273.5939    0.1597     460.7386     443.4173  3.291  3.239  762 
   54535.300800    -428.6723     250.0378    -523.9504     250.9301    0.0410     297.4961     282.5754  3.445  2.477  762 
   54536.152700    -214.1913     286.2887    -294.0908     286.6691    0.0957    -414.9546    -402.6110 -4.080 -4.100  762 
   54537.404600    1787.9942     183.8816    1528.1396     186.3369    0.2054     341.6193     317.1365  5.731  6.441  762 
   54538.192700    -845.6776     365.2314    -872.0744     365.4928    0.0020     878.3833     859.7010  4.457  5.477  762 
   54590.208000     750.2084     204.6835     577.6898     206.1963    0.1383     478.7384     448.6780  3.724  6.884  762 
   54861.128800     320.0475     338.5222     243.6739     338.7978    0.0609     320.1229     312.4525  1.522  2.288  762 
   54862.306200    2905.0857     424.8309    2798.0772     424.9193    0.3295    1042.6211    1035.6670  2.244  3.766  762 
   54912.160800     105.4212     206.5240     -58.5209     207.1565    0.0412     470.1424     451.9795  6.091  7.873  762 
   54914.127200   12493.3324     857.8680   12359.6494     857.8931    0.0275  -11761.0499  -11753.9197 -20.286 -20.649  762 
   55126.494500   -1572.6910     266.2800   -1709.9277     267.1127    0.1762     476.1701     456.0964  4.698  6.471  762 
   55273.271900     162.5903     258.3778      68.2576     259.2485    0.0380     154.0594     146.4945  0.704  1.311  762 
   55536.299000    -843.8683     275.4404    -964.0837     275.9954    0.0458     615.2001     591.0817  5.340  5.113  762 
   55538.335900   -1792.9446     199.9576   -1891.2177     201.9351    0.3132     248.2229     231.4331  4.784  4.326  762 
   55540.344000   -2242.2814     395.2885   -2284.3758     395.4898    0.2405     201.2491     198.0112  1.804  0.896  762 
   55679.254400    -372.6315     189.1332    -567.3387     191.2453    0.0322     409.9527     377.2304  6.176  6.588  762 
   55884.409900   -2167.9588     710.3897   -2188.4965     710.4257    0.3050   -1652.7352   -1643.7647 -8.340 -9.149  762 
   55889.436800   -2687.6373     246.0354   -2800.8142     246.8210    0.2860     516.5587     492.1319  4.283  5.739  762 
   55924.444500     385.3487     170.9560      62.2332     173.8013    0.0185    -214.4336    -197.2418 -5.965 -5.275  762 
   55925.375400     409.7796     218.6032     339.0784     219.6792    0.0113    -297.3392    -280.1757 -2.692 -3.635  762 
   55926.308900     341.9487     183.2796     213.5205     185.1253    0.0492      62.1161      57.5806  1.372  1.074  762 
   55927.351300     332.7495     221.3948     221.0920     222.4159    0.0096    -285.1347    -269.0279 -3.417 -3.619  762 
   55969.117000    -784.2899     298.9445    -887.3721     299.3147    0.1460    -177.1183    -171.7040 -2.672 -1.463  762 
   56045.161300   -1061.8009     284.0369   -1106.2889     284.5612    0.1372     168.4244     162.4203  3.224  2.069  762 
   56215.479000     157.7359     233.8401     181.1922     234.8233    0.0395     -11.6314     -11.0291 -1.626 -0.175  762 
   56217.471100     -55.2777     606.6238    -124.0062     606.6815    0.1535   -1891.5038   -1881.0361 -8.297 -6.996  762 
   56301.274100   -1537.2539     289.8498   -1550.2448     290.3127    0.3986    -284.5714    -274.7846 -0.764 -2.000  762 
   56301.282000   -1436.6034     319.4664   -1476.8702     319.7732    0.3116     -82.4385     -80.4430 -0.313 -0.477  762 
