   54533.216400      84.7681     468.9213      38.3349     469.0356    0.2291    2371.2511    2341.4983 13.927 15.293  762 
   54534.350300     695.2159     442.1470     716.4628     442.2835    0.2044    1296.3850    1278.1281  7.700  9.223  762 
   54535.300800    2791.2904     421.4949    2741.4356     421.7164    0.3108     457.0119     448.7860  3.151  3.615  762 
   54536.152700    1754.9204     407.0077    1742.6668     407.1494    0.2964    2208.4904    2175.6433 21.194 19.888  762 
   54537.404600    4950.9408     289.3864    4830.7953     290.3159    0.3953    1037.4029    1001.2850 18.857 17.861  762 
   54538.192700    2077.8551     551.6328    2088.9010     551.7047    0.4752    2717.6209    2693.4160 15.313 15.887  762 
   54590.208000    1578.5261     320.1876    1561.5359     320.7229    0.2402    1337.5203    1296.6320 19.578 17.823  762 
   54861.128800    3517.5260     508.5827    3488.3976     508.6585    0.2959     900.1728     891.4532  6.961  5.605  762 
   54862.306200    4398.9944     652.8061    4307.7611     652.8440    0.2303   -8558.8691   -8525.8482 -32.486 -32.934  762 
   54912.160800    3451.6848     301.6234    3449.1835     301.8406    0.1561   -6415.3991   -6282.1747 -83.464 -84.631  762 
   54914.127200   21885.2132    1352.5717   21715.2491    1352.6426    0.9089  -99126.0294  -99064.9445 -166.085 -166.445  762 
   55126.494500     413.3154     357.5615     381.4298     358.0329    0.1116     670.5667     650.7357  9.057  9.138  762 
   55273.271900    1852.5728     413.5241    1800.1933     413.8037    0.0541   -1300.4387   -1274.0394 -9.121 -10.886  762 
   55536.299000    1423.8215     396.6952    1397.9595     396.9284    0.2022     835.6525     817.7866 10.668  7.442  762 
   55538.335900     -72.4326     288.1128    -137.0424     289.1188    0.0772     819.1368     785.2509 14.412 14.618  762 
   55540.344000    1107.3562     608.8272    1016.9987     608.9026    0.1109   -2640.7724   -2620.4432 -11.410 -11.899  762 
   55679.254400    3054.8466     296.2484    2968.4965     297.1058    0.2172   -1064.0391   -1024.2325 -17.817 -16.066  762 
   55884.409900    4408.6124     817.6263    4384.2762     817.6522    0.1222   -2698.1888   -2686.4434 -17.026 -15.056  762 
   55889.436800       4.4375     351.0335     -33.2787     351.4231    0.0889     904.7924     879.8236  8.075 10.439  762 
   55924.444500    1736.9464     263.5716    1827.3567     264.7451    0.1091    -938.5556    -898.5383 -16.734 -19.709  762 
   55925.375400     465.1205     337.0934     488.2986     337.5178    0.1098   -1369.4338   -1329.6456 -17.202 -16.211  762 
   55926.308900    1626.5439     263.5881    1621.3352     264.6845    0.1767    -519.8535    -497.0334 -10.313 -9.965  762 
   55927.351300    1134.8995     326.2141    1125.4753     326.7307    0.0484    -802.2224    -777.5548 -12.444 -10.439  762 
   55969.117000    -215.0107     429.5959    -230.4876     429.7391    0.0585     885.6294     871.5264  7.792  7.074  762 
   56045.161300    2142.6904     374.6561    2135.4952     374.9722    0.1733    -619.2797    -605.5751 -8.673 -7.511  762 
   56215.479000   -5386.9223     331.5952   -5425.5095     332.2364    0.3535    2437.8953    2347.6192 37.476 36.379  762 
   56217.471100    -122.8400     813.2429    -240.6072     813.2821    0.1698    4408.6985    4393.6314 16.696 16.560  762 
   56301.274100    1382.9704     444.8336    1335.1752     445.0091    0.4231    2666.0665    2621.0445 18.577 19.578  762 
   56301.282000    1690.5054     486.9525    1646.6696     487.0654    0.5029    3370.9279    3330.5569 19.268 20.948  762 
