   54533.216400   -4793.0258     370.8753   -4750.4589     371.2070    0.2594    2122.6848    2072.5684 16.079 14.505  762 
   54534.350300   -2723.6537     349.0272   -2675.6452     349.4622    0.0286    2497.5276    2430.8414 18.992 17.781  762 
   54535.300800   -1876.9167     323.9034   -1873.0897     324.7034    0.0604    1421.8534    1370.9235 14.215 11.778  762 
   54536.152700   -1554.7401     334.5151   -1564.1771     334.9656    0.0793     816.1144     795.0637 10.577  7.879  762 
   54537.404600    3983.5583     227.8276    3791.7480     230.9410    0.3575     621.7356     581.0795 14.373 11.545  762 
   54538.192700   -2267.1198     441.8900   -2217.6664     442.1382    0.2622    3843.5068    3778.2359 26.942 23.583  762 
   54590.208000    2773.3085     252.4057    2820.1465     254.1647    0.4212    1331.4464    1260.5742 23.010 18.931  762 
   54861.128800   -1014.7149     405.9690   -1044.9356     406.2518    0.2057    3428.0617    3356.8456 23.322 23.495  762 
   54862.306200    4469.6768     531.5195    4383.2118     531.9606    0.6207    4870.7271    4833.0380 17.974 17.976  762 
   54912.160800     770.0280     241.6599     604.2997     242.6138    0.0686   -1650.0982   -1587.1688 -27.597 -25.753  762 
   54914.127200   70710.8216    1055.6719   70772.1791    1055.8201    0.8664    8451.3095    8438.4022  3.806 14.616  762 
   55126.494500    -204.2390     304.7522    -394.3949     306.0247    0.0919    1240.6089    1188.1417  7.132 17.026  762 
   55273.271900    1852.6476     325.5635    1820.2522     326.4266    0.3525     857.5192     825.3891  9.031  7.339  762 
   55536.299000     846.2322     330.3961     882.4263     330.9552    0.1793     589.1041     570.2303 13.737  5.056  762 
   55538.335900    1487.2164     237.8730    1696.6741     240.4959    0.2641     278.7101     261.4960 11.773  4.981  762 
   55540.344000    3431.7308     488.8952    3301.0684     489.1536    0.4048    1887.5404    1864.1351 11.533  8.486  762 
   55679.254400    1992.3351     234.7560    1820.6546     237.4045    0.2989     790.0706     735.4819 12.278 12.547  762 
   55884.409900    9918.9651     752.6711    9859.3806     752.7219    0.1977   -7079.4383   -7043.4617 -39.058 -39.514  762 
   55889.436800    4985.3541     290.9345    5077.7457     291.7767    0.2060   -2476.9495   -2384.9592 -36.092 -28.294  762 
   55924.444500    2934.7854     207.9778    2274.0279     212.1474    0.1799    -171.6918    -158.1519 -9.592 -4.054  762 
   55925.375400    1018.2982     268.7614     916.1003     270.1828    0.1293     105.1650     100.0116 -6.196  1.287  762 
   55926.308900   -3511.3407     223.6675   -3936.5245     226.6447    0.4361      -1.8489      -1.7105 -3.344 -0.033  762 
   55927.351300   -1233.9632     268.4236   -1343.3721     269.8983    0.2042     -18.4158     -17.4503 -4.108 -0.237  762 
   55969.117000     294.0109     353.4323     131.7607     353.8753    0.0132     -15.2517     -14.8408 -3.559 -0.126  762 
   56045.161300    2541.7733     322.5645    2481.3219     323.3523    0.2197    -745.3774    -719.1870 -9.665 -9.139  762 
   56215.479000    -513.6950     274.9854    -507.8321     276.5340    0.0483     807.4692     766.0773 17.073 12.216  762 
   56217.471100    1785.1299     694.1626    1749.1656     694.3007    0.4401    5762.5156    5729.2831 19.971 21.475  762 
   56301.274100    -610.7825     358.8776    -555.4649     359.3061    0.2469    2306.7397    2248.3214 20.663 16.601  762 
   56301.282000   -1419.6684     396.3138   -1380.3826     396.5842    0.1990    2786.7894    2736.6912 20.162 16.617  762 
