   54533.216400    -764.8147     295.9351    -794.2448     296.2770    0.0580     363.5102     353.3944  3.612  2.572  762 
   54534.350300    -466.0099     269.1806    -476.2651     269.6876    0.0441     730.4055     704.5194  4.845  5.223  762 
   54535.300800      -9.0416     246.3226     -14.2863     247.1687    0.0752     422.3348     401.9661  3.004  3.588  762 
   54536.152700     -70.7796     282.6104    -111.2157     282.9648    0.0397    -219.0758    -212.9946 -2.323 -2.211  762 
   54537.404600    2511.6578     178.8029    2287.3090     181.2497    0.2868     122.2382     113.5980  1.620  2.406  762 
   54538.192700    -750.2453     362.0873    -770.8453     362.3416    0.0403    1030.0675    1008.5661  4.979  6.507  762 
   54590.208000    1301.4911     200.2138    1206.0232     201.6877    0.1782     276.0654     259.4963  4.416  4.105  762 
   54861.128800   -1880.6079     335.9911   -1948.3201     336.2705    0.2086      42.6337      41.6123 -0.653  0.308  762 
   54862.306200   -2413.9020     423.7008   -2485.5941     423.7841    0.0870    1625.8496    1614.9277  4.645  5.916  762 
   54912.160800      20.1697     202.3318     -61.4955     202.9529    0.0234     285.5079     275.0165  6.389  4.963  762 
   54914.127200    5320.9947     852.9346    5159.4320     852.9652    0.2351  -10645.8429  -10639.3499 -19.198 -18.819  762 
   55126.494500      25.2448     261.0568     -43.3578     261.8250    0.0503     392.0970     376.2532  4.403  5.501  762 
   55273.271900    -444.9304     254.7863    -526.7453     255.6591    0.1396    -273.5892    -260.3781 -2.637 -2.380  762 
   55536.299000    1383.5653     270.9559    1381.2399     271.4280    0.2186     308.6555     297.6035  2.794  2.624  762 
   55538.335900     803.7742     193.4933     821.7926     195.3979    0.2237     243.7808     228.1512  5.697  4.461  762 
   55540.344000     392.6505     391.7742     337.7460     391.9563    0.0656     214.2620     211.0846  1.257  0.964  762 
   55679.254400     -15.7148     184.2520    -147.8176     186.3444    0.0521     469.5416     432.8244  7.036  7.862  762 
   55884.409900     476.8161     706.2940     438.0527     706.3303    0.2525   -3589.6169   -3570.6031 -18.077 -20.147  762 
   55889.436800    -247.0829     241.3801    -294.5618     242.1037    0.0118     230.8355     220.6217  2.482  2.639  762 
   55924.444500     567.3228     165.2387     323.9551     168.0215    0.0343    -105.4619     -97.0833 -2.869 -2.753  762 
   55925.375400    -268.6257     214.8619    -368.9537     215.9672    0.0936    -177.6133    -167.4474 -1.813 -2.232  762 
   55926.308900     196.4102     178.7996     -79.8060     180.7618    0.0161      -4.8916      -4.5424  1.050 -0.088  762 
   55927.351300    -993.2910     217.7704   -1009.9107     218.7534    0.2583    -303.6241    -286.5874 -2.845 -3.964  762 
   55969.117000   -1234.6630     295.4688   -1255.8381     295.8056    0.1722      85.2142      82.7559 -0.480  0.718  762 
   56045.161300      57.1544     279.1193      -6.5702     279.6515    0.0051      41.7527      40.2778  1.039  0.528  762 
   56215.479000    -493.2114     229.7210    -453.4057     230.6921    0.1412    -204.0508    -193.4956 -2.356 -3.166  762 
   56217.471100    -795.5406     604.3167    -852.8796     604.3705    0.2266   -1917.9795   -1907.7416 -7.648 -7.149  762 
   56301.274100    -622.3458     286.1019    -633.7682     286.5643    0.2199    -350.9933    -339.4065 -1.877 -2.510  762 
   56301.282000    -457.7098     315.9056    -442.1561     316.1846    0.1653    -293.4587    -286.6859 -0.930 -1.722  762 
