   54533.216400       0.0000       4.8182       0.0000       4.8182      -nan       0.0000       0.0000  0.000  0.000  762 
   54534.350300    5656.6868     354.7723    8921.8624     370.6371    0.2956   -1678.5720   -1360.9107 -9.521 -9.873  762 
   54535.300800    4251.4845     353.0321    6524.2066     371.4524    0.1101   -3071.7450   -2435.4179 -18.144 -18.273  762 
   54536.152700    4700.2990     381.6266    4743.8664     391.5128    0.1541   -2495.1548   -2145.8708 -17.626 -17.656  762 
   54537.404600   10705.6493     297.2751   11319.1451     331.7195    0.2168   -1503.8052   -1079.4210 -14.870 -16.138  762 
   54538.192700    5758.6592     462.2085    5520.7767     470.0004    0.0700   -7609.5185   -6842.6789 -36.290 -37.253  762 
   54590.208000     748.5750     314.5950     562.3651     342.6895    0.0576   -2433.0483   -1798.7242 -20.114 -21.587  762 
   54861.128800       0.7481       6.5053    1569.8852     279.7559    0.0478       0.0000       0.0000 -12.722  0.000  762 
   54862.306200      20.6792      21.2269   10326.7547     442.9485    0.2322       0.0000       0.0000 -18.585  0.000  762 
   54912.160800       0.0000       3.3810       0.0000       3.3810      -nan       0.0000       0.0000  0.075  0.000  762 
   54914.127200       0.0000      12.6884       0.0000      12.6884      -nan       0.0000       0.0000  0.000  0.000  762 
   55126.494500       0.0000       3.0647       0.0000       3.0647      -nan       0.0000       0.0000  0.000  0.000  762 
   55273.271900    6173.6183     348.2228    5762.4311     371.3451    0.3388    -891.8970    -688.8119 -6.004 -5.812  762 
   55536.299000    2423.3780     347.6587    1087.0424     368.5644    0.0268       0.0000       0.0000 -11.916  0.000  762 
   55538.335900    -656.1670     285.9785  -12946.3032     332.2561    0.2850   -1309.4614    -904.6486 -18.524 -16.908  762 
   55540.344000    9799.8321     462.9188    9337.3115     469.9450    0.2160   -4970.7317   -4541.7898 -21.239 -19.704  762 
   55679.254400     540.9690     287.4543   -1110.3571     327.4084    0.0738    -286.0319    -198.2033 -3.684 -2.953  762 
   55884.409900       0.0000       5.1459       0.0000       5.1459      -nan       0.0000       0.0000 -47.588  0.000  762 
   55889.436800    1987.4657     326.7617      73.0983     353.3016    0.0014    -152.9822    -114.2361 -2.224 -1.365  762 
   55924.444500   15151.8537     267.4306   20231.6249     306.9636    0.3325    1099.1140     794.2782 15.731 15.524  762 
   55925.375400    4908.2268     314.0245    2901.4572     341.3895    0.1531    1782.1089    1325.8775 15.526 15.202  762 
   55926.308900   -2026.3705     256.2901    6727.9986     302.4796    0.2089    1080.7782     708.0204 14.715 14.857  762 
   55927.351300    1626.7730     311.1343    1037.5257     340.4402    0.1063    1063.6308     776.7086 10.896  9.943  762 
   55969.117000    4234.3868     384.9531    5270.0440     395.4220    0.2808    -409.2668    -349.2361 -5.729 -2.618  762 
   56045.161300    1405.7661     362.4222    -172.3438     383.1219    0.0383     996.1604     798.9941  9.950  9.788  762 
   56215.479000   -5046.4923     328.4320   -6243.3861     361.0491    0.4063   -3433.5277   -2509.4638 -39.812 -38.558  762 
   56217.471100    7055.2525     651.3706    6501.5089     653.9377    0.3451  -13647.4512  -13114.3212 -49.552 -48.609  762 
   56301.274100   -2471.5399     366.7846   -3963.3783     386.2756    0.1587    -679.0987    -540.5514 -4.793 -4.137  762 
   56301.282000   -4967.3307     381.4516   -7921.1591     397.4058    0.2541    -893.2110    -736.4711 -4.038 -4.891  762 
