   54533.216400    -733.6317     375.4779    -852.1596     375.8420    0.0557    1382.9609    1349.9048 10.858  9.406  762 
   54534.350300   -1124.0547     355.7309   -1198.3626     356.2067    0.1556    2504.1259    2434.7616 18.394 17.649  762 
   54535.300800    -835.0118     331.3433    -950.3668     332.0993    0.0451    1319.3674    1269.3848 13.224 10.819  762 
   54536.152700    -530.6290     339.3871    -495.3114     339.7633    0.0894    1390.2428    1352.5152 13.419 13.322  762 
   54537.404600    1876.8167     233.4576    1632.2865     235.9338    0.2436    1024.6762     957.5238 21.594 18.918  762 
   54538.192700     120.7207     447.8357      43.0238     448.1075    0.4341    4007.7588    3935.2473 25.631 24.437  762 
   54590.208000    1432.5435     258.2783    1454.7309     259.6568    0.3189    1173.0676    1108.6134 18.622 16.558  762 
   54861.128800    -516.1753     410.4142    -621.2962     410.7085    0.0749    1532.1324    1499.8053 11.059 10.470  762 
   54862.306200    1311.2408     537.4163    1231.5467     537.4964    0.1558     885.2191     880.8372  1.706  3.273  762 
   54912.160800     596.7757     246.5335     485.4611     247.2339    0.2169   -3237.1940   -3109.7134 -50.597 -49.848  762 
   54914.127200   19687.8775    1089.2889   19566.2272    1089.3146    0.5585  -36917.5946  -36904.8494 -63.236 -63.349  762 
   55126.494500     450.9433     309.6240     359.3699     310.5824    0.1838    1159.6538    1109.6706 17.598 15.809  762 
   55273.271900     528.9982     333.6888     416.9056     334.4531    0.0581      25.3293      24.3369  1.481  0.214  762 
   55536.299000    -867.0485     336.4668    -875.4162     337.0215    0.1274    -121.1208    -117.0452 -2.281 -1.034  762 
   55538.335900      35.6529     244.1031      30.5217     246.1446    0.0020     -46.2019     -43.2775  2.063 -0.813  762 
   55540.344000    -944.1364     495.6683    -972.4196     495.8404    0.1540    -630.5979    -622.9238 -3.663 -2.837  762 
   55679.254400      65.8193     241.2904     182.9527     243.1587    0.1406     871.1333     811.7825 14.469 13.641  762 
   55884.409900    1123.5664     758.7510    1089.6995     758.8053    0.4232   -7474.4066   -7430.3256 -43.436 -41.473  762 
   55889.436800    -288.3269     298.3922    -417.4513     299.2302    0.2897   -2149.3851   -2057.4621 -23.077 -24.244  762 
   55924.444500    2013.3131     213.3828    1354.9854     216.4871    0.0991    -388.3269    -359.4445 -10.050 -9.052  762 
   55925.375400    1612.3556     274.7304    1435.7588     275.8805    0.1891    -115.0712    -109.3684 -2.423 -1.397  762 
   55926.308900   -2497.6899     228.7818   -2721.6247     230.8863    0.4413    -247.7384    -230.3059 -5.055 -4.377  762 
   55927.351300    -738.9460     273.9577    -796.3428     275.0573    0.2524    -611.3155    -579.7372 -9.329 -7.822  762 
   55969.117000     216.2659     358.4403     160.3000     358.8214    0.0805    -870.4882    -847.1285 -7.026 -7.139  762 
   56045.161300    1323.0753     327.9556    1268.6115     328.5889    0.0065   -1372.6068   -1323.3516 -16.856 -16.633  762 
   56215.479000     724.1129     280.0667     736.3211     281.2254    0.3971    2084.5099    1980.5590 31.545 31.298  762 
   56217.471100    1216.9275     699.3466    1131.9755     699.4166    0.4018    5553.3358    5526.4797 19.908 20.683  762 
   56301.274100    1183.9702     365.6348    1191.4720     366.0533    0.5226    2769.5996    2697.1915 20.041 19.785  762 
   56301.282000    1460.3867     403.0807    1476.2596     403.3364    0.5944    3344.0475    3283.8885 19.033 19.800  762 
