   54533.216400    1793.2915     314.3587    1305.7902     316.7435    0.0915     946.8011     881.3709  5.565  6.134  762 
   54534.350300    1002.5698     283.2027     815.1450     286.8553    0.1015    1000.0819     906.3691  7.209  6.741  762 
   54535.300800    2636.0535     267.3043    2285.5688     272.6526    0.1376     702.4857     619.6458  5.279  5.333  762 
   54536.152700    1994.1629     304.5152    1676.1926     306.8557    0.0783      53.7826      49.8662  0.835  0.491  762 
   54537.404600    8377.8192     207.8922    7020.4363     219.9460    0.2438     151.6149     127.2627 -0.424  2.452  762 
   54538.192700    1044.8743     379.3782    1078.6068     381.0213    0.1137    1004.2088     951.1063  6.662  5.918  762 
   54590.208000    4987.9019     228.1209    4573.4018     236.1667    0.1833    -381.7508    -326.5727 -6.455 -4.809  762 
   54861.128800   -1275.2857     361.7069   -1504.1067     363.4292    0.0973    -426.1209    -402.0772 -3.530 -2.750  762 
   54862.306200    5330.9154     417.9609    5026.0361     418.5218    0.2355    -307.1896    -301.3929 -2.254 -1.119  762 
   54912.160800    4836.5347     226.4461    4262.4868     229.9102    0.2173    1434.0248    1308.7372 22.096 21.236  762 
   54914.127200   42472.0989     810.2219   42320.7391     810.2800    0.6787  -21757.2066  -21724.5642 -38.682 -38.899  762 
   55126.494500    5590.3595     283.8984    4648.3484     288.9706    0.1683    -507.7004    -457.9450 -5.633 -6.547  762 
   55273.271900    3122.0899     272.5871    3007.0146     278.0819    0.2358    -174.1475    -153.3671 -1.168 -1.388  762 
   55536.299000    1403.8590     287.0003    1285.4144     290.5953    0.0588    -593.2204    -534.9139 -3.772 -4.768  762 
   55538.335900    -193.1305     218.1161     220.8709     228.4521    0.0008    -248.8466    -210.4327 -3.002 -4.074  762 
   55540.344000    1058.7240     401.0422     792.0866     402.3789    0.1058   -2393.4180   -2296.9329 -11.967 -10.297  762 
   55679.254400    3372.0081     209.5230    3219.5098     220.5800    0.3461     122.8122     100.9700  0.884  1.776  762 
   55884.409900    1602.2845     708.9557    1507.0100     709.2122    0.0777    -376.8686    -371.3553 -3.432 -2.092  762 
   55889.436800    3034.9126     260.3828    2857.2488     265.2333    0.1958    -204.2276    -181.2812 -1.515 -2.163  762 
   55924.444500    5285.7424     192.4714    4914.3926     205.7034    0.2996    -253.8703    -209.8965 -5.142 -5.475  762 
   55925.375400    2839.6628     238.1583    2464.2520     244.7375    0.2147     463.1351     399.9085  4.693  5.143  762 
   55926.308900   -3044.7219     203.2372   -4158.7486     214.3052    0.2560      92.0417      75.4067  0.382  1.483  762 
   55927.351300   -2426.9805     242.1296   -2587.5254     248.4551    0.2049     145.2678     124.7017  1.189  1.688  762 
   55969.117000   -2222.0964     316.0040   -2717.7264     318.4809    0.3529   -1563.0449   -1442.6099 -11.265 -12.057  762 
   56045.161300    1221.2726     298.3557    1550.3731     301.8576    0.1803     385.8242     350.6880  2.865  4.565  762 
   56215.479000     122.8425     254.4910    -348.9817     261.3128    0.1558    -602.4460    -524.3781 -8.652 -8.441  762 
   56217.471100    3788.4939     605.6756    3687.4128     606.0151    0.1062   -5356.1480   -5277.4290 -20.816 -19.675  762 
   56301.274100      33.2319     299.5775     175.1035     302.8840    0.0571    -493.1985    -448.5398 -3.595 -3.358  762 
   56301.282000     516.9204     322.3158     656.4862     324.5214    0.0337    -953.9588    -890.3172 -5.451 -5.489  762 
