   54533.216400     251.5223     411.1394     203.7025     411.3751    0.0247    -454.7447    -446.0603 -3.160 -2.870  762 
   54534.350300    1777.6579     377.3079    1804.8661     377.6607    0.1643    -605.8197    -590.7362 -5.305 -4.280  762 
   54535.300800    1157.8770     362.2759    1129.6693     362.7972    0.1673     -24.4640     -23.6951 -0.966 -0.189  762 
   54536.152700    1732.7451     367.6201    1735.1094     367.9043    0.1672     -55.3405     -54.0453 -0.578 -0.488  762 
   54537.404600     450.4305     256.7890     456.0393     258.7443    0.0696     104.8395      98.5161  2.278  1.769  762 
   54538.192700     -47.9976     488.1534     -68.0373     488.3423    0.1948   -1528.8172   -1505.6453 -8.889 -8.745  762 
   54590.208000     960.6205     281.9882    1062.7240     283.1026    0.1865     366.3990     348.2833  5.840  4.792  762 
   54861.128800    1422.9854     457.1142    1435.8219     457.2625    0.2492    1897.8558    1869.9118  9.189 11.449  762 
   54862.306200     247.4310     552.9122     138.4901     552.9956    0.2697   -3732.6333   -3706.5051 -15.331 -14.501  762 
   54912.160800     340.8835     278.9635     476.8159     279.3292    0.1488   -2283.1945   -2212.8238 -25.016 -29.046  762 
   54914.127200    4792.0530    1166.7737    4647.1259    1166.8215    0.8758  -59976.1572  -59942.1044 -101.948 -101.674  762 
   55126.494500   -3098.9024     320.3187   -3032.3690     321.2426    0.3239    -394.6531    -375.6250 -6.287 -5.415  762 
   55273.271900    1739.9989     356.3043    1652.7521     356.9480    0.0447   -1378.4259   -1330.6080 -10.107 -11.422  762 
   55536.299000   -1030.5073     344.3525    -973.4644     344.8988    0.0062    1074.4077    1036.2838  8.908  9.648  762 
   55538.335900   -2650.2267     253.3121   -2900.8842     255.4491    0.2176    1067.2492     994.6810 18.519 19.338  762 
   55540.344000    3364.8698     522.6798    3317.5071     522.8085    0.2215    -245.6748    -242.9985  0.406 -1.104  762 
   55679.254400    1343.4006     258.9408    1324.0021     260.6891    0.0740    -643.9276    -606.0348 -9.941 -9.690  762 
   55884.409900    1340.5623     768.5454    1321.7313     768.5920    0.2941    3212.9865    3192.5110 16.075 17.971  762 
   55889.436800   -2615.3824     307.7238   -2721.8932     308.6381    0.0088    2765.3073    2638.2196 32.880 32.116  762 
   55924.444500   -1748.9949     236.1840   -1658.7167     238.6081    0.2784    -551.3942    -512.6709 -10.104 -11.414  762 
   55925.375400    -310.4454     294.9698    -225.0355     295.8955    0.1452    -832.5198    -793.4358 -10.365 -9.761  762 
   55926.308900    2024.9484     226.2888    2258.8815     228.6453    0.2600    -300.9871    -279.1339 -7.798 -6.035  762 
   55927.351300    2104.7462     284.0552    2276.4134     285.1050    0.2369    -507.6409    -483.0180 -7.577 -6.663  762 
   55969.117000    3212.5974     380.7295    3282.6798     380.9827    0.4078    1401.6602    1369.2959 10.162 11.082  762 
   56045.161300    2172.7909     335.6455    2101.9549     336.3137    0.2682     406.1819     392.7809  5.262  4.984  762 
   56215.479000   -1502.0909     293.6540   -1631.8070     294.9609    0.1612     149.2775     141.0629  4.199  2.248  762 
   56217.471100    4543.2322     724.6909    4380.8968     724.7589    0.2114      24.2855      24.1544 -0.307  0.091  762 
   56301.274100   -4415.6235     383.3895   -4526.5404     383.8846    0.6817   -1019.7448    -988.9807 -8.280 -7.476  762 
   56301.282000   -4499.3741     416.7885   -4611.7896     417.1270    0.7066   -1524.0166   -1489.5879 -9.433 -9.523  762 
