   54533.216400    3569.0854     472.0100    2980.8401     498.5621      -nan   -3569.0854   -2980.8401 -19.857 -18.953  762 
   54534.350300    1572.9038     440.8987    1244.1779     479.0849      -nan   -1572.9038   -1244.1779 -10.969 -9.181  762 
   54535.300800    2483.2553     430.6298    1922.2992     473.9740      -nan   -2483.2553   -1922.2992 -15.392 -15.324  762 
   54536.152700    1607.5573     435.0122    1330.5347     462.1941      -nan   -1607.5573   -1330.5347 -11.311 -11.852  762 
   54537.404600     660.9735     315.2525     505.3682     381.4975      -nan    -660.9735    -505.3682 -8.769 -8.718  762 
   54538.192700    3750.7314     543.3928    3250.6311     565.3054      -nan   -3750.7314   -3250.6311 -19.456 -18.669  762 
   54590.208000    1099.9542     346.7623     838.2347     404.1393      -nan   -1099.9542    -838.2347 -10.526 -11.245  762 
   54861.128800    5705.5218     516.7657    4986.1751     537.2173      -nan   -5705.5218   -4986.1751 -28.493 -29.516  762 
   54862.306200   11985.1547     566.5418   11071.6312     578.2244      -nan  -11985.1547  -11071.6312 -44.891 -43.323  762 
   54912.160800   -1700.1644     327.7914   -1424.2638     358.8103      -nan    1700.1644    1424.2638 19.062 18.454  762 
   54914.127200  111309.9499     983.6410  110759.2086     984.6159      -nan -111309.9499 -110759.2086 -201.588 -194.180  762 
   55126.494500    1688.6033     383.3601    1352.0010     430.4860      -nan   -1688.6033   -1352.0010 -20.548 -19.590  762 
   55273.271900    3013.0227     413.9414    2341.8532     459.7249      -nan   -3013.0227   -2341.8532 -20.269 -20.535  762 
   55536.299000    2268.2873     413.8226    1747.8839     454.8154      -nan   -2268.2873   -1747.8839 -19.731 -16.456  762 
   55538.335900    -238.9575       2.5210    -238.9575       2.5210      -nan     238.9575     238.9575  2.967  4.770  762 
   55540.344000    9509.8558     558.4976    8453.2627     577.4103      -nan   -9509.8558   -8453.2627 -37.561 -37.710  762 
   55679.254400     462.2542     305.6199     351.9714     367.5689      -nan    -462.2542    -351.9714 -5.003 -5.723  762 
   55884.409900    2293.7025     802.4504    2153.1642     809.3291      -nan   -2293.7025   -2153.1642 -12.222 -12.172  762 
   55889.436800     510.1102     366.5351     397.5729     413.7275      -nan    -510.1102    -397.5729 -3.877 -4.908  762 
   55924.444500    -337.6591       2.3669    -337.6591       2.3669      -nan     337.6591     337.6591  4.836  7.628  762 
   55925.375400     -33.6434     353.3421     -25.8284     405.5602      -nan      33.6434      25.8284  0.109  0.318  762 
   55926.308900      -6.6989       2.4126      -6.6989       2.4126      -nan       6.6989       6.6989  0.762  0.146  762 
   55927.351300     194.1971     344.5830     148.8314     395.8487      -nan    -194.1971    -148.8314 -0.454 -2.026  762 
   55969.117000    1496.3261     447.2443    1231.3123     475.4152      -nan   -1496.3261   -1231.3123 -10.995 -9.803  762 
   56045.161300    -148.0691     391.1370    -122.9978     431.1855      -nan     148.0691     122.9978  0.419  1.581  762 
   56215.479000    1214.4546     347.9527     961.5894     401.0564      -nan   -1214.4546    -961.5894 -16.124 -15.616  762 
   56217.471100   17359.8988     738.4046   16400.3473     746.4812      -nan  -17359.8988  -16400.3473 -61.950 -61.537  762 
   56301.274100    2137.5258     443.8093    1694.9498     481.9427      -nan   -2137.5258   -1694.9498 -14.849 -13.052  762 
   56301.282000    3215.4706     467.0649    2650.3541     498.8033      -nan   -3215.4706   -2650.3541 -18.222 -17.335  762 
