   54533.216400   29558.7655     363.9056   29825.0871     365.2151    0.9439     923.0209     876.7396  5.905  6.401  762 
   54534.350300   29921.9373     351.2278   30282.6848     352.8915    0.9687    1651.7561    1559.6380 12.317 11.388  762 
   54535.300800   30189.5697     324.5596   30890.3324     327.2601    0.9572    1513.3737    1398.8629 11.564 12.459  762 
   54536.152700   29927.6887     332.8325   30319.1191     334.3757    0.9262     321.1282     303.1756  3.514  3.167  762 
   54537.404600   27965.4418     233.1254   29653.2751     241.1184    0.9097     292.7023     257.7257  5.446  5.632  762 
   54538.192700   26547.1349     434.3368   26708.1615     435.4143    0.9692    1898.5636    1823.3641 12.009 11.790  762 
   54590.208000   24618.2788     258.4314   25542.4617     263.7849    0.9329     599.8051     535.7776  7.756  8.634  762 
   54861.128800   -7723.8244     400.4288   -8103.5945     402.1932    0.5319     512.4551     483.4539  4.035  3.650  762 
   54862.306200   -3433.4996     528.2117   -3525.7700     528.5442    0.2171     438.3451     432.5652  2.859  1.584  762 
   54912.160800    7005.2332     243.4079    6239.0884     246.9895    0.3751    -286.0582    -261.4839 -2.097 -4.716  762 
   54914.127200   42159.6170    1047.2017   41999.7419    1047.2451    0.2979  -32974.4894  -32930.9084 -58.013 -56.561  762 
   55126.494500   -2236.0399     319.8057   -2393.6027     324.0028    0.0713    1808.5587    1642.9318 27.858 24.018  762 
   55273.271900   -1143.4030     339.3476   -1290.7549     343.0571    0.0755     692.3611     629.9890  5.831  5.673  762 
   55536.299000   -8852.9566     346.9335   -8882.5468     349.6401    0.7733    -518.7361    -478.1955 -4.119 -4.197  762 
   55538.335900   -5341.8651     258.2049   -6550.2865     266.9980    0.5258    -179.6479    -156.6860 -1.905 -3.025  762 
   55540.344000   -4438.4569     485.3455   -4549.3404     486.3314    0.4215   -1393.2918   -1348.2075 -7.244 -6.231  762 
   55679.254400    2033.5723     251.2131     893.2452     259.4923    0.1392     876.2030     751.0064 12.657 13.354  762 
   55884.409900   25544.6174     754.6087   25557.9620     754.8101    0.8129   -5665.5947   -5594.7981 -30.953 -31.407  762 
   55889.436800   20535.2050     303.2587   21099.1407     306.1974    0.8963   -1254.3724   -1152.0022 -14.079 -13.699  762 
   55924.444500    7527.9258     219.3112    6294.3225     230.1114    0.3385     237.2573     203.5415  8.456  5.687  762 
   55925.375400    4700.4727     281.8629    4525.8902     286.7672    0.4853       6.8598       6.1176  0.791  0.082  762 
   55926.308900    -739.8256     243.7499   -1133.7979     251.1950    0.1208     -68.6500     -59.6103 -1.243 -1.133  762 
   55927.351300    2490.6765     282.9510    2491.0947     287.6365    0.3534    -157.6758    -140.7040 -3.093 -1.955  762 
   55969.117000   10213.1219     356.6719   10028.9669     358.5542    0.6957    -288.7126    -270.7716 -2.037 -2.373  762 
   56045.161300    1602.0097     335.9351    1429.5969     338.8484    0.1773     158.9345     146.6612  1.221  1.888  762 
   56215.479000   -4066.1175     293.5586   -4431.2196     298.8103    0.5725     323.0957     288.9442  5.029  4.676  762 
   56217.471100    -324.3070     687.3541    -439.2410     687.6611    0.2240   -3426.2989   -3383.0326 -12.162 -12.729  762 
   56301.274100   -5022.1177     372.0613   -5050.8626     374.2629    0.5153    1442.6408    1349.1756 10.607  9.849  762 
   56301.282000   -5048.6381     407.7918   -5023.2367     409.2036    0.4505    1835.6994    1753.0358 10.283 10.375  762 
