   54533.216400   -9326.7795     327.5345   -9919.0844     328.0153    0.3011     433.6971     422.3197  8.589  3.129  762 
   54534.350300   -7747.7497     308.8308   -8325.5296     309.3886    0.2538     981.8228     954.8104 11.805  7.059  762 
   54535.300800   -3985.3602     279.6641   -4420.7893     280.3787    0.1210     879.4399     847.3819 13.994  7.662  762 
   54536.152700   -5607.5558     301.0414   -5899.3163     301.3882    0.1731    -137.0428    -133.7414  5.075 -1.418  762 
   54537.404600    3724.5964     194.4492    3255.9401     197.4096    0.0965     289.8966     269.6999 14.111  5.943  762 
   54538.192700  -10446.4344     395.5840  -10989.9896     395.9615    0.3285     966.1884     947.8093  9.953  6.212  762 
   54590.208000    1909.0649     218.6191    1694.2914     220.1894    0.0621     181.5794     171.3863 -9.468  2.790  762 
   54861.128800   -9293.4280     359.0745   -9897.8114     359.4448    0.2449     674.2197     658.2743  4.361  5.036  762 
   54862.306200  -16865.7145     484.7762  -17701.4514     485.4175    0.6383    -719.7311    -711.0570 -1.247 -2.599  762 
   54912.160800    -701.0149     211.4823    -937.0761     212.2922    0.0095     571.3910     549.2505 -1.786 10.263  762 
   54914.127200   22730.9527     958.6577   22416.5776     958.8708    0.1035  -25762.5977  -25701.1842 -43.915 -44.815  762 
   55126.494500     525.0204     277.8431     541.9553     278.5976    0.1104     977.8223     941.4213 14.232 13.896  762 
   55273.271900    1995.4433     285.8572    1873.0168     286.6226    0.3350     842.4232     808.4523  6.010  7.394  762 
   55536.299000    -332.2016     301.3833    -476.0275     301.8697    0.0689     -97.6201     -94.2421 -11.779 -0.830  762 
   55538.335900     572.0994     212.3979     546.1373     214.6077    0.0625    -137.8451    -128.6624 -20.017 -2.514  762 
   55540.344000     995.0699     437.8297     768.0138     438.2282    0.1347   -2446.6983   -2403.7774 -18.711 -11.126  762 
   55679.254400    2664.0891     203.1793    2443.1568     205.3499    0.1207     594.9452     551.5506  4.739 10.068  762 
   55884.409900     988.3328     729.2503     931.9469     729.3027    0.3255   -5677.5061   -5645.3187 -35.548 -31.951  762 
   55889.436800   -2390.8642     265.2742   -2457.8323     265.9838    0.4350    -616.8176    -591.8746 -12.747 -7.086  762 
   55924.444500    1876.9393     178.9004    1528.4607     182.1370    0.1484      24.4186      22.3704 -0.009  0.649  762 
   55925.375400    2125.2669     235.7903    2029.3063     236.9042    0.2575      36.4054      34.5766  0.027  0.467  762 
   55926.308900    -815.6953     199.0724   -1002.5358     201.0984    0.0928     240.5706     224.0439  4.237  4.303  762 
   55927.351300     278.0956     238.3408     183.2921     239.4216    0.0277      21.8378      20.7295  0.439  0.289  762 
   55969.117000     360.3387     317.9234     309.3827     318.2403    0.0576     172.4283     167.9618 -3.139  1.485  762 
   56045.161300    -351.2132     297.1300    -426.3414     297.6852    0.0113     314.8837     304.4871  3.957  3.975  762 
   56215.479000   -3142.4116     249.4340   -3090.8055     250.4799    0.3468    -515.8533    -490.4720 -7.747 -8.056  762 
   56217.471100   -2028.0573     647.2542   -2187.1131     647.4260    0.4047   -5066.3301   -5030.5916 -19.517 -18.953  762 
   56301.274100    -424.6039     322.6650    -474.0551     323.0788    0.2070    -667.6048    -648.5999 -16.982 -4.776  762 
   56301.282000    -730.8175     359.2487    -734.3009     359.6036    0.2981   -1795.3105   -1758.1872 -23.563 -10.462  762 
