   54533.216400   -1472.4790     343.7590   -1666.0242     344.5330    0.2555   -1351.5619   -1314.5049 -9.999 -8.579  762 
   54534.350300   -1904.9652     306.9270   -2040.9760     308.2425    0.2165      96.8719      93.1800 -0.042  0.679  762 
   54535.300800     575.2906     292.2422     430.5676     293.9462    0.0288    -731.7483    -697.2054 -4.724 -5.640  762 
   54536.152700     564.9925     323.0981     377.6004     323.9078    0.0325    -756.5929    -732.9381 -9.076 -6.674  762 
   54537.404600    1367.6585     220.7231     857.8687     225.5474    0.0416    -289.2361    -265.1818 -4.870 -4.569  762 
   54538.192700   -2706.3472     414.3002   -2831.7765     414.9703    0.3810    -442.2356    -432.1672 -3.408 -2.542  762 
   54590.208000    2601.3062     240.4147    2168.5143     243.5553    0.1868    -591.9544    -551.6699 -8.669 -7.429  762 
   54861.128800   19184.0348     392.9082   19200.6137     393.3492    0.4785   -1376.6285   -1345.8440 -9.033 -8.369  762 
   54862.306200   29533.2202     453.0262   29733.8834     453.3042    0.7119   -2713.9453   -2688.3966 -9.453 -10.238  762 
   54912.160800    4033.2702     245.2035    3558.0968     246.4003    0.1109    -657.6688    -628.7734 -10.169 -8.626  762 
   54914.127200   61318.3474     918.0103   61191.1909     918.0874    0.5343  -40356.8447  -40320.0149 -97.413 -70.524  762 
   55126.494500     882.3831     289.9262     390.3586     292.1451    0.0069    -339.1513    -320.0469 -5.971 -4.431  762 
   55273.271900    3882.9067     292.5190    3561.1751     294.4875    0.1153    -871.9570    -823.2031 -6.216 -7.142  762 
   55536.299000    2221.2714     296.2499    2143.7757     297.5516    0.0654   -1595.4471   -1522.8646 -12.284 -13.688  762 
   55538.335900    1215.8390     221.2508    1433.4838     225.5918    0.1459    -199.7833    -183.2394 -2.680 -3.402  762 
   55540.344000    2560.7101     438.3657    2300.0083     438.9696    0.1149   -3968.3247   -3900.5966 -16.148 -17.330  762 
   55679.254400   -2770.9485     221.1425   -3067.3787     225.7019    0.1974    -622.9964    -566.1789 -8.960 -9.002  762 
   55884.409900    7136.1134     725.7049    7097.1736     725.8060    0.1503   -5080.6889   -5044.7733 -27.820 -28.158  762 
   55889.436800    3499.4096     267.0317    3359.9518     268.9785    0.2014   -1393.7309   -1315.8011 -15.597 -15.506  762 
   55924.444500    3635.4905     202.7632    3175.4565     208.4827    0.2447    -316.5469    -286.6978 -4.967 -6.392  762 
   55925.375400    3563.5883     249.0125    3263.9728     251.4959    0.4039      71.9598      67.3109 -0.581  0.816  762 
   55926.308900   -1917.9711     203.3278   -2438.0509     208.8167    0.2459    -210.2975    -187.9549 -3.886 -3.648  762 
   55927.351300    1130.7679     248.0473    1011.6408     250.5852    0.1145    -102.1934     -95.0825 -3.008 -1.242  762 
   55969.117000    1418.0643     332.9505    1144.5963     333.8269    0.0709   -1870.2588   -1807.3480 -15.786 -14.435  762 
   56045.161300   -2470.7755     306.2307   -2418.6625     307.6233    0.1896      42.7833      40.8878 -0.042  0.507  762 
   56215.479000   -2633.9167     259.4064   -3043.6734     262.4374    0.2335     231.2540     215.1530  3.478  3.332  762 
   56217.471100   -1085.2435     642.8218   -1272.1364     643.0692    0.2265   -2493.8282   -2474.7367 -7.782 -9.215  762 
   56301.274100    5438.5045     316.5412    5460.3928     317.7169    0.6092    -184.9584    -177.7500 -1.317 -1.329  762 
   56301.282000    5321.9526     342.9484    5358.6067     343.8239    0.5933      22.1921      21.5384  0.116  0.136  762 
