   54533.216400     901.4942     404.0209     901.8915     404.2190    0.0141    -779.9511    -767.6161 -6.372 -4.859  762 
   54534.350300    2711.9860     368.3433    2754.8379     368.6368    0.1739   -1292.4720   -1265.8867 -10.041 -9.037  762 
   54535.300800    1259.6734     354.4422    1272.5685     354.8541    0.0509    -924.4828    -900.1018 -5.620 -7.047  762 
   54536.152700    2759.2079     363.4736    2723.6067     363.7119    0.2264    -353.3704    -346.2671 -3.459 -3.057  762 
   54537.404600    1805.2191     252.4647    1865.3970     253.8117    0.2331    -296.1944    -281.0583 -4.034 -4.850  762 
   54538.192700    3787.0214     480.3832    3757.2618     480.5487    0.0915   -3111.1572   -3073.3753 -18.272 -17.569  762 
   54590.208000     984.5888     277.1967     939.8980     278.0769    0.1595     109.7837     105.0772  0.200  1.402  762 
   54861.128800    2153.2526     451.5523    2145.9905     451.6900    0.2431    1008.2356     996.3019  5.670  5.989  762 
   54862.306200    2261.4990     538.8221    2206.4718     538.9215    0.0859   -3427.9421   -3411.2559 -13.690 -13.294  762 
   54912.160800    2587.5695     277.5901    2641.9969     277.8374    0.1333   -1066.9253   -1039.6791 -16.400 -13.150  762 
   54914.127200   19785.0877    1148.8900   19666.2986    1148.9232    0.7191  -61171.5631  -61171.7870 -100.289 -102.649  762 
   55126.494500    1329.5749     315.1168    1475.4543     315.6852    0.0790    -589.8789    -567.4096 -7.981 -7.951  762 
   55273.271900     972.3642     349.2943     914.2223     349.7938    0.0220    -778.4681    -754.8447 -8.068 -6.341  762 
   55536.299000    -622.3684     337.4356    -590.8028     337.8644    0.0054     552.5955     535.7489  3.343  4.913  762 
   55538.335900   -2709.1995     249.5463   -2828.3510     251.1150    0.2518     940.9643     887.1856 18.662 16.575  762 
   55540.344000    1770.6840     511.6836    1744.5780     511.8271    0.2585    1919.2209    1901.8589  7.447  8.565  762 
   55679.254400    4366.7270     253.6700    4503.4791     254.8315    0.4591    -304.4420    -290.0913 -6.379 -4.465  762 
   55884.409900     770.3563     765.1248     775.0535     765.1644    0.3657    4622.5465    4599.0307 25.931 25.559  762 
   55889.436800    -665.1426     301.7165    -611.6287     302.3324    0.2005    2683.4094    2581.9401 30.005 30.763  762 
   55924.444500   -1028.6349     234.3040    -720.0503     235.8843    0.1263    -366.7662    -345.2244 -9.929 -7.263  762 
   55925.375400     -76.3239     289.8709     -41.6715     290.5515    0.1403   -1070.6529   -1026.8346 -10.902 -12.298  762 
   55926.308900    1461.7473     222.1374    1657.1397     223.9143    0.1720     -53.1519     -49.9911 -2.200 -1.041  762 
   55927.351300    1292.4577     279.0858    1372.4340     279.8781    0.1355    -482.5525    -462.2884 -6.590 -6.222  762 
   55969.117000     886.7166     375.5834    1017.0996     375.7797    0.2202    1281.4800    1256.3350 10.545  9.979  762 
   56045.161300    3009.6721     331.3957    2939.0301     331.8871    0.3757     900.4190     876.5344  7.662 10.860  762 
   56215.479000   -1141.3571     289.7444   -1109.6791     290.6319    0.1342     -98.1028     -93.6075 -2.360 -1.443  762 
   56217.471100    4448.8336     714.2716    4337.6692     714.3468    0.1141   -2217.8050   -2208.3105 -5.643 -8.284  762 
   56301.274100   -1772.6400     375.0546   -1862.1959     375.4512    0.6360   -3173.3276   -3090.3011 -23.533 -23.049  762 
   56301.282000   -1459.8383     406.9988   -1529.6122     407.2924    0.6057   -3489.3664   -3422.3151 -22.402 -21.670  762 
