   54533.216400   -3538.8067     384.4938   -3488.4805     385.0665    0.2604     491.4003     474.1277  3.073  3.195  762 
   54534.350300   -2893.3764     358.5864   -2976.3944     359.4181    0.3586       1.6298       1.5574 -0.764  0.011  762 
   54535.300800   -4665.9439     339.9252   -4658.5635     340.9156    0.4885     297.0466     281.2908  3.242  2.336  762 
   54536.152700   -6493.9361     351.1673   -6537.4707     351.7050    0.4810     668.3385     642.5753  5.965  6.070  762 
   54537.404600    2201.6720     246.2001    1960.6372     248.1558    0.1607      90.3722      83.8149  1.477  1.524  762 
   54538.192700     331.4127     456.3675     385.0001     456.8239    0.2378    1427.6031    1388.0040  5.858  8.400  762 
   54590.208000    3789.6682     269.1471    3748.5639     270.4779    0.3976     542.9113     508.4655  5.128  7.146  762 
   54861.128800   -4039.0994     427.1697   -4092.6854     427.6305    0.2165    1509.4236    1463.6165  9.505  9.587  762 
   54862.306200    2996.4990     527.4996    2843.9422     527.8324    0.1978     229.8624     226.6652  1.451  0.854  762 
   54912.160800    1360.1626     258.0907    1262.7954     258.7301    0.0477    -757.6985    -724.7377 -10.727 -10.668  762 
   54914.127200   93717.4551    1021.5940   93548.5762    1021.6599    0.9375  -13990.1993  -13970.0393 -22.700 -24.300  762 
   55126.494500   -4452.3475     317.9544   -4577.4201     319.0359    0.2963    1293.0140    1224.1766 17.162 17.127  762 
   55273.271900    5004.9962     335.7406    4911.4603     336.6984    0.6109    1039.0184     985.3014  9.526  8.625  762 
   55536.299000   -2126.0554     338.1931   -2106.9023     338.9662    0.1957     508.2654     483.5730  2.727  4.316  762 
   55538.335900    1283.3342     248.4478    1424.4604     250.1115    0.2303     152.5406     142.1718  3.597  2.647  762 
   55540.344000   -1687.1840     496.9547   -1821.5352     497.4106    0.2803   -1644.0887   -1606.1039 -5.967 -7.219  762 
   55679.254400   -3290.5065     249.7504   -3480.8457     251.5629    0.3348     549.1105     503.9001  9.080  8.218  762 
   55884.409900    1009.6873     756.5262     968.5244     756.6204    0.2416   -4260.1000   -4218.1375 -23.271 -23.622  762 
   55889.436800    1327.8957     301.5581    1288.5054     302.5083    0.0201   -1569.3962   -1485.4112 -17.464 -17.496  762 
   55924.444500    -326.6573     223.2465    -490.7452     225.2382    0.0213     288.9696     266.1387  5.498  6.256  762 
   55925.375400   -2610.4550     283.2777   -2584.6335     284.4733    0.2541     640.3690     599.6958  7.000  7.440  762 
   55926.308900   -4296.1118     233.0811   -4721.3049     235.0855    0.4866    -121.3158    -110.7223 -3.829 -2.120  762 
   55927.351300    3793.8850     279.2803    3591.0652     280.4386    0.4638    -139.6173    -130.9428 -2.711 -1.730  762 
   55969.117000   -1984.5337     366.6545   -2139.3308     367.2066    0.1754     466.8313     449.0593  2.684  3.678  762 
   56045.161300   -1362.5274     333.5254   -1492.6001     334.2794    0.1957    -256.1806    -244.1423 -2.218 -3.048  762 
   56215.479000    1911.5521     286.3340    1886.2792     287.5398    0.2877     -22.7602     -21.3812  0.676 -0.334  762 
   56217.471100    6883.4499     696.5094    6774.4004     696.7079    0.2339   -2906.2687   -2875.5586 -8.966 -10.742  762 
   56301.274100   -2700.5873     367.6878   -2651.8159     368.4098    0.4600    -427.1529    -408.9210 -4.012 -3.042  762 
   56301.282000   -1261.6617     400.3393   -1191.1372     400.9015    0.3006   -1269.9083   -1227.7768 -7.415 -7.608  762 
