   54533.216400       0.0000       4.2592       0.0000       4.2592      -nan       0.0000       0.0000  0.000  0.000  762 
   54534.350300       0.0000       4.2898       0.0000       4.2898      -nan       0.0000       0.0000  0.000  0.000  762 
   54535.300800       0.0000       3.8418       0.0000       3.8418      -nan       0.0000       0.0000  0.000  0.000  762 
   54536.152700    -283.6112     490.9635     643.4109     494.8267    0.0072    -898.6388    -810.8744 -6.629 -8.724  762 
   54537.404600    1682.1117     368.0270    2021.3952     370.3764    0.0279    -501.8716    -450.5300 -16.184 -10.380  762 
   54538.192700   -1258.2541     655.6693    -731.9328     664.1561    0.0337     194.0588     174.9591  0.359  1.159  762 
   54590.208000   -3751.3965     412.8305   -1942.1045     415.3629    0.0829   -1591.3920   -1401.5501 -25.588 -23.462  762 
   54861.128800  -14037.9372     582.6351  -13758.2914     589.5364    0.5000    1724.3745    1532.6634 14.596 12.029  762 
   54862.306200   13842.0670     798.5949   16128.0738     810.3848    0.3971   -1590.1450   -1501.2779 18.767 -5.507  762 
   54912.160800    6816.5741     335.1371    6179.9048     336.5971    0.3127    3501.1403    3189.1625 68.706 60.321  762 
   54914.127200  722004.0319    1385.8424  721805.1232    1390.4177    0.9699 -111905.6784 -110526.4067 35.300 -186.835  762 
   55126.494500    -479.5433     465.8278    -287.1929     468.7194    0.0734    1477.1696    1307.3864 22.381 19.542  762 
   55273.271900    1074.5898     541.8757    1634.3888     547.6031    0.2114    2628.0755    2293.5749 26.980 20.813  762 
   55536.299000    4105.8748     537.4516    3538.6750     544.8133    0.2153     285.5624     249.5977  5.605  2.206  762 
   55538.335900   -3521.2019     391.6947   -3652.9998     394.8900    0.1144     402.4085     356.0623 10.031  6.948  762 
   55540.344000   25605.9995     730.4195   24412.6930     741.2375    0.6312   -1347.0342   -1230.1185  7.333 -5.796  762 
   55679.254400    9717.1516     389.4742    8909.6191     391.9888    0.2620    1380.4025    1205.4454 19.601 21.825  762 
   55884.409900   16662.6974     913.0420   15980.7655     916.2795    0.5837     481.6168     459.7172 12.242  2.609  762 
   55889.436800    5661.3748     473.8702    5498.4984     477.8891    0.4041     773.3460     680.2891  1.958  8.164  762 
   55924.444500       0.0000       2.0959       0.0000       2.0959      -nan       0.0000       0.0000  0.000  0.000  762 
   55925.375400     932.3422     442.2067     957.2402     445.4087    0.1297    1822.9079    1592.3872 22.768 21.720  762 
   55926.308900   -1415.6707     381.3602   -2564.5362     384.0183    0.1020     477.2699     420.3957  7.491  8.072  762 
   55927.351300    2746.4570     438.3022    2040.9634     441.2330    0.1744     634.5344     558.1458  5.988  7.912  762 
   55969.117000     717.4011     529.9198     233.2519     535.1833    0.0060    -160.8532    -143.7780  4.074 -1.294  762 
   56045.161300   22920.2571     477.9016   21954.3010     480.7313    0.6243     328.7926     294.8263 -0.393  3.825  762 
   56215.479000    -631.9708     440.9094    -325.2686     443.8485    0.1936   -5382.7672   -4771.1657 -87.120 -78.513  762 
   56217.471100   62601.2593     924.5523   62683.9541     932.2174    0.7588  -31221.3275  -29648.6562 -106.867 -112.784  762 
   56301.274100     -75.8722     591.5309    1560.5806     600.0796    0.2063   -5786.1842   -5136.6178 -39.341 -37.622  762 
   56301.282000    6987.5576     644.8031    8199.8538     654.9273    0.0725   -7851.4146   -7094.9030 -44.624 -41.914  762 
