   54533.216400    1736.5467     369.7127    1692.1998     371.9291    0.2198   -4110.1348   -3835.2153 -23.271 -23.648  762 
   54534.350300    -334.7774     327.8951      40.8543     331.9414    0.1480   -1441.6768   -1297.9402 -8.998 -9.469  762 
   54535.300800     -80.4062     321.3040       3.2727     326.3782    0.1594   -1771.1742   -1570.2235 -12.816 -12.133  762 
   54536.152700     688.6968     350.0037     766.1045     352.3745    0.0823   -1654.0517   -1532.9243 -12.298 -13.126  762 
   54537.404600     527.3031     257.4096     598.0632     267.2948    0.0303   -1109.5010    -920.3597 -13.087 -14.771  762 
   54538.192700    2361.9025     438.1946    2282.4624     440.0076    0.3265   -4842.8734   -4591.1968 -25.648 -25.688  762 
   54590.208000     281.8324     274.4279     195.1629     282.0211    0.0412    -575.4961    -489.1230 -6.785 -6.205  762 
   54861.128800    1472.2474     427.3014     815.3931     428.9430    0.1841   -3648.1606   -3477.0129 -18.929 -19.662  762 
   54862.306200    8996.1598     454.1919    8969.7506     455.0724    0.3986   -4147.3564   -4030.2950 -15.547 -15.830  762 
   54912.160800    -275.8458     276.1131   -1882.8324     279.1084    0.1744    6049.9251    5527.7739 64.352 66.836  762 
   54914.127200  103588.7083     890.5859  103497.9996     890.6870    0.9511  -17888.2688  -17856.9245 -30.253 -31.454  762 
   55126.494500    -153.8773     314.4518    -173.1464     320.4146    0.1325   -1440.0780   -1257.2710 -18.228 -17.666  762 
   55273.271900    2695.5009     316.5436    2282.9230     322.5269    0.1998    -994.0497    -871.2025 -7.058 -7.467  762 
   55536.299000    3950.6341     314.6757    3434.7555     319.6469    0.1607   -1877.5556   -1657.0400 -16.549 -15.487  762 
   55538.335900     230.8537     247.4523   -1078.0252     258.7753    0.1618    -664.9787    -549.0567 -12.636 -10.560  762 
   55540.344000    9154.4406     448.0258    8739.3667     449.6655    0.6033     938.9531     897.5090  5.059  3.952  762 
   55679.254400     452.6204     250.7661     515.3355     261.0897    0.0721     -21.8562     -17.8664 -0.782 -0.277  762 
   55884.409900    7510.8630     728.0833    7422.3965     728.4609    0.5548    5086.3142    4988.7721 26.454 27.938  762 
   55889.436800     634.3102     290.0928     324.5817     296.5621    0.1124     603.9457     520.5308  4.808  6.306  762 
   55924.444500    2960.8033     234.8915    3480.9528     245.5799    0.3783     650.0769     536.9762 12.921 11.246  762 
   55925.375400     231.3922     278.1560     -65.7336     285.2084    0.0924    1000.6296     855.7209 12.186 10.147  762 
   55926.308900     467.9701     223.2235    1233.4308     235.4621    0.2227     628.7712     498.6711 10.443 10.630  762 
   55927.351300      23.2777     273.6441      -8.6673     281.1148    0.1023     828.5442     702.6134  9.116  9.262  762 
   55969.117000    3968.7307     354.4610    4041.3257     356.9917    0.5041     994.8896     919.3860  7.450  7.104  762 
   56045.161300    1527.7301     326.0473    1193.0122     330.6822    0.2817    1076.9626     963.1728 13.094 12.045  762 
   56215.479000   -2418.7685     287.0723   -2427.6897     294.9156    0.5794   -2775.2414   -2355.8199 -37.054 -37.119  762 
   56217.471100    6312.8046     645.0850    6039.4360     645.6642    0.2577  -10366.3017  -10167.4440 -39.737 -37.905  762 
   56301.274100     -75.9359     336.5129    -442.6652     341.1291    0.2015   -1295.9143   -1159.7508 -9.207 -8.880  762 
   56301.282000    -299.2616     356.0208    -755.3457     359.5453    0.2942   -1672.1063   -1529.0814 -9.571 -10.043  762 
