   54533.216400    1808.6541     359.7970    1737.9134     361.5990    0.0212   -2090.7775   -1971.6692 -9.973 -12.222  762 
   54534.350300     645.0898     318.6873     611.3540     322.0810    0.1087   -1567.2158   -1431.3047 -11.252 -10.396  762 
   54535.300800     -44.7713     311.3646     -50.6764     315.5962    0.2046   -1542.6629   -1388.6906 -10.386 -10.763  762 
   54536.152700    3975.6474     341.4731    3943.3134     343.4042    0.3090    -599.9862    -561.6642 -3.223 -4.839  762 
   54537.404600    -137.9815     247.6493    -174.8330     258.2050    0.0734    -784.1706    -656.0301 -10.018 -10.643  762 
   54538.192700    1274.1022     429.0574    1267.8809     430.4649    0.0818   -2018.8754   -1931.7429 -9.028 -10.860  762 
   54590.208000    -860.6494     265.2462    -887.5960     272.5043    0.2097    -838.1168    -720.8994 -9.803 -9.218  762 
   54861.128800    -561.3206     417.1680    -954.2987     418.4337    0.1786   -1599.8275   -1536.9006 -6.670 -8.821  762 
   54862.306200   -1255.0007     449.3441   -1311.0712     450.0096    0.2263   -1380.3772   -1351.2514 -2.471 -5.296  762 
   54912.160800   -1832.5692     270.0935   -2726.4184     272.6389    0.1193    5124.0509    4723.9909 60.421 57.566  762 
   54914.127200   12871.8364     916.9644   12609.9113     917.1253    0.4209  -28070.2960  -28067.9347 12.385 -48.714  762 
   55126.494500   -2608.5224     307.7415   -2544.0690     313.5302    0.2442   -1211.5477   -1068.5975 -10.722 -14.865  762 
   55273.271900    -803.3675     308.8775    -983.2656     314.0531    0.1704    -282.7824    -251.9903  0.539 -2.152  762 
   55536.299000    -562.6169     307.5290    -646.2268     311.8323    0.0853    -251.2322    -224.7484  3.067 -2.081  762 
   55538.335900   -2553.3908     240.5682   -4077.8923     253.2479    0.4080    -228.4709    -190.4748 -4.005 -3.601  762 
   55540.344000   -1094.9719     441.5162   -1173.8905     442.7447    0.0575     485.9557     468.8518  5.080  2.072  762 
   55679.254400     -60.8315     242.3737     164.2142     253.1164    0.0023    -214.7466    -178.5814 -4.284 -2.743  762 
   55884.409900    3559.3299     726.9059    3516.3883     727.2023    0.5053    6915.7519    6808.1355 46.916 38.044  762 
   55889.436800    1134.8429     282.2575    1179.4463     288.1027    0.2436    1050.9789     922.2575 13.390 11.051  762 
   55924.444500     976.8561     227.5185    1825.7493     239.9328    0.2241     598.8202     501.6757 10.481 10.380  762 
   55925.375400    1377.4855     269.0173    1431.1931     275.3963    0.3225    1173.6764    1022.1186 16.767 12.094  762 
   55926.308900     650.5781     215.0809    2235.7942     228.8161    0.2450     515.8245     419.9177  4.501  8.702  762 
   55927.351300    2138.7550     264.2912    2107.2850     271.4811    0.3281     254.9914     220.6111  1.524  2.897  762 
   55969.117000    2825.0121     346.0450    3025.6430     348.0897    0.5265    2275.8199    2127.7909 18.748 16.528  762 
   56045.161300    1443.0443     319.4367    1203.4601     323.8538    0.2395     722.2382     654.8358  8.355  8.116  762 
   56215.479000   -2430.8245     279.5438   -2602.3465     287.6061    0.4493   -1549.2712   -1335.5675 -21.149 -20.706  762 
   56217.471100   -4871.3651     640.7815   -4950.1322     641.1938    0.4444   -3001.2012   -2959.0673 -12.850 -11.045  762 
   56301.274100    -236.4774     327.9496    -277.7799     331.6200    0.1919    -850.2790    -774.2754 -4.463 -5.883  762 
   56301.282000    -333.7522     348.1790    -545.2589     350.8818    0.1799    -686.7892    -638.1821 -5.391 -4.153  762 
