   54533.216400   -1312.0036     342.9550   -1475.8367     345.0055    0.2083    -728.5138    -682.5158 -4.909 -4.345  762 
   54534.350300    -366.3622     303.0597    -380.8786     306.5879    0.0485       4.8575       4.4123  0.541  0.032  762 
   54535.300800     194.7163     293.6655      93.4568     298.0101    0.0111    -227.8664    -203.3930 -0.766 -1.614  762 
   54536.152700   -2337.8525     330.2272   -2533.3292     332.1539    0.3663   -1426.5378   -1329.2447 -9.730 -11.759  762 
   54537.404600    1081.6634     236.0249     373.0302     243.6245    0.0140    -616.1957    -521.2744 -7.422 -8.570  762 
   54538.192700    -325.0958     410.3519    -313.0462     411.8826    0.2725   -1706.3081   -1622.6600 -9.999 -9.347  762 
   54590.208000    1121.7200     252.7829     837.3523     258.4025    0.0174   -1167.3231   -1010.6751 -13.776 -13.124  762 
   54861.128800   -5958.3406     400.1253   -6389.6494     401.5888    0.5951   -1267.1308   -1207.0661 -8.064 -7.178  762 
   54862.306200    4553.5996     431.7677    4460.2255     432.4764    0.1135   -3006.1908   -2935.8825 -11.231 -11.286  762 
   54912.160800   -1043.9475     256.8670   -2478.5362     259.2696    0.0089    2531.8037    2329.6268 30.699 30.274  762 
   54914.127200   55301.4184     846.2507   55052.5259     846.3252    0.8482  -18654.9588  -18623.6960 -24.424 -32.911  762 
   55126.494500    1356.3294     299.3018    1107.5695     303.1313    0.0272    -959.1108    -861.3584 -11.327 -11.861  762 
   55273.271900    3369.7904     292.7712    3306.1796     297.1677    0.3774    -586.4626    -521.5472 -5.090 -4.510  762 
   55536.299000     206.3715     298.5634    -256.9648     302.2335    0.2168   -1540.9075   -1382.6865 -13.260 -12.552  762 
   55538.335900     970.6371     232.9030     870.0922     239.8793    0.0395    -612.0624    -520.1361 -10.256 -9.684  762 
   55540.344000     923.5987     423.9169     744.5111     425.2323    0.1346   -2437.0695   -2340.8506 -11.842 -10.299  762 
   55679.254400     976.0870     231.4565     815.9908     238.6378    0.0287    -722.2997    -604.1004 -11.169 -9.470  762 
   55884.409900    1039.1590     719.1943     968.1571     719.4779    0.1848    1393.1344    1370.9703  7.935  7.655  762 
   55889.436800     168.2252     274.1141     -95.2708     278.4185    0.0511    -445.8174    -394.2300 -4.242 -4.664  762 
   55924.444500    4228.1224     216.9372    3959.9490     224.2714    0.3506     689.4357     582.2895 13.392 12.534  762 
   55925.375400     833.9796     257.9334     259.0362     263.1707    0.0833     458.1412     399.3354  5.142  4.765  762 
   55926.308900   -4181.9164     214.9262   -5005.7406     223.0987    0.3785     420.0660     342.0370  7.978  6.761  762 
   55927.351300   -2194.4996     257.9186   -2560.9917     263.0957    0.2811     373.8039     322.8031  5.395  4.181  762 
   55969.117000   -3450.7304     336.6825   -3841.5320     338.8622    0.4572   -1679.9863   -1560.0706 -11.875 -12.215  762 
   56045.161300     100.6563     312.7869      18.7390     315.6882    0.0507     386.5457     352.2633  2.751  4.370  762 
   56215.479000    2551.5391     268.6771    2450.7167     273.6322    0.2557    -928.8939    -813.8628 -14.557 -12.586  762 
   56217.471100    4448.9462     623.4922    4317.3392     623.9026    0.0092   -4233.2059   -4166.2267 -13.934 -15.481  762 
   56301.274100     428.9135     314.6028     473.1777     317.9594    0.0810     -99.9047     -90.8125 -1.960 -0.685  762 
   56301.282000    -253.9918     334.8410    -122.4151     337.3322    0.0290     -54.8203     -50.8474  0.010 -0.326  762 
