   54533.216400    1337.1949     350.2462    1310.8623     350.6263    0.2910    1447.3628    1413.0627 11.030  9.916  762 
   54534.350300     739.7766     327.2792     655.2347     327.8632    0.3626    2443.2678    2370.8296 19.551 17.351  762 
   54535.300800    1170.1283     304.1376    1159.1133     305.0245    0.3557    1556.9621    1494.1354 13.375 12.865  762 
   54536.152700    1031.6685     321.8368    1013.5339     322.3034    0.1689     514.2524     499.2225  6.407  4.965  762 
   54537.404600    5047.5885     216.4282    4869.3719     219.3639    0.5160     415.7096     385.1882  9.800  7.721  762 
   54538.192700     898.5521     420.9628     885.0454     421.2536    0.4832    2752.3783    2703.4109 21.613 16.914  762 
   54590.208000    5617.0333     239.4295    5612.8936     241.1757    0.6890     961.3621     903.8527 15.795 13.661  762 
   54861.128800   -1874.4641     388.5379   -1962.7745     388.8876    0.0323    2367.9517    2315.2263 12.662 16.260  762 
   54862.306200   -4800.8010     502.7224   -4858.8943     502.8108    0.1911    2666.3315    2653.8642 11.927  9.871  762 
   54912.160800    2473.6464     233.9516    2192.1033     234.8544    0.0174   -2079.1138   -1991.8239 -38.641 -32.543  762 
   54914.127200  -28816.7370    1027.9215  -28565.3487    1028.0386    0.7201  -21899.3305  -21889.1970 -4.438 -37.897  762 
   55126.494500    2355.3691     293.4637    2254.2112     294.6199    0.4215    1131.7739    1080.1601  4.597 15.535  762 
   55273.271900    3558.8474     307.3204    3581.9897     308.2212    0.5016     745.1750     714.6955  6.168  6.364  762 
   55536.299000     470.9059     314.4821     571.6450     315.0967    0.1504     558.8032     538.6628  8.929  4.788  762 
   55538.335900    -294.5394     228.2013    -235.4343     230.7848    0.0159     149.4260     138.7044 10.959  2.656  762 
   55540.344000   -2508.7927     464.1688   -2607.0079     464.3803    0.3119   -1171.5382   -1157.2412  2.813 -5.278  762 
   55679.254400    1561.7377     223.8232    1293.8506     226.4528    0.2125     168.5966     155.2361  4.541  2.665  762 
   55884.409900   -3428.5138     741.5508   -3483.0013     741.6134    0.5603   -6059.7349   -6023.4379 -31.726 -33.831  762 
   55889.436800   -1269.5632     280.2177   -1359.0612     281.2866    0.3543   -1835.0206   -1747.5822 -27.039 -20.785  762 
   55924.444500    1917.4747     199.2742    1194.0075     203.1174    0.0953    -271.6376    -248.7526 -9.530 -6.441  762 
   55925.375400       7.6129     256.5729    -283.5991     258.0935    0.1089    -579.0885    -545.7412 -11.102 -7.055  762 
   55926.308900   -2398.6029     213.6682   -2821.7921     216.4483    0.4109    -341.6793    -313.5848 -11.104 -6.039  762 
   55927.351300     919.7158     255.6914     888.9395     257.0488    0.0783    -517.4374    -487.7921 -8.634 -6.648  762 
   55969.117000    4647.8926     337.9039    4524.3081     338.3580    0.3716   -1284.0344   -1247.3381 -12.410 -10.585  762 
   56045.161300    -517.3010     312.3144    -552.2072     313.1089    0.1800    -779.5356    -748.9563 -7.667 -9.549  762 
   56215.479000     715.9555     264.1407     799.1411     265.5950    0.4035    1270.1953    1199.1448 23.817 19.180  762 
   56217.471100   -5606.0404     670.3052   -5670.5585     670.3777    0.1148    4057.2843    4039.7527 16.651 15.152  762 
   56301.274100     933.6374     339.1930    1041.0676     339.6811    0.5054    2540.2630    2468.4682 22.616 18.255  762 
   56301.282000    1571.0780     373.4547    1661.3435     373.7352    0.6616    3609.8036    3543.9095 25.622 21.509  762 
