   54533.216400    -757.9282     408.7403   -1202.4745     416.2347    0.1474    -214.6800    -190.0419 -0.908 -1.224  762 
   54534.350300    -882.0564     380.9382   -1351.3570     392.4861    0.1930     -96.4943     -81.8840 -0.221 -0.594  762 
   54535.300800   -1047.1052     371.9560   -1167.6493     386.3594    0.1120     373.7913     307.8347  2.346  2.460  762 
   54536.152700   -1297.2491     384.9446   -1923.8570     393.1028    0.1767     -64.5375     -56.2244 -1.886 -0.506  762 
   54537.404600    -216.0244     300.4842   -1937.9072     329.5496    0.1779       7.6548       5.6737  0.715  0.098  762 
   54538.192700    -397.5995     477.1932    -677.8261     483.4329    0.0435     387.1707     351.9607  0.199  2.041  762 
   54590.208000    -437.8055     318.3894   -1408.9046     340.1170    0.1817    -117.5808     -90.6048 -1.616 -1.218  762 
   54861.128800   -5340.1722     455.5221   -6478.2455     461.4897    0.4997   -1485.4019   -1351.3929 -9.388 -8.244  762 
   54862.306200    4514.1435     506.3435    3902.2147     508.9706    0.0299   -3633.8282   -3479.2846 -12.490 -13.349  762 
   54912.160800    2814.3395     301.2627    -184.8506     311.4045    0.1305   -2421.6370   -2049.6193 -28.470 -27.383  762 
   54914.127200  133342.5457     953.5744  132782.8947     953.7758    0.8838  -47936.5469  -47817.5564 -82.083 -83.133  762 
   55126.494500    4298.8367     359.1880    1729.8074     377.1190    0.0549   -1177.2433    -953.1701 -11.971 -13.394  762 
   55273.271900    3101.4630     369.0505    2471.8765     385.0278    0.1968   -1131.5325    -921.8950 -7.214 -7.939  762 
   55536.299000    3649.4048     365.8222    3312.6784     378.9076    0.4050     367.5152     303.5693  1.501  2.765  762 
   55538.335900    1814.1205     293.2485    1338.0210     321.6173    0.0525    -883.4255    -666.9759 -12.339 -12.636  762 
   55540.344000    8041.3872     494.8675    7051.2361     500.0051    0.2476   -4205.6192   -3903.8463 -18.264 -17.367  762 
   55679.254400    1210.7220     296.9450      56.3376     324.5399    0.0535    -858.7441    -630.3407 -9.040 -10.007  762 
   55884.409900    7432.8717     761.9893    7049.4254     763.4914    0.2174   -4298.1898   -4147.3880 -21.637 -23.115  762 
   55889.436800     -61.1098     339.6541    -504.5499     356.2579    0.1142    -990.4897    -791.7659 -10.702 -9.444  762 
   55924.444500   -1033.4533     275.1429   -2662.8902     306.8395    0.1658    -107.1234     -78.3680 -0.418 -1.744  762 
   55925.375400   -1936.5374     325.6418   -4132.8178     345.1379    0.3522    -397.8628    -310.8048 -4.677 -3.773  762 
   55926.308900   -5101.2049     274.9052   -7237.9317     305.6034    0.4076    -454.5908    -324.4005 -6.051 -6.546  762 
   55927.351300   -3172.3729     323.0816   -4442.2213     342.9616    0.4581    -567.8219    -439.6079 -7.043 -5.814  762 
   55969.117000   -4272.3803     396.2924   -5728.7076     405.0645    0.4636   -1348.1153   -1170.9811 -10.909 -9.314  762 
   56045.161300    1314.1587     370.8045    1252.9048     384.0628    0.1082    -357.7504    -298.3417 -4.851 -3.716  762 
   56215.479000    7710.7422     331.6035    7919.2514     352.2089    0.8074    2503.7880    1959.7181 32.499 30.743  762 
   56217.471100   21999.7410     679.9317   21493.9192     681.6852    0.8457    8691.7078    8424.1601 34.489 31.376  762 
   56301.274100    5641.7448     388.5402    6170.4894     399.8967    0.5297    -204.4475    -173.6128 -2.865 -1.302  762 
   56301.282000    7380.3957     409.3737    8145.7815     417.6384    0.5436    -648.3765    -571.5181 -3.538 -3.619  762 
