   54533.216400     -27.4795      39.5276   -2051.2379     342.2005    0.1556       0.0000       0.0000 -4.805  0.000  762 
   54534.350300   -2956.2983     298.0252   -2923.2088     299.8542    0.4557    -526.2868    -493.3440 -3.931 -3.558  762 
   54535.300800   -3725.2149     291.0894   -3737.3557     293.4235    0.5885   -1247.6460   -1156.2398 -8.368 -8.831  762 
   54536.152700   -2841.5697     329.2323   -2761.5996     330.1645    0.3822    -642.0158    -613.4926 -4.778 -5.197  762 
   54537.404600   -2706.0442     229.2041   -3056.1914     235.5938    0.3701     -71.6082     -62.9794 -1.370 -0.994  762 
   54538.192700   -3040.3504     414.1646   -3063.1862     414.8500    0.6969   -3356.1481   -3255.1080 -17.550 -18.099  762 
   54590.208000    2039.3269     245.2245    2286.7951     249.0773    0.2990    -445.2429    -401.4170 -4.673 -5.022  762 
   54861.128800    -301.2515     404.2325    -424.7102     404.7692    0.2274   -2296.1858   -2235.9063 -11.394 -12.616  762 
   54862.306200     490.4794     428.9859     405.2525     429.2796    0.1654   -2191.4284   -2156.9897 -7.945 -8.512  762 
   54912.160800    3363.2456     259.8272    3239.5036     260.9006    0.5219    5667.1375    5381.5440 65.594 63.246  762 
   54914.127200       0.0000      13.0700       0.0000      13.0700      -nan       0.0000       0.0000 -3.828  0.000  762 
   55126.494500       0.0000       3.0534       0.0000       3.0534      -nan       0.0000       0.0000  0.000  0.000  762 
   55273.271900    2186.9143     287.7855    2042.3164     290.5255    0.2205    -728.3651    -671.2825 -6.026 -5.655  762 
   55536.299000   -2014.9851     288.1850   -2202.9868     290.5492    0.2333    -524.2214    -483.0398 -5.872 -4.467  762 
   55538.335900   -4141.1073     224.0696   -5836.8096     232.1078    0.4748    -268.6075    -233.0798 -5.955 -4.317  762 
   55540.344000    1364.9483     421.4184    1284.3804     421.9917    0.1401     372.3709     363.0306 -0.059  1.605  762 
   55679.254400   -2500.2620     224.5830   -2900.0270     231.2447    0.2997     173.4428     151.7856  1.796  2.270  762 
   55884.409900   -1104.6805     719.0797   -1163.6680     719.2177    0.3041    6933.5936    6858.9701 31.491 38.244  762 
   55889.436800   -2567.0619     264.6790   -2773.6539     268.0804    0.1117    1950.8760    1767.4358 19.316 21.006  762 
   55924.444500    -368.4871     213.7396     522.0153     220.6182    0.0909     416.2467     365.2319  8.683  7.247  762 
   55925.375400     205.0949     251.0673     365.7589     254.5125    0.1533     888.1806     802.4117  9.778  9.336  762 
   55926.308900    2935.3285     195.6925    4116.6059     204.0191    0.3516     190.8499     164.0629  3.941  3.384  762 
   55927.351300    1980.2068     245.2223    2223.8205     249.1890    0.3441     461.0935     415.1408  4.077  5.402  762 
   55969.117000     701.7641     330.8408     877.5422     331.8147    0.2635    1631.4085    1557.1396 11.840 11.984  762 
   56045.161300   -1398.5887     304.2175   -1832.8673     306.6703    0.0889    1018.2246     950.1796 12.321 11.617  762 
   56215.479000     545.3631     261.0530     642.8617     265.2981    0.0914   -1846.0474   -1656.0520 -25.322 -25.275  762 
   56217.471100    6454.7741     624.3300    6336.2832     624.4989    0.0882   -5163.8661   -5113.4609 -19.482 -19.100  762 
   56301.274100   -6356.2243     309.0944   -6545.1680     311.2136    0.7221   -1189.7928   -1106.8268 -7.978 -8.383  762 
   56301.282000   -6583.6400     328.9670   -6918.7162     330.5540    0.7466   -1119.3405   -1057.1235 -6.785 -6.895  762 
