   54533.216400    1870.5345     397.0790     919.3204     401.4610    0.0210   -1409.3038   -1282.2221 -14.989 -8.958  762 
   54534.350300    1004.4265     379.4363     330.8864     385.3134    0.0145    -217.6905    -194.1182 -10.991 -1.429  762 
   54535.300800    2930.3463     361.1254    2438.8111     368.8560    0.1858    -395.5333    -342.8482 -14.768 -2.947  762 
   54536.152700    1567.4116     366.6215     529.0502     371.2037    0.0041    -504.1914    -454.5386 -13.461 -4.496  762 
   54537.404600    5964.4969     275.3833    3828.4684     290.4490    0.1686     134.7885     109.4728 -13.189  2.164  762 
   54538.192700     358.5292     466.5613    -118.3483     470.1775    0.0601     963.6116     894.1295 -3.704  5.572  762 
   54590.208000    4291.2997     297.2354    3012.7174     308.4422    0.1726     484.5054     402.5719 -9.610  6.028  762 
   54861.128800   -3042.9610     433.7609   -4279.9439     437.5673    0.2291   -1349.4824   -1242.8350 -21.056 -8.620  762 
   54862.306200   15146.4261     529.9469   14523.3895     531.2017    0.2141  -10465.3625  -10183.6428 -47.217 -38.010  762 
   54912.160800    4331.8743     272.7675    2706.7647     278.6007    0.0309   -2235.5561   -1963.7285 -40.114 -31.805  762 
   54914.127200   88976.5480    1007.5954   88315.9577    1007.7813    0.0082  -88894.4751  -88676.7712 -285.419 -154.820  762 
   55126.494500    3905.3929     344.5332    2636.0826     352.6127    0.1573    1087.1331     944.1984 19.924 13.648  762 
   55273.271900    3722.4972     362.0727    3125.2954     370.0657    0.2230    -416.7394    -359.8205 -3.276 -3.218  762 
   55536.299000    4247.2020     363.5658    3735.8993     369.5256    0.1287   -1999.9337   -1761.9501 -18.843 -15.750  762 
   55538.335900    2847.4891     280.3650    3706.2002     292.8243    0.3184    -200.7345    -166.3353 -9.553 -3.214  762 
   55540.344000    8140.8965     501.6801    7196.1898     504.4847    0.0371   -6912.2523   -6542.0061 -36.274 -29.750  762 
   55679.254400   -1571.2163     281.6228   -2424.1401     294.7371    0.2576    -169.1373    -134.5524 -22.765 -2.318  762 
   55884.409900    7435.6498     764.4730    7048.6550     765.2487    0.1155   -9383.1191   -9144.9772 -51.223 -51.517  762 
   55889.436800    1953.9531     330.5594    1745.8746     337.9597    0.0161   -1749.8589   -1510.7275 -17.368 -18.078  762 
   55924.444500    2534.7093     251.6136    -234.9492     267.6586    0.0187    -142.5787    -113.5375 -2.518 -2.944  762 
   55925.375400    2954.2099     310.1982    1605.8135     319.7717    0.1056     100.8618      84.7760  2.281  1.094  762 
   55926.308900   -7137.7167     268.8272   -8436.5583     281.8741    0.4492     236.4514     189.7258  4.518  3.706  762 
   55927.351300   -3698.6109     311.6693   -4180.0866     320.9049    0.3730     178.4536     149.2724  3.541  2.033  762 
   55969.117000   -1145.8619     384.5912   -2628.5789     389.3503    0.2253   -1108.1576    -997.5049 -6.696 -8.427  762 
   56045.161300   -5085.8966     360.2609   -4867.7982     366.0898    0.2039    -623.5680    -549.1770 -5.449 -7.041  762 
   56215.479000    4769.9686     317.2460    4818.0185     326.3299    0.5071     401.8560     341.4612 -3.715  5.511  762 
   56217.471100   18220.1009     695.5394   17769.6906     696.5091    0.3857  -11823.1877  -11551.9055 -56.688 -43.322  762 
   56301.274100    7932.7940     388.1670    8022.2128     393.4083    0.5652    -392.3156    -351.9632 -15.113 -2.619  762 
   56301.282000   11398.3343     416.9815   11787.4758     420.6459    0.7172   -1208.5933   -1116.0145 -16.596 -6.835  762 
