   54533.216400       0.0000       4.2728       0.0000       4.2728      -nan       0.0000       0.0000  0.000  0.000  762 
   54534.350300       0.0000       4.2902       0.0000       4.2902      -nan       0.0000       0.0000  0.000  0.000  762 
   54535.300800       0.0000       3.8524       0.0000       3.8524      -nan       0.0000       0.0000  0.000  0.000  762 
   54536.152700   -1684.5142     342.5489   -1618.8594     342.9217    0.1330     301.0501     290.1868  5.421  3.087  762 
   54537.404600     745.2202     235.0844     657.1980     236.5058    0.0218    -502.9955    -467.6849 -14.931 -10.717  762 
   54538.192700   -2338.8588     456.1005   -2256.7447     456.4374    0.0001    2319.6910    2257.7190 17.957 14.781  762 
   54590.208000    1729.1146     262.4753    1836.1652     263.3275    0.1166    -853.7262    -801.5740 -15.210 -13.330  762 
   54861.128800    5442.1638     404.4137    5424.3616     404.7409    0.5442    1916.9838    1859.4953 17.126 14.396  762 
   54862.306200    4741.3478     565.0294    4677.4586     565.1624    0.6227    6659.9443    6604.5414 29.243 24.251  762 
   54912.160800     873.3737     239.3454     844.8195     239.8158    0.2486    1917.0725    1832.7757 34.554 34.038  762 
   54914.127200   -2831.0090    1153.1631   -2941.2624    1153.3002    0.0223    4082.6742    4077.3068 56.694  6.886  762 
   55126.494500     693.2055     315.8312     728.7640     316.4363    0.3653    1697.5500    1617.7375 29.013 24.149  762 
   55273.271900    2589.3550     350.0836    2575.7772     350.6897    0.5282    2296.5670    2187.9846 21.201 19.693  762 
   55536.299000    1308.9643     354.5369    1368.4979     355.0009    0.1307    -270.6795    -259.6132 -4.843 -2.296  762 
   55538.335900    2315.8510     252.3253    2368.3342     253.5221    0.3003    -104.1133     -97.9455 -2.094 -1.911  762 
   55540.344000    4180.5409     508.8290    4159.6182     509.0839    0.5208    3221.3902    3162.2731 18.871 14.844  762 
   55679.254400    1792.0106     249.0241    1713.3136     250.1362    0.2464     787.2222     729.9240 10.651 13.111  762 
   55884.409900    1770.9903     771.1254    1778.0632     771.1872    0.1663     421.6227     417.9863  1.608  2.358  762 
   55889.436800    5710.7511     310.0214    5759.2109     310.5089    0.7111    2393.4160    2285.5781 26.743 27.429  762 
   55924.444500       0.0000       2.1100       0.0000       2.1100      -nan       0.0000       0.0000  0.000  0.000  762 
   55925.375400    -968.8129     284.3558    -950.4716     285.0962    0.0645    1474.2061    1390.6615 22.428 18.864  762 
   55926.308900   -2291.3020     240.3834   -2381.7827     241.5030    0.2869     677.8337     634.7852 12.552 12.263  762 
   55927.351300   -2063.5145     283.5303   -2067.4664     284.2749    0.1562    1227.5752    1159.7811 19.378 16.450  762 
   55969.117000    -842.9439     365.4686    -758.0774     365.8334    0.1581    -701.7373    -676.5245 -4.496 -6.043  762 
   56045.161300   10439.5935     333.9671   10474.3748     334.3100    0.7780    1080.7678    1041.6648 16.420 13.484  762 
   56215.479000    -888.3714     291.3326    -877.2194     292.0516    0.4351   -3654.9655   -3465.2633 -58.958 -56.862  762 
   56217.471100   -6232.3757     718.8497   -6280.1068     718.9643    0.7330  -13823.5017  -13707.2049 -48.497 -51.968  762 
   56301.274100     341.2144     388.3491     428.6177     388.7881    0.0436    -751.4097    -725.3576 -4.204 -5.292  762 
   56301.282000     572.1424     431.3137     648.8343     431.6311    0.0093    -742.0833    -723.6855 -1.923 -4.261  762 
