   54533.216400    5685.7730     354.7553    5546.3843     355.5685    0.5778     787.6741     775.5506  7.110  5.716  762 
   54534.350300    3930.7068     343.8792    3890.4744     344.9762    0.5173    1249.6024    1226.7519  9.042  8.953  762 
   54535.300800    4992.8831     311.2210    4920.5170     312.3671    0.6511    1138.8448    1110.0926 11.026  9.945  762 
   54536.152700    4882.7157     320.2183    4809.4543     320.7618    0.5217     288.2604     283.4417  4.148  2.987  762 
   54537.404600    2943.6123     212.3760    2642.2597     214.4803    0.3070     412.8941     393.5647  7.544  8.673  762 
   54538.192700    3277.4421     427.0606    3157.7050     427.7879    0.5652    1702.3777    1682.0829 10.842 10.974  762 
   54590.208000    1348.8471     239.0839    1186.6049     240.4612    0.1979     219.2025     210.7832 -1.234  3.423  762 
   54861.128800   -1546.2816     383.1446   -1654.0612     383.7481    0.1021     631.8151     622.2524  9.209  4.766  762 
   54862.306200    7976.6670     531.8990    7951.2657     532.6234    0.5181     281.3250     280.3099  1.181  1.025  762 
   54912.160800    1982.8195     224.7132    1878.9077     225.3580    0.2408     570.9057     554.5003  9.879 10.150  762 
   54914.127200   98085.0577    1063.6347   98347.9917    1063.8795    0.8307  -38771.3142  -38793.9708 -50.276 -66.278  762 
   55126.494500     704.3837     296.0866     644.1791     296.8911    0.2325     883.2749     858.2815 14.581 12.551  762 
   55273.271900    4877.1955     318.0398    4875.7995     319.0327    0.6333    1497.4781    1460.9520 13.639 13.155  762 
   55536.299000    1968.8636     328.1658    1880.6990     328.9787    0.1484    -806.8001    -790.1824 -7.551 -6.922  762 
   55538.335900    1185.1228     231.2457    1161.0190     232.7642    0.1868     -73.8400     -70.9706 -1.568 -1.358  762 
   55540.344000    9012.7844     477.9484    8896.2727     478.6729    0.4750   -2243.4908   -2226.2832 -9.881 -10.349  762 
   55679.254400    -753.7453     225.4476   -1155.3503     227.2915    0.0023    1199.2231    1136.6142 18.446 20.213  762 
   55884.409900    2737.2204     753.4824    2687.9085     753.6192    0.1549   -4613.1765   -4595.3839 -24.992 -25.858  762 
   55889.436800    1471.5121     287.2490    1386.5968     288.1149    0.0593    -960.2224    -935.0410 -11.311 -11.092  762 
   55924.444500    2336.2185     194.3129    2041.6207     196.6407    0.2489     275.2118     259.3857  7.752  7.288  762 
   55925.375400    2053.9604     258.8318    1932.4516     259.9523    0.3169     168.0786     162.2870  1.932  2.173  762 
   55926.308900   -1371.0031     218.4250   -1435.4892     219.9172    0.2771      -2.6296      -2.5069  0.283 -0.047  762 
   55927.351300       7.0437     260.0208     -11.9506     261.0855    0.0217    -113.4664    -109.5982 -1.195 -1.523  762 
   55969.117000    2001.7422     342.3392    1995.3621     342.9528    0.1809    -551.4256    -541.0275 -5.428 -4.776  762 
   56045.161300     743.5317     316.2949     679.7874     316.9111    0.1239     386.6689     378.6424  6.149  4.860  762 
   56215.479000    -655.1075     267.7002    -687.1226     268.7020    0.1537    -269.4688    -260.7058 -5.403 -4.214  762 
   56217.471100    9459.5353     688.4574    9328.0462     688.8551    0.2041   -6055.8848   -6038.3552 -23.552 -22.775  762 
   56301.274100    2784.3480     356.7962    2773.7284     357.6917    0.5362     615.5754     605.2059  3.732  4.414  762 
   56301.282000    2824.2796     397.8046    2773.9619     398.6711    0.5185    1116.5186    1105.3322  5.786  6.516  762 
