   54533.216400       0.0000       4.3880       0.0000       4.3880      -nan       0.0000       0.0000  0.000  0.000  762 
   54534.350300   -2708.7428     511.5521   -2775.7395     517.4993    0.0251    3622.6884    3290.0915 22.887 23.802  762 
   54535.300800       0.0000       3.9387       0.0000       3.9387      -nan       0.0000       0.0000  3.358  0.000  762 
   54536.152700    -460.7703     452.6184    -931.5871     459.2907    0.0667    2532.7824    2268.9953 21.636 22.794  762 
   54537.404600   -6991.8072     360.0914  -10010.4690     385.6228    0.2437     694.9451     551.9110 10.690 11.409  762 
   54538.192700   -2923.8346     593.3040   -3092.3833     597.6650    0.0933    4655.0308    4332.6514 26.390 27.286  762 
   54590.208000   -4414.9577     386.8821   -5639.2567     403.8946    0.2512     473.3484     389.6033  4.232  6.007  762 
   54861.128800   -3240.2912     534.6929   -3947.3337     539.7289    0.1400    1308.6214    1203.1177 12.605  8.645  762 
   54862.306200   12807.1376     710.3093   12497.3112     711.3277    0.2292   -7713.2250   -7555.1315 -27.419 -28.073  762 
   54912.160800   -4381.4173     334.4348   -6802.1531     345.6713    0.4171   -3110.6607   -2650.6901 -45.956 -43.777  762 
   54914.127200  120482.0110    1375.5523  120187.5480    1375.6653    0.0200 -121660.4548 -121460.1357 -203.929 -205.216  762 
   55126.494500    1358.1590     429.6927      95.1943     443.4141    0.1284    2906.3901    2484.5735 37.027 35.839  762 
   55273.271900   -2790.5907     484.8128   -2895.0991     494.4712    0.1588     525.8147     460.5698  5.407  4.055  762 
   55536.299000    2342.4474     472.6322    1789.8526     480.5146    0.0211   -1622.4059   -1441.9541 -11.144 -12.763  762 
   55538.335900    6371.4422     361.8540    7342.4338     383.3991    0.3296    -140.0703    -115.9720 -5.100 -2.194  762 
   55540.344000    2405.0363     657.6574    1699.9940     660.5917    0.3032   -7881.9306   -7510.7284 -36.003 -34.664  762 
   55679.254400   -5415.9545     370.3866   -7103.8455     391.0028    0.2868     180.6789     144.2135 -5.430  2.448  762 
   55884.409900    3507.8863     860.7267    2849.4726     862.1726    0.2152   -7815.8485   -7570.5640 -42.340 -42.396  762 
   55889.436800    4261.8512     425.1396    3977.1389     435.7809    0.1765   -1432.1481   -1239.9133 -15.524 -14.688  762 
   55924.444500   11189.1833     320.5886    5497.1980     349.8216    0.1435    1001.1746     795.6602 18.645 20.525  762 
   55925.375400    4368.6382     403.4657    2789.1183     417.2583    0.1474      33.8844      28.6856  2.986  0.372  762 
   55926.308900   -2744.8324     348.8613   -5134.5839     369.9549    0.2324    -279.4915    -227.0115 -3.492 -4.340  762 
   55927.351300   -3512.5171     401.1021   -4325.5835     414.9375    0.3597    -702.5259    -591.4191 -8.800 -8.129  762 
   55969.117000     106.1157     482.2210   -1501.9281     488.7344    0.2438   -3049.8035   -2745.0067 -20.023 -23.562  762 
   56045.161300    2068.9690     442.8061    2346.2469     452.4923    0.0344   -1911.7095   -1669.1217 -20.133 -21.107  762 
   56215.479000    7292.0154     402.9001    7019.2224     418.0224    0.5396    2644.8865    2240.1730 38.374 35.623  762 
   56217.471100   13204.8464     852.5787   12852.6793     853.7350    0.4139   -2060.8223   -2015.7838 -10.241 -7.594  762 
   56301.274100    9861.3528     514.8658   10378.7208     520.6629    0.7676    6973.4431    6363.8822 46.634 46.570  762 
   56301.282000    9145.2995     558.7864    9664.0927     562.5563    0.8186    7804.3460    7313.3268 42.520 43.793  762 
