   54533.216400       0.0000       4.2632       0.0000       4.2632      -nan       0.0000       0.0000  0.000  0.000  762 
   54534.350300       0.0000       4.2791       0.0000       4.2791      -nan       0.0000       0.0000  0.000  0.000  762 
   54535.300800       0.0000       3.8370       0.0000       3.8370      -nan       0.0000       0.0000  0.000  0.000  762 
   54536.152700    1082.2397     327.5804     956.4315     328.0909    0.0647    -421.2798    -408.6678 -6.842 -4.394  762 
   54537.404600    2476.6960     219.7980    1996.7730     222.8841    0.2175       7.1594       6.6366 -4.309  0.154  762 
   54538.192700     274.6368     436.9823     226.3888     437.3315    0.3885    2437.7044    2388.5633 13.738 15.779  762 
   54590.208000    3290.4583     246.3427    3107.8079     248.0612    0.3472    -399.7379    -376.0446 -16.107 -6.336  762 
   54861.128800    2217.8986     388.6828    2169.5442     389.0413    0.2129    -173.7100    -169.7000 -2.296 -1.325  762 
   54862.306200    6220.6176     545.8603    6098.2669     545.9995    0.4542    1534.5741    1525.0596  2.958  5.604  762 
   54912.160800     581.1608     229.5884     299.1116     230.5919    0.0987     792.0177     755.0962 14.345 14.283  762 
   54914.127200   32669.9100    1105.1802   32610.8489    1105.2593    0.3903  -17483.5698  -17474.7427 -30.360 -29.748  762 
   55126.494500     158.8305     303.1216      50.5075     304.1666    0.1164     801.2280     765.3189  9.497 11.477  762 
   55273.271900    1039.4889     330.5116     946.7373     331.4060    0.2850    1315.4614    1262.8970 11.401 11.512  762 
   55536.299000     739.4354     338.1582     701.1058     338.7402    0.0551   -1164.9728   -1126.0633 -10.129 -10.000  762 
   55538.335900     656.3584     238.8004     581.9124     241.1207    0.0730    -157.3452    -147.4660 -4.025 -2.923  762 
   55540.344000    2453.5047     490.1510    2387.8946     490.3967    0.1803    -132.6648    -130.7850  0.296 -0.615  762 
   55679.254400    2710.1774     233.3939    2440.8986     235.5911    0.4277     621.0436     575.4342  9.494 10.530  762 
   55884.409900     192.9550     759.4699     164.0943     759.5355    0.2128   -2918.1131   -2898.8517 -14.651 -16.457  762 
   55889.436800     157.4087     295.7015     155.4938     296.5439    0.2665    2073.3974    1988.4452 26.299 24.034  762 
   55924.444500    2784.8813     200.1267    2231.0420     203.4898    0.1948       0.0000       0.0000 13.931  0.000  762 
   55925.375400     999.7388     267.8913     795.8318     269.2304    0.2115     706.9803     669.5535 10.709  9.193  762 
   55926.308900   -1606.5979     227.2538   -1742.9921     229.3189    0.2387     426.2028     398.1368  9.383  7.721  762 
   55927.351300    -895.0369     268.0842    -890.6186     269.3304    0.0162     844.8333     800.1838 11.368 11.460  762 
   55969.117000   -1075.5249     349.9827   -1139.1585     350.4770    0.1758    -614.4931    -596.3696 -6.163 -5.368  762 
   56045.161300    1150.2209     322.3245    1071.6063     323.0229    0.1649     271.6444     261.8850  4.330  3.432  762 
   56215.479000    -651.8190     276.8319    -715.8883     278.1111    0.3138   -1676.6508   -1593.6545 -31.065 -26.328  762 
   56217.471100    -606.3104     700.0934    -669.9065     700.1892    0.5539  -11594.1231  -11531.5369 -44.278 -43.849  762 
   56301.274100     307.0641     368.9142     295.5106     369.3950    0.0294    -469.1050    -456.5602 -2.540 -3.356  762 
   56301.282000     806.7111     411.1090     782.3508     411.4219    0.1111    -123.3403    -121.1218 -0.273 -0.718  762 
