   54533.216400     606.7915     284.7142     470.7723     285.2750    0.0492    -116.2732    -112.0614  0.499 -0.857  762 
   54534.350300    1018.5145     264.5592     978.9473     265.2559    0.1139    -268.8254    -257.4564 -1.356 -1.902  762 
   54535.300800     368.0787     238.3543     357.0953     239.5961    0.1051     165.2276     155.0731 -0.042  1.440  762 
   54536.152700     667.2004     273.2677     635.5233     273.7695    0.0328    -427.1606    -411.9430 -5.978 -4.532  762 
   54537.404600    1576.4630     173.4854    1269.8397     176.9548    0.1716     -68.5967     -62.1681 -0.666 -1.438  762 
   54538.192700    1018.5342     349.3360    1001.2215     349.6834    0.1861      50.7801      49.4568 -1.219  0.333  762 
   54590.208000     208.9858     194.5084     130.7225     196.6010    0.0851     350.2669     322.1645  4.356  5.456  762 
   54861.128800    1008.2510     316.9700     981.2354     317.3743    0.1961     706.6703     685.4208  4.520  5.545  762 
   54862.306200    3159.5377     418.9754    3031.6346     419.0725    0.1729    -993.7218    -986.7584 -4.871 -3.541  762 
   54912.160800     586.0299     191.6583     645.3793     192.5382    0.1444     439.2565     418.3898  5.171  8.502  762 
   54914.127200   15566.7223     843.9311   15426.5284     843.9606    0.1608  -11970.3938  -11961.1283 -21.236 -21.021  762 
   55126.494500     213.0093     258.5513     257.7383     259.4711    0.0717     108.9292     103.6166  0.201  1.531  762 
   55273.271900     -65.3721     250.4523    -101.3291     251.6139    0.0848    -343.7715    -323.1242 -3.500 -2.988  762 
   55536.299000    -580.0878     271.2059    -614.0440     271.8548    0.1102    -126.3267    -120.8753 -1.940 -1.045  762 
   55538.335900     183.2517     193.9440     124.1441     196.4384    0.0054    -163.4085    -150.6989 -2.857 -2.930  762 
   55540.344000     623.0576     381.3019     552.1549     381.5581    0.0904     229.9971     225.7783  0.525  1.046  762 
   55679.254400     128.6247     180.9154     -16.6151     183.6606    0.0441     249.1419     225.4280  3.414  4.252  762 
   55884.409900    -592.1490     705.9296    -628.8294     705.9766    0.2283   -2134.0538   -2120.4571 -9.956 -11.951  762 
   55889.436800    -191.3476     240.3383    -217.1895     241.2386    0.0303     410.3138     389.1516  5.535  4.618  762 
   55924.444500     302.2307     160.9138     364.2333     164.2508    0.0157    -269.7856    -243.4182 -5.018 -7.503  762 
   55925.375400     -56.3909     210.3211     -21.7119     211.7811    0.0472    -195.4654    -181.9459 -2.871 -2.506  762 
   55926.308900     -50.4391     179.8351    -126.2986     182.0601    0.0647    -152.5220    -140.4732 -2.702 -2.661  762 
   55927.351300     116.8183     214.4263     145.2906     215.7100    0.0448      87.3617      81.7706  0.823  1.147  762 
   55969.117000     453.3425     287.2768     468.3255     287.7229    0.1733     819.8441     791.1841  5.111  7.120  762 
   56045.161300     -62.0937     277.3195    -147.4207     278.0142    0.0481     458.5863     440.0340  7.577  5.798  762 
   56215.479000    -750.9207     227.8824    -714.9016     229.1485    0.1412      51.3328      48.3252  1.416  0.796  762 
   56217.471100    1786.5705     596.1141    1717.0286     596.1775    0.0167   -1961.0760   -1949.8700 -7.183 -7.322  762 
   56301.274100     238.7012     283.2496     186.5258     283.8556    0.0264    -311.8214    -300.0009 -2.199 -2.182  762 
   56301.282000     472.9472     314.7393     431.0124     315.1058    0.0051    -465.7771    -453.9960 -1.889 -2.640  762 
