   54533.216400   -3219.1138     519.0515   -2492.4984     527.2974    0.1042      90.0739      80.4449  4.252  0.522  762 
   54534.350300     857.7761     499.3816    1384.6564     511.1110    0.1361     884.8554     770.1464  5.627  5.569  762 
   54535.300800     602.1856     488.0510    1405.6153     503.2691    0.0810     132.2435     111.9905 -1.757  0.901  762 
   54536.152700    3146.4308     466.2303    3538.4536     476.8103    0.1724    2847.5550    2474.4269 22.682 22.559  762 
   54537.404600    3889.0707     377.1428    4561.6986     415.0293    0.1182     952.2690     714.4610 13.869 12.980  762 
   54538.192700    3236.1805     595.7505    3950.3738     602.8683    0.2537    1901.9732    1739.8877 10.325 10.163  762 
   54590.208000    5936.2625     400.6960    5928.6309     427.9912    0.1786    1634.5380    1275.5109 17.520 17.719  762 
   54861.128800   11173.2222     552.9383   13329.3600     559.3398    0.4368     671.1717     613.0355  3.321  3.808  762 
   54862.306200    9585.6226     659.9378    8949.9443     662.5442    0.0353  -10169.7497   -9798.0105 -37.750 -37.952  762 
   54912.160800    5673.9932     361.6312   10396.3483     374.3090    0.1328   -5055.9005   -4221.1237 -62.841 -56.931  762 
   54914.127200  146709.5843    1271.2766  146150.2044    1271.4643    0.1913 -132076.0160 -131809.4024 -222.761 -224.579  762 
   55126.494500   -9654.8000     440.0127   -8720.8358     464.2991    0.1722      28.3706      22.3721  0.892  0.322  762 
   55273.271900    2531.8082     479.9899    1459.1963     498.2153    0.0628    -299.6388    -249.4083 -3.348 -2.145  762 
   55536.299000    1870.8544     463.0147    2196.2609     479.0301    0.1540    1066.0135     885.8009  8.929  8.175  762 
   55538.335900   -4225.2822     369.3313   -5013.3739     407.7941    0.1710     830.9296     621.3812 13.960 12.039  762 
   55540.344000   11881.4026     633.9105   11757.0804     639.2695    0.3761   -2960.0143   -2766.7825 -13.816 -12.530  762 
   55679.254400    7518.7291     376.2994    8410.1707     411.1370    0.3589   -1028.0047    -770.6313 -14.710 -12.395  762 
   55884.409900    6317.0137     844.5319    6424.6226     847.0800    0.1265   -3594.3490   -3435.7211 -20.200 -19.258  762 
   55889.436800    1245.8928     425.1248     839.7329     446.6867    0.0854    1373.0254    1098.3212 12.699 13.308  762 
   55924.444500   -7020.4553     345.6964   -3974.4219     388.1583    0.1189    -665.3645    -483.8937 -9.278 -10.975  762 
   55925.375400   -3213.8625     414.3103   -1265.1364     437.2979    0.1190   -1151.3079    -909.4848 -10.747 -11.235  762 
   55926.308900    5641.7115     340.5180    9152.6140     380.7039    0.2732    -450.7434    -327.8261 -6.378 -6.931  762 
   55927.351300    4485.9113     402.7201    6099.1520     428.2668    0.3406    -540.8003    -423.4444 -7.737 -5.804  762 
   55969.117000    1176.2904     486.8312    3002.1965     497.1845    0.1663    1200.3632    1042.9683  7.176  8.459  762 
   56045.161300   16133.3490     441.7955   14663.0509     461.2067    0.5091    -729.1234    -604.5924 -8.991 -7.646  762 
   56215.479000   -7409.2868     415.6012   -8475.6903     444.6674    0.2907    1931.4786    1488.4570 23.248 23.696  762 
   56217.471100   13358.2449     820.8262   12723.1570     823.1986    0.3803   -3285.3278   -3179.1368 -12.696 -11.957  762 
   56301.274100   -4602.5113     505.0957   -5833.2539     518.6034    0.4434     373.3274     320.7384  2.186  2.410  762 
   56301.282000   -4495.0651     535.4312   -6003.2807     545.2211    0.4444    -516.7127    -460.2812 -2.910 -2.912  762 
