   54533.216400  -12275.5595     308.3098  -12195.0792     310.8839    0.4864     886.1906     839.8873  4.948  5.826  762 
   54534.350300   -8676.3646     275.2418   -8437.8943     279.3833    0.4511     974.1962     904.0392  6.688  6.696  762 
   54535.300800  -10176.7060     259.5181  -10047.2787     265.2121    0.4570     510.6958     462.2565  3.928  3.959  762 
   54536.152700  -11173.7973     297.9520  -11108.2987     300.3394    0.5061     100.1349      94.8941  0.885  0.929  762 
   54537.404600   -9856.4804     190.6262  -11926.0496     199.8998    0.4055     -31.3576     -28.4257 -3.167 -0.541  762 
   54538.192700   -7735.2277     374.4982   -7441.8964     376.2980    0.3825     848.5958     813.0663  5.603  5.042  762 
   54590.208000  -10847.7912     214.3793  -11282.8009     221.6832    0.5052    -520.1054    -471.3928 -7.081 -6.881  762 
   54861.128800   -9915.0969     356.3813  -10104.5722     358.1968    0.5545    -669.1237    -640.0570 -3.402 -4.362  762 
   54862.306200   -3826.1800     415.5841   -3647.0390     416.2809    0.2489    -556.0639    -546.6218 -2.435 -2.027  762 
   54912.160800  -12043.1693     219.0314  -12800.8146     222.3321    0.4646     870.4413     819.4580 16.379 13.174  762 
   54914.127200   41209.8768     809.7106   40991.7138     809.7925    0.6303  -19830.8308  -19797.4779 -34.484 -35.400  762 
   55126.494500  -10014.4558     271.9154  -11065.0060     276.7337    0.4650    -574.1717    -539.9234 -5.803 -7.658  762 
   55273.271900   -3977.4204     261.7822   -3879.7102     267.0813    0.3507    -408.1865    -373.9976 -3.186 -3.363  762 
   55536.299000   -4568.6795     274.3496   -4678.1834     278.2094    0.4007    -481.6841    -453.5486 -3.931 -4.022  762 
   55538.335900   -6735.4530     200.3671   -7337.9072     207.4299    0.5675    -134.7599    -122.3144 -2.476 -2.338  762 
   55540.344000   -3248.8520     396.0125   -3390.1024     397.5006    0.4122   -2241.7920   -2171.5213 -10.525 -9.714  762 
   55679.254400    2040.4357     183.8687    2439.9382     191.3125    0.2628      76.1349      70.8849  0.321  1.232  762 
   55884.409900   -2568.5773     706.2044   -2635.2384     706.4792    0.1692     122.1248     120.8712 -1.988  0.679  762 
   55889.436800   -4140.8047     247.2044   -4495.5629     252.1611    0.3680    -529.7109    -492.9269 -4.346 -5.840  762 
   55924.444500   -2000.5613     165.2142   -1745.0574     172.5941    0.1242    -233.6641    -222.4935 -4.886 -5.715  762 
   55925.375400   -4792.7176     223.3951   -5073.7313     229.7607    0.3661     224.0786     205.3183  2.727  2.621  762 
   55926.308900    7515.4756     173.7870    7130.0287     183.0382    0.4461      54.8179      51.3845  0.967  1.000  762 
   55927.351300    3440.5886     221.2166    3077.0575     227.6610    0.2749     260.0079     242.3983  2.488  3.256  762 
   55969.117000   -4196.1574     305.3123   -4539.9157     307.8586    0.5095   -1588.2381   -1517.1195 -11.408 -12.620  762 
   56045.161300    4620.1135     281.3749    4932.1419     284.1302    0.4923     267.6165     257.6632  3.031  3.326  762 
   56215.479000    -101.2950     233.6790    -304.8642     239.3730    0.1450    -549.9664    -517.2420 -8.814 -8.259  762 
   56217.471100    3154.4028     602.4249    3100.5111     602.8265    0.1183   -4905.0870   -4851.4326 -20.040 -18.054  762 
   56301.274100     777.7975     287.9746     865.6326     291.6678    0.0343    -743.0610    -700.1198 -4.740 -5.220  762 
   56301.282000     985.5932     314.5871    1110.3916     317.1534    0.0189   -1033.0659    -982.2876 -6.464 -6.035  762 
