   54533.216400       0.0432       5.5031     178.0526     216.7610    0.0241       0.0000       0.0000 -6.134  0.000  762 
   54534.350300     516.0296     373.4680     501.8927     373.8076    0.1247   -1475.4662   -1438.1075 -5.954 -10.303  762 
   54535.300800    1320.8571     358.7560    1268.0963     359.2448    0.1294    -231.9282    -224.8084 -12.876 -1.768  762 
   54536.152700     954.4774     366.3313    1009.4253     366.5725    0.1419     252.5977     247.0406  5.665  2.193  762 
   54537.404600    1407.7893     255.5404    1488.5036     257.2719    0.2416     279.1966     263.5404  5.926  4.590  762 
   54538.192700     140.0723     484.5194     165.7420     484.6764    0.1753   -1692.1995   -1668.3256 -7.959 -9.578  762 
   54590.208000     680.8259     280.4807     679.2926     281.5597    0.1984     665.1674     633.3562 10.296  8.513  762 
   54861.128800    2346.5267     454.6117    2347.1887     454.7535    0.3015    1750.6932    1726.2745 12.108 10.422  762 
   54862.306200     681.5455     543.6452     640.6940     543.7344    0.0943   -1921.2045   -1908.8595 -7.136 -7.454  762 
   54912.160800    1860.1783     279.6063    2009.6046     279.9122    0.1169    -689.0409    -669.4989 -4.304 -8.520  762 
   54914.127200   10554.9010    1155.8879   10529.5068    1155.9607    0.7656  -55493.9813  -55466.5793 -88.589 -93.077  762 
   55126.494500   -1909.7356     319.2827   -1856.4779     320.1206    0.1936    -577.1763    -550.8330 -4.982 -7.763  762 
   55273.271900    1868.9103     352.7630    1848.2726     353.3239    0.1687    -589.3250    -569.7688 -4.155 -4.809  762 
   55536.299000    -542.9261     341.2522    -565.1513     341.7614    0.0006     592.6569     571.6390  5.920  5.263  762 
   55538.335900   -3031.3702     252.9451   -3406.1836     255.0297    0.2816     913.2860     853.5148 16.493 16.079  762 
   55540.344000    3784.3719     515.8234    3707.1981     515.9678    0.3386    1706.8803    1687.6755  3.728  7.623  762 
   55679.254400    4472.9370     256.9665    4628.9057     258.4381    0.4505     -77.4921     -73.3557 -0.510 -1.138  762 
   55884.409900    2944.4447     766.9893    2943.8089     767.0269    0.4648    4768.8045    4741.8178 26.211 26.441  762 
   55889.436800   -1414.2844     305.4711   -1568.2453     306.3361    0.1742    3426.5434    3275.7905 40.421 39.210  762 
   55924.444500    -400.0192     236.9033    -117.0015     238.9291    0.0716    -605.9482    -566.7859 -12.412 -12.043  762 
   55925.375400     289.5201     293.1047     389.2615     293.9373    0.0608    -941.1281    -898.9619 -10.419 -10.832  762 
   55926.308900    3140.3698     224.8005    3441.8460     226.9466    0.3278     -29.0770     -27.1734 -3.450 -0.570  762 
   55927.351300    2401.0181     281.9997    2526.4663     282.9743    0.2645    -710.3593    -677.4575 -7.160 -9.186  762 
   55969.117000    3445.4973     378.2836    3493.7511     378.5171    0.4062     842.6743     823.6416  7.678  6.575  762 
   56045.161300    3621.0062     334.1927    3555.0232     334.7699    0.3597     201.7987     195.5406  4.222  2.438  762 
   56215.479000   -3394.8089     293.8854   -3480.7031     295.1306    0.3887      46.6213      44.1168  2.577  0.684  762 
   56217.471100     646.1730     718.0353     585.6934     718.0998    0.1375    1881.6477    1872.6468  5.975  7.042  762 
   56301.274100   -5500.3739     379.6961   -5556.4408     380.1486    0.8085   -2530.0820   -2454.9990 -18.559 -18.382  762 
   56301.282000   -4903.9592     411.8688   -5025.2923     412.1941    0.7575   -2775.7647   -2712.4927 -15.749 -17.227  762 
