   54533.216400   -7168.2324     374.4709   -7254.5807     375.3567    0.4616    1707.3984    1640.7739 11.958 11.233  762 
   54534.350300   -7103.6743     351.8633   -7290.2419     353.1444    0.5249    1100.5159    1047.5422  7.104  7.589  762 
   54535.300800   -7138.1940     331.4499   -7349.6301     333.3940    0.5198    1118.1132    1048.4545  9.206  8.810  762 
   54536.152700   -6033.2903     342.9386   -6185.3157     344.0003    0.4557     878.9703     838.4765  7.845  8.095  762 
   54537.404600    2769.7220     239.8850    1349.2680     246.3548    0.0992     538.7160     484.1766  8.293  9.283  762 
   54538.192700   -2881.9839     444.7867   -2960.3596     445.4557    0.0055    3095.3301    3003.2230 18.561 18.346  762 
   54590.208000    -373.1325     263.8735    -905.0978     267.7042    0.0213     691.5055     631.0315  5.699  9.207  762 
   54861.128800     496.0741     411.5887     418.2918     412.2531    0.1288    1277.6606    1236.6426  7.056  8.385  762 
   54862.306200    3513.5561     517.6180    3403.5316     517.8278    0.2169    -525.3512    -520.4639 -2.947 -1.941  762 
   54912.160800    4280.2037     252.1436    3831.6936     253.8872    0.0185   -4339.7379   -4084.1835 -61.871 -63.122  762 
   54914.127200   56601.0506    1037.9769   56451.4137    1038.0162    0.5222  -31541.2199  -31522.2368 -51.375 -54.417  762 
   55126.494500    4325.7294     311.9804    4145.3250     314.3815    0.4495     756.2220     706.4599 12.655 10.016  762 
   55273.271900    -473.9582     331.5218    -853.2228     333.6157    0.0658     184.6324     172.9453  0.752  1.514  762 
   55536.299000    2679.7496     333.1323    2592.5623     334.5559    0.2995     -42.4125     -40.0428  0.636 -0.355  762 
   55538.335900     127.6727     247.3701     430.6904     252.4656    0.0628      51.5838      46.6128  3.032  0.877  762 
   55540.344000    1498.7334     484.5467    1266.9681     485.0334    0.0056   -1365.4181   -1336.2100 -5.714 -6.034  762 
   55679.254400     415.1025     245.8790     -91.6866     250.9942    0.0125     -49.6167     -44.3234 -6.177 -0.737  762 
   55884.409900    5621.1122     752.0270    5567.1351     752.1482    0.0936   -7022.7974   -6956.2955 -38.585 -38.713  762 
   55889.436800    4344.0714     297.7857    4269.3604     299.8206    0.2829   -1937.6986   -1809.5006 -19.176 -21.333  762 
   55924.444500    3420.6034     219.4438    2468.5154     226.6079    0.1435    -431.0889    -383.7676 -13.137 -9.428  762 
   55925.375400    2319.2351     277.2127    1984.2963     280.0688    0.2340     -45.4481     -41.8455 -1.931 -0.528  762 
   55926.308900   -3504.9082     232.1799   -4417.6137     237.8119    0.3764      -2.7347      -2.4291 -2.173 -0.047  762 
   55927.351300   -1372.2652     276.6845   -1497.8739     279.5359    0.3048    -337.1893    -309.4344 -5.131 -4.146  762 
   55969.117000   -1481.6735     358.6178   -1668.5115     359.6139    0.2416    -543.6417    -519.5632 -3.918 -4.314  762 
   56045.161300    1666.4793     329.8117    1634.2168     331.4858    0.0020   -1712.8429   -1615.6569 -18.975 -20.260  762 
   56215.479000   -1077.0893     284.3878   -1311.6623     287.6008    0.0617    1983.3880    1823.3346 30.053 28.743  762 
   56217.471100    8315.6605     684.1978    8159.6377     684.3567    0.5859    4705.5876    4667.4459 19.647 17.408  762 
   56301.274100    3701.9784     359.6428    3620.2513     360.7521    0.6186    2572.6536    2456.2348 18.537 18.060  762 
   56301.282000    4119.0068     392.5915    4181.7719     393.2412    0.7448    3364.1294    3258.7995 18.157 19.806  762 
