   54533.216400   -2409.5536     462.8322   -2286.8448     476.9467    0.2093   -1252.2729   -1058.8961 -6.864 -6.637  762 
   54534.350300   -3188.6686     437.1366   -2923.6234     458.0246    0.3034    -158.7717    -126.5466 -1.160 -0.917  762 
   54535.300800   -5256.0448     432.9126   -4386.6197     457.0045    0.4943   -1122.3742    -867.2539 -5.735 -6.776  762 
   54536.152700    -211.8144     434.4469    -320.8591     448.8066    0.0533    -537.9562    -445.5470 -3.442 -3.890  762 
   54537.404600    1064.1226     358.3011     891.1947     396.4932    0.0669      53.4689      36.8081  1.537  0.615  762 
   54538.192700    3124.2661     531.9044    2728.4813     544.2163    0.0768   -1867.1303   -1634.8679 -10.071 -9.263  762 
   54590.208000   -2409.6457     375.1331   -2179.4067     406.5888    0.1322      64.1609      45.8840  1.277  0.599  762 
   54861.128800    5811.1184     506.3148    4957.1367     516.7597    0.1247   -2948.7913   -2604.3744 -16.735 -15.204  762 
   54862.306200   14802.1649     548.5991   13358.1255     555.1144    0.3533   -6745.4082   -6284.2611 -24.533 -24.554  762 
   54912.160800    2093.7322     346.1993     -88.3719     361.0642    0.0891    2274.2828    1828.6858 21.894 22.853  762 
   54914.127200  243409.8583     979.6405  241908.2614     980.1450    0.9372  -78556.0133  -78238.8709 -134.579 -135.646  762 
   55126.494500   -5988.0455     413.7348   -7251.2104     441.4168    0.2165   -2264.5280   -1676.1305 -22.838 -23.684  762 
   55273.271900    8095.2961     424.9353    5812.1141     451.5995    0.2687   -2243.5025   -1701.4863 -13.079 -14.538  762 
   55536.299000   -2418.9078     418.7753   -3850.0456     442.4878    0.1859   -1850.9152   -1405.8931 -14.549 -13.053  762 
   55538.335900   -7153.0914     348.0852  -12397.6374     388.4740    0.5334    -216.8151    -147.5007 -3.648 -2.830  762 
   55540.344000   17084.3866     543.5097   15789.0388     554.3172    0.4425   -5845.7236   -5240.4687 -23.248 -23.302  762 
   55679.254400   -2234.9265     351.2532   -3058.1886     389.6106    0.2278    -202.1298    -136.2017 -3.329 -2.126  762 
   55884.409900   19381.6547     793.5803   19048.2965     797.0530    0.4330    1760.9939    1662.9165 10.251  9.297  762 
   55889.436800    2712.9429     390.5495    3566.6550     417.5213    0.2098     783.6868     573.9204  7.443  6.934  762 
   55924.444500     451.1675     328.4557    1401.1565     368.4642    0.1383     710.9187     478.4903  6.747 10.229  762 
   55925.375400    1810.4430     379.6360    1882.4635     408.5272    0.1005      90.2898      65.1489 -0.253  0.781  762 
   55926.308900    4543.2639     318.1970   10012.4501     359.2418    0.3505     165.7817     107.4473  2.306  2.276  762 
   55927.351300    6142.1865     372.4749    5960.3514     403.0939    0.3551     122.8211      87.6491  0.995  1.168  762 
   55969.117000    9853.8130     443.3132   10921.7871     458.2701    0.4138     299.9414     247.7813  1.080  1.944  762 
   56045.161300    9069.4509     415.8664    7107.8967     438.5390    0.3864      80.5792      62.8020  0.604  0.785  762 
   56215.479000   -9089.2012     390.3037   -9433.3790     422.8649    0.4114    -518.4463    -368.2373 -4.978 -5.802  762 
   56217.471100   22499.1193     723.0744   20993.3956     727.6935    0.5351   -7753.9942   -7366.3061 -27.156 -27.521  762 
   56301.274100   -2217.0397     445.0783   -3160.7114     467.1956    0.3144   -1205.5751    -949.1172 -7.184 -7.198  762 
   56301.282000   -2086.7418     463.5037   -4035.2663     481.7115    0.3428   -1097.6008    -903.0161 -5.665 -5.838  762 
