   54533.216400   -5482.9225     380.5316   -5575.2086     382.1671    0.5260    -376.9037    -361.6659 -11.318 -2.354  762 
   54534.350300   -4115.5607     348.4476   -4126.9118     350.9281    0.4374       0.0000       0.0000 -4.765  0.000  762 
   54535.300800   -2972.0399     333.3509   -3045.5749     335.8621    0.3445    -248.3038    -232.9512 -9.134 -1.882  762 
   54536.152700   -6323.7913     350.8078   -6441.3300     351.9691    0.5730       0.0000       0.0000 -3.362  0.000  762 
   54537.404600   -1478.4764     247.3760   -1817.6984     250.7141    0.1245       0.0000       0.0000 -4.433  0.000  762 
   54538.192700   -5027.0742     452.9762   -4952.1329     454.4361    0.5296    -572.6737    -554.1327 -9.376 -3.251  762 
   54590.208000   -2395.1768     269.5617   -2462.1634     271.9257    0.2110       0.0000       0.0000 -2.484  0.000  762 
   54861.128800   -6722.1883     431.0650   -7084.6787     432.4324    0.4667       0.0000       0.0000 -5.822  0.000  762 
   54862.306200     274.9054     504.1536     253.8228     505.4320    0.2182   -3403.6821   -3345.3563 -30.021 -12.765  762 
   54912.160800   -1002.0264     262.7211   -1243.5769     263.6023    0.0973       0.0000       0.0000 -2.080  0.000  762 
   54914.127200   21720.5628     994.2405   21419.6008     994.3394    0.3859  -52720.6846  -52652.0627 -230.803 -92.026  762 
   55126.494500   -1863.5327     312.3706   -1946.6753     313.9047    0.2283       0.0000       0.0000  1.551  0.000  762 
   55273.271900     292.5334     329.8325     405.6655     332.0300    0.0240    -229.4432    -214.5439 -10.724 -1.863  762 
   55536.299000   -3842.7277     328.1738   -3715.2973     329.8248    0.4944    -453.8085    -427.8087 -12.929 -3.861  762 
   55538.335900   -2379.5846     244.7093   -2194.8456     247.6025    0.2920       0.0000       0.0000 -7.942  0.000  762 
   55540.344000    1550.8523     481.9689    1442.3791     483.3568    0.0487    -834.6970    -812.9461 -21.633 -3.613  762 
   55679.254400    1467.3549     244.3911    1148.7367     247.4035    0.1116       0.0000       0.0000 -0.653  0.000  762 
   55884.409900    2738.4893     747.3306    2650.3327     747.5991    0.0463   -3243.6668   -3208.3777 -31.552 -17.913  762 
   55889.436800   -2452.7724     294.7329   -2289.7609     296.3422    0.2910    -333.3982    -312.1524 -10.070 -3.694  762 
   55924.444500   -2495.7716     222.3726   -2969.9510     226.0739    0.1965       0.0000       0.0000  0.032  0.000  762 
   55925.375400   -1881.2218     278.8404   -1888.6727     280.8852    0.2443       0.0000       0.0000  2.485  0.000  762 
   55926.308900    -917.8821     223.2397   -1781.2586     226.7844    0.1496       0.0000       0.0000  0.591  0.000  762 
   55927.351300    1887.8752     274.0590    1675.9690     276.1191    0.2490       0.0000       0.0000 -0.338  0.000  762 
   55969.117000   -3346.3267     362.9780   -3452.6279     364.2531    0.3649    -451.2993    -432.1483 -9.277 -3.452  762 
   56045.161300    1957.4782     327.7081    1809.8421     328.9510    0.2185       0.0000       0.0000 -3.433  0.000  762 
   56215.479000     919.9483     280.7842     898.3228     282.6647    0.1336       0.0000       0.0000  7.609  0.000  762 
   56217.471100    7023.5531     680.6680    7132.2391     681.2949    0.2956   -1190.5152   -1175.3587 -43.819 -4.379  762 
   56301.274100   -2134.3851     356.0965   -1909.7379     358.0554    0.4297   -1415.0802   -1342.3551 -17.614 -10.058  762 
   56301.282000   -1936.3647     385.4227   -1680.1071     387.3231    0.4318   -1745.6582   -1670.6774 -17.948 -10.545  762 
