   54533.216400    -834.0926     384.7434    -855.3412     384.8916    0.0967     -49.2745     -48.5189 -2.808 -0.305  762 
   54534.350300    -571.6102     346.6361    -608.6219     346.9009    0.1136    -345.9289    -338.5153 -4.257 -2.417  762 
   54535.300800   -1148.8946     333.5387   -1170.8282     333.8933    0.2012    -101.7257     -99.0750 -0.483 -0.772  762 
   54536.152700   -1365.1789     350.4305   -1389.1576     350.6113    0.0865     530.3691     520.3169  4.629  4.563  762 
   54537.404600     709.6976     239.4494     622.2469     240.8401    0.1550     516.0827     490.3438  8.383  8.351  762 
   54538.192700     656.8024     459.3484     645.6705     459.4643    0.1124   -1468.3256   -1451.4132 -8.761 -8.261  762 
   54590.208000   -2862.5423     263.8077   -2916.2880     264.6683    0.3347     644.4565     617.1294  7.323  8.155  762 
   54861.128800    3249.2498     434.4157    3237.3658     434.5052    0.2782     512.1866     506.7658  2.286  3.018  762 
   54862.306200    1925.2762     508.5883    1848.2757     508.6550    0.0522   -2558.7160   -2545.9792 -9.513 -9.942  762 
   54912.160800   -1202.5976     269.3342   -1138.9246     269.5539    0.0575     493.5589     482.2149  2.245  6.022  762 
   54914.127200   28104.0701    1087.7766   28026.4489    1087.8368    0.4170  -42345.3954  -42331.0305 -70.981 -71.158  762 
   55126.494500   -2073.3533     303.3456   -2063.5639     303.9500    0.3035   -1066.5575   -1025.9618 -14.626 -14.325  762 
   55273.271900    -260.0645     329.1251    -289.3604     329.5460    0.2052   -1232.0425   -1196.4225 -9.503 -10.037  762 
   55536.299000    -206.3388     319.4631    -220.1655     319.8364    0.1065    1185.2066    1150.7986 11.217 10.563  762 
   55538.335900   -2688.5174     236.6394   -2826.4943     238.1907    0.1884    1282.6142    1210.1903 21.080 22.550  762 
   55540.344000    3997.1774     484.7385    3931.9316     484.8311    0.4433    2713.3510    2689.1989 11.983 12.084  762 
   55679.254400    2074.6201     240.6137    2040.3599     241.8027    0.2478    -241.0535    -229.2935 -3.224 -3.508  762 
   55884.409900    2202.3121     750.9469    2190.2361     750.9714    0.4604    5064.8011    5042.4860 28.661 28.019  762 
   55889.436800    -182.7582     286.5289    -238.3154     287.1038    0.2893    3086.9127    2973.2755 35.097 35.386  762 
   55924.444500    1835.3628     222.0850    2122.0776     223.5460    0.2241    -281.7339    -266.6727 -6.376 -5.548  762 
   55925.375400    2171.1014     273.4981    2335.9491     274.0066    0.2281    -641.3582    -618.2435 -6.826 -7.368  762 
   55926.308900    2724.6649     209.3851    2868.9172     211.0660    0.3149    -546.1927    -513.9149 -13.447 -10.684  762 
   55927.351300    1327.2460     264.5638    1343.0690     265.3062    0.1029    -708.4957    -680.1914 -9.249 -9.115  762 
   55969.117000     679.4819     359.6895     718.0951     359.8495    0.1613    1033.3092    1013.9230  8.702  8.015  762 
   56045.161300    2126.2396     319.3018    2062.3355     319.7212    0.2959     390.7888     380.7776  6.004  4.706  762 
   56215.479000   -2690.1784     276.5996   -2724.9708     277.4805    0.3338     241.4576     230.7451  4.840  3.547  762 
   56217.471100    -309.4534     688.3939    -366.8280     688.4378    0.1356    2369.4932    2359.9691  9.127  8.848  762 
   56301.274100    1629.4958     352.2409    1574.6923     352.5366    0.0126   -1537.1793   -1501.1265 -11.856 -11.214  762 
   56301.282000    1120.1302     382.1032    1070.4054     382.3019    0.0517   -1415.7798   -1390.7127 -8.897 -8.837  762 
