   54533.216400   11372.0704     360.7167   11417.4769     362.4416    0.7421      54.2420      51.1729  0.244  0.340  762 
   54534.350300   12122.8963     328.9809   12114.1712     331.7395    0.8939     182.5857     168.9361  1.164  1.242  762 
   54535.300800   13562.8032     314.2064   13904.0768     317.9326    0.8995    -113.1652    -103.0272  0.580 -0.851  762 
   54536.152700   12422.9584     337.1138   12440.1712     339.1244    0.7727    -677.4949    -635.3288 -4.566 -5.942  762 
   54537.404600   14755.3619     239.0330   14895.8337     249.9786    0.8348    -106.6310     -91.3492 -0.946 -1.662  762 
   54538.192700   13122.8546     429.0070   13227.5318     430.3227    0.8926     127.0440     121.5581  1.786  0.727  762 
   54590.208000   25877.1803     256.6162   27140.9048     262.9269    0.9371    -497.4877    -439.4674 -7.175 -6.165  762 
   54861.128800   22710.6483     405.3524   22650.0727     406.5412    0.8700     -20.8271     -19.9481 -1.614 -0.128  762 
   54862.306200   28539.0158     473.5075   28455.3934     473.9227    0.9047   -1482.8633   -1457.4455 -6.722 -5.535  762 
   54912.160800   -8186.2173     259.3312  -10062.6381     263.1589    0.4728   -1435.7231   -1309.4033 -17.723 -18.942  762 
   54914.127200   49204.0062     937.3318   48975.7015     937.4043    0.4912  -31309.9658  -31259.8182 -55.847 -55.011  762 
   55126.494500   10559.9345     308.1256   10274.8754     313.4367    0.6724    -253.7527    -228.9189 -2.095 -3.261  762 
   55273.271900    7591.9887     315.6435    7599.6935     320.1533    0.6622    -435.9831    -393.3124 -1.905 -3.471  762 
   55536.299000    1821.4496     320.6970    1787.2372     324.2077    0.0341   -1612.8794   -1466.3934 -12.879 -13.304  762 
   55538.335900    3771.7061     241.8750    4598.2565     252.4396    0.3940    -373.3898    -321.6878 -7.744 -6.209  762 
   55540.344000    2027.4215     459.0184    1570.2486     460.2696    0.0833   -2844.0833   -2740.2715 -11.897 -12.263  762 
   55679.254400    -767.6669     244.0920   -1473.7018     254.9312    0.1659     -78.8498     -65.9496 -0.899 -1.094  762 
   55884.409900   -4678.7045     736.9984   -4808.9996     737.3249    0.5566   -4238.4525   -4169.2711 -24.107 -23.414  762 
   55889.436800   -6498.6312     292.7756   -7112.0225     298.2243    0.5061    -905.1656    -805.7544 -11.956 -9.671  762 
   55924.444500    -484.7832     222.3271   -2951.2548     236.9609    0.1493     -66.5719     -55.7496 -1.829 -1.331  762 
   55925.375400   -3526.3950     274.1632   -5090.3310     281.1506    0.3401       0.7936       0.6950 -0.218  0.009  762 
   55926.308900   -7648.7456     228.1533   -9555.3618     240.8110    0.5458     -41.6139     -34.4302 -0.554 -0.689  762 
   55927.351300   -7044.8542     273.6734   -8038.1017     280.5613    0.6466     210.2791     182.8764  3.525  2.453  762 
   55969.117000   15372.6693     348.4012   15091.7522     350.4346    0.7915   -2128.1971   -1994.7522 -13.774 -16.248  762 
   56045.161300   -3895.4876     326.2879   -4037.9735     330.3659    0.4268    -316.5829    -287.6421 -1.370 -3.659  762 
   56215.479000   18098.8542     276.1569   18879.7504     282.4192    0.9088     264.5139     235.1655  3.275  3.752  762 
   56217.471100   23213.2161     653.4321   23083.9650     653.7458    0.8323    -885.1353    -873.3167 -4.039 -3.262  762 
   56301.274100    -665.7620     342.9882    -717.9296     346.0268    0.1903   -1025.3835    -945.4235 -7.599 -7.114  762 
   56301.282000     331.0117     368.5402     523.6137     370.5020    0.0403    -900.2393    -847.8771 -6.626 -5.333  762 
