   54533.216400     752.5242     418.8748     708.2415     419.1345    0.0607   -1303.0611   -1277.7465 -9.454 -8.137  762 
   54534.350300     116.0646     385.8283      43.0038     386.2788    0.1871   -1798.9043   -1751.0256 -12.557 -12.571  762 
   54535.300800     503.9660     370.9198     529.2793     371.5010    0.1481   -1732.6810   -1678.4270 -14.451 -13.229  762 
   54536.152700    2202.6783     374.5313    2208.6573     374.8628    0.2032      71.0451      69.3302  1.993  0.617  762 
   54537.404600    1154.3750     265.7520    1223.4459     268.2427    0.1547     -73.4366     -68.5887 -0.966 -1.185  762 
   54538.192700    1924.6586     496.3923    1930.2291     496.5859    0.0937   -2728.5167   -2688.5630 -15.298 -15.490  762 
   54590.208000    2005.5280     289.8725    2036.4817     291.3254    0.2750      52.7903      50.0095 -1.348  0.669  762 
   54861.128800    3895.8000     464.4749    3886.4453     464.6465    0.2986     841.0112     828.9798  6.036  5.029  762 
   54862.306200    -235.8304     561.8080    -304.1753     561.8839    0.2289   -3282.8205   -3262.1010 -13.428 -12.751  762 
   54912.160800    -243.3225     285.9789     -12.5602     286.4085    0.1335   -1989.3246   -1925.8359 -24.830 -24.505  762 
   54914.127200   15503.9903    1189.8683   15387.6850    1189.9070    0.7881  -57715.2572  -57687.3448 -78.905 -96.296  762 
   55126.494500    -806.1920     328.4802    -693.6770     329.6184    0.1194    -904.4496    -859.1612 -14.606 -11.997  762 
   55273.271900    -367.1541     365.0553    -343.8618     365.7989    0.1420    -883.0465    -851.6374 -8.216 -7.198  762 
   55536.299000   -1620.8463     351.9084   -1607.2490     352.5890    0.0745     821.7108     790.9327  6.222  7.248  762 
   55538.335900   -2123.7721     262.4187   -2521.2471     265.3589    0.1910     800.7234     743.1756 14.656 13.809  762 
   55540.344000    2286.5574     531.6020    2219.0472     531.7650    0.2818    1995.8829    1972.3911  9.862  8.919  762 
   55679.254400    2595.1227     267.5306    2895.3994     269.6124    0.2569    -498.7906    -467.7806 -7.735 -7.194  762 
   55884.409900    -696.2226     777.1818    -680.3966     777.2337    0.2099    3788.6733    3764.3297 18.913 21.040  762 
   55889.436800   -1144.2625     314.9348   -1240.6272     316.0607    0.2215    3925.4007    3738.5980 40.877 44.391  762 
   55924.444500    -411.7876     246.2189    -169.8944     249.2868    0.0754    -645.8066    -596.5856 -16.431 -12.517  762 
   55925.375400      90.1012     302.7268     239.2236     303.8552    0.0322    -538.1078    -511.9898 -8.463 -6.140  762 
   55926.308900    1945.8283     235.2337    2263.9896     238.3326    0.2050    -165.6652    -153.1246 -2.832 -3.145  762 
   55927.351300    3448.4118     291.5692    3610.2490     292.9259    0.3662    -495.4372    -470.5266 -5.573 -6.312  762 
   55969.117000    2893.2865     387.9244    3021.2510     388.2203    0.3313    1191.7462    1163.5651  9.700  9.300  762 
   56045.161300    1694.8492     343.7078    1527.8893     344.6069    0.1694     279.8830     269.8312  2.062  3.335  762 
   56215.479000   -1819.9386     302.7251   -1820.7579     304.3584    0.1988     -39.2285     -36.9657 -2.668 -0.569  762 
   56217.471100    1135.8221     734.5294    1099.3520     734.5860    0.0565    -185.8517    -184.9289  1.365 -0.697  762 
   56301.274100   -3134.9124     391.2951   -3230.0239     391.8401    0.6811   -3202.4725   -3105.3132 -22.796 -23.216  762 
   56301.282000   -2185.9335     424.6215   -2339.6757     424.9931    0.6516   -3911.8320   -3823.0036 -22.980 -24.282  762 
