   54533.216400       0.0000       4.2399       0.0000       4.2399      -nan       0.0000       0.0000  0.000  0.000  762 
   54534.350300       0.0000       4.2629       0.0000       4.2629      -nan       0.0000       0.0000  0.000  0.000  762 
   54535.300800       0.0000       3.8143       0.0000       3.8143      -nan       0.0000       0.0000  0.000  0.000  762 
   54536.152700     -38.0442     335.9533    -203.0633     337.2996    0.0107     322.0637     304.5795  4.070  3.318  762 
   54537.404600    4099.7568     233.1554    2949.8205     239.9771    0.1766    -193.9738    -170.9278 -1.698 -4.093  762 
   54538.192700    -116.9497     443.1386    -158.9110     444.0372    0.2485    2103.0777    2024.8571 13.493 13.467  762 
   54590.208000    5510.2469     258.6238    5348.5643     262.6765    0.4406    -415.7135    -374.5633 -5.591 -6.441  762 
   54861.128800   -5750.9179     396.9368   -5782.2438     398.0233    0.4952     852.6801     813.0969  3.904  6.419  762 
   54862.306200   -2462.7903     547.4382   -2537.0232     547.6552    0.1392     704.0984     696.7226  2.550  2.562  762 
   54912.160800    3444.6999     236.2311    3122.6669     238.5809    0.4292    1698.9362    1568.2122 27.861 30.569  762 
   54914.127200   24105.9739    1096.8956   23934.0577    1096.9325    0.2264  -31739.6192  -31707.2884 -53.624 -54.583  762 
   55126.494500   -4297.7131     315.1796   -4542.3588     317.9817    0.5065     892.2773     821.8355 11.208 12.554  762 
   55273.271900    4586.5768     340.4044    4547.0688     342.5815    0.6060    1385.8711    1287.6706 12.697 11.860  762 
   55536.299000   -1923.9576     348.1139   -1841.6249     349.6576    0.2941   -1010.0525    -947.8742 -8.690 -8.480  762 
   55538.335900   -1312.7286     251.8237   -1883.1440     257.4349    0.2023      59.6987      53.2429  0.809  1.083  762 
   55540.344000     -51.3038     494.1250    -121.5337     494.7167    0.1206   -1501.9763   -1463.4312 -5.781 -6.907  762 
   55679.254400    6185.5119     245.6122    5398.4310     250.8160    0.5103     668.9543     589.0424 12.031 11.047  762 
   55884.409900    7265.3496     760.0992    7190.4622     760.2633    0.4477    -614.2070    -606.9555 -3.759 -3.461  762 
   55889.436800    -441.0062     306.7861    -563.5854     309.0350    0.2543    3008.2570    2785.8045 34.907 34.069  762 
   55924.444500    5630.3142     210.9204    4447.1054     218.2748    0.3010     671.1321     590.1697 14.530 18.119  762 
   55925.375400       6.1268     280.2180    -290.4712     283.4800    0.0963    1032.7229     937.1265 11.292 13.074  762 
   55926.308900   -2974.4024     240.7181   -3480.6198     245.6380    0.3975     232.1806     206.5409  5.365  4.089  762 
   55927.351300    -917.3787     280.5714   -1076.0171     283.6574    0.1013     504.1627     458.0640  7.240  6.653  762 
   55969.117000   -2674.0032     358.5982   -2837.0190     359.8894    0.3935    -943.8019    -892.5602 -8.342 -8.112  762 
   56045.161300    4748.3930     331.2773    4833.0572     332.9727    0.4921     473.9711     444.9161  8.423  5.911  762 
   56215.479000     972.4784     288.3372     934.1784     291.4152    0.1279   -1914.3839   -1752.3089 -30.004 -29.514  762 
   56217.471100    5184.2120     700.0758    4993.2754     700.2883    0.3359  -12153.5175  -12027.7316 -46.324 -45.815  762 
   56301.274100   -3501.4549     378.2516   -3537.0243     379.5763    0.6007    -697.8803    -662.3326 -6.107 -4.893  762 
   56301.282000   -3310.4883     418.2581   -3247.5058     419.0760    0.5142    -607.4947    -586.4916 -2.976 -3.483  762 
