   54533.216400   18309.2861     295.3091   18340.0432     296.6922    0.8874     658.4377     622.2629  3.110  4.517  762 
   54534.350300   17112.9389     268.0884   17395.4648     270.0730    0.8970     389.4797     361.2264  2.893  2.682  762 
   54535.300800   16864.1769     248.7484   17332.6223     251.9160    0.8745     318.3060     286.8432  2.202  2.552  762 
   54536.152700   17182.4441     286.8303   17403.8254     288.1906    0.8829     680.4701     642.3125 -3.295  6.625  762 
   54537.404600   17434.5846     190.9369   19000.0315     198.5373    0.8650      -8.3318      -7.1910  0.967 -0.147  762 
   54538.192700   17806.5413     359.9076   17986.1764     360.8478    0.8944     414.8755     397.6682  2.987  2.561  762 
   54590.208000   17530.1804     210.0854   18621.5409     214.9473    0.8932      -7.8786      -6.9419 -1.024 -0.107  762 
   54861.128800   19704.6169     336.6681   19796.3629     337.6612    0.8713    -433.9691    -414.7999 -1.083 -3.050  762 
   54862.306200   22128.8928     409.7802   22048.3073     410.0317    0.8744    -545.3093    -538.4916 -2.019 -1.958  762 
   54912.160800   21666.6648     206.9657   22748.5541     208.8850    0.8571     788.0167     733.6660 14.799 13.182  762 
   54914.127200   55010.9364     799.4227   54914.6643     799.4549    0.8528  -21095.7250  -21078.3230 -36.530 -37.804  762 
   55126.494500   21557.9587     269.6746   22273.9844     272.1111    0.9089     325.2874     301.8183  5.186  4.327  762 
   55273.271900   10533.1589     258.8890   10961.4061     262.2625    0.8619      62.5481      56.3530 -0.692  0.515  762 
   55536.299000     388.0128     279.9398     265.4431     282.3452    0.0778     371.8128     342.1071  5.004  2.981  762 
   55538.335900     -33.7542     209.5120      52.7983     217.0881    0.0732     466.0771     403.6999  9.251  7.719  762 
   55540.344000     763.0425     389.5964     667.3143     390.4947    0.0671       2.2036       2.1284 -0.295  0.010  762 
   55679.254400   -2320.2500     199.6442   -2357.0622     207.8136    0.2867     326.9128     273.6056  4.552  4.970  762 
   55884.409900    3864.8400     705.4364    3829.4950     705.5892    0.2326    -474.3464    -468.9850 -4.760 -2.636  762 
   55889.436800    2025.1703     252.1642    1969.8940     255.3512    0.3254    1005.5653     910.9675 11.779 10.741  762 
   55924.444500    1307.1054     181.7981    1836.6825     191.3874    0.1522     -98.7220     -82.6417 -5.313 -2.308  762 
   55925.375400    2963.9641     226.4546    3062.2849     230.9218    0.3359    -103.2204     -91.0615 -1.321 -1.198  762 
   55926.308900    1526.3441     192.7101    1739.6867     199.6396    0.1746    -122.3403    -105.0555 -0.550 -2.024  762 
   55927.351300    1407.9992     230.2327    1559.8201     234.3754    0.2010    -263.6407    -233.1092 -3.825 -3.178  762 
   55969.117000    4071.7354     302.2695    3856.2706     303.8360    0.2942    -761.3143    -713.6557 -3.834 -6.121  762 
   56045.161300    3410.5010     289.2654    3612.7098     291.5591    0.4342    -221.7362    -205.3171 -1.091 -2.689  762 
   56215.479000  -12506.2039     248.0519  -13546.5560     253.2162    0.8039    -543.8049    -481.5665 -7.046 -7.773  762 
   56217.471100   -9243.7552     601.2924   -9448.3379     601.5882    0.7665   -7806.2538   -7701.8282 -27.828 -28.680  762 
   56301.274100  -15473.8844     295.7013  -15755.1576     298.4093    0.9498   -1235.0308   -1134.7629 -8.128 -8.364  762 
   56301.282000  -15014.2160     320.6341  -15290.8245     322.4518    0.9413   -1247.5343   -1174.8520 -7.976 -7.033  762 
