   54533.216400       0.0000       4.2299       0.0000       4.2299      -nan       0.0000       0.0000  0.000  0.000  762 
   54534.350300       0.0001       4.2991       0.4521       4.3496    0.0023       0.0000       0.0000 -3.887  0.000  762 
   54535.300800       0.0000       3.8255       0.0000       3.8255      -nan       0.0000       0.0000  0.000  0.000  762 
   54536.152700    5250.3675     297.5484    5134.3887     298.3193    0.4392   -1423.8291   -1368.6493 -13.138 -14.879  762 
   54537.404600    5869.7252     197.3372    5208.1837     202.1730    0.5023      87.1731      78.4420 -0.531  1.799  762 
   54538.192700    3786.7185     386.5430    3750.3634     387.0532    0.6016     429.8096     418.4301  2.976  2.800  762 
   54590.208000    4528.8569     219.9002    4365.8545     222.7514    0.5446     165.4210     151.6694  2.700  2.543  762 
   54861.128800    3111.6473     346.1929    3102.9318     346.7760    0.3919     929.5174     899.4426 10.576  7.226  762 
   54862.306200    4876.0070     474.8464    4843.2929     474.9440    0.5245    2501.4352    2488.6030  8.770  9.004  762 
   54912.160800    1572.7515     211.2555    1257.9529     212.7649    0.3081    1940.1252    1825.9383 32.946 35.433  762 
   54914.127200   26145.8034     972.1827   26071.6655     972.2243    0.3625  -12609.7170  -12604.0925 -19.508 -21.436  762 
   55126.494500    4280.9723     280.2447    4349.3395     281.6874    0.5687    -220.8047    -208.5279 -2.164 -3.058  762 
   55273.271900     244.8722     289.4242     133.7944     291.0063    0.1145     601.9686     565.7463  4.529  5.135  762 
   55536.299000    -439.5176     302.9923    -501.9747     303.9744    0.0711       1.8057       1.7220 -0.991  0.015  762 
   55538.335900   -1715.6137     220.8966   -2439.5110     224.8716    0.3201    -151.6821    -138.1225 -5.057 -2.625  762 
   55540.344000    -696.6186     428.2647    -754.3332     428.6237    0.1162    -348.2553    -341.6260 -3.572 -1.601  762 
   55679.254400    4761.0041     208.7786    4333.8422     212.4119    0.5968     273.1549     245.7733  5.018  4.440  762 
   55884.409900    5676.2022     731.8109    5664.7375     731.8780    0.2085   -3181.4108   -3159.6742 -18.903 -17.802  762 
   55889.436800    8706.5897     266.0974    8845.4279     267.2505    0.7254    -666.6525    -632.0762 -8.243 -7.457  762 
   55924.444500    2789.1688     184.2471    2061.1201     189.3064    0.1953      13.3374      11.9236  1.243  0.346  762 
   55925.375400     703.7118     239.5076     476.2998     241.7324    0.1186     153.4854     141.8159  2.604  1.928  762 
   55926.308900   -1481.0843     207.3920   -1754.8436     210.6195    0.3228       5.6081       5.0994  0.892  0.094  762 
   55927.351300   -1001.2220     242.5842   -1122.8971     244.6691    0.1689     238.6469     221.1886  3.677  3.086  762 
   55969.117000    2144.4288     315.2540    2187.8834     315.9463    0.2861      24.7451      23.7824 -0.594  0.214  762 
   56045.161300     928.0778     301.1044     832.7433     302.1529    0.2417    1061.1210    1011.8337 14.880 13.007  762 
   56215.479000     500.9314     253.5521     568.4555     255.4006    0.0562    -927.9487    -866.6116 -13.771 -14.021  762 
   56217.471100    2072.6480     640.5315    2016.6295     640.6289    0.1055   -3494.2163   -3472.9030 -13.883 -13.138  762 
   56301.274100    1026.1208     322.8376    1038.9542     323.6182    0.1040    -573.8073    -552.1964 -3.454 -3.996  762 
   56301.282000    1046.9912     359.1381    1036.2769     359.6091    0.0462    -815.0393    -795.1638 -3.606 -4.625  762 
