   54533.216400 -109468.7534     452.9040 -105247.2985     479.4684    0.8433    5964.6465    4470.2910 38.124 36.478  762 
   54534.350300       0.0000       4.2387       0.0000       4.2387      -nan       0.0000       0.0000  0.000  0.000  762 
   54535.300800       0.0000       3.6829       0.0000       3.6829      -nan       0.0000       0.0000  4.261  0.000  762 
   54536.152700 -119803.6072     426.2762 -111803.4819     451.1047    0.8432    5158.8183    3810.2765 42.535 45.162  762 
   54537.404600  -92886.1696     355.1819  -95720.4478     413.1247    0.6474    2151.8352    1257.4324 31.011 31.892  762 
   54538.192700 -110364.0961     518.4043 -105573.4400     541.9061    0.8250    5326.2455    4225.8225 30.307 30.009  762 
   54590.208000  -73721.7242     370.9678  -64639.0444     415.5676    0.7041    2951.1677    1824.3070 32.173 33.377  762 
   54861.128800  -17379.1003     458.3564   -9488.6453     479.2840    0.1077   -3433.7890   -2667.3894 -23.040 -23.829  762 
   54862.306200  -22483.1456     574.0698  -25279.6099     580.5624    0.5732  -16369.2616  -15440.7229 -55.926 -54.261  762 
   54912.160800  -81253.6814     309.8432  -69542.5304     336.8277    0.5394   -4353.3400   -2986.1770 -70.262 -71.365  762 
   54914.127200  210918.7696     945.3752  209935.9311     946.4295    0.6425 -128575.5134 -127375.4287 -226.646 -228.246  762 
   55126.494500 -121993.1883     442.0398 -124610.4076     476.4955    0.7420    -772.5989    -531.6377 -7.556 -8.076  762 
   55273.271900  -77058.6265     441.3228  -82580.5326     483.5791    0.8159   -3732.7677   -2525.9596 -24.171 -24.174  762 
   55536.299000 -103406.0991     452.3892 -109180.7679     481.8428    0.8475   -1796.8486   -1325.9810 -12.396 -11.298  762 
   55538.335900 -107349.2537     375.3868 -134313.5378     432.8847    0.8733    -260.4355    -159.2664 -5.816 -3.144  762 
   55540.344000  -66515.8897     549.2027  -64923.4021     566.2432    0.7870  -10642.2998   -9145.8529 -43.435 -42.892  762 
   55679.254400   10329.1596     333.0649   11647.4543     385.2428    0.1234   -1817.8728   -1122.9933 -21.324 -23.032  762 
   55884.409900   10133.6014     800.8234   10449.3892     805.4297    0.1169    -849.1611    -792.7410 -4.453 -4.504  762 
   55889.436800  -17177.8494     405.5254  -19922.1946     437.0374    0.3133     426.4874     302.7292  3.163  3.601  762 
   55924.444500       0.0031       1.9045      15.1425       3.8493    0.0023       0.0000       0.0000 -6.644  0.000  762 
   55925.375400   -2162.0173     375.7456    8498.7918     411.7993    0.0825   -1997.8771   -1309.5894 -18.732 -18.920  762 
   55926.308900   53993.2223     323.4475   56415.1887     366.2648    0.5380    -623.4406    -420.1161 -8.769 -8.222  762 
   55927.351300   39615.7013     366.3482   40973.1140     403.5196    0.6489   -1190.5395    -825.1252 -13.719 -11.904  762 
   55969.117000   25148.6944     428.9587   36306.4608     448.3951    0.3478   -2091.8268   -1614.2771 -14.292 -15.174  762 
   56045.161300   41512.4457     411.6366   34947.7268     441.7868    0.3753   -3476.5963   -2651.4918 -36.659 -36.306  762 
   56215.479000  -42346.2109     394.4219  -39124.0368     430.2678    0.3169   12851.4448    8798.6000 149.830 149.400  762 
   56217.471100    8808.0285     715.4953    7876.2160     721.8932    0.5050   30262.3298   28430.3809 106.466 106.931  762 
   56301.274100  -15170.4513     453.5277  -18299.5847     481.2484    0.0232   22071.0437   16958.0670 123.006 122.784  762 
   56301.282000  -17594.7922     479.9469  -27328.7799     502.7261    0.1076   25255.7848   20885.3071 119.649 118.742  762 
