   54533.216400   -9470.3037     370.3137   -9976.7186     372.0654    0.5879       0.0000       0.0000 -1.663  0.000  762 
   54534.350300   -7408.4235     348.7081   -8009.5058     351.1362    0.5939       0.0000       0.0000 -0.339  0.000  762 
   54535.300800   -7743.1388     328.6316   -8059.7393     331.9984    0.6093       0.0000       0.0000 -2.787  0.000  762 
   54536.152700   -7423.7588     340.5278   -7845.4234     342.3889    0.5135       0.0000       0.0000 -3.598  0.000  762 
   54537.404600   -1239.0326     240.7263   -3286.6625     250.2464    0.1535       0.0000       0.0000  0.623  0.000  762 
   54538.192700   -9011.8301     440.0563   -9267.1306     441.3967    0.6725     423.5514     405.1278  3.579  2.527  762 
   54590.208000   -6622.4800     265.3727   -8014.2000     271.5257    0.4186       0.0000       0.0000  3.260  0.000  762 
   54861.128800  -10446.5995     408.0678  -10984.9123     409.5224    0.5897       0.0000       0.0000  5.860  0.000  762 
   54862.306200   -5161.8496     509.3917   -5333.9746     509.7703    0.3811       0.0000       0.0000 -6.718  0.000  762 
   54912.160800   -9810.6484     250.7827  -10946.4740     253.8348    0.4749       0.0000       0.0000 -27.199  0.000  762 
   54914.127200   35318.7881    1005.3410   35055.7744    1005.4004    0.4064  -49318.0415  -49264.8326 -85.402 -86.205  762 
   55126.494500   -9104.8793     315.2362  -10663.6470     319.6235    0.4783       0.0000       0.0000  9.980  0.000  762 
   55273.271900  -12500.2126     332.0061  -13329.7755     335.8494    0.7100       0.0000       0.0000 -1.967  0.000  762 
   55536.299000   -3757.3787     333.3327   -3973.5788     335.8354    0.4130       0.0000       0.0000 -2.844  0.000  762 
   55538.335900   -2561.2679     247.7448   -2745.8605     255.2549    0.3311       0.0000       0.0000  1.203  0.000  762 
   55540.344000   -5966.0093     477.2387   -6153.8802     478.1414    0.4899   -1395.9916   -1353.2114 -12.170 -6.167  762 
   55679.254400  -10963.5339     249.0483  -12703.4165     257.1652    0.6745       0.0000       0.0000 -0.089  0.000  762 
   55884.409900   -3525.7202     747.0626   -3676.3980     747.3227    0.4617   -4752.4741   -4685.3288 -32.081 -26.422  762 
   55889.436800   -3316.4407     299.3390   -3632.9195     302.7819    0.4767   -1648.2674   -1499.8537 -23.531 -18.095  762 
   55924.444500    4505.8032     217.1930    3449.1474     226.7180    0.2319      -4.4345      -3.8226 -9.406 -0.101  762 
   55925.375400    4023.9252     275.8649    3598.8119     280.2113    0.3489     -27.5008     -24.6837 -5.654 -0.322  762 
   55926.308900   -2646.4629     233.2385   -3362.8752     240.5486    0.2808       0.0000       0.0000 -3.406  0.000  762 
   55927.351300     758.0472     276.1176     651.9306     280.3762    0.0890       0.0000       0.0000 -3.149  0.000  762 
   55969.117000    1386.3955     355.3192     969.5017     357.0473    0.0140   -1162.2758   -1092.6936 -13.869 -9.279  762 
   56045.161300    4352.3270     327.6923    4452.2467     330.1729    0.4324     -40.3877     -37.4241 -6.255 -0.484  762 
   56215.479000   -3867.4131     285.2648   -4210.6444     290.0685    0.3977     588.8126     528.2555 10.676  8.619  762 
   56217.471100   -1824.8102     676.8510   -1958.8844     677.1369    0.1936   -1208.9188   -1194.1504 -13.260 -4.483  762 
   56301.274100   -4067.4498     358.6208   -4219.2846     360.7483    0.3498     874.6387     818.5270  8.779  6.105  762 
   56301.282000   -2644.0946     389.9344   -2606.8002     391.2916    0.2157     998.8198     953.0587  9.828  5.839  762 
