   54533.216400    1917.9141     333.8146    1713.9658     336.1068    0.1849     755.5792     704.7265  3.701  4.702  762 
   54534.350300    2219.2249     300.1048    2034.3126     303.9261    0.3251     516.5767     468.2336  3.097  3.442  762 
   54535.300800    1837.5289     287.3251    1652.6023     292.5937    0.2117     426.6365     377.8535  3.914  3.124  762 
   54536.152700     571.7393     321.3135     438.8525     323.6799    0.0033    -433.2734    -401.7992 -2.651 -3.757  762 
   54537.404600    7068.4591     225.4912    5971.7798     237.4344    0.3277     -59.1598     -49.5462  0.262 -0.885  762 
   54538.192700    -926.3141     401.0352    -925.8756     402.8335    0.0105     848.2449     803.6424  5.431  4.820  762 
   54590.208000    3008.1994     245.1163    2106.5767     253.4760    0.1216    -230.1558    -196.7796 -2.534 -2.729  762 
   54861.128800   -3393.8441     385.1362   -3952.4142     386.9943    0.3111    -119.0423    -112.4703 -2.094 -0.721  762 
   54862.306200    6691.7373     433.8932    6513.2776     434.5135    0.3505   -1543.6179   -1510.6920 -5.539 -5.706  762 
   54912.160800    2960.1156     244.9454    1896.6497     248.4030    0.1316     199.2028     181.5552  2.475  2.638  762 
   54914.127200   52989.0660     846.3815   52808.3423     846.4451    0.8112  -20684.5295  -20652.3940 -36.680 -36.533  762 
   55126.494500    1870.3396     296.3497    1255.2378     301.7692    0.0576    -347.2967    -310.3052 -5.418 -4.359  762 
   55273.271900    2532.7191     289.9115    2524.7825     295.3635    0.2329    -381.1636    -336.4950 -2.746 -2.966  762 
   55536.299000    2113.9778     298.2713    1936.9114     302.2386    0.0905   -1315.6817   -1181.9475 -11.353 -10.621  762 
   55538.335900    2352.3962     229.1472    3239.3704     239.5391    0.2938    -240.4980    -203.4611 -6.573 -3.849  762 
   55540.344000    2634.8975     419.6829    2307.9244     421.1081    0.0115   -2555.4375   -2451.3788 -10.103 -10.924  762 
   55679.254400    2730.2193     226.0308    2400.0700     237.0055    0.2014    -270.6175    -222.2618 -2.357 -3.665  762 
   55884.409900    3746.3099     718.8289    3599.0555     719.1291    0.0963   -2394.7076   -2356.2193 -10.810 -13.211  762 
   55889.436800    -150.8082     273.3320    -293.2629     278.6387    0.0964    -958.8314    -844.6609 -10.607 -10.025  762 
   55924.444500    5061.5266     208.1145    3969.8531     221.4984    0.2257     164.8252     136.8727  3.860  3.236  762 
   55925.375400    1623.7897     253.5662     698.6792     260.6433    0.0818     351.8173     303.5145  4.524  3.761  762 
   55926.308900   -3569.5892     213.9624   -4948.5404     225.9526    0.2924     200.4028     162.6666  2.537  3.183  762 
   55927.351300   -3043.0927     255.5415   -3618.1622     262.4413    0.3088     468.5932     401.0701  4.715  5.305  762 
   55969.117000   -2262.4895     331.1647   -3021.2138     333.8266    0.3812   -1967.6062   -1816.1692 -17.249 -14.731  762 
   56045.161300    -277.5064     310.7818    -141.7922     314.6395    0.0156     330.9444     299.7233  3.103  3.787  762 
   56215.479000     178.2823     266.7710    -361.6515     273.9418    0.1057    -632.8264    -548.7154 -8.943 -8.655  762 
   56217.471100    4468.7452     621.7436    4349.8983     622.1438    0.1380   -6411.6382   -6311.9054 -22.745 -23.513  762 
   56301.274100    1115.1449     313.7505    1231.1610     317.3083    0.1537    -270.8583    -246.2679 -1.438 -1.847  762 
   56301.282000     327.8415     336.1316     580.4931     338.5976    0.0418    -333.0697    -309.9963 -1.718 -1.942  762 
