   54533.216400       0.0000       4.2879       0.0000       4.2879      -nan       0.0000       0.0000  0.000  0.000  762 
   54534.350300       0.0000       4.3037       0.0000       4.3037      -nan       0.0000       0.0000  0.000  0.000  762 
   54535.300800       0.0000       3.8689       0.0000       3.8689      -nan       0.0000       0.0000  0.000  0.000  762 
   54536.152700   -1640.9364     366.9468   -1892.6506     368.0882    0.2336    -832.2145    -782.8462 -5.088 -8.244  762 
   54537.404600   -2600.0743     266.1346   -2406.5375     269.3546    0.2054       0.0000       0.0000  0.419  0.000  762 
   54538.192700    -564.7858     484.2055    -742.7086     485.1983    0.0191     606.6089     580.9074  8.017  3.776  762 
   54590.208000    2593.3619     291.1925    2589.1624     293.5989    0.1978    -680.0208    -612.3246 -6.246 -10.025  762 
   54861.128800    5066.6969     430.3578    4521.7755     431.4345    0.2899     500.4358     475.2623  7.858  3.653  762 
   54862.306200   20992.8148     590.8560   20750.0561     591.2948    0.7642       0.0000       0.0000  9.624  0.000  762 
   54912.160800    2751.1579     260.2784    2302.0709     261.5620    0.2139    1743.7990    1610.5816 29.356 29.259  762 
   54914.127200  125618.2700    1177.9468  126901.9585    1178.2536    0.7596  -10062.6974  -10057.3722 13.972 -16.912  762 
   55126.494500   -1327.8452     344.7404   -1454.5312     346.4784    0.0527    1115.8801    1025.9340 24.408 15.049  762 
   55273.271900   -1466.6957     381.7909   -1700.1914     383.6149    0.0234    2062.7037    1906.5818 21.940 17.005  762 
   55536.299000   -3639.8106     383.7610   -3565.8226     385.2266    0.4416   -1167.7097   -1089.8846 -11.656 -9.543  762 
   55538.335900   -4354.0915     283.1835   -4555.3363     286.0852    0.4927       0.0000       0.0000  1.760  0.000  762 
   55540.344000    2606.8266     538.4524    2380.1718     539.2667    0.2525    1811.9608    1756.8069 11.828  8.201  762 
   55679.254400   -3206.3930     280.2236   -3598.3551     283.1481    0.2665     909.4624     800.9948 15.684 14.109  762 
   55884.409900    3344.3239     790.1263    3240.1656     790.3512    0.2247       0.0000       0.0000 -0.669  0.000  762 
   55889.436800   -1749.9017     339.4442   -1718.5460     341.0522    0.0012    1848.9257    1707.3490 30.697 20.243  762 
   55924.444500       0.0000       2.1448       0.0000       2.1448      -nan       0.0000       0.0000  0.000  0.000  762 
   55925.375400    3206.6075     311.6774    3243.5140     313.6138    0.4926     987.6497     900.5397 15.288 12.053  762 
   55926.308900    1391.3821     268.1204    1224.1814     270.5858    0.2352     755.8135     679.2827 17.178 12.852  762 
   55927.351300    3735.4559     310.0615    3619.6389     311.9142    0.4296     556.5175     508.3684 10.570  7.117  762 
   55969.117000   -2477.7990     391.4007   -2503.2954     392.5096    0.3921   -1853.7350   -1745.3255 -16.807 -15.445  762 
   56045.161300    6060.0186     360.3053    5675.7165     361.5767    0.4357     156.9794     146.8149 15.682  1.877  762 
   56215.479000   -3052.3812     320.5326   -3155.5534     322.5827    0.4799   -3299.4694   -3014.3899 -56.029 -48.574  762 
   56217.471100    7348.1464     743.2149    7181.9646     743.5326    0.5944  -18547.4618  -18320.8425 -66.488 -69.211  762 
   56301.274100    3476.3678     417.7858    3061.3160     419.0982    0.1263   -1777.4279   -1679.4300 -13.123 -12.154  762 
   56301.282000    4497.5765     460.1631    4156.4534     461.1286    0.2072   -2242.0792   -2155.0929 -15.260 -12.617  762 
