   54533.216400    7778.0296     428.4585    8065.8395     429.8955    0.3927   -1953.3556   -1859.6427 -18.904 -11.693  762 
   54534.350300   10262.1831     395.7244   10529.5205     398.0418    0.5996   -2557.8070   -2392.6103 -20.192 -17.127  762 
   54535.300800    8787.5568     385.0206    9230.0049     387.8180    0.5882   -1671.1748   -1543.9939 -16.440 -12.032  762 
   54536.152700   12535.3467     387.9616   12952.8789     389.4668    0.6696    -832.2903    -785.8729 -13.508 -6.883  762 
   54537.404600    7192.9111     290.9375    7120.7077     296.7996    0.5316       0.0000       0.0000 -3.408  0.000  762 
   54538.192700   11070.3210     503.5387   11224.7267     504.7534    0.5788   -4301.8771   -4139.0726 -29.335 -23.530  762 
   54590.208000    1800.1590     313.6019    1528.0697     318.2063    0.1283    -496.8453    -441.3242 -8.524 -5.811  762 
   54861.128800   12875.3329     474.4116   13136.1824     475.4056    0.6021     -76.2050     -73.4502 -4.938 -0.436  762 
   54862.306200    9290.8264     553.1814    9197.7892     553.7773    0.2784   -5362.5431   -5265.4486 -35.864 -20.549  762 
   54912.160800    6979.2312     301.0480    7585.5111     302.6489    0.4764       0.0000       0.0000  2.757  0.000  762 
   54914.127200   73291.5659    1128.1081   72825.9326    1128.2074    0.4494  -51113.6876  -51064.2315 -146.421 -86.381  762 
   55126.494500    8610.2081     348.3649    9260.9365     351.4805    0.2762   -1521.8281   -1370.5729 -21.166 -19.142  762 
   55273.271900   -3090.0891     381.4013   -3531.3440     384.9639    0.5244   -1922.5662   -1754.2677 -19.203 -14.761  762 
   55536.299000     343.3633     367.7025     559.9475     370.6215    0.0065    -497.5280    -454.8792 -10.310 -4.179  762 
   55538.335900   -2031.6965     286.4873   -2803.8416     292.5360    0.0765    1743.5427    1497.9599 29.791 28.005  762 
   55540.344000   18525.8143     530.1819   18545.3792     531.1536    0.7638     186.0423     180.5799 -6.766  0.809  762 
   55679.254400    3364.1578     290.6172    3280.6514     296.1835    0.2770       0.0000       0.0000 -0.407  0.000  762 
   55884.409900    7075.6940     778.2100    7084.1630     778.5486    0.3901    1572.8794    1545.8300 10.142  8.594  762 
   55889.436800    4948.2580     333.3920    5135.2174     336.9663    0.4581    1930.4676    1735.9923 22.510 20.685  762 
   55924.444500   -2871.7673     271.5328   -2308.6400     277.2732    0.1876       0.0000       0.0000 -6.022  0.000  762 
   55925.375400     524.2736     323.3270    1101.9607     327.1395    0.0935       0.0000       0.0000 -4.125  0.000  762 
   55926.308900    6012.2982     258.4883    6865.8776     264.5695    0.4119       0.0000       0.0000  0.654  0.000  762 
   55927.351300    4082.3439     313.5178    4375.5365     317.7267    0.4209       0.0000       0.0000 -0.772  0.000  762 
   55969.117000    5313.3802     401.6260    5850.7435     403.2790    0.3922     795.3000     748.2911  7.698  5.902  762 
   56045.161300    1857.7517     361.9917    1032.0192     365.0138    0.0635       0.0000       0.0000 -1.642  0.000  762 
   56215.479000   -5040.2186     326.7602   -4936.9290     331.3428    0.4471   -1444.6830   -1275.6312 -22.413 -19.659  762 
   56217.471100    6798.9071     729.1170    6639.3841     729.5687    0.1955  -10241.1292  -10093.4993 -57.130 -37.794  762 
   56301.274100   -6025.6967     404.8560   -6126.0805     407.6608    0.7661   -4981.4775   -4613.0901 -37.542 -34.534  762 
   56301.282000   -8575.0292     433.8868   -9006.7791     436.1660    0.8778   -5505.6659   -5177.5844 -38.467 -32.985  762 
