   54533.216400    -106.7850     309.6898    -177.6099     310.1326    0.1399    1315.2713    1275.0142  8.475  9.112  762 
   54534.350300    -522.1200     283.8331    -580.2786     284.4612    0.0824    1158.6913    1113.9872  8.415  8.184  762 
   54535.300800    -723.2231     261.7784    -725.7007     262.7889    0.0300     929.9277     881.2088  7.832  7.716  762 
   54536.152700    -312.1970     294.1232    -375.3912     294.5865    0.0755    -308.0248    -298.0874 -2.414 -3.023  762 
   54537.404600    2385.9719     191.6686    1981.4054     194.8547    0.2289     334.8605     307.6409  6.084  6.256  762 
   54538.192700   -1387.0410     376.9928   -1393.0220     377.3004    0.0667    1862.5937    1819.6526 11.216 11.563  762 
   54590.208000    1771.4748     212.7279    1633.9624     214.6031    0.2749     438.4046     408.1628  5.691  6.259  762 
   54861.128800    -652.4013     349.9098    -737.4555     350.2563    0.0708      29.6481      28.8704  1.059  0.209  762 
   54862.306200    1758.8212     439.6793    1664.3439     439.7686    0.2176     678.1507     672.8167  2.417  2.471  762 
   54912.160800    2395.4594     212.7733    2258.9219     213.5555    0.1983    -439.7266    -421.2337 -8.466 -7.218  762 
   54914.127200   21333.8851     884.8058   21174.7739     884.8427    0.2037  -15893.9829  -15882.4675 -28.823 -27.817  762 
   55126.494500    1788.1455     271.2218    1667.2458     272.2448    0.2552     127.9025     122.0228  1.802  1.747  762 
   55273.271900     308.5051     268.6870     241.1260     269.7271    0.0718     245.2801     232.6907  1.477  2.092  762 
   55536.299000    -382.5674     283.2852    -509.4768     283.9676    0.1183    -345.4841    -330.5741 -2.027 -2.897  762 
   55538.335900     225.3105     205.4181     269.4452     207.8553    0.0524     -36.8034     -34.0713  0.500 -0.648  762 
   55540.344000      41.9299     408.3265     -82.0164     408.5633    0.0183     -92.3496     -90.7289 -1.293 -0.413  762 
   55679.254400    1219.0803     196.6471     991.7768     199.3072    0.2342     485.5986     443.3530  5.829  7.751  762 
   55884.409900    -754.5644     715.8214    -776.5545     715.8624    0.3288   -3520.4505   -3498.7803 -19.202 -19.616  762 
   55889.436800    1522.7948     251.8545    1551.0714     252.7282    0.2238    -283.0444    -269.2765 -3.490 -3.179  762 
   55924.444500    1457.1625     177.2823     940.9411     180.9868    0.0950    -157.2283    -143.3360 -5.593 -3.821  762 
   55925.375400    1242.2014     226.5995    1092.9688     228.0340    0.1210    -413.8170    -388.0924 -4.540 -5.053  762 
   55926.308900   -1188.0625     190.4349   -1484.7589     192.9409    0.2632    -135.6253    -124.3668 -2.614 -2.357  762 
   55927.351300   -1279.1483     229.4626   -1292.2390     230.7583    0.3291    -336.4590    -315.0555 -5.517 -4.276  762 
   55969.117000     637.4474     306.8215     598.0247     307.2224    0.0137    -505.1363    -489.0409 -3.582 -4.177  762 
   56045.161300     -46.9022     289.5423     -96.4273     290.2529    0.0147      -2.2663      -2.1757  0.876 -0.028  762 
   56215.479000     896.0871     240.2163     933.5617     241.5222    0.2664     621.5643     585.5299  9.707  9.359  762 
   56217.471100    5214.8003     617.3950    5115.2374     617.4567    0.4106    1250.5948    1242.9202  4.336  4.647  762 
   56301.274100    1617.4828     298.8664    1638.3006     299.3799    0.2957     -78.9031     -76.1329  0.485 -0.560  762 
   56301.282000    1367.0688     329.1925    1376.1101     329.5106    0.3331     442.6308     431.6086  1.757  2.592  762 
