   54533.216400   -1473.0676     386.4203   -1458.8825     386.5937    0.1028    2440.1485    2397.4632 14.378 15.700  762 
   54534.350300   -2212.6688     353.9236   -2295.2711     354.2594    0.1643    1011.3383     986.0672  6.694  7.201  762 
   54535.300800   -1504.7821     337.3343   -1583.1318     337.8081    0.0697    1156.7138    1120.9397  8.575  9.120  762 
   54536.152700   -1863.9018     348.8800   -1837.4289     349.1134    0.0539    2407.6540    2354.6637 18.592 21.722  762 
   54537.404600    1159.8005     238.1219    1071.2429     239.7792    0.2775     854.7685     804.9703 14.379 14.844  762 
   54538.192700    1000.6992     460.3879     988.9824     460.5273    0.4767    2964.4388    2924.6882 16.639 17.229  762 
   54590.208000    -362.4280     263.2339    -347.2157     264.2206    0.1722    1526.0062    1453.5073 20.165 20.461  762 
   54861.128800    2855.9341     432.4668    2849.7124     432.5834    0.2449     154.3170     152.3281 -0.338  0.954  762 
   54862.306200    3559.6128     524.7580    3498.2104     524.8045    0.2131    -522.8479    -520.3529 -4.641 -2.013  762 
   54912.160800    4440.1535     261.4405    4524.6741     261.7230    0.0218   -4980.1682   -4845.3238 -67.793 -66.971  762 
   54914.127200   22747.6494    1089.1197   22606.2419    1089.1647    0.3192  -32416.6074  -32401.4388 -55.517 -55.986  762 
   55126.494500      32.8019     304.5409     -23.5848     305.2913    0.1003    -657.0244    -630.1268 -6.695 -9.170  762 
   55273.271900    -795.7697     333.2090    -848.0385     333.7562    0.2083    -506.3862    -489.6447 -3.831 -4.272  762 
   55536.299000    1563.1898     326.2455    1547.6350     326.6614    0.2460     696.1507     674.5447  4.559  6.259  762 
   55538.335900    -499.2920     236.4387    -501.7991     238.0733    0.0420     264.2224     248.5415  4.234  4.915  762 
   55540.344000    3529.5100     496.3040    3497.1650     496.3912    0.1603   -1465.1854   -1451.2291 -6.030 -6.573  762 
   55679.254400     797.0975     240.9636     794.3374     242.3676    0.0108    -933.4651    -880.6194 -14.858 -14.473  762 
   55884.409900    1785.1148     752.2648    1784.4532     752.2944    0.1503   -3785.5276   -3766.8817 -20.558 -21.231  762 
   55889.436800    1076.8417     290.5573    1073.9568     291.1932    0.1337    -187.7345    -180.5684 -0.389 -2.208  762 
   55924.444500    2534.5359     216.2506    2563.1930     218.1331    0.2973    -551.6631    -518.2185 -13.817 -12.151  762 
   55925.375400    1419.4274     275.5424    1406.0708     276.3120    0.1020    -850.0924    -813.1918 -10.297 -10.183  762 
   55926.308900      70.1960     214.6155      65.6445     216.4666    0.0836    -537.1449    -501.6012 -10.544 -10.666  762 
   55927.351300    -363.7190     269.1474    -388.9076     270.0279    0.2108   -1022.4699    -974.9683 -13.069 -13.452  762 
   55969.117000    -482.5053     362.7334    -573.8565     363.0003    0.0733     -91.1687     -89.0783 -1.241 -0.728  762 
   56045.161300     171.4907     322.0802     130.0179     322.6138    0.0057    -176.7494    -171.2804 -6.605 -2.192  762 
   56215.479000     329.8097     275.7917     260.0158     276.8259    0.3183    2256.7162    2148.5615 35.035 34.723  762 
   56217.471100    2181.3859     696.9919    2116.7837     697.0320    0.6055   10458.5942   10415.0151 36.590 39.214  762 
   56301.274100     288.9324     359.5534     262.9424     359.8838    0.3768    2159.7807    2105.6951 16.760 15.943  762 
   56301.282000    -604.4606     392.5029    -633.1301     392.7159    0.3331    2898.3692    2844.4956 17.654 18.087  762 
