   54533.216400       0.0000       4.2654       0.0000       4.2654      -nan       0.0000       0.0000  0.000  0.000  762 
   54534.350300       0.0000       4.2929       0.0000       4.2929      -nan       0.0000       0.0000  0.000  0.000  762 
   54535.300800       0.0000       3.8479       0.0000       3.8479      -nan       0.0000       0.0000  0.000  0.000  762 
   54536.152700   -1019.9730     447.9718    -168.5818     452.6889    0.0445    -804.1406    -784.4867 -8.431 -8.369  762 
   54537.404600   -8868.7687     317.7113  -10088.0107     322.6671    0.1794    -131.1066    -127.1545 -4.465 -2.905  762 
   54538.192700    1754.4358     621.4549    2353.5440     629.3051    0.1574     261.5164     251.6493  0.790  1.651  762 
   54590.208000   -3683.7957     358.4447   -3582.8448     363.0575    0.1156   -1238.4157   -1201.6200 -17.364 -19.973  762 
   54861.128800   -2540.9327     539.2262   -2463.7813     545.4429    0.0248    1930.7373    1870.5994 13.434 14.575  762 
   54862.306200   44118.4429     782.7293   44319.8787     793.4359    0.7459     761.9069     740.9061 11.357  2.707  762 
   54912.160800    6428.1293     299.5519    5482.1484     302.2396    0.2579    3660.4010    3561.3017 67.168 66.603  762 
   54914.127200  741462.8555    1390.9266  738946.5374    1394.4663    0.9788   -1110.0122   -1102.8250 48.291 -1.869  762 
   55126.494500    2376.3173     413.0706    2740.4031     417.2041    0.2570    1247.9102    1206.9564 18.308 17.861  762 
   55273.271900    2884.0462     495.7710    2891.3623     503.0075    0.2763    3652.1594    3503.5146 33.061 31.555  762 
   55536.299000    6604.6288     488.7148    6843.8918     495.0824    0.4065     778.4741     748.0157  7.837  6.561  762 
   55538.335900     607.9280     340.4157    1155.2422     344.9721    0.0505     316.6079     311.9674  7.639  6.039  762 
   55540.344000   34425.2111     705.2712   33232.7322     714.3119    0.7711     952.9063     918.1352  6.428  4.294  762 
   55679.254400   -4233.0909     341.0034   -5497.3809     345.6047    0.0922    1811.3858    1730.6422 33.941 31.062  762 
   55884.409900   20800.6722     889.2857   20272.3199     892.3143    0.6903    3474.0709    3421.8503 26.836 19.240  762 
   55889.436800    6625.5704     422.6869    6006.9462     428.2894    0.4195    1346.0103    1301.6059 10.105 15.515  762 
   55924.444500       0.0000       2.1111       0.0000       2.1111      -nan       0.0000       0.0000  0.000  0.000  762 
   55925.375400   11673.5770     389.0632   11727.4782     394.3814    0.6075    1828.4448    1764.9577 22.023 23.903  762 
   55926.308900   -2572.7114     329.6557   -2947.3298     334.5143    0.1292     597.3048     572.0539 11.035 10.875  762 
   55927.351300    2694.8725     388.9016    2266.3077     394.3886    0.2238     568.8571     546.7506  9.252  7.704  762 
   55969.117000   -1377.4564     488.7736    -830.2084     494.2179    0.0931    -604.2825    -583.6182 -3.158 -5.207  762 
   56045.161300    7656.6261     433.0948    7186.9403     437.0086    0.2079     178.7613     174.3649  3.295  2.249  762 
   56215.479000   -6465.4860     386.4360   -5504.7239     390.8749    0.3563   -5493.0663   -5321.7929 -92.886 -86.672  762 
   56217.471100   62250.5908     914.9532   63368.4088     921.5220    0.6940  -30738.1078  -29994.1501 -107.174 -113.427  762 
   56301.274100    3794.6472     553.6164    4926.4685     562.3311    0.0076   -5267.4905   -5047.9746 -35.601 -36.661  762 
   56301.282000    6605.5628     616.2399    8044.1356     626.6390    0.0859   -6976.4469   -6720.1928 -37.733 -39.364  762 
