   54533.216400    1169.6700     292.3276    1093.3522     292.3785    0.1746     360.4970     357.0027  3.885  2.729  762 
   54534.350300     986.1061     275.2216     940.8730     275.2754    0.0981    -333.7592    -330.1178 -1.477 -2.441  762 
   54535.300800    1394.6941     244.1336    1350.6140     244.2209    0.2421    -116.5923    -114.8776 -1.173 -1.066  762 
   54536.152700    1474.6138     274.5226    1440.7105     274.5596    0.0767    -898.7747    -890.8512 -9.080 -9.804  762 
   54537.404600     497.7548     165.9721     439.1266     166.2905    0.1384     234.8697     228.9752  5.077  5.366  762 
   54538.192700     419.1807     359.8779     401.0706     359.9041    0.1813     538.0013     534.3887  3.968  3.600  762 
   54590.208000     915.5407     189.6243     865.9777     189.8041    0.2158      65.2147      63.9640  3.078  1.091  762 
   54861.128800    -285.3527     322.9830    -317.6871     323.0167    0.0091     253.0170     251.0263 -0.062  2.028  762 
   54862.306200    1718.7281     446.2751    1658.1482     446.2925    0.1484    -118.8146    -118.5395  0.503 -0.429  762 
   54912.160800      21.6576     189.1504     -30.8499     189.2360    0.1510    1243.9162    1228.0704 26.184 24.673  762 
   54914.127200    -427.9520     917.7189    -540.7499     917.7409    0.3802   -7847.0349   -7842.7671 -13.849 -13.556  762 
   55126.494500     572.4765     253.4663     560.4958     253.5421    0.1042     -85.2740     -84.1673 -0.063 -1.261  762 
   55273.271900     256.1341     255.6672     204.9944     255.7684    0.1198     488.7472     481.7262  4.281  4.445  762 
   55536.299000     922.8314     274.4546     903.4724     274.4966    0.0149    -998.4363    -988.3370 -7.850 -8.651  762 
   55538.335900    -363.4594     188.8079    -393.2753     189.0288    0.1253    -182.8551    -178.8115 -4.467 -3.508  762 
   55540.344000     632.0299     399.0504     590.2014     399.0742    0.0026    -615.7523    -613.0148 -3.200 -2.875  762 
   55679.254400     365.5107     176.3178     313.0527     176.5613    0.1267     388.8120     379.0644  7.021  7.087  762 
   55884.409900    -762.9634     714.1603    -783.7034     714.1652    0.4193   -4555.7538   -4547.0860 -23.610 -25.813  762 
   55889.436800     670.7487     239.6790     664.1992     239.7374    0.0334    -499.9402    -494.1603 -5.565 -5.922  762 
   55924.444500     231.5172     152.4174     176.0120     152.7796    0.0138    -105.4123    -102.6518 -1.569 -3.146  762 
   55925.375400     672.6620     208.3780     641.1927     208.4953    0.1758     137.7031     135.3990  1.866  1.873  762 
   55926.308900    -216.2196     175.0570    -225.8069     175.2381    0.0599     -21.1848     -20.7153  0.552 -0.395  762 
   55927.351300     482.5379     212.1210     458.9478     212.2252    0.0721    -120.8756    -118.9837 -0.763 -1.683  762 
   55969.117000     867.9805     290.5336     825.5574     290.5721    0.1320     189.9811     188.2856  1.900  1.709  762 
   56045.161300    -466.1448     276.0072    -487.2105     276.0605    0.0825    1013.6217    1002.3357 13.417 13.155  762 
   56215.479000    -197.3082     223.3271    -209.7898     223.4382    0.0918    -175.0591    -172.5185 -4.805 -2.863  762 
   56217.471100    2341.7681     615.7343    2271.0744     615.7483    0.0439   -1676.7277   -1673.7812 -8.111 -6.336  762 
   56301.274100     -71.4558     292.5118     -92.1742     292.5574    0.0051     114.0411     112.8995 -0.054  0.826  762 
   56301.282000     676.7913     329.0641     651.4386     329.0935    0.0815    -253.1366    -251.3915 -2.430 -1.474  762 
