   54533.216400   11913.7493     409.5181   12499.4493     415.8700    0.7932    1181.3780    1057.2815  5.324  6.795  762 
   54534.350300   10047.5433     381.3951   10249.9738     391.5998    0.8029    1032.1345     888.0822  7.020  6.442  762 
   54535.300800    8934.1398     372.5519    9629.5809     385.4682    0.7617     779.1342     651.7294  5.438  5.200  762 
   54536.152700    8620.0647     384.6526    9374.7151     391.8258    0.6628    1298.5735    1143.4354 10.312 10.268  762 
   54537.404600    5418.2729     299.5602    5369.4896     329.0723    0.4491      49.9924      37.4981  8.707  0.648  762 
   54538.192700    7732.4875     479.6576    7791.6707     485.1202    0.7196    1413.9048    1296.0107  7.049  7.517  762 
   54590.208000  -14396.3580     322.4051  -17375.3511     345.3804    0.8020     250.0344     193.0266  5.748  2.592  762 
   54861.128800    8104.2734     455.9477    8131.3986     460.8402    0.4755    -619.9173    -569.0808 -4.461 -3.468  762 
   54862.306200   13459.4612     511.7878   13049.5206     513.9726    0.6304   -2301.7061   -2211.0076 -8.889 -8.539  762 
   54912.160800  -13919.0980     306.1619  -16406.3061     316.2243    0.8073   -3858.2773   -3268.8098 -42.961 -43.120  762 
   54914.127200  110846.5711     982.0013  110310.5626     982.1922    0.7670  -51407.2280  -51283.6053 -88.390 -88.314  762 
   55126.494500   23356.0277     355.8237   24139.5344     372.5764    0.8373   -1497.8956   -1225.8083 -17.659 -17.181  762 
   55273.271900  -20118.8019     376.7275  -22337.3490     393.2098    0.8842    -566.7884    -463.4490 -4.346 -3.985  762 
   55536.299000   -7197.7553     369.9164   -8156.7189     383.1209    0.7096   -1447.5386   -1199.1268 -11.774 -10.950  762 
   55538.335900   -6738.7824     295.7923   -8338.5711     326.2197    0.6093    -150.8198    -113.9330 -0.858 -2.149  762 
   55540.344000   -2122.9561     501.7014   -3121.1684     506.4930    0.4095   -3483.1190   -3243.3664 -14.174 -14.503  762 
   55679.254400   -5087.0987     299.4786   -6817.7293     328.3008    0.6089   -1091.4126    -807.7030 -12.301 -12.712  762 
   55884.409900   24923.9820     763.7488   24960.8371     764.9923    0.8264   -3494.4401   -3383.0970 -20.434 -18.914  762 
   55889.436800   18863.6482     336.3770   20371.8804     351.9123    0.9013    -148.4592    -120.4970 -1.482 -1.437  762 
   55924.444500    2567.0404     275.3579    2366.0123     308.9413    0.1240     -72.9535     -53.9749 -2.606 -1.181  762 
   55925.375400    5184.4719     325.2322    4531.6053     344.0248    0.5433    -348.3125    -275.7819 -1.530 -3.340  762 
   55926.308900    1454.3511     272.1362    2274.7205     304.2458    0.1550    -282.8514    -205.2450 -6.472 -4.140  762 
   55927.351300    4352.6079     321.3983    4202.7917     341.1959    0.4799    -605.6480    -475.2718 -6.592 -6.306  762 
   55969.117000  -11679.0174     399.4642  -13692.4868     408.1681    0.6714   -1369.9574   -1195.4399 -9.930 -9.536  762 
   56045.161300  -23121.7064     375.9477  -25706.2997     390.7250    0.7628    -781.6758    -651.0090 -6.222 -8.094  762 
   56215.479000   15273.2429     331.5128   17267.4877     351.9970    0.7848    1689.7025    1334.4154 20.974 20.801  762 
   56217.471100   30765.7018     685.7882   30371.4320     687.2895    0.8896    5027.8071    4885.3177 19.357 18.277  762 
   56301.274100   11386.4154     389.7734   11929.4402     400.2916    0.8676    1015.3787     870.5639  5.404  6.540  762 
   56301.282000   13379.2148     411.1063   13887.8309     418.6523    0.8715    1258.1386    1118.4860  7.480  7.108  762 
