   54533.216400       0.0000       4.2105       0.0000       4.2105      -nan       0.0000       0.0000  0.000  0.000  762 
   54534.350300     314.9109     329.1060     354.1999     330.6026    0.0384       0.0000       0.0000 -2.634  0.000  762 
   54535.300800       0.0000       3.8022       0.0000       3.8022      -nan       0.0000       0.0000  0.000  0.000  762 
   54536.152700    1177.2199     312.4215    1260.5720     313.4635    0.0691    -615.4952    -582.7773 -7.434 -6.397  762 
   54537.404600    6195.7849     213.0342    5476.6231     217.2125    0.4111     271.7533     240.3661  4.792  5.709  762 
   54538.192700    1394.2887     406.1207    1325.5019     407.0549    0.2847     655.0994     629.2350  4.291  4.212  762 
   54590.208000    5118.9410     236.5885    4915.2307     239.5266    0.4726     -35.5699     -32.0104  0.027 -0.549  762 
   54861.128800     312.0928     364.0828     257.8798     365.0619    0.0282      22.5581      21.5056  3.574  0.173  762 
   54862.306200    2856.0467     494.7963    2758.4606     495.0874    0.3383    1429.0238    1412.4056  2.832  5.126  762 
   54912.160800    1151.5710     220.3577     905.6470     221.6511    0.2617    1869.4056    1729.2283 32.719 34.574  762 
   54914.127200   27157.9915     993.6878   26905.0641     993.7451    0.0276  -27736.2383  -27693.3925 -48.508 -47.492  762 
   55126.494500    -441.9234     294.6835    -400.7063     296.2260    0.1096    -171.4017    -159.0962 -2.483 -2.400  762 
   55273.271900    4747.6491     308.3384    4848.4859     310.2971    0.6110     551.7934     510.0380  4.494  4.675  762 
   55536.299000     967.4136     320.0428     992.2666     321.3620    0.1636     456.4570     428.7953  3.383  3.765  762 
   55538.335900      34.6349     234.9146     -94.3379     237.7591    0.0442    -230.2893    -205.8029 -3.220 -4.059  762 
   55540.344000    1514.2991     448.5939    1398.1878     449.2759    0.0546   -2057.8093   -1998.8383 -7.942 -9.392  762 
   55679.254400     977.6036     226.1869     428.5872     229.7436    0.1145     634.2060     555.7371  9.914 10.351  762 
   55884.409900    3434.2020     739.6426    3388.6769     739.7883    0.0387   -3920.7186   -3876.4235 -23.072 -21.928  762 
   55889.436800    -732.0406     284.9563    -748.3278     286.6837    0.1549    -466.9845    -432.8207 -3.503 -5.201  762 
   55924.444500    2753.5971     196.9588    2346.6082     200.6618    0.2310     209.3449     182.8383  4.538  5.612  762 
   55925.375400    1274.9201     256.3987    1237.5682     258.8159    0.2937     609.2919     552.0229  7.516  7.647  762 
   55926.308900   -2167.3649     222.8183   -2416.7039     225.5861    0.3687      44.3818      39.5799  1.240  0.759  762 
   55927.351300    -332.4096     259.2098    -280.6127     261.5303    0.0126     238.3875     216.5583  1.319  3.083  762 
   55969.117000   -1222.5823     331.7081   -1104.0392     332.7908    0.0921     257.4938     243.6707 -0.293  2.212  762 
   56045.161300    2233.8027     313.7676    2059.4724     315.0758    0.2659     331.7872     312.0903  6.327  4.088  762 
   56215.479000   -1267.6277     268.3833   -1179.7782     270.2626    0.3408    -871.5883    -800.3643 -13.425 -13.327  762 
   56217.471100    -660.4259     656.2320    -754.4213     656.4603    0.3630   -5118.6421   -5062.9683 -17.998 -19.162  762 
   56301.274100     748.5394     343.3491     817.8297     344.6190    0.0496    -604.9252    -572.8361 -4.393 -4.176  762 
   56301.282000     792.0120     379.3974     856.9163     380.2750    0.1335    -118.3255    -114.0606 -1.639 -0.666  762 
