   54533.216400    2280.7138     380.0260    2301.0284     381.1431    0.2495     350.3758     332.3084  1.414  2.283  762 
   54534.350300    3209.8651     357.2185    3090.2703     358.7379    0.4206     284.0216     265.9605  1.747  1.944  762 
   54535.300800    3253.2892     337.4050    3384.5473     339.3207    0.5024     346.8265     319.8491  1.625  2.705  762 
   54536.152700    2701.9062     347.9252    2745.7784     348.9744    0.3083     334.6712     315.8152  3.736  3.064  762 
   54537.404600    3690.7629     249.4128    3845.4273     254.1525    0.3069     247.4228     218.7790  4.671  4.216  762 
   54538.192700    2357.0504     450.1229    2341.0754     451.0158    0.5141    2291.7928    2199.0904 13.378 13.488  762 
   54590.208000   -7576.4400     275.5177   -8292.8269     279.3048    0.4712     331.3443     294.9207  3.621  4.325  762 
   54861.128800    1426.0907     418.7421    1326.9325     419.6511    0.2236    1405.8189    1343.9072  8.142  9.099  762 
   54862.306200   12622.3912     518.8106   12497.7856     519.1678    0.6452    -942.0299    -927.6671 -2.201 -3.470  762 
   54912.160800   -3604.9311     257.8912   -4157.6754     259.5503    0.3524   -1789.6071   -1659.9749 -26.526 -25.944  762 
   54914.127200   75282.7769    1015.9103   75097.8715    1015.9784    0.7847  -35173.8955  -35117.7323 -57.852 -61.222  762 
   55126.494500    -660.7625     321.0038   -1083.9586     323.4380    0.0716     261.9780     240.3578  3.081  3.448  762 
   55273.271900    1038.1740     338.6622     780.2734     340.8366    0.0622    -197.4646    -181.2396 -1.068 -1.603  762 
   55536.299000    6787.4683     339.7412    6696.1146     341.3319    0.5659     249.0452     231.3016  5.528  2.068  762 
   55538.335900    5676.6850     252.5138    6510.2388     256.6308    0.5817    -256.3071    -229.4539 -4.720 -4.400  762 
   55540.344000    8913.2518     488.2391    8666.8558     488.9552    0.3608   -3053.8284   -2963.3733 -11.910 -13.391  762 
   55679.254400    4743.7702     252.8801    4515.5697     257.1241    0.4491      34.0934      29.8271  2.196  0.505  762 
   55884.409900   12666.9565     752.2233   12589.6777     752.3909    0.3852   -6637.2705   -6549.7400 -36.423 -36.680  762 
   55889.436800    8626.5147     304.2948    8796.1604     306.1269    0.5591   -2419.6946   -2225.6348 -24.566 -26.517  762 
   55924.444500   -4196.2633     228.0404   -6228.3249     234.8593    0.3284    -182.8293    -159.1445 -5.529 -4.006  762 
   55925.375400   -5173.8368     287.4423   -5860.6525     290.4279    0.4328     -59.7082     -53.7107 -0.225 -0.684  762 
   55926.308900   -8959.0907     241.1701  -10183.5055     246.2755    0.6447     130.1178     113.2596  3.382  2.214  762 
   55927.351300   -8273.5770     286.5352   -8782.9599     289.4673    0.7260     216.0532     194.1426  0.721  2.622  762 
   55969.117000  -15259.7337     368.7044  -15757.4875     370.1234    0.7671   -1035.8104    -971.0048 -8.806 -8.092  762 
   56045.161300   12335.7918     333.5789   12354.4014     335.0210    0.7130    -518.6971    -483.7708 -6.365 -6.147  762 
   56215.479000    5074.3862     290.4703    5214.8091     293.1506    0.6801     259.9174     236.0694  3.866  3.780  762 
   56217.471100   13355.3913     686.1176   13301.5659     686.3482    0.6282   -1052.6034   -1040.0095 -6.321 -3.885  762 
   56301.274100     768.0425     367.6987     696.6246     369.1753    0.1398     452.9397     424.6902  2.776  3.151  762 
   56301.282000    1428.2806     398.9504    1580.9642     399.9386    0.2457     427.8182     408.5726  2.458  2.504  762 
