   54533.216400     930.7433     356.6442     899.9350     357.5761    0.1151       0.0000       0.0000  3.171  0.000  762 
   54534.350300    1890.4838     317.5986    1760.8099     319.2818    0.2491       0.0000       0.0000  1.059  0.000  762 
   54535.300800    -528.8011     307.1095    -542.0915     309.3408    0.0467     287.2479     267.7001  5.850  2.113  762 
   54536.152700    2351.3337     334.6184    2370.5460     335.6343    0.2881       0.0000       0.0000  4.353  0.000  762 
   54537.404600      88.0306      25.2053    7557.1028     237.2128    0.7783       0.0000       0.0000  3.246  0.000  762 
   54538.192700    2591.1196     426.6216    2620.0590     427.3110    0.4076       0.0000       0.0000  3.535  0.000  762 
   54590.208000     607.2937     254.1889     470.6505     258.3152    0.0667       0.0000       0.0000  0.117  0.000  762 
   54861.128800     312.9591     409.8848     339.4216     410.4783    0.0252     -30.8781     -30.0412 -4.064 -0.180  762 
   54862.306200    3251.1147     461.4370    3153.9174     461.7729    0.2529       0.0000       0.0000  4.200  0.000  762 
   54912.160800     553.7599     145.6807    1735.0376     260.8697    0.2071       0.0000       0.0000 -4.538  0.000  762 
   54914.127200   36653.4894     953.9736   36847.8446     954.0745    0.6173   -1263.3327   -1262.8774  4.928 -2.182  762 
   55126.494500   -3002.4782     268.4215   -3868.1916     302.0276    0.4881       0.0000       0.0000 -9.738  0.000  762 
   55273.271900    -267.1504     305.5843    -406.0980     308.2491    0.0626       0.0000       0.0000 -1.591  0.000  762 
   55536.299000   -3155.9305     305.2752   -3153.6113     307.3907    0.2322    -262.6674    -243.8610 -9.841 -2.242  762 
   55538.335900   -3658.5846     232.8577   -4130.1240     239.6193    0.5975       0.0000       0.0000 -4.209  0.000  762 
   55540.344000     652.8188     446.6559     616.4689     447.2510    0.0575       0.0000       0.0000  2.905  0.000  762 
   55679.254400    3021.1409     232.1300    2651.8287     238.2339    0.2823       0.0000       0.0000 -0.504  0.000  762 
   55884.409900    -646.8263     729.9241    -679.2366     730.0757    0.0458       0.0000       0.0000  5.527  0.000  762 
   55889.436800     -58.2250     276.9901    -122.4745     279.9564    0.0185       0.0000       0.0000  3.493  0.000  762 
   55924.444500    2558.2561     216.6108    2531.8487     223.8811    0.3490       0.0000       0.0000  0.765  0.000  762 
   55925.375400    1912.7707     261.8363    2086.6915     265.1206    0.3765       0.0000       0.0000  2.292  0.000  762 
   55926.308900    1041.7280     209.0366    1320.5047     216.5302    0.1967       0.0000       0.0000  1.063  0.000  762 
   55927.351300    1647.9328     257.2750    1598.4584     261.0840    0.3165       0.0000       0.0000 -0.971  0.000  762 
   55969.117000     913.1719     342.5431     894.2291     343.6561    0.1004       0.0000       0.0000  1.160  0.000  762 
   56045.161300     523.3400     313.1386     290.7515     315.3802    0.0363       0.0000       0.0000  0.862  0.000  762 
   56215.479000   -1551.1721     270.3517   -1846.1701     274.6058    0.2842       0.0000       0.0000  1.081  0.000  762 
   56217.471100    8485.3770     646.3755    8430.0904     646.5657    0.5705    2756.7273    2733.8687 18.704 10.204  762 
   56301.274100    1220.5700     327.2940    1187.7058     329.0566    0.2519       0.0000       0.0000  4.166  0.000  762 
   56301.282000    1437.6860     351.2078    1356.7244     352.4440    0.3615     666.3602     637.1255  7.071  4.069  762 
