   54533.216400   -1362.2763     340.9149   -1400.7068     340.9414    0.2486   -1166.4468   -1158.7424 -7.947 -7.814  762 
   54534.350300   -1271.9964     308.2689   -1313.1977     308.3090    0.2397    -860.6472    -853.5491 -4.571 -6.235  762 
   54535.300800    -464.9225     287.6190    -491.1056     287.6618    0.1187    -564.1195    -559.0776 -3.767 -4.651  762 
   54536.152700    -902.6962     314.3933    -933.0189     314.4160    0.1501    -538.8577    -535.4153 -4.195 -5.066  762 
   54537.404600     933.8023     202.7056     861.9304     202.8567    0.0822    -168.4723    -165.7803 -4.486 -3.027  762 
   54538.192700   -1591.1622     411.7771   -1613.0462     411.7986    0.0981     835.0499     830.8988  4.066  5.027  762 
   54590.208000     418.1707     226.7330     380.9749     226.8172    0.0104    -493.8773    -487.4640 -6.921 -6.873  762 
   54861.128800   -1824.2591     386.7385   -1861.3114     386.7569    0.0503    1301.5934    1295.3776  7.255  8.504  762 
   54862.306200   -1779.9054     479.3860   -1871.7596     479.4199    0.2778   -2093.1645   -2086.3411 -6.367 -7.848  762 
   54912.160800   -1101.6695     230.7451   -1146.4489     230.7849    0.1794   -1227.0831   -1216.8131 -15.292 -18.023  762 
   54914.127200    4702.6879     974.1535    4572.2164     974.1935    0.6346  -25829.4862  -25813.3688 -48.134 -45.024  762 
   55126.494500    -880.2593     278.9753    -898.2996     279.0275    0.0352     664.2115     657.3432  8.123  9.208  762 
   55273.271900    -615.8696     288.4602    -634.9821     288.5021    0.0798     109.9299     108.9293 -0.472  0.956  762 
   55536.299000     -13.0913     295.1952     -67.2630     295.2392    0.1316    -896.9893    -887.9539 -8.996 -7.910  762 
   55538.335900    -113.2260     208.2966    -126.0458     208.4084    0.0309     -57.1976     -56.2802  0.335 -1.051  762 
   55540.344000    1842.8077     447.8192    1782.5688     447.8435    0.0155   -1620.9096   -1614.1789 -8.029 -7.242  762 
   55679.254400      65.1806     205.5352       8.0096     205.6688    0.0348     207.6063     203.4776  5.470  3.334  762 
   55884.409900     112.7795     730.2360      86.1473     730.2414    0.3436   -4598.5143   -4590.8145 -26.953 -25.676  762 
   55889.436800     214.4901     261.1248     171.8009     261.1794    0.2193   -1695.0703   -1675.5321 -22.500 -19.750  762 
   55924.444500      11.1742     184.9695    -102.1653     185.1796    0.0194     -31.7003     -30.9959  1.468 -0.733  762 
   55925.375400     755.1212     239.2111     702.0025     239.2884    0.1522     171.7504     169.4360  2.865  2.106  762 
   55926.308900    -906.5497     190.4328    -936.1736     190.5646    0.1825      17.7957      17.4344  0.367  0.334  762 
   55927.351300    -182.4878     237.8292    -193.3237     237.8814    0.0251      67.0128      66.1490  0.962  0.875  762 
   55969.117000    -697.8290     327.5954    -745.4060     327.6212    0.1375    -492.9957    -489.7672 -2.849 -4.010  762 
   56045.161300     732.5012     297.1394     709.2509     297.1710    0.0872    -115.9095    -115.0162 -2.198 -1.440  762 
   56215.479000    -403.4394     246.4503    -420.6414     246.5152    0.0932    -118.1455    -116.6413 -3.265 -1.826  762 
   56217.471100     243.2133     655.5249     164.7077     655.5419    0.2427   -4091.7821   -4084.1362 -14.616 -15.241  762 
   56301.274100    -663.1225     319.5937    -681.3270     319.6264    0.2513    -942.3478    -934.7394 -6.785 -6.945  762 
   56301.282000    -789.5055     352.1553    -797.4222     352.1789    0.3349   -1253.8385   -1246.2156 -7.450 -7.712  762 
