   54533.216400   -2497.9633     425.2741   -2537.5258     425.4164    0.0495    2044.7288    2018.8941 11.807 13.202  762 
   54534.350300     506.2129     394.2907     497.5437     394.4875    0.0671      88.9881      87.5757  1.138  0.639  762 
   54535.300800   -1506.9377     376.9296   -1544.6932     377.2330    0.1567     136.8540     133.9132  1.851  1.088  762 
   54536.152700    -760.0522     375.0259    -792.3769     375.2095    0.0767    1567.8992    1540.9655 14.742 14.208  762 
   54537.404600     289.8974     259.4438     240.0160     260.6566    0.1083     665.7398     636.9964 10.735 11.847  762 
   54538.192700   -1751.1695     503.7966   -1749.6181     503.8967    0.0181    1908.0605    1889.6091 12.533 11.114  762 
   54590.208000    2956.5643     286.7135    2918.7345     287.3889    0.4094     639.9179     618.5154  9.225  8.745  762 
   54861.128800   -2698.1960     469.4490   -2713.9407     469.5451    0.1222     990.7225     980.2147  7.886  6.136  762 
   54862.306200    1300.4384     584.1432    1207.0263     584.1933    0.2878   -5442.3739   -5422.6499 -20.885 -21.059  762 
   54912.160800    2004.6779     278.9943    2097.9846     279.2105    0.1880   -4751.3768   -4647.1076 -64.442 -63.864  762 
   54914.127200   23284.7391    1217.3595   23095.3870    1217.3977    0.8330  -75132.9471  -75108.4725 -128.030 -129.197  762 
   55126.494500    -350.6761     324.8729    -290.1301     325.3948    0.0533     -96.1659     -93.0598 -0.608 -1.363  762 
   55273.271900    3896.7549     368.4980    3869.7798     368.8386    0.4242    -200.7458    -196.2851 -4.282 -1.709  762 
   55536.299000     536.4547     356.5037     566.9155     356.7849    0.1037     423.0119     413.3736  3.477  3.853  762 
   55538.335900    -829.0496     255.8873    -847.6961     257.1252    0.0349     619.8452     590.8146 12.456 11.754  762 
   55540.344000    1208.7159     548.6157    1129.6162     548.7016    0.0911     146.0752     145.0657  0.185  0.660  762 
   55679.254400    1554.2530     263.1014    1465.8419     264.1967    0.1035    -627.4519    -601.5956 -12.143 -9.900  762 
   55884.409900     273.0291     779.4379     246.9456     779.4685    0.0877   -1482.4028   -1475.7996 -9.216 -8.326  762 
   55889.436800   -1148.7985     315.7462   -1203.1308     316.2493    0.0070    1177.9586    1142.0106 13.281 14.032  762 
   55924.444500    -608.0134     234.9113    -654.4844     236.4737    0.1212    -326.4142    -310.2245 -6.707 -7.271  762 
   55925.375400   -2269.1832     302.5579   -2300.5661     303.1518    0.3493    -743.3866    -718.5505 -10.707 -9.018  762 
   55926.308900     360.7087     231.6747     331.5688     233.1548    0.0192    -219.9347    -209.0103 -4.478 -4.528  762 
   55927.351300     514.7705     292.0691     581.8753     292.6789    0.0214    -741.3349    -715.7894 -11.005 -9.973  762 
   55969.117000    1563.7276     391.9563    1548.4035     392.1227    0.2238     606.3217     596.3928  4.492  4.884  762 
   56045.161300    2600.3055     342.3292    2525.2619     342.7226    0.2114    -790.6081    -771.7912 -10.374 -9.919  762 
   56215.479000   -1371.3859     297.4491   -1338.9713     298.1679    0.0601    1871.2190    1800.5389 29.057 29.215  762 
   56217.471100    -956.0338     750.2146   -1019.0425     750.2461    0.2359    5754.4175    5737.1711 19.025 21.650  762 
   56301.274100     381.4472     398.4171     294.0339     398.6731    0.1693     780.9261     766.1728  4.841  5.805  762 
   56301.282000     992.9777     435.8709     877.3676     436.0502    0.1951     722.6365     712.6742  3.984  4.537  762 
