   54533.216400       0.0000       4.2772       0.0000       4.2772      -nan       0.0000       0.0000  0.000  0.000  762 
   54534.350300       0.0000       4.2967       0.0000       4.2967      -nan       0.0000       0.0000  0.000  0.000  762 
   54535.300800       0.0000       3.8581       0.0000       3.8581      -nan       0.0000       0.0000  0.000  0.000  762 
   54536.152700   13443.1004     409.7995   13500.5301     412.5883    0.6750    -817.9974    -749.5378 -9.740 -7.948  762 
   54537.404600    4943.1003     306.1570    5883.0926     310.3563    0.3829      81.8743      72.8957 -0.637  1.658  762 
   54538.192700   10910.2538     538.6898   10898.6118     542.3332    0.6781     528.6082     489.2655  2.152  3.195  762 
   54590.208000    6394.5534     337.5309    6704.2374     341.6850    0.4908    -538.2607    -476.8507 -7.472 -7.888  762 
   54861.128800     111.7809     481.2703    -385.2622     484.7700    0.0791    1831.0476    1679.4849 15.988 12.985  762 
   54862.306200      25.3959      23.1800   19494.9126     621.1523    0.5400       0.0000       0.0000 14.000  0.000  762 
   54912.160800    7101.2642     289.2658    6813.2726     291.4764    0.5257    2008.0118    1830.6155 40.098 33.727  762 
   54914.127200  228123.3043    1201.8027  227243.0891    1202.4910    0.8532  -68285.3555  -68050.2862 -81.299 -114.699  762 
   55126.494500   10466.9363     385.3864   10517.0560     388.4569    0.6831     572.8754     520.5764  7.242  7.704  762 
   55273.271900    7803.9445     438.6267    7543.3919     443.4936    0.6055     876.2814     776.5453  7.320  6.963  762 
   55536.299000    2297.6961     434.2876    2509.8900     437.9537    0.0522   -2068.1673   -1873.4095 -14.606 -16.475  762 
   55538.335900    -984.8178     327.4380   -1388.5640     332.1414    0.1438    -153.0688    -135.2260 -4.365 -2.615  762 
   55540.344000   15036.6610     591.0439   14151.0499     594.6117    0.6003    -351.6537    -331.3621  0.285 -1.551  762 
   55679.254400    1959.6924     322.6408    1653.6742     326.9546    0.1264      32.3642      28.2835 -0.900  0.504  762 
   55884.409900   10855.6087     825.2888   10584.2926     826.2830    0.4762   -1297.4298   -1259.2631 -6.510 -7.077  762 
   55889.436800   13330.0419     385.5883   13737.4666     389.1468    0.7489    1524.5979    1374.5488 14.247 16.397  762 
   55924.444500       0.0000       2.1244       0.0000       2.1244      -nan       0.0000       0.0000  0.000  0.000  762 
   55925.375400    4835.1616     361.5223    4932.6770     365.6723    0.5259     932.4432     822.9628 13.478 11.105  762 
   55926.308900     300.8595     310.7285      48.2455     314.9094    0.0691     619.3467     553.5520  8.270 10.578  762 
   55927.351300     827.1749     360.4889     742.7100     364.6154    0.1313     577.4805     511.1928  8.395  7.212  762 
   55969.117000    6142.0275     439.0110    5886.4832     442.2636    0.2990   -2216.3802   -2018.2758 -19.335 -17.963  762 
   56045.161300   12606.9399     403.2278   12778.2434     405.9827    0.6130     101.1324      92.5539  6.718  1.192  762 
   56215.479000   -6984.2534     365.2472   -6422.4819     368.8029    0.5338   -2636.2658   -2377.2706 -43.120 -38.657  762 
   56217.471100   15695.7418     788.6248   15177.4007     790.6021    0.1057  -17697.3048  -17171.2462 -68.633 -64.992  762 
   56301.274100    1501.0415     476.7049    1802.8577     481.1643    0.0758   -1269.9009   -1153.5895 -3.394 -8.378  762 
   56301.282000      85.8103     519.8822     497.6286     524.2260    0.0442   -1035.4325    -958.5018 -4.092 -5.624  762 
