   54533.216400   -7576.9229     389.2734   -7737.3928     391.3235    0.6225     408.7580     383.9640  2.589  2.466  762 
   54534.350300   -7672.5223     355.2722   -7697.3844     358.6805    0.6629     255.2510     234.2141  0.529  1.716  762 
   54535.300800   -6786.9667     344.8910   -7131.9529     349.4609    0.6870    -243.7090    -219.5929 -1.348 -1.761  762 
   54536.152700   -6112.7972     359.9339   -6135.2305     362.2912    0.4733     667.7628     621.0065  6.602  5.613  762 
   54537.404600   -4414.3807     262.7950   -5471.0799     275.4763    0.4423     411.0649     342.8875  7.610  6.182  762 
   54538.192700   -6996.1410     460.1445   -6948.9491     461.7291    0.6775      11.0149      10.5047  0.080  0.061  762 
   54590.208000    6393.5763     280.4764    6889.1906     288.1538    0.6803     328.0345     283.4276  5.161  3.916  762 
   54861.128800   11901.8752     434.2928   12044.5057     435.4841    0.6074      69.4779      66.5904  1.672  0.404  762 
   54862.306200   12436.3807     495.4893   12209.6846     496.0110    0.5910   -2767.3704   -2710.9481 -9.328 -10.634  762 
   54912.160800   -1383.6569     279.0573    -856.3305     281.7866    0.1908   -1819.9665   -1666.0585 -18.712 -21.974  762 
   54914.127200   45681.9422    1007.2734   45469.6957    1007.3386    0.2109  -38532.1054  -38481.4961 -66.104 -66.927  762 
   55126.494500    2049.7550     321.1152    2362.8243     327.3724    0.0558   -1425.7025   -1252.2439 -17.565 -18.372  762 
   55273.271900   -4119.1322     340.5807   -4618.0913     346.0010    0.5580   -1299.8898   -1161.8600 -10.222 -10.127  762 
   55536.299000    9454.9666     331.3460    9702.0426     335.3986    0.5647    -423.4127    -381.1048 -2.935 -3.595  762 
   55538.335900    4658.2694     254.0547    4465.9967     266.3805    0.3325     211.6107     177.1246  3.526  3.561  762 
   55540.344000   12966.3383     477.9639   13067.4293     478.9890    0.6954    -344.2364    -332.5709 -2.570 -1.504  762 
   55679.254400   -8322.1183     261.8515   -9696.7547     274.1070    0.4683     -36.9666     -30.8157 -1.104 -0.504  762 
   55884.409900  -22111.1494     749.2177  -22220.2136     749.6635    0.7724    3646.2201    3572.9116 21.851 20.205  762 
   55889.436800  -21835.3435     309.1415  -23315.0493     316.3447    0.8699    1498.8834    1298.8191 15.125 16.097  762 
   55924.444500     978.5502     239.5471    2583.6260     252.6140    0.1913    -208.9476    -173.2898 -3.958 -3.975  762 
   55925.375400    4592.9907     289.8487    5381.6934     296.1592    0.4246    -452.0167    -393.7682 -5.197 -4.903  762 
   55926.308900    6897.6985     228.6778    9339.6254     241.7418    0.5309    -177.0738    -145.3448 -2.999 -3.231  762 
   55927.351300    8152.8018     281.5763    8960.7543     288.7642    0.7241    -408.5457    -354.3175 -5.261 -4.935  762 
   55969.117000   12310.5943     365.7125   12897.3128     367.7388    0.7029     634.4041     592.5137  4.335  4.793  762 
   56045.161300   -8609.1822     336.2133   -9800.0102     341.5702    0.4897      27.3824      24.6850 -0.862  0.319  762 
   56215.479000  -16052.5760     300.0421  -17603.5054     309.4755    0.8336     721.1730     612.9772  9.086  9.997  762 
   56217.471100   -7519.4139     677.1354   -7646.0394     677.5749    0.3242    2368.3852    2330.5046  6.795  8.795  762 
   56301.274100   -4284.5877     362.0227   -4461.2329     365.7036    0.5497     239.0130     217.9935  1.305  1.668  762 
   56301.282000   -3681.1385     386.8176   -4036.0438     389.4036    0.4437     651.4881     607.5597  4.223  3.933  762 
