   54533.216400   -1050.3956     394.9327   -1119.4574     395.5147    0.1013    2107.4365    2040.3216  6.413 13.441  762 
   54534.350300    -958.7178     365.2078   -1019.0599     366.1136    0.1759    2437.7410    2336.9266 16.431 17.022  762 
   54535.300800     -16.3140     348.7117    -130.0512     349.9950    0.1372    1290.0875    1223.3310 11.032  9.999  762 
   54536.152700     782.2542     357.1173     745.0803     357.8317    0.2844    1884.2251    1812.8735 17.052 16.828  762 
   54537.404600     -12.4739     253.1831    -339.3451     257.5585    0.1304    1324.3065    1197.2256 25.085 22.115  762 
   54538.192700     610.7626     468.1140     585.0282     468.5517    0.4918    3670.6582    3583.2640 20.557 21.217  762 
   54590.208000    6435.0191     274.8189    6703.2908     277.1818    0.7816    1314.6154    1215.9861 18.034 17.166  762 
   54861.128800   11361.2331     436.7511   11334.8554     437.1164    0.7282    -134.4000    -131.2944 -0.513 -0.834  762 
   54862.306200   12174.1527     533.8958   12111.5889     534.0075    0.6123   -1254.3903   -1245.6448 -1.599 -4.780  762 
   54912.160800    7799.9338     268.2890    7911.2737     269.2056    0.0925   -6913.6383   -6581.9876 -91.832 -92.444  762 
   54914.127200   44780.2589    1101.4139   44729.9722    1101.4583    0.1379  -36196.1637  -36187.1428 -45.624 -62.157  762 
   55126.494500    4671.1014     317.8890    4652.9603     319.8042    0.5088    -589.6106    -552.6761 -7.568 -7.929  762 
   55273.271900   -5134.8527     347.4352   -5332.8150     349.0144    0.6156    -940.4853    -885.9031 -7.021 -7.726  762 
   55536.299000   -6449.9028     342.3073   -6621.4256     343.6654    0.6434   -1011.0577    -955.1241 -11.122 -8.742  762 
   55538.335900   -5478.4753     253.1668   -5940.9181     257.6452    0.6088     158.1621     143.8357 -2.719  2.793  762 
   55540.344000   -4421.9327     507.7965   -4541.3098     508.1464    0.5611   -3971.4761   -3901.5296 -16.809 -17.621  762 
   55679.254400   -2066.8667     256.7841   -2106.8464     260.5504    0.4193    -948.0617    -857.0320 -12.407 -14.014  762 
   55884.409900  -11688.7282     762.0746  -11808.0418     762.2102    0.7284   -5403.4370   -5346.8916 -31.729 -30.000  762 
   55889.436800   -5936.9876     306.8240   -6237.8066     308.7867    0.6663   -1470.6976   -1372.2384 -15.610 -16.560  762 
   55924.444500     829.6033     230.7630     430.1394     235.9526    0.0269    -748.4539    -674.7087 -14.766 -15.755  762 
   55925.375400    2322.9806     288.6830    2310.3321     290.7200    0.1799   -1369.8853   -1273.1259 -14.249 -15.894  762 
   55926.308900    1760.9903     231.1578    1547.3226     235.7655    0.1543    -606.6859    -546.7746 -11.442 -11.189  762 
   55927.351300    1991.3301     282.8972    2027.8679     285.1250    0.1719   -1002.1790    -928.7469 -11.756 -12.661  762 
   55969.117000   11667.8053     370.2149   11628.1956     370.8153    0.7652   -1154.8216   -1114.1239 -9.391 -9.106  762 
   56045.161300    1353.9177     334.9992    1417.3116     336.3495    0.0110   -1403.2059   -1330.2675 -13.772 -16.871  762 
   56215.479000   -1102.6500     291.1191   -1349.2183     293.8197    0.2415    3908.5349    3610.7560 57.788 57.451  762 
   56217.471100    2764.2327     704.4132    2685.1309     704.5200    0.6872   17224.3255   17105.2192 67.096 64.227  762 
   56301.274100    8042.8970     370.2921    8101.3003     371.1010    0.8506    2703.4479    2595.6892 18.447 19.490  762 
   56301.282000    8152.4075     402.7517    8157.0575     403.2701    0.8658    2935.5067    2851.3720 18.009 17.944  762 
