   54533.216400    1739.3529     367.6716    1713.4442     368.0202    0.0207   -1555.2189   -1524.3730 -9.545 -9.532  762 
   54534.350300    3889.1130     324.7590    3854.1196     325.3820    0.2951   -1822.7838   -1767.7595 -11.690 -12.774  762 
   54535.300800    2204.5351     314.2867    2124.6264     315.1484    0.1849    -977.2510    -940.7987 -7.085 -7.335  762 
   54536.152700     719.8855     339.5599     685.3075     339.9537    0.0100    -601.7006    -586.1205 -3.395 -5.118  762 
   54537.404600    2489.4891     231.7627    2390.1929     234.2614    0.3243    -265.4340    -245.8389 -4.565 -4.157  762 
   54538.192700    2970.6736     440.3079    2941.7684     440.5972    0.0449   -3355.3651   -3305.1613 -18.387 -18.709  762 
   54590.208000    1532.2324     253.3670    1415.1565     254.9910    0.2092    -211.7091    -198.8852 -2.911 -2.616  762 
   54861.128800    3639.6627     421.1893    3573.2805     421.4176    0.2692     -33.6230     -33.1686 -0.112 -0.194  762 
   54862.306200    4511.6481     478.0884    4472.1153     478.2917    0.2488   -1492.1202   -1482.1039 -5.592 -5.831  762 
   54912.160800    1011.8676     263.4903    1035.1730     263.9317    0.2608    1886.8982    1824.2152 23.995 22.537  762 
   54914.127200   29931.2218    1013.6337   29880.3802    1013.6778    0.2348  -23112.3340  -23109.2133 -32.793 -39.367  762 
   55126.494500       0.0000       3.0034       0.0000       3.0034      -nan       0.0000       0.0000  0.000  0.000  762 
   55273.271900     845.4071     310.5699     745.5244     311.5968    0.0199    -948.9233    -907.7003 -8.381 -7.723  762 
   55536.299000    -875.4998     305.1143    -982.3241     306.0016    0.0874      65.3241      62.3944 -0.302  0.581  762 
   55538.335900   -5451.3885     229.1845   -6254.5610     232.4430    0.4783     626.3398     570.5621 10.570 10.923  762 
   55540.344000    4124.8653     460.2321    4113.1125     460.4872    0.4908    2673.6633    2643.4399 12.474 11.840  762 
   55679.254400    3583.8307     230.1656    3595.7161     232.4889    0.4424     108.5822     100.6968  1.346  1.563  762 
   55884.409900    2891.6546     735.7217    2891.6848     735.7825    0.5420    7381.9617    7337.5058 43.188 41.074  762 
   55889.436800    -678.7488     274.9704    -691.8784     276.1946    0.2035    2781.4761    2626.3306 31.364 31.718  762 
   55924.444500    2177.4100     215.1561    2592.5329     217.7899    0.3202      91.6145      84.3035  3.379  1.774  762 
   55925.375400     860.2668     262.4508     961.7357     263.7204    0.0935    -275.2825    -259.3815 -2.606 -3.110  762 
   55926.308900    1738.7262     201.0943    2195.9053     204.2874    0.2563     337.8275     307.9537  5.493  6.573  762 
   55927.351300    1633.9412     254.0170    1745.6546     255.5448    0.2762     193.2477     181.5675  2.652  2.449  762 
   55969.117000    2805.3090     346.1594    2819.7750     346.5722    0.4249    1957.4377    1905.8989 12.656 15.041  762 
   56045.161300    3992.4802     309.0982    3898.0621     309.9531    0.3811     115.8767     111.4969  2.488  1.395  762 
   56215.479000   -1326.6455     267.7228   -1374.4375     269.4196    0.2663   -1125.8483   -1051.2313 -17.416 -16.435  762 
   56217.471100    5363.5287     663.0145    5280.1098     663.1251    0.1670   -2630.2422   -2618.3538 -10.179 -9.832  762 
   56301.274100    -993.2702     333.5017   -1123.8090     334.2614    0.4587   -2379.1145   -2292.5694 -18.345 -17.362  762 
   56301.282000   -1063.0496     359.6774   -1193.3067     360.2295    0.4936   -2491.6454   -2424.7206 -16.772 -15.675  762 
