   54533.216400    -467.7248     352.0908    -477.1408     352.3074    0.2337    2740.1740    2688.1946 18.935 17.890  762 
   54534.350300     125.0164     318.8662      64.9783     319.2576    0.2758    2157.9419    2100.9056 15.396 15.421  762 
   54535.300800     238.1541     302.0058     199.2679     302.5411    0.2468    1536.9745    1484.9797 11.562 12.267  762 
   54536.152700     159.3830     324.9775     140.7698     325.2326    0.1312     899.8043     879.2096  8.986  8.254  762 
   54537.404600    -566.8173     217.4282    -791.1677     219.4894    0.0140     968.8562     905.8429 16.143 16.945  762 
   54538.192700   -1349.4944     424.2697   -1377.4409     424.4708    0.1939    2836.7588    2795.2670 17.745 16.704  762 
   54590.208000     460.8561     240.0363     384.7743     241.2133    0.2119     869.3396     823.8715 12.057 11.760  762 
   54861.128800    -954.8943     400.8763   -1035.2015     401.0766    0.1600    -674.2164    -663.5917 -3.008 -4.253  762 
   54862.306200    2252.8067     481.4110    2148.5242     481.5491    0.0845   -1146.3694   -1139.9075 -3.139 -4.369  762 
   54912.160800    1472.1139     243.5846    1504.5742     243.9533    0.3171   -5853.3697   -5677.0686 -81.244 -81.789  762 
   54914.127200   47166.3869     988.2799   47075.9301     988.3300    0.5641  -28650.0280  -28627.4083 -44.429 -49.849  762 
   55126.494500     401.3246     286.1100     293.2901     286.9254    0.0478    -601.5114    -576.9364 -7.893 -8.387  762 
   55273.271900    -478.2516     302.3318    -558.3144     302.9978    0.1700    -687.5575    -661.7630 -7.008 -5.833  762 
   55536.299000   -1933.9383     302.8669   -1991.2810     303.3718    0.3943   -1423.3899   -1374.4984 -11.875 -12.648  762 
   55538.335900    -398.2241     218.4336    -394.6080     220.2139    0.1213    -344.5628    -323.6680 -7.208 -6.390  762 
   55540.344000    1487.3670     455.1113    1404.5471     455.2847    0.0479   -1959.3854   -1938.2342 -9.196 -8.769  762 
   55679.254400    1193.6267     219.5303    1067.3575     221.2366    0.0442    -843.6472    -788.6595 -14.732 -13.158  762 
   55884.409900    2204.0191     731.9234    2171.8439     731.9619    0.2838   -5871.5472   -5842.8693 -35.846 -32.965  762 
   55889.436800     212.7176     269.6582     190.0080     270.3622    0.1553   -1239.6218   -1188.7128 -15.602 -14.480  762 
   55924.444500    1908.1450     197.7644    1636.8006     200.1612    0.1907    -331.1753    -309.1094 -7.775 -7.469  762 
   55925.375400     701.4596     251.7540     696.3250     252.6319    0.0200    -617.4300    -588.6119 -8.318 -7.435  762 
   55926.308900    -199.9205     199.2206    -335.1689     201.2825    0.1393    -521.8537    -484.3394 -10.861 -10.044  762 
   55927.351300     154.2253     248.0620     119.6064     249.0235    0.0775    -553.4800    -526.5312 -8.014 -7.222  762 
   55969.117000    -320.0379     337.2095    -403.6806     337.4975    0.2829   -2085.4624   -2036.7112 -17.246 -16.760  762 
   56045.161300    2088.8519     304.3738    2055.9300     304.8785    0.0666   -1619.1246   -1566.2988 -21.232 -20.084  762 
   56215.479000   -3278.5575     256.7634   -3324.5056     257.8787    0.0814    4136.9777    3923.0792 64.460 63.561  762 
   56217.471100    -970.8521     656.9151   -1022.9917     656.9998    0.7563   21390.9481   21292.7892 81.319 80.044  762 
   56301.274100   -1472.8590     328.5286   -1434.6356     328.8933    0.0916    1989.1117    1935.8502 14.907 14.632  762 
   56301.282000   -1260.9164     358.8559   -1228.0044     359.1116    0.2497    2683.9220    2633.0041 16.474 16.631  762 
