   54533.216400   -1585.2370     450.8075   -1721.0738     451.6607    0.0619    2661.0396    2556.4649 16.299 18.031  762 
   54534.350300     867.6877     442.9614     816.1644     443.9737    0.3083    3103.1701    2971.6754 23.104 21.473  762 
   54535.300800     682.4162     413.5069     519.3053     414.9872    0.2155    2361.4673    2231.0951 18.799 19.214  762 
   54536.152700    1545.2633     395.3421    1539.6555     396.2938    0.3115    2308.8359    2205.4441 20.234 22.098  762 
   54537.404600    2939.5540     288.4228    2572.6390     292.6147    0.2352     836.4469     763.4459 15.805 15.734  762 
   54538.192700    -706.8914     529.0857    -709.7982     529.7801    0.3979    4149.9209    4018.5855 24.931 25.192  762 
   54590.208000    3529.3991     317.4414    3415.8050     320.1054    0.3964     398.3681     367.6311  5.572  5.652  762 
   54861.128800   -2856.3288     476.8639   -3063.3100     477.6527    0.1518     978.0438     941.4758  8.708  6.740  762 
   54862.306200    7524.0484     646.1560    7356.8448     646.3826    0.1252   -5396.1256   -5337.6504 -18.358 -19.783  762 
   54912.160800     933.8280     284.0250     618.1293     285.6077    0.1723   -3025.6068   -2842.0648 -48.266 -46.957  762 
   54914.127200   81791.4920    1286.1437   81563.6170    1286.1907    0.4430 -100546.5556 -100436.6029 -168.895 -170.571  762 
   55126.494500     874.9010     365.0225     704.5454     366.9732    0.2688    2060.6077    1930.3471 29.829 27.844  762 
   55273.271900    2138.4070     413.6224    2172.3224     415.1161    0.2542     998.8206     942.7233  8.493  8.300  762 
   55536.299000     374.3951     408.9228     294.8332     410.1237    0.0588    -871.0658    -825.7952 -6.774 -7.293  762 
   55538.335900    1410.0958     299.2617    1400.0453     302.8815    0.1903     213.9044     196.8751  1.567  3.735  762 
   55540.344000    3369.5534     592.3879    3180.4083     592.8945    0.1635   -5519.4858   -5394.9002 -22.600 -24.773  762 
   55679.254400    1705.9839     300.2907    1352.4262     303.7112    0.2524     846.7983     769.7104 13.210 13.090  762 
   55884.409900    1504.4254     815.0030    1417.0515     815.1925    0.3285   -6603.5401   -6518.3182 -34.241 -36.380  762 
   55889.436800    2967.4972     361.2976    2915.3330     362.8777    0.1078   -2015.1286   -1893.4255 -21.113 -22.413  762 
   55924.444500    5939.9372     259.3904    5119.0571     264.2127    0.3331     121.0968     110.1429  2.626  2.850  762 
   55925.375400    3095.9095     337.9604    3094.3478     339.9971    0.3375      -7.7679      -7.2252  0.284 -0.094  762 
   55926.308900   -1195.7797     284.1730   -1485.7719     287.5003    0.1546     -59.7310     -54.6015  0.065 -1.045  762 
   55927.351300    1928.0529     334.7524    1808.2921     336.8507    0.1218    -864.0124    -802.3060 -10.506 -10.991  762 
   55969.117000      18.0816     423.0526    -209.7932     424.0189    0.2694   -2548.0742   -2432.5517 -16.539 -20.792  762 
   56045.161300    -725.1045     382.9733    -940.4579     384.4601    0.1903   -1127.5864   -1064.6507 -15.483 -13.457  762 
   56215.479000   -2299.8189     338.7137   -2393.9540     341.0453    0.0893    1741.4668    1619.3011 25.269 25.791  762 
   56217.471100    6284.7796     793.2844    6121.3127     793.5007    0.1970   -2616.0701   -2588.3087 -9.069 -9.717  762 
   56301.274100    4093.7825     449.6798    4061.3791     450.6491    0.6835    4311.1857    4132.5785 29.264 30.164  762 
   56301.282000    3240.2402     495.3448    3146.6044     496.0368    0.6716    4847.3586    4696.6487 28.763 28.070  762 
