   54533.216400   15445.5395     387.2857   15679.9299     391.6126    0.8470    1729.5193    1579.5501  9.705 10.473  762 
   54534.350300   14532.1657     360.5987   14600.7932     367.2181    0.9193    1124.3232     996.7724  7.563  7.283  762 
   54535.300800   18635.5226     346.9012   19396.4788     355.4499    0.9268     809.3910     700.6410  6.151  5.751  762 
   54536.152700   18162.7383     362.4290   18292.7512     367.3055    0.8802     523.7260     472.4506  3.774  4.392  762 
   54537.404600   20924.8322     270.0963   21396.9795     291.0374    0.8063     687.1271     550.4912 10.419  9.889  762 
   54538.192700   14054.9122     456.4976   14361.4972     459.9636    0.8785    1830.4159    1705.6343 10.289 10.166  762 
   54590.208000    6448.9513     293.9706    5795.2567     309.4360    0.3315     836.0871     683.9093  8.542  9.502  762 
   54861.128800    5870.2098     434.0359    5259.3365     437.7128    0.3770     -83.1923     -77.0494 -1.313 -0.491  762 
   54862.306200   15626.4157     500.9682   15371.4788     502.2312    0.6627   -2375.9510   -2307.8404 -8.405 -8.770  762 
   54912.160800    8195.3122     279.7140    6294.1752     287.1713    0.2060   -2238.3555   -1962.0862 -28.659 -27.974  762 
   54914.127200   93027.1129     962.1598   92748.4948     962.2836    0.7714  -47042.5809  -46965.6486 -82.878 -81.893  762 
   55126.494500   19670.7474     336.8729   19152.5965     348.3043    0.8088     -11.1903      -9.5656  0.559 -0.135  762 
   55273.271900  -18589.7143     355.2365  -20172.6316     366.7025    0.7119     -74.4037     -63.0264  0.371 -0.551  762 
   55536.299000   -8569.9201     353.1516   -9072.3141     361.6259    0.6166   -1622.7924   -1398.6157 -11.285 -12.621  762 
   55538.335900   -6442.6516     276.2920   -7339.9465     297.6904    0.4290    -188.5068    -150.6311 -2.971 -2.853  762 
   55540.344000  -12789.1639     488.0391  -13979.2790     491.4153    0.6885   -2549.7663   -2402.4276 -10.482 -10.761  762 
   55679.254400   -8237.9132     278.4875  -10895.1167     299.7909    0.5537    -276.9642    -214.4539 -1.584 -3.490  762 
   55884.409900   -4232.2712     755.9281   -4526.7534     756.8071    0.5508   -6146.0503   -5982.8556 -30.782 -33.512  762 
   55889.436800   -4781.0475     323.1757   -5830.2942     334.4763    0.4031   -1008.4868    -847.5985 -12.259 -10.085  762 
   55924.444500    5697.7925     250.9663    3759.9459     276.2689    0.1541    -100.6474     -78.6601  1.187 -1.831  762 
   55925.375400    1080.2417     304.9655   -1257.3404     318.6969    0.0916    -305.3340    -251.4268 -2.573 -3.109  762 
   55926.308900   -7250.0112     259.5502   -9825.4077     282.1691    0.4302    -253.0756    -193.7104 -5.267 -3.815  762 
   55927.351300   -4032.4829     304.6306   -5220.3820     318.2650    0.4389    -115.2720     -94.1912 -2.733 -1.252  762 
   55969.117000    5160.3640     377.6993    3939.3063     383.1973    0.2066   -1311.1916   -1176.6221 -7.209 -9.551  762 
   56045.161300    6047.0552     352.9659    6718.2708     361.2907    0.4218    -837.6737    -728.3565 -7.432 -9.145  762 
   56215.479000   12107.6344     310.4533   12775.9174     324.4018    0.8327    1503.7697    1248.4159 19.627 19.662  762 
   56217.471100   19079.6434     675.8112   18763.0582     676.7642    0.7524    1078.0661    1054.0334  5.944  3.937  762 
   56301.274100     882.5861     373.6923     684.3737     380.8096    0.0947     538.4294     475.6287  4.083  3.560  762 
   56301.282000    2233.9523     397.5445    2743.0456     402.3031    0.2997     952.7594     869.0354  4.622  5.446  762 
