   54533.216400   -4501.4854     395.7098   -4537.5393     396.0944    0.5896   -2457.6530   -2398.0121 -19.228 -15.226  762 
   54534.350300   -3890.7386     358.5083   -3958.2400     359.1681    0.5425   -1741.8667   -1684.6105 -13.210 -12.194  762 
   54535.300800   -2942.4552     345.5405   -3008.7202     346.3942    0.5532   -1842.5554   -1770.8645 -15.498 -13.977  762 
   54536.152700    -191.6458     357.7856    -248.8133     358.2206    0.0253       0.0000       0.0000 -0.594  0.000  762 
   54537.404600      16.3590     249.6608    -201.8356     252.2032    0.0440    -129.3993    -119.8910 -4.776 -2.090  762 
   54538.192700     998.5675     469.6772     964.0626     469.9763    0.3017   -3507.7518   -3445.9404 -24.764 -19.789  762 
   54590.208000   -4486.0066     274.2975   -4781.0458     276.0262    0.5410       0.0000       0.0000 -0.130  0.000  762 
   54861.128800   -3001.5670     444.8835   -3079.3524     445.1698    0.2389     -94.3170     -92.6643 -1.866 -0.555  762 
   54862.306200   -1526.3976     521.5658   -1660.4037     521.7326    0.4997   -6668.6321   -6610.5748 -35.295 -25.981  762 
   54912.160800   -6863.7407     275.7035   -6881.4036     276.2457    0.5314     170.4577     164.1823  1.407  2.088  762 
   54914.127200   27856.5288    1099.0117   27705.4978    1099.0538    0.8379  -80742.5162  -80748.2880 -170.576 -137.246  762 
   55126.494500   -7028.1287     312.5679   -7133.1338     313.8784    0.5978   -1594.2435   -1501.4212 -22.152 -21.483  762 
   55273.271900     170.8792     339.2174      88.3276     340.1658    0.2278   -1751.2264   -1677.3437 -17.224 -14.325  762 
   55536.299000   -4327.0468     329.8524   -4400.4386     330.7375    0.4165     668.9338     639.2071  6.560  5.964  762 
   55538.335900   -7545.5198     246.5034   -8593.5552     249.7818    0.5766     966.0571     882.5003 18.498 17.044  762 
   55540.344000   -2079.2629     497.5274   -2198.6059     497.8021    0.0912    1008.9470     993.9586 -0.250  4.492  762 
   55679.254400      -9.8475     249.9247      -5.0478     252.1704    0.0606    -558.4517    -518.4294 -5.028 -8.171  762 
   55884.409900   -4419.8699     755.9075   -4493.0437     755.9946    0.1720    2031.1958    2014.7776  9.220 11.328  762 
   55889.436800   -4154.8478     296.2675   -4414.7386     297.5909    0.2952    1648.6351    1556.8964 21.489 18.915  762 
   55924.444500    -125.7846     229.9017     111.6031     232.6172    0.0286    -386.9771    -355.7997 -10.838 -7.709  762 
   55925.375400     483.3440     283.3328     567.2645     284.5668    0.0307    -842.6734    -795.7266 -10.094 -9.671  762 
   55926.308900    2659.2687     216.6761    3003.8922     219.5742    0.2752    -212.7008    -194.8105 -3.879 -4.220  762 
   55927.351300    2050.6815     273.1921    2230.6164     274.5934    0.2654    -397.8378    -374.8503 -6.817 -5.127  762 
   55969.117000   -4226.2135     369.2222   -4196.2101     369.6802    0.2851    1196.3980    1161.5363  7.666  9.294  762 
   56045.161300     581.2804     326.5268     375.7024     327.4695    0.0686     324.6579     311.6852  4.138  3.934  762 
   56215.479000    2103.1233     283.1891    2129.0544     284.7374    0.1909    -440.4766    -413.6690 -7.469 -6.550  762 
   56217.471100   12255.2754     697.7022   12093.0718     697.8078    0.3173   -6117.7257   -6082.0997 -41.516 -22.935  762 
   56301.274100   -7869.9846     365.2323   -8110.3096     366.0444    0.8622   -3526.5761   -3391.6743 -27.885 -25.704  762 
   56301.282000   -8332.9590     394.9493   -8566.3774     395.5500    0.8906   -3826.6439   -3714.6370 -28.084 -23.917  762 
