   54533.216400  146755.2076     449.2887  145681.3070     469.0829    0.9697    -360.6736    -290.2312 -0.710 -2.102  762 
   54534.350300  145481.9779     443.8097  147512.6969     466.4418    0.9837     157.8636     123.0370  0.427  0.903  762 
   54535.300800  144106.0100     427.5637  147549.8145     456.2402    0.9763    -131.8263     -96.4005 -1.553 -0.853  762 
   54536.152700  144300.5995     420.2078  145895.7306     438.4488    0.9553    -355.4071    -282.6351 -2.975 -2.911  762 
   54537.404600  132333.3977     334.3965  145220.1562     375.7277    0.9153     240.4909     166.4248  3.212  3.455  762 
   54538.192700  145060.2555     517.4193  146135.1280     533.8517    0.9775     307.8662     258.2171  0.931  1.658  762 
   54590.208000  134126.9858     362.1069  141164.6391     396.2252    0.9466     -66.6774     -46.2655 -2.173 -0.721  762 
   54861.128800   96464.2651     485.5229   93700.2705     503.7730    0.9025    -191.5304    -156.4684  0.467 -1.159  762 
   54862.306200  125067.6676     570.5537  123354.2171     577.2890    0.9714   -4740.3646   -4452.8952 -17.246 -16.201  762 
   54912.160800  109435.0822     316.6036  113239.2100     338.5146    0.9110     900.7507     683.7137 12.278 12.165  762 
   54914.127200  363812.4979     963.7663  362134.3210     964.6925    0.9566  -76740.3682  -76214.3911 -129.590 -134.048  762 
   55126.494500   55322.0657     428.9988   52402.3439     461.0149    0.6719     289.5389     213.9613  2.360  3.066  762 
   55273.271900   60358.0579     445.0884   58765.2268     477.0158    0.9514    -939.5990    -673.5836 -6.162 -6.078  762 
   55536.299000   41818.8986     447.5672   38597.3486     474.1658    0.8730    -583.5458    -440.1366 -2.467 -3.823  762 
   55538.335900   31781.7269     364.2904   32445.1365     405.9005    0.7801     327.2087     226.1958  6.763  4.289  762 
   55540.344000   47568.3307     562.2073   42745.8257     578.6641    0.7918   -4008.0255   -3487.4206 -16.667 -15.846  762 
   55679.254400    9242.1272     366.6530    2809.4376     410.3422    0.0912     216.3322     136.9537  0.299  2.430  762 
   55884.409900    6930.6383     819.1463    4806.2699     824.6267    0.0230   -4125.5205   -3842.0583 -20.975 -21.475  762 
   55889.436800   -2318.3704     423.4000   -3723.7358     453.5085    0.0904     183.1647     131.6188 -0.206  1.546  762 
   55924.444500     368.3876       2.1556     368.3876       2.1556      -nan    -368.3876    -368.3876 -11.160 -10.106  762 
   55925.375400   14972.7598     398.6630   12889.3467     433.1641    0.2740    -492.6803    -336.6689 -4.554 -4.419  762 
   55926.308900   -7352.6819     364.4208   -9201.1536     404.5080    0.2024    -338.6398    -219.7379 -2.811 -4.139  762 
   55927.351300   -1498.1625     404.7371     120.1716     436.0966    0.0044    -331.8967    -227.3746 -2.633 -3.091  762 
   55969.117000    -610.0281     462.6409   -6450.1337     485.2351    0.2034    -729.1139    -564.7215 -5.368 -4.856  762 
   56045.161300  -22471.7720     449.1959  -24042.4905     474.7732    0.7071     -54.1052     -40.4766 -3.252 -0.521  762 
   56215.479000  -10129.5004     415.4219  -15151.2398     452.6054    0.5469    -887.3679    -619.8664 -10.138 -9.926  762 
   56217.471100   13430.5161     747.1726   11329.2035     754.0378    0.1696  -16367.0423  -15363.4281 -56.406 -57.294  762 
   56301.274100  -50937.5576     487.2571  -55178.7103     515.1206    0.8973   -2932.7450   -2244.9079 -15.916 -16.396  762 
   56301.282000  -49300.1412     510.3575  -52021.9379     532.1949    0.9010   -3472.3223   -2843.1161 -17.045 -16.873  762 
