   54533.216400      35.8080     412.7020     260.5896     427.3279    0.0500    -908.2533    -839.7281 -5.304 -5.337  762 
   54534.350300    -940.5418     370.0417   -1082.0572     389.6057    0.1053     181.3116     165.8680  1.632  1.206  762 
   54535.300800    -885.0405     354.3123    -900.6147     374.6472    0.0736      80.7093      73.7226 -1.071  0.584  762 
   54536.152700    -523.3087     370.2565    -130.7985     381.7283    0.0225     473.2610     445.5635  4.785  3.956  762 
   54537.404600   -2600.6004     238.2236   -4499.6955     256.0787    0.2271     653.5244     624.0733 11.253 10.671  762 
   54538.192700    3720.0423     483.5953    3868.8540     494.3470    0.3016    -301.4883    -284.7215 -2.553 -1.636  762 
   54590.208000   -3566.4855     269.6158   -4947.8410     288.5024    0.4176     401.6371     378.7367  4.239  5.041  762 
   54861.128800    2210.5190     455.4025    1937.1413     465.1093    0.0609   -1129.2582   -1083.1452 -5.967 -6.467  762 
   54862.306200    9590.7093     528.4113    8474.6989     535.6443    0.2283   -4455.9519   -4280.0602 -14.259 -16.679  762 
   54912.160800    2347.6984     273.8848    2267.2658     282.5496    0.1692     446.0514     430.2441  1.515  5.531  762 
   54914.127200  193815.4955     997.5912  192610.1040     998.0818    0.8992  -63862.2776  -63721.5372 -107.081 -110.088  762 
   55126.494500   -1884.5309     311.7292   -3735.5904     325.7732    0.1752   -1354.2133   -1292.6570 -18.905 -18.295  762 
   55273.271900    2470.2099     340.0044    1866.5016     356.9110    0.0407   -1467.0240   -1367.7266 -11.427 -11.764  762 
   55536.299000    1580.4607     343.0852    1656.0662     360.9505    0.0320   -1179.7692   -1076.1502 -10.430 -9.956  762 
   55538.335900   -2532.7295     228.2924   -3192.0102     241.4414    0.2631    -230.5837    -223.5724 -2.959 -4.287  762 
   55540.344000   13388.6087     509.4194   13086.8307     518.9717    0.5547   -3359.4528   -3185.3054 -15.041 -14.243  762 
   55679.254400    -205.4432     237.1477   -1439.8321     253.6001    0.1135      46.5092      44.3741  1.679  0.699  762 
   55884.409900   10308.5141     765.6480   10049.6576     768.3555    0.3102    -401.9480    -393.1102 -1.282 -2.205  762 
   55889.436800    -227.1388     299.2537     608.7825     315.4316    0.0987     591.1017     551.2033  5.670  6.649  762 
   55924.444500    -817.6215     210.3323   -1742.0378     220.9958    0.0840     193.9963     189.6180  4.921  4.125  762 
   55925.375400    1946.2480     281.1066    1504.8956     298.6755    0.1412     163.3698     153.0245  1.023  1.852  762 
   55926.308900    -506.3565     204.7586     283.7752     217.4632    0.0257     218.1605     208.1326  3.039  4.345  762 
   55927.351300    3488.8682     271.3252    4054.7070     286.3570    0.3124    -371.9464    -350.4517 -4.727 -4.691  762 
   55969.117000    6367.0009     382.3520    6501.1564     394.5382    0.3273    -612.3805    -572.4649 -2.386 -4.546  762 
   56045.161300    2860.5772     326.9126    2680.3433     338.0559    0.1902      -2.3468      -2.2757 -1.915 -0.029  762 
   56215.479000   -2649.2214     282.4855   -2930.7433     299.0118    0.1554     235.9365     222.4319  3.000  3.504  762 
   56217.471100   22823.1619     701.1789   21953.2506     705.1761    0.6605   -4127.2440   -4030.2445 -14.313 -15.105  762 
   56301.274100    2393.6735     374.3148    2216.0281     392.2020    0.2286    -606.1772    -557.6969 -4.344 -4.225  762 
   56301.282000    2886.6969     404.6061    2847.9367     420.5587    0.3196    -136.0335    -126.3899 -1.469 -0.813  762 
