   54533.216400     960.3155     412.4645     876.8620     413.0417    0.1917   -3075.6343   -2993.6694 -19.927 -18.940  762 
   54534.350300    1561.9475     376.9460    1432.0782     377.9149    0.2488   -3720.2877   -3579.9416 -27.471 -25.796  762 
   54535.300800    1318.1062     364.5178    1140.5146     365.8651    0.2797   -3726.5123   -3555.4304 -28.643 -27.911  762 
   54536.152700    1941.9370     372.1378    1902.0767     372.8740    0.0313   -1620.2844   -1564.9393 -13.889 -13.810  762 
   54537.404600     841.8755     267.6153     873.0319     272.5540    0.0199    -751.3319    -681.8690 -13.230 -11.598  762 
   54538.192700    4196.8809     488.1777    4122.9301     488.6482    0.0740   -4929.0414   -4828.5307 -27.297 -27.652  762 
   54590.208000    -111.0205     290.6965    -254.1155     293.8317    0.0791    -407.9864    -376.9432 -10.677 -4.987  762 
   54861.128800    6065.2578     459.8049    6038.9227     460.1995    0.4466     336.8273     330.2766  3.911  1.972  762 
   54862.306200    4062.0105     544.4974    3962.1659     544.7589    0.0665   -2897.8418   -2873.6656 -9.161 -11.251  762 
   54912.160800    2405.7415     285.6873    2736.7228     286.6036    0.1834    -410.9301    -392.5601 -4.503 -4.942  762 
   54914.127200   56875.9645    1131.8878   57091.3237    1132.0171    0.3115  -41657.2755  -41646.6809 -31.849 -70.382  762 
   55126.494500   -1037.4928     328.6894    -983.7631     331.1666    0.1310   -1273.4483   -1182.9127 -13.389 -16.566  762 
   55273.271900    1990.4011     357.7299    1976.1991     359.3703    0.0710   -1494.1027   -1418.3477 -10.766 -12.028  762 
   55536.299000     715.7695     346.9270     677.2372     348.3828    0.0437    -152.8573    -144.6506  3.212 -1.333  762 
   55538.335900   -2190.6633     262.0473   -2964.7869     267.9009    0.1425    1393.4465    1252.5409 24.713 23.485  762 
   55540.344000    4926.0717     518.9721    4952.3669     519.3290    0.4182    1227.0954    1208.6653  5.455  5.437  762 
   55679.254400    2077.7145     266.8804    2159.8449     271.4567    0.1917     -42.8680     -39.0174 -0.842 -0.601  762 
   55884.409900    3234.3970     767.7558    3249.5256     767.8725    0.5399    9606.7278    9523.8151 53.670 53.295  762 
   55889.436800   -1140.4626     312.6882   -1269.9235     315.0197    0.0676    2065.8580    1925.1312 23.993 22.990  762 
   55924.444500      10.5696     246.2385     702.3445     252.2824    0.0777     130.4735     117.2514 -0.152  2.464  762 
   55925.375400    -210.9942     300.7575      62.8742     303.1514    0.0005     -71.9168     -66.8746 -1.754 -0.801  762 
   55926.308900    2956.6778     234.7225    3442.8948     241.1483    0.2523    -194.4645    -173.7026 -6.268 -3.604  762 
   55927.351300    2549.9277     290.8845    2697.3408     293.8300    0.2659    -449.8925    -416.9874 -5.890 -5.575  762 
   55969.117000     317.7938     384.4855     472.4513     385.2085    0.1680    1739.0300    1678.4134 13.844 13.323  762 
   56045.161300    3473.6680     342.0332    3301.9832     343.8725    0.3133     450.5690     427.6446  4.409  5.298  762 
   56215.479000   -4187.6258     303.2458   -4174.0356     306.6805    0.4073    -727.5371    -666.9112 -11.187 -10.331  762 
   56217.471100    2989.6223     720.6606    2977.6259     720.8208    0.0278   -3462.9392   -3440.8934 -11.389 -12.937  762 
   56301.274100   -1605.9020     382.9169   -1775.0915     384.1088    0.5987   -3574.6010   -3421.9231 -25.967 -25.740  762 
   56301.282000   -1875.9622     413.2648   -2060.5896     414.0749    0.6699   -4334.7741   -4198.3650 -27.052 -26.880  762 
