   54533.216400       0.8152       8.3756    1248.9714     372.4027    0.0633       0.0000       0.0000 -0.382  0.000  762 
   54534.350300    9342.7235     415.9698    6332.1964     428.0010    0.2112       0.0000       0.0000  5.900  0.000  762 
   54535.300800    9017.9726     398.0812    7035.3444     414.1468    0.3218       0.0000       0.0000  2.238  0.000  762 
   54536.152700    3360.6255     394.4645    1473.3619     404.3668    0.0488       0.0000       0.0000 -0.766  0.000  762 
   54537.404600       0.4296       2.9270    3851.1054     143.6676    0.3128       0.0000       0.0000 -1.015  0.000  762 
   54538.192700   17363.8307     497.2092   15296.6994     505.0299    0.3348       0.0000       0.0000  8.510  0.000  762 
   54590.208000       1.3652       4.5905    6042.2539     259.0023    0.3694       0.0000       0.0000  2.967  0.000  762 
   54861.128800      -0.1519       6.7531   -1479.8280     348.7924    0.0736       0.0000       0.0000  2.214  0.000  762 
   54862.306200   80351.8409     558.1818   78152.3274     560.6103    0.5771       0.0000       0.0000 -5.969  0.000  762 
   54912.160800       5.7840       7.1067    8031.1830     279.9719    0.2743       0.0000       0.0000 -9.480  0.000  762 
   54914.127200  233850.0658    1023.4647  232939.6054    1023.7459    0.7938   -7944.2703   -7914.9288 -43.861 -13.854  762 
   55126.494500      28.4882      21.7067    5310.2700     392.1230    0.1441       0.0000       0.0000  6.202  0.000  762 
   55273.271900    3938.3333     400.9662    3865.1638     416.7091    0.0810       0.0000       0.0000  4.270  0.000  762 
   55536.299000      16.0636      17.2531    8276.9864     402.3617    0.4176       0.0000       0.0000 -3.258  0.000  762 
   55538.335900    7974.5337     312.3176    9402.3913     336.6960    0.5537       0.0000       0.0000 -2.620  0.000  762 
   55540.344000   54561.0056     531.4888   51198.2454     537.3955    0.5315       0.0000       0.0000 -9.423  0.000  762 
   55679.254400    1041.2503     315.2459   -1424.0465     340.9757    0.0853       0.0000       0.0000  7.686  0.000  762 
   55884.409900   28659.2609     785.3116   27825.2626     787.2133    0.4645       0.0000       0.0000 -22.577  0.000  762 
   55889.436800    2885.5938     364.9980    2130.6084     380.4180    0.0973       0.0000       0.0000 -10.334  0.000  762 
   55924.444500    6133.6290     280.9908    1699.8932     310.7084    0.0545       0.0000       0.0000 -3.911  0.000  762 
   55925.375400    7457.4124     343.7467    5144.8124     362.8092    0.1990       0.0000       0.0000 -1.401  0.000  762 
   55926.308900  -10455.7747     304.1277  -14415.3791     329.0153    0.4419       0.0000       0.0000  1.220  0.000  762 
   55927.351300   -2640.2389     346.1083   -3761.4346     364.4368    0.2286       0.0000       0.0000  0.369  0.000  762 
   55969.117000    4975.3932     414.8756    1943.8450     424.9902    0.0645       0.0000       0.0000 -7.038  0.000  762 
   56045.161300    3507.8720     391.2204    3102.1657     404.0282    0.1818       0.0000       0.0000 -0.779  0.000  762 
   56215.479000    3517.6290     328.6616    3954.9232     370.7426    0.2704       0.0000       0.0000  1.778  0.000  762 
   56217.471100   72695.9009     719.1592   71601.5957     721.2097    0.6428       0.0000       0.0000 -9.135  0.000  762 
   56301.274100   21105.7900     423.8999   20982.2553     434.4753    0.5538       0.0000       0.0000  0.765  0.000  762 
   56301.282000   31589.8796     451.8548   31639.6910     459.1807    0.5534       0.0000       0.0000 -0.883  0.000  762 
