   54533.216400   -2058.4455     350.5107   -2138.5987     350.8359    0.4192   -1716.9281   -1680.1126 -10.424 -11.033  762 
   54534.350300   -1333.8416     313.8364   -1398.9889     314.3900    0.2853    -576.8453    -559.1610 -3.756 -4.107  762 
   54535.300800     218.8148     298.8128     103.0041     299.6139    0.1775   -1342.4052   -1291.1725 -9.626 -10.545  762 
   54536.152700   -1429.9666     325.1923   -1517.1512     325.5977    0.1725    -218.6605    -212.9916  0.085 -1.964  762 
   54537.404600     813.5980     219.5611     505.2781     222.2948    0.0425    -195.1015    -180.6390 -2.405 -3.227  762 
   54538.192700    -452.8277     421.2698    -475.0356     421.5189    0.2672   -1240.3683   -1220.2247 -7.974 -7.216  762 
   54590.208000   -2594.0877     242.2423   -2868.6108     244.0475    0.3679    -122.3685    -114.8334 -1.898 -1.587  762 
   54861.128800      91.6438     401.0251      14.1708     401.2626    0.0632    -746.6153    -734.4795 -5.071 -4.595  762 
   54862.306200    7848.7368     472.1728    7745.6459     472.3024    0.0162   -7968.9606   -7925.6643 -44.214 -30.323  762 
   54912.160800   -2157.6072     245.2586   -2644.0253     246.0136    0.2820    -541.5576    -521.0841 -6.001 -7.297  762 
   54914.127200   15194.9978     964.6339   14589.8458     964.7627    0.7550  -77268.0633  -77295.6350 -319.613 -135.853  762 
   55126.494500   -2008.1830     288.3032   -2336.3890     289.6075    0.2331     517.7683     493.3081  6.141  7.026  762 
   55273.271900     526.7050     297.5884     406.9871     298.5522    0.2370   -2009.6886   -1924.6441 -16.700 -16.908  762 
   55536.299000    -922.5007     299.7874    -963.5021     300.4695    0.3512   -1897.2988   -1824.9701 -18.617 -16.687  762 
   55538.335900   -1115.8681     219.3143   -1108.2740     221.8724    0.2608    -371.7610    -344.9707 -7.829 -6.679  762 
   55540.344000    5236.3948     450.2656    5090.9422     450.4790    0.0180   -4953.7443   -4892.9829 -29.237 -21.868  762 
   55679.254400   -1913.4238     220.0909   -2298.0084     222.7644    0.3542    -154.6547    -142.3618 -5.050 -2.337  762 
   55884.409900    2743.2257     727.9690    2690.6042     728.0216    0.2165   -5454.3055   -5424.2935 -37.239 -30.484  762 
   55889.436800   -1833.7174     268.9199   -1855.2785     270.0026    0.3630   -1345.6057   -1281.5037 -15.740 -15.434  762 
   55924.444500     916.2129     199.9642     621.2453     203.2367    0.0572    -192.2394    -177.0417 -2.773 -4.137  762 
   55925.375400       7.6145     250.6308    -120.9719     251.9997    0.0502     472.7391     447.6864  3.484  5.552  762 
   55926.308900   -1128.7349     200.2318   -1358.3778     203.2478    0.2088    -254.5841    -232.7378 -3.922 -4.720  762 
   55927.351300    -286.5686     248.1708    -354.9277     249.5654    0.0494      66.1023      62.2938  0.169  0.835  762 
   55969.117000   -2421.7169     336.4193   -2569.3104     336.8476    0.3942   -1054.5112   -1026.2191 -8.514 -8.299  762 
   56045.161300    1895.3740     304.1249    1893.2643     304.8773    0.1871    -475.9155    -457.9651 -5.740 -5.816  762 
   56215.479000    1095.0086     256.5919     894.7882     258.2001    0.1812     215.8366     203.6488  7.405  3.246  762 
   56217.471100    6551.8798     652.8779    6454.8564     652.9607    0.0721   -5413.4606   -5388.9873 -47.055 -20.146  762 
   56301.274100    -167.8606     323.7408    -209.0468     324.2942    0.2525   -1349.0451   -1307.8644 -12.020 -9.888  762 
   56301.282000     718.9809     352.1045     710.3429     352.4546    0.2155   -2073.0964   -2028.0738 -15.540 -12.868  762 
