   54533.216400     361.0987     353.8192     222.3746     355.2006    0.1396   -1438.2390   -1365.5129 -9.498 -8.824  762 
   54534.350300     153.0808     317.8347     -12.8609     320.2138    0.1189    -772.1167    -717.0539 -5.618 -5.218  762 
   54535.300800     430.0049     305.8380     401.3059     308.9671    0.0585    -833.7807    -762.6050 -5.781 -6.118  762 
   54536.152700   -1345.9434     334.0071   -1494.6458     335.5940    0.1891    -137.1123    -129.3243 -1.994 -1.167  762 
   54537.404600    1456.5282     236.5688     261.0819     245.4453    0.0108    -424.5594    -366.7933 -6.540 -6.323  762 
   54538.192700      62.3188     422.7948     -34.4113     423.8912    0.1246    -716.2733    -688.2205 -4.432 -4.008  762 
   54590.208000    1729.1926     255.6603    1145.5084     261.4206    0.0379    -957.5154    -846.5586 -11.363 -11.377  762 
   54861.128800   -1330.9563     405.9087   -1638.1081     406.9706    0.2854   -1774.9425   -1706.1344 -10.441 -10.442  762 
   54862.306200    2680.0138     458.7307    2562.8992     459.1319    0.1052   -1468.6341   -1444.7362 -5.691 -5.531  762 
   54912.160800     160.3136     257.0418    -716.2237     259.3314    0.1081    -623.6312    -579.3123 -8.135 -7.812  762 
   54914.127200   32205.4182     922.0135   32043.3076     922.0601    0.2845  -23309.9568  -23291.9463 -39.540 -40.749  762 
   55126.494500    -197.9359     301.7779    -811.0660     306.0675    0.1375    -273.7412    -248.3967 -3.708 -3.482  762 
   55273.271900    2042.1285     304.8400    1821.2834     308.5002    0.1798    -634.7770    -577.5779 -5.237 -4.995  762 
   55536.299000    1710.2638     307.3622    1460.2024     310.1951    0.0544   -2016.4880   -1849.1465 -16.229 -16.805  762 
   55538.335900     685.1379     234.3726     606.0905     242.6776    0.0261    -498.7157    -434.2232 -10.095 -8.218  762 
   55540.344000    2669.1672     443.7667    2396.0412     444.6576    0.0921   -3539.0472   -3432.2536 -15.583 -15.243  762 
   55679.254400     848.6902     234.7768       9.3781     243.1466    0.0344    -315.7692    -270.9309 -4.223 -4.322  762 
   55884.409900     253.3529     727.3027     187.1169     727.5175    0.5416   11250.5331   11100.8435 61.989 61.933  762 
   55889.436800     603.4486     279.9731     411.9758     283.8975    0.1298   -1471.2541   -1327.4095 -14.639 -15.804  762 
   55924.444500    1766.9129     216.7622     504.2208     227.1815    0.0454      64.8131      55.7469  1.870  1.248  762 
   55925.375400     440.3429     263.5093     -95.0812     268.3810    0.0031     133.0895     118.5927  0.650  1.441  762 
   55926.308900   -2745.4156     215.9269   -3973.9088     225.9589    0.3300    -145.4380    -122.5093 -2.875 -2.452  762 
   55927.351300   -1808.9348     261.8255   -2035.0781     266.8058    0.3035     193.8894     171.7288  1.723  2.264  762 
   55969.117000   -1349.0642     342.9721   -1626.9352     344.6344    0.2496    -631.8154    -594.7335 -4.903 -4.733  762 
   56045.161300    -297.4691     316.5787    -331.9824     319.5044    0.0164     486.3644     448.4254  5.792  5.595  762 
   56215.479000    2185.0228     271.5145    1964.0591     276.8991    0.3916     199.7270     177.8661  2.504  2.788  762 
   56217.471100    3316.9681     642.7814    3239.8334     643.0342    0.2577     633.0546     625.7877  0.479  2.330  762 
   56301.274100    2220.6012     327.5013    2267.3084     329.8382    0.3729    -195.7834    -182.0638 -1.342 -1.367  762 
   56301.282000    2758.0910     351.3064    2779.2673     352.8963    0.3264    -508.5642    -481.3982 -3.065 -3.049  762 
