   54533.216400       0.0000       4.2245       0.0000       4.2245      -nan       0.0000       0.0000  0.000  0.000  762 
   54534.350300      -0.0000       4.2964      -0.1859       4.3427    0.0022       0.0000       0.0000 -2.432  0.000  762 
   54535.300800       0.0000       3.8204       0.0000       3.8204      -nan       0.0000       0.0000  0.000  0.000  762 
   54536.152700      11.2726     304.8645    -166.8840     306.0262    0.1022    -734.9069    -697.7987 -4.788 -7.619  762 
   54537.404600    4099.7199     205.5397    2829.6983     212.0767    0.2175     246.6283     218.2013  2.943  5.038  762 
   54538.192700    -920.3252     394.8634    -984.5183     395.6707    0.0881     484.2738     467.0884  3.607  3.137  762 
   54590.208000    7712.2089     226.8349    7516.7404     230.5574    0.7188     157.8234     142.5443  1.792  2.402  762 
   54861.128800    6334.7878     352.1886    6223.2075     353.0593    0.5768     660.6829     633.5380  3.219  5.110  762 
   54862.306200   10538.5164     481.7441   10443.1021     481.9058    0.7279     932.1364     923.7457  2.939  3.345  762 
   54912.160800   -1081.2632     216.5011   -1679.8630     218.6333    0.0059    1875.8878    1741.0287 32.317 34.054  762 
   54914.127200   42618.9834     974.0799   42534.3654     974.1345    0.6339  -16676.7772  -16659.4145 -28.242 -28.327  762 
   55126.494500    6092.5197     286.7462    6149.9478     288.6971    0.6118    -634.4817    -592.3096 -9.677 -8.732  762 
   55273.271900    5215.9423     296.4896    5189.0869     298.5149    0.6925     385.1229     357.8429  3.408  3.259  762 
   55536.299000   -4174.2332     311.6541   -5081.7791     313.3304    0.2650    -302.5040    -284.6093 -3.592 -2.472  762 
   55538.335900   -1711.3015     228.0605   -2561.3664     233.1600    0.3192    -379.6481    -340.7533 -7.597 -6.507  762 
   55540.344000    1580.1114     435.2532    1420.8329     435.7804    0.0093   -1363.8226   -1329.2406 -7.623 -6.246  762 
   55679.254400    3014.5581     217.2737    2193.5967     222.2188    0.2843     329.0239     290.0000  5.139  5.268  762 
   55884.409900    -820.9080     736.5985    -875.5786     736.7179    0.2918   -3382.9228   -3349.6186 -19.008 -18.930  762 
   55889.436800    -452.2645     276.1056    -523.0944     278.0441    0.0924    -208.6775    -194.3075 -1.384 -2.300  762 
   55924.444500    1798.7904     191.0285     729.5852     197.5358    0.0799     390.7125     343.0540  7.084 10.061  762 
   55925.375400    -148.7957     247.5653    -328.3521     250.5068    0.0255     192.3928     175.0580  2.281  2.389  762 
   55926.308900   -2386.8404     215.1519   -2848.7379     219.4212    0.3533     343.2224     307.2754  2.856  5.713  762 
   55927.351300    -791.3631     250.1794    -902.0980     252.9675    0.1260     329.1287     300.8061  3.728  4.211  762 
   55969.117000     -34.6983     322.5688    -109.8849     323.6336    0.0631    -353.9023    -336.2997 -3.080 -3.039  762 
   56045.161300    6749.0053     306.1866    6656.3854     307.5479    0.6192     742.4532     701.7753 10.148  9.050  762 
   56215.479000   -2071.7739     261.5179   -2067.8589     264.1560    0.4549    -658.0984    -605.9329 -11.646 -9.854  762 
   56217.471100    5004.3328     645.9203    4946.8194     646.0583    0.0708   -4083.0458   -4047.4465 -14.141 -15.339  762 
   56301.274100    5608.2680     329.6290    5710.8477     330.6627    0.7100    -170.3620    -162.5646 -1.426 -1.180  762 
   56301.282000    5725.0560     365.7128    5825.1669     366.3232    0.6542    -246.4180    -238.9634 -1.806 -1.393  762 
