   54533.216400     421.7093     354.5887       7.7410     357.1781    0.0210     235.6197     218.8116  3.203  1.587  762 
   54534.350300     287.6193     338.3075     -52.9908     341.6942    0.0843    1025.3440     940.6708  6.996  6.886  762 
   54535.300800     -36.6737     316.1121    -473.4811     321.4486    0.0452     988.5208     879.8497  5.827  7.780  762 
   54536.152700    -137.3306     330.3754    -453.6061     333.2248    0.0200     256.9557     237.3229 -0.800  2.449  762 
   54537.404600    7595.8408     234.5395    5505.7672     248.4354    0.2543     471.1892     396.0031  8.947  8.312  762 
   54538.192700     243.6370     421.8746      28.6850     423.8944    0.2084    1944.7855    1838.1548 10.140 11.815  762 
   54590.208000    3429.2117     257.9281    2408.9795     266.9808    0.2104     486.2908     416.0829  5.683  6.531  762 
   54861.128800   -1623.6859     387.4061   -2070.1533     389.6788    0.1147     774.3159     725.3388  6.063  5.382  762 
   54862.306200    5198.1822     494.1979    5004.8215     494.6834    0.2936   -1024.9982   -1007.2796 -3.916 -3.685  762 
   54912.160800    3213.5828     240.6361    2345.5371     245.3449    0.1617     111.0239      99.6769  2.571  1.766  762 
   54914.127200   52593.6433     961.8834   52385.3228     961.9526    0.6142  -27832.4095  -27782.5433 -50.604 -48.282  762 
   55126.494500    2451.2362     312.8300    1866.4329     318.5389    0.2094     473.8214     424.2574  6.780  6.125  762 
   55273.271900    1506.0249     321.9251    1280.5086     327.2004    0.2586     530.0784     471.6208  4.238  4.241  762 
   55536.299000     971.4696     330.4838     785.4471     334.0626    0.1375     348.2529     316.8432  2.364  2.771  762 
   55538.335900     335.6432     249.7422     778.2109     260.5797    0.1628     287.8761     245.3466  5.422  4.666  762 
   55540.344000    2332.7801     458.7873    1959.9556     460.1993    0.1301    -294.7125    -283.1246 -0.573 -1.298  762 
   55679.254400     268.4278     244.0289   -1186.7059     255.6589    0.0695     572.5053     472.7854  7.756  8.340  762 
   55884.409900     543.5797     744.2429     419.1069     744.5929    0.3449   -5626.8155   -5533.0658 -32.188 -31.036  762 
   55889.436800     649.1020     297.7966     562.5700     302.6659    0.0061    -691.1378    -617.1012 -6.996 -7.284  762 
   55924.444500    2381.0912     217.2219    1036.5494     231.9950    0.0564     -46.1340     -38.0228 -2.690 -1.042  762 
   55925.375400    1551.1722     272.9786     815.0265     280.0292    0.0580    -218.9565    -190.4683 -4.516 -2.508  762 
   55926.308900   -3961.3730     237.1951   -4746.4323     247.6544    0.4077     -49.7017     -41.7807 -0.946 -0.788  762 
   55927.351300   -1356.8873     275.4095   -1633.8842     282.0059    0.3237    -481.9556    -419.8089 -4.906 -5.737  762 
   55969.117000    -713.7407     347.4908   -1098.2247     350.2261    0.0737     335.6636     310.1846  3.336  2.685  762 
   56045.161300     877.1984     328.9272     906.2443     332.8130    0.1234     137.1876     124.6114  4.681  1.596  762 
   56215.479000    1690.8649     284.6339    1483.7784     291.4942    0.2197      -1.0481      -0.9201  0.277 -0.015  762 
   56217.471100    8464.2486     660.5768    8291.5318     660.9804    0.2668   -4041.4485   -3980.8976 -15.850 -14.913  762 
   56301.274100    1034.0914     351.4932    1184.1836     354.4718    0.2553     435.5815     402.0100  3.138  2.942  762 
   56301.282000    2131.8273     382.6157    2227.1573     384.5371    0.3770     563.6334     532.6594  2.869  3.165  762 
