   54533.216400   -3607.2516     356.3193   -3595.7312     357.1117    0.3883     -35.7279     -34.4890  0.407 -0.227  762 
   54534.350300   -1826.5437     322.8439   -1901.1661     324.1821    0.3288    -562.6310    -535.1981 -1.642 -3.922  762 
   54535.300800   -1346.1758     307.6131   -1248.5865     309.1050    0.2298    -253.8589    -239.5114 -1.534 -1.960  762 
   54536.152700   -4561.5340     331.9574   -4525.6253     332.6622    0.4689     223.3125     214.8838  1.329  1.987  762 
   54537.404600    -150.5640     227.9024    -361.8621     230.4794    0.0695    -277.5656    -254.4495 -3.225 -4.545  762 
   54538.192700   -2697.2042     426.9065   -2689.4663     427.5666    0.3447     409.9444     398.4935  3.547  2.365  762 
   54590.208000   -1317.1441     249.8017   -1299.5579     251.6456    0.1858    -234.2450    -217.5861  2.074 -3.009  762 
   54861.128800   -3573.8815     406.1926   -3780.6289     406.8332    0.3130     196.7470     190.9676  3.855  1.204  762 
   54862.306200    -714.1705     476.0237    -731.4411     476.3437    0.0955    -523.6708    -517.4744 -2.607 -1.974  762 
   54912.160800   -1870.8627     249.3455   -1947.6037     249.9863    0.2673   -1084.9723   -1039.5849 -11.846 -14.657  762 
   54914.127200   30925.7549     954.9216   30764.0118     954.9544    0.2937  -38101.5087  -38078.7316 -61.890 -66.707  762 
   55126.494500   -3420.3484     295.5603   -3470.6873     296.6218    0.3910     244.5172     231.6361  2.386  3.282  762 
   55273.271900     383.8192     306.0667     372.9179     307.5344    0.0199      22.0288      20.7499  4.716  0.182  762 
   55536.299000     -22.7565     307.3132      87.9767     308.3580    0.0934    -838.1827    -796.8865 -4.337 -7.244  762 
   55538.335900    -823.8522     227.8298    -706.9193     229.9683    0.1672    -357.9257    -328.4643 -1.492 -6.289  762 
   55540.344000   -2442.4584     455.2136   -2562.6140     455.7569    0.4337   -2789.3631   -2728.5365 -11.974 -12.207  762 
   55679.254400    1440.5423     226.2029    1291.3458     228.4244    0.1335    -291.0269    -267.3535 -4.836 -4.367  762 
   55884.409900    -591.6440     732.5983    -633.8632     732.7176    0.2798   -2857.3789   -2831.3884 -14.963 -15.892  762 
   55889.436800   -1604.5271     276.9731   -1515.1997     278.1636    0.3926   -1363.7263   -1283.8026 -15.334 -15.371  762 
   55924.444500    -685.1509     205.5274    -788.1609     207.7671    0.1213    -262.9818    -242.9309 -8.189 -5.658  762 
   55925.375400    -581.1790     259.4497    -645.6398     261.0107    0.1102     -76.0603     -70.9265 -2.513 -0.878  762 
   55926.308900     272.3059     206.7325      43.3396     208.8721    0.0221    -249.0316    -228.2543 -7.285 -4.565  762 
   55927.351300     751.3030     256.3023     632.4299     257.8644    0.0417    -419.4930    -391.4544 -6.128 -5.223  762 
   55969.117000    1440.5176     341.9538    1321.3355     342.7130    0.0390   -1014.0007    -976.7196 -7.800 -7.908  762 
   56045.161300     415.5573     311.6615     433.6673     312.5261    0.0049    -418.5485    -399.3986 -2.765 -5.042  762 
   56215.479000     723.8909     263.2813     707.5765     264.5647    0.2883    1226.9188    1153.2791 22.390 18.276  762 
   56217.471100    4797.0843     654.9200    4663.4265     655.1210    0.4458    3392.8988    3361.0163 13.233 12.561  762 
   56301.274100    -382.1321     332.3337    -304.5511     333.4593    0.1680    -712.5419    -679.3463 -5.733 -5.114  762 
   56301.282000    -139.3170     360.3571     -86.9761     361.2603    0.1805   -1030.0233    -991.5349 -6.456 -6.258  762 
