   54533.216400       0.0000       4.2462       0.0000       4.2462      -nan       0.0000       0.0000  0.000  0.000  762 
   54534.350300       0.0000       4.3014       0.0000       4.3014      -nan       0.0000       0.0000  0.000  0.000  762 
   54535.300800       0.0000       3.8377       0.0000       3.8377      -nan       0.0000       0.0000  0.000  0.000  762 
   54536.152700   -1601.6411     296.4188   -1623.9447     296.6529    0.3094    -978.4684    -955.6880 -15.300 -10.321  762 
   54537.404600    -494.8935     191.1182    -983.5832     193.1035    0.1535    -368.1846    -345.1296 -15.575 -7.964  762 
   54538.192700   -2244.2950     389.0243   -2263.2342     389.1836    0.2976     650.7592     640.1120  0.699  4.256  762 
   54590.208000     481.3665     214.1751     356.5485     215.1920    0.0128    -282.2386    -268.5357 -6.470 -4.505  762 
   54861.128800   -1560.5284     347.5728   -1607.0822     347.7526    0.2476    -946.7845    -927.9643 -9.868 -7.372  762 
   54862.306200     961.5786     480.8138     856.4716     480.8590    0.0701       0.0000       0.0000  0.697  0.000  762 
   54912.160800      33.4323     208.4429     -63.8355     208.9214    0.1633    1475.1080    1424.6556 26.423 27.106  762 
   54914.127200    6910.5630    1002.4681    6776.2527    1002.4890    0.0672   -8514.8978   -8512.1770 -15.006 -14.324  762 
   55126.494500   -1284.2095     274.3849   -1294.8432     274.9091    0.3023    -249.8514    -241.2064 -3.643 -3.564  762 
   55273.271900    -179.4455     286.5688    -198.9472     287.0394    0.1051     884.6156     855.1653 12.387  7.724  762 
   55536.299000    -117.0358     299.0523    -164.2356     299.3498    0.0406    -186.2825    -181.1570 -0.908 -1.583  762 
   55538.335900     254.4109     211.9295      97.6116     213.2332    0.0855     435.8663     413.5964  9.160  7.932  762 
   55540.344000   -1746.2491     430.2588   -1826.6589     430.3751    0.1528      59.8635      59.1961  0.461  0.279  762 
   55679.254400    -770.9442     203.6116   -1029.3288     204.9912    0.1463      73.9201      69.3864  8.121  1.246  762 
   55884.409900   -1863.0529     733.4860   -1893.7329     733.5121    0.3388   -2639.2379   -2627.6024 -18.077 -14.831  762 
   55889.436800   -2047.9784     263.4874   -2089.2056     263.9358    0.2217     628.9542     607.6824  4.973  7.216  762 
   55924.444500       0.0000       2.1064       0.0000       2.1064      -nan       0.0000       0.0000  0.000  0.000  762 
   55925.375400   -1096.4546     234.2027   -1114.9502     234.8957    0.1178     520.8334     498.0131  5.217  6.770  762 
   55926.308900    -706.8909     198.6936    -756.6655     199.8163    0.1572      39.0576      36.9666  1.024  0.694  762 
   55927.351300    -471.5237     235.5373    -500.4398     236.2040    0.0428     289.0982     277.0060  4.328  3.902  762 
   55969.117000    -309.7164     313.4437    -329.1183     313.6592    0.2150   -1660.7186   -1623.4471 -14.624 -14.620  762 
   56045.161300    2368.0014     295.1794    2358.1376     295.4767    0.3344     -64.2106     -62.5917  0.353 -0.806  762 
   56215.479000   -1195.1969     247.4270   -1273.5505     248.1062    0.3824    -855.7496    -820.8491 -18.534 -13.330  762 
   56217.471100    1241.9131     643.8400    1161.5064     643.8748    0.1207   -2899.9735   -2888.1629 -11.156 -10.969  762 
   56301.274100    -922.3643     321.8909    -924.7592     322.1170    0.2371    -255.7423    -249.9927 -3.489 -1.814  762 
   56301.282000   -1619.2703     360.0538   -1642.1092     360.1941    0.2741     183.3115     180.5309 -0.821  1.055  762 
