   54533.216400       0.0000       4.3498       0.0000       4.3498      -nan       0.0000       0.0000  0.000  0.000  762 
   54534.350300       0.0000       4.3075       0.0000       4.3075      -nan       0.0000       0.0000  0.000  0.000  762 
   54535.300800       0.0000       3.9125       0.0000       3.9125      -nan       0.0000       0.0000  0.000  0.000  762 
   54536.152700    9188.5131     350.4863    8910.4096     351.0161    0.4342       0.0000       0.0000  5.418  0.000  762 
   54537.404600       5.5138      12.3377    1631.0827     243.2350    0.1563       0.0000       0.0000  4.717  0.000  762 
   54538.192700   16334.9150     467.3574   16259.9739     467.6913    0.7391       0.0000       0.0000 17.785  0.000  762 
   54590.208000      11.1239      17.2239    2589.0122     268.8955    0.2659       0.0000       0.0000  4.006  0.000  762 
   54861.128800   14106.8247     419.5655   14003.5197     419.9477    0.7255       0.0000       0.0000  9.295  0.000  762 
   54862.306200   22523.8384     576.4445   22511.7362     576.5307    0.6991       0.0000       0.0000  4.036  0.000  762 
   54912.160800     -11.4023      23.2489   -1470.9704     250.3677    0.1427       0.0000       0.0000 -18.371  0.000  762 
   54914.127200   14531.4624    1174.7503   14430.3391    1174.7758    0.0295  -13274.5370  -13266.8220 -45.632 -22.374  762 
   55126.494500     111.4119      45.3785    5439.4311     322.9074    0.6092       0.0000       0.0000 10.590  0.000  762 
   55273.271900   10452.8736     356.8973   10326.8769     357.7484    0.7096       0.0000       0.0000 10.418  0.000  762 
   55536.299000    9673.0364     358.9445    9662.0399     359.5741    0.6166       0.0000       0.0000 -1.681  0.000  762 
   55538.335900      -5.2477      29.4213    -443.0117     260.6417    0.0346       0.0000       0.0000 -2.944  0.000  762 
   55540.344000   18795.3344     522.4980   18869.8447     522.7208    0.6833       0.0000       0.0000 -5.471  0.000  762 
   55679.254400      50.1540      35.3235    2438.0174     257.5789    0.1780       0.0000       0.0000  4.132  0.000  762 
   55884.409900   12078.5567     777.9024   12077.3701     777.9737    0.5461       0.0000       0.0000 -17.177  0.000  762 
   55889.436800    5511.4978     316.1700    5330.4332     317.0974    0.4877       0.0000       0.0000 -1.662  0.000  762 
   55924.444500     327.9518      73.4073    2690.4175     225.6302    0.2359       0.0000       0.0000  5.821  0.000  762 
   55925.375400    4432.0546     290.6710    4267.7219     291.9958    0.5082       0.0000       0.0000 -0.414  0.000  762 
   55926.308900   -1482.2380     244.5330   -1726.7709     246.8054    0.2446       0.0000       0.0000  0.097  0.000  762 
   55927.351300    2094.4197     289.2128    1990.7081     290.5380    0.2888       0.0000       0.0000  0.694  0.000  762 
   55969.117000    6216.7451     373.7622    6096.3636     374.2524    0.4311       0.0000       0.0000 -6.425  0.000  762 
   56045.161300    5627.4038     341.4223    5551.4216     342.1480    0.5188       0.0000       0.0000 -6.568  0.000  762 
   56215.479000    2497.7178     295.5268    2159.0190     296.9558    0.2811       0.0000       0.0000  7.892  0.000  762 
   56217.471100   20773.5140     728.8680   20804.0442     728.9357    0.6799       0.0000       0.0000  0.586  0.000  762 
   56301.274100   15897.7307     392.5736   15799.8641     393.0519    0.7422       0.0000       0.0000 17.363  0.000  762 
   56301.282000   19351.2363     435.1837   19340.9028     435.4822    0.7523       0.0000       0.0000 13.562  0.000  762 
