   54533.216400    1486.4132     340.6888    1423.9798     340.9257    0.2337     730.8599     716.7038  3.603  4.872  762 
   54534.350300    1338.3144     310.6119    1231.6105     311.0093    0.1907     125.0515     121.7983  0.660  0.889  762 
   54535.300800    2157.7169     291.0450    2089.2969     291.5821    0.4120     339.1648     327.5591  2.057  2.741  762 
   54536.152700    1559.7071     316.7759    1497.3062     317.0399    0.2148     375.7126     367.1457  2.556  3.506  762 
   54537.404600    2475.0409     211.1571    2162.2419     212.9827    0.2922     356.3702     335.4694  4.048  6.226  762 
   54538.192700    1681.3404     411.1430    1637.2615     411.3242    0.4888    1801.0715    1774.2788 10.003 10.816  762 
   54590.208000    1067.2122     233.6477     943.2170     234.7232    0.1776     289.6855     275.5413  3.643  3.932  762 
   54861.128800    2358.9890     385.3684    2277.8623     385.5549    0.2027    -119.7912    -117.8696  0.235 -0.784  762 
   54862.306200    2394.5782     476.0469    2312.8806     476.1070    0.2014      71.4358      71.1114  0.906  0.267  762 
   54912.160800    -480.2521     235.0806    -594.2670     235.5250    0.2797   -2621.1554   -2540.3124 -42.089 -38.181  762 
   54914.127200    6439.3738     968.8321    6279.0380     968.8605    0.4615  -19506.1910  -19500.8769 -34.064 -33.818  762 
   55126.494500    1725.8922     285.2468    1604.8628     285.9295    0.2732     326.0503     314.2985  4.334  4.422  762 
   55273.271900     946.8775     293.9032     851.2461     294.4974    0.0000    -882.8384    -851.3009 -4.579 -7.472  762 
   55536.299000     650.9345     299.6157     618.0893     300.0439    0.1561     459.9782     445.5951  1.977  3.973  762 
   55538.335900     501.4588     218.0449     503.3804     219.5262    0.0469    -273.9772    -258.5978 -4.993 -4.836  762 
   55540.344000    -206.4259     446.0545    -308.5657     446.2079    0.1039    -856.2640    -846.7167 -5.497 -3.821  762 
   55679.254400    1211.0229     214.8198    1077.1773     216.3495    0.1742     -64.4491     -60.3488 -2.208 -0.993  762 
   55884.409900    1123.9774     731.7230    1084.5440     731.7568    0.3460   -6166.2261   -6137.7573 -34.338 -34.397  762 
   55889.436800   -1163.2243     268.2378   -1253.5758     268.8998    0.3428   -1481.7626   -1422.7971 -16.016 -16.786  762 
   55924.444500    1724.9062     194.3158    1415.4495     196.4142    0.1256    -368.8574    -345.1941 -7.178 -8.262  762 
   55925.375400     801.9892     246.1847     690.3430     247.0300    0.1520     234.1536     223.4740  3.081  2.795  762 
   55926.308900   -1453.3184     201.2804   -1659.8192     203.0187    0.2617      -1.8701      -1.7447 -0.991 -0.033  762 
   55927.351300   -1503.7486     245.8771   -1551.7007     246.7278    0.2639     144.5985     137.6396  0.596  1.830  762 
   55969.117000   -2396.4659     330.7111   -2479.1622     331.0138    0.3419    -428.2708    -418.0004 -4.163 -3.451  762 
   56045.161300    1420.5188     303.4200    1405.1565     303.8632    0.0717    -887.0507    -860.1294 -11.955 -10.772  762 
   56215.479000     510.3461     254.7092     486.0570     255.5850    0.2128     635.8068     606.8392  9.584  9.518  762 
   56217.471100     898.3451     652.5279     834.5142     652.5743    0.1710    1466.8749    1460.8148  6.663  5.464  762 
   56301.274100    2256.8527     322.0231    2271.5574     322.3523    0.5874    1022.8841     997.6565  7.143  7.410  762 
   56301.282000    3132.1662     353.0060    3155.9743     353.1924    0.5401     542.8707     533.7664  4.797  3.292  762 
