   54533.216400     586.3045     337.5640     548.2787     338.2427    0.3202   -3343.8362   -3222.4491 -20.186 -19.780  762 
   54534.350300    1039.1832     290.2768    1082.6799     291.5969    0.0300   -1379.1045   -1299.9630 -9.531 -9.425  762 
   54535.300800     153.1019     283.1362     112.7369     284.8434    0.2640   -1945.1258   -1814.4578 -15.409 -13.925  762 
   54536.152700     799.7176     323.5981     693.2020     324.3172    0.0829   -1455.0823   -1394.6321 -11.089 -11.858  762 
   54537.404600    3808.1893     220.7909    3799.2147     224.9653    0.3779    -972.8436    -874.6816 -14.807 -13.872  762 
   54538.192700     849.3360     406.9699     800.9426     407.4976    0.5316   -4771.9756   -4638.8839 -25.556 -25.819  762 
   54590.208000    1464.7521     239.7648    1405.0336     242.6185    0.0526   -1158.3844   -1055.2896 -13.238 -13.260  762 
   54861.128800     705.7380     399.8778     555.9289     400.3070    0.2789   -3729.9045   -3637.7424 -20.520 -20.489  762 
   54862.306200    3587.3319     421.5156    3503.4797     421.7553    0.0827   -4530.6698   -4467.0535 -19.210 -17.504  762 
   54912.160800      -3.7950     254.6969    -428.9138     255.5854    0.3348    5843.2903    5563.7971 65.310 66.574  762 
   54914.127200   37605.9008     872.1063   37475.5374     872.1497    0.5487  -21519.7886  -21506.0343 -35.497 -37.661  762 
   55126.494500   -3113.6936     283.9770   -3019.0397     286.1747    0.3706       0.0000       0.0000 -10.684  0.000  762 
   55273.271900    -524.9994     281.1443    -658.2048     283.2071    0.1838    -583.1746    -540.1120 -4.066 -4.588  762 
   55536.299000    -978.5591     282.2326   -1010.1045     283.9223    0.2251   -1143.7933   -1062.7519 -12.275 -9.868  762 
   55538.335900   -1888.6118     215.8916   -2984.0634     221.4447    0.3826    -693.8740    -614.9022 -12.135 -11.649  762 
   55540.344000    2135.7787     415.6039    1976.9796     416.0816    0.1370    -349.1733    -340.9672  0.121 -1.498  762 
   55679.254400    1034.4808     216.3093     984.7395     220.8109    0.1537    -115.7198    -102.9150 -1.269 -1.574  762 
   55884.409900    3657.1693     710.8803    3645.3392     710.9729    0.5337    5232.3461    5183.7647 30.564 28.889  762 
   55889.436800     168.5049     257.6993     120.4583     260.0129    0.1221     736.1420     674.9681  7.335  8.107  762 
   55924.444500    3012.8211     203.4384    3457.2098     208.2766    0.4393     634.3054     569.9071 10.611 11.723  762 
   55925.375400     307.6074     244.4462     425.7791     246.8908    0.2518    1229.2764    1122.3251 11.726 13.186  762 
   55926.308900     111.9115     190.1225     547.1591     196.1433    0.1577     657.5653     572.7967  9.752 12.045  762 
   55927.351300     -95.5775     240.3532    -110.1092     243.1956    0.1211     785.7542     713.2508  8.618  9.315  762 
   55969.117000     675.1361     326.0806     743.2645     326.8145    0.1741     931.7630     892.2529  8.461  6.852  762 
   56045.161300    3284.2042     297.4440    3186.5315     299.0018    0.4655     747.5820     704.2688  9.389  8.713  762 
   56215.479000   -2570.0003     254.4423   -2717.8313     257.6668    0.5754   -1969.2409   -1781.7594 -27.417 -27.770  762 
   56217.471100    -258.4472     618.4986    -380.6248     618.6589    0.4089   -6185.0720   -6126.8752 -24.884 -22.780  762 
   56301.274100    -756.4751     300.7724    -768.8363     302.2385    0.2502    -684.7140    -642.4529 -4.467 -4.888  762 
   56301.282000    -400.8404     320.5455    -515.7983     321.6329    0.2273    -906.5115    -861.9525 -4.809 -5.633  762 
