   54533.216400       0.0000       4.7212       0.0000       4.7212      -nan       0.0000       0.0000  0.000  0.000  762 
   54534.350300    1163.0959     361.0121    1199.3091     361.9958    0.2510   -3369.8115   -3234.0687 -23.329 -23.099  762 
   54535.300800    -547.0114     351.3973    -461.7610     352.5522    0.3974   -3344.3285   -3186.9114 -25.439 -24.494  762 
   54536.152700    1629.5227     364.5637    1634.3124     365.1325    0.0767    -842.3341    -815.2638 -8.080 -7.017  762 
   54537.404600    -324.1740     258.2768    -281.1318     259.9618    0.1515    -730.5074    -679.6862 -11.429 -11.288  762 
   54538.192700    2568.3220     474.8937    2581.0914     475.4103    0.4066   -6344.9274   -6199.9677 -34.341 -34.787  762 
   54590.208000   -1328.8373     280.7629   -1255.6691     282.1324    0.2386    -389.0393    -365.1559 -4.751 -4.728  762 
   54861.128800    4135.7458     450.6612    4250.1391     451.0659    0.3405     915.3860     896.2868  6.546  5.195  762 
   54862.306200     154.4915     514.0972     166.6899     514.4288    0.1979   -2917.4055   -2881.0141 -9.458 -11.358  762 
   54912.160800    -182.9988     283.1304     -44.8996     283.6325    0.2814    4349.9117    4195.9224 55.046 50.404  762 
   54914.127200       0.0000      13.3544       0.0000      13.3544      -nan       0.0000       0.0000  0.000  0.000  762 
   55126.494500       0.0000       3.0162       0.0000       3.0162      -nan       0.0000       0.0000  0.000  0.000  762 
   55273.271900   -2087.6473     345.1184   -2064.8829     346.2901    0.3356   -1197.6916   -1135.0273 -7.655 -9.481  762 
   55536.299000   -2489.8370     331.8817   -2311.4150     332.8540    0.0747    1567.7640    1490.6672 14.415 13.808  762 
   55538.335900   -5698.4541     252.3651   -5859.7924     254.1244    0.3826    1288.1154    1184.7673 25.209 22.165  762 
   55540.344000    1268.9235     495.3765    1391.6093     495.8053    0.3291    3832.6361    3759.1221 19.231 16.846  762 
   55679.254400    3882.7471     255.7582    3751.1764     257.3265    0.3863     -43.4330     -40.4154  0.181 -0.612  762 
   55884.409900    -349.6268     756.4079    -302.1851     756.5134    0.4283   13514.8530   13385.7990 65.470 74.451  762 
   55889.436800    -836.4178     299.7209    -636.7960     300.7955    0.2291    4001.4327    3771.1952 48.861 45.093  762 
   55924.444500   -2114.6863     240.1038   -1736.2682     241.5251    0.1523     269.8228     249.5863  8.021  5.062  762 
   55925.375400   -1176.4857     290.0750    -822.5909     291.1963    0.0869     -65.4443     -61.5620  1.705 -0.727  762 
   55926.308900    5932.3238     221.0295    5851.0148     222.9433    0.4624     -28.5488     -26.1806 -7.429 -0.558  762 
   55927.351300    4631.5725     277.9515    4593.8873     279.3049    0.4677    -161.9040    -151.9551 -4.906 -2.040  762 
   55969.117000    1640.7830     372.6077    1903.1112     373.1623    0.3686    3292.7253    3182.7063 27.264 24.903  762 
   56045.161300    4666.9639     330.2606    4426.0372     331.1035    0.3985     989.1347     948.7669  9.717 11.747  762 
   56215.479000   -4594.7237     291.8688   -4435.0593     293.1280    0.5097   -1528.3972   -1432.5982 -22.476 -22.008  762 
   56217.471100   -1139.4961     696.0631   -1166.1961     696.2627    0.3163   -4222.1306   -4184.2888 -12.714 -15.697  762 
   56301.274100   -3497.4231     367.4823   -3636.3745     368.5732    0.6994   -4631.3798   -4418.8824 -33.185 -33.208  762 
   56301.282000   -5715.2714     395.5804   -5904.3910     396.5239    0.7939   -5093.1055   -4897.4457 -31.411 -31.500  762 
