   54533.216400       0.0000       4.2806       0.0000       4.2806      -nan       0.0000       0.0000  0.000  0.000  762 
   54534.350300       0.0000       4.3068       0.0000       4.3068      -nan       0.0000       0.0000  0.000  0.000  762 
   54535.300800       0.0000       3.8641       0.0000       3.8641      -nan       0.0000       0.0000  0.000  0.000  762 
   54536.152700     775.5767     333.7769     718.0312     334.5039    0.0532    -251.1442    -242.0373 -1.505 -2.568  762 
   54537.404600    4810.1648     228.0564    4558.6032     231.4071    0.3991      48.2155      44.6080  0.707  0.991  762 
   54538.192700   -1150.5728     442.1217   -1165.1568     442.6785    0.1214    2021.6300    1967.9044 12.616 12.937  762 
   54590.208000    1473.4498     255.0130    1258.0188     257.2753    0.1408       1.0424       0.9722 -1.277  0.016  762 
   54861.128800    1794.9262     393.4447    1725.6207     394.0293    0.2093     976.6430     946.9012  7.468  7.358  762 
   54862.306200    6485.3417     547.6538    6412.5999     547.8368    0.5298    1592.9028    1579.8155  6.281  5.771  762 
   54912.160800    2196.9932     235.1674    1957.4426     236.3907    0.3192    2278.1666    2162.8649 36.917 39.761  762 
   54914.127200   21763.1917    1104.2963   21548.4326    1104.3558    0.1867  -27854.3563  -27838.9803 -42.354 -47.013  762 
   55126.494500    1900.3675     311.3094    1785.3879     312.6712    0.2488    1131.5118    1074.0843 14.632 15.653  762 
   55273.271900    3677.1130     337.1949    3612.3341     338.4641    0.5333    1863.6666    1772.9309 16.132 15.922  762 
   55536.299000   -1062.2469     345.2554    -964.8249     346.0634    0.1578    -331.4122    -317.8062 -4.297 -2.771  762 
   55538.335900   -1394.2195     249.5989   -1643.0939     252.4127    0.1715     448.4568     416.0750  6.461  7.876  762 
   55540.344000     708.2156     493.9788     637.4544     494.3828    0.0100    -781.8926    -766.8430 -5.622 -3.584  762 
   55679.254400   -1139.4324     242.9603   -1541.7083     245.7985    0.0894     844.2692     775.4442 13.050 13.677  762 
   55884.409900   -2322.1593     765.3972   -2387.2635     765.5151    0.3150   -1844.7553   -1828.0375 -10.328 -10.288  762 
   55889.436800    1929.4768     303.5613    1901.0285     304.7328    0.2251    -315.1178    -300.0470 -2.643 -3.540  762 
   55924.444500    3842.1354     209.4468    3318.4780     213.0995    0.3213     131.3384     120.4145  7.781  3.346  762 
   55925.375400     628.2420     276.1384     496.0034     277.9155    0.1806     637.3822     597.6469  7.863  7.997  762 
   55926.308900   -1651.7645     236.5151   -1882.1096     239.0634    0.2501     195.6174     181.0097  3.960  3.370  762 
   55927.351300     781.1661     276.5186     700.7113     278.1902    0.1317     222.5324     208.9211  2.371  2.900  762 
   55969.117000     935.6044     355.8689     851.8676     356.5706    0.0303   -1166.6334   -1124.3668 -10.425 -9.985  762 
   56045.161300    2811.1937     329.8571    2838.7547     330.7517    0.4265     772.7557     742.4148  9.876  9.471  762 
   56215.479000    -533.9444     285.1753    -528.2415     286.7834    0.3392   -2122.7073   -2005.4306 -32.152 -32.202  762 
   56217.471100    2202.8016     702.4616    2163.5663     702.6026    0.4654  -11228.5767  -11142.5141 -44.617 -42.173  762 
   56301.274100     286.0708     375.5526     292.0039     376.3324    0.1636   -1253.8578   -1209.8086 -8.758 -8.783  762 
   56301.282000    1078.3223     416.9969    1105.1842     417.5387    0.0462    -858.4481    -837.3045 -6.513 -4.917  762 
