   54533.216400   -3263.0751     358.1040   -3254.4013     358.7200    0.2098    1393.0693    1343.2885 10.559  9.010  762 
   54534.350300   -1697.6863     326.6541   -1850.4787     327.6557    0.2349    -131.6435    -125.3960 -4.035 -0.925  762 
   54535.300800   -1832.3433     310.2764   -1854.9667     311.6431    0.1629     740.0048     696.8321  3.989  5.805  762 
   54536.152700   -3252.3389     331.2678   -3260.1758     331.9891    0.2285    1344.3189    1288.7492 13.047 12.207  762 
   54537.404600    1009.2493     226.8238     480.5904     231.6276    0.0987     747.4056     675.5346 15.642 12.738  762 
   54538.192700   -2359.5104     428.4214   -2318.9440     428.8637    0.1562    1424.6802    1386.6032  8.191  8.343  762 
   54590.208000    4209.4613     248.2853    4154.4370     251.0159    0.5350     824.7531     759.2806 11.327 10.923  762 
   54861.128800   -2882.3095     404.4638   -2975.3678     404.9407    0.0689    2220.8079    2156.4152 16.754 13.943  762 
   54862.306200    -141.4462     484.8164    -205.1542     484.9816    0.1084    1874.6669    1855.3680  7.566  7.086  762 
   54912.160800    -327.9904     248.0353    -694.8598     249.2298    0.2749   -2473.8816   -2342.6875 -24.862 -34.501  762 
   54914.127200   18644.1931     983.0064   19266.5990     983.1157    0.1745   -2902.7879   -2900.2065 12.268 -5.094  762 
   55126.494500     211.7967     295.6408     -37.7591     297.7176    0.0661     503.3828     470.3283 22.367  6.866  762 
   55273.271900    3940.2324     308.2668    3981.0958     309.6761    0.4710      47.7639      44.9612  0.775  0.399  762 
   55536.299000   -5195.5899     312.1253   -5184.2444     313.3852    0.4855     460.9134     433.9557  9.631  3.991  762 
   55538.335900   -2721.4817     228.9591   -2694.8620     233.4447    0.3616     148.7881     134.4952  8.568  2.674  762 
   55540.344000    -551.6550     459.3074    -652.6259     459.6612    0.1619    3046.5864    2985.4337 15.983 13.494  762 
   55679.254400    1251.5244     228.7760     826.4067     233.0366    0.0777    -163.4551    -146.7973 -10.290 -2.484  762 
   55884.409900    -718.0097     734.1246    -781.3022     734.2215    0.3555   -4755.6181   -4711.1385 -21.341 -26.630  762 
   55889.436800    1596.0623     278.3613    1639.3066     280.0638    0.1227    -751.7327    -702.6037 -2.860 -8.580  762 
   55924.444500    1457.7687     206.2770     867.4115     212.1281    0.0816     -58.7235     -52.5511  3.395 -1.299  762 
   55925.375400    -917.7337     260.9035   -1201.1451     263.2803    0.0925     475.2321     439.1289 14.481  5.587  762 
   55926.308900   -4261.3535     211.8293   -5037.3510     217.0256    0.5060    -235.6306    -208.5594 -12.093 -4.319  762 
   55927.351300   -3227.1752     259.2423   -3476.8303     261.6757    0.5402    -533.0742    -489.6285 -10.798 -6.723  762 
   55969.117000   -1314.8726     343.2382   -1380.2686     343.9365    0.0884     689.7306     661.8455 14.534  5.467  762 
   56045.161300   10340.6971     310.1337   10496.2280     311.2475    0.7189   -1415.5447   -1345.6583 -25.877 -17.369  762 
   56215.479000    3396.3744     265.1247    3469.5430     267.6487    0.5844    1137.4750    1051.6258 32.162 17.165  762 
   56217.471100    1574.7362     660.6644    1544.5363     660.7699    0.4049    6207.4099    6162.2658 31.626 23.149  762 
   56301.274100   -1394.1848     335.9420   -1297.8554     336.8590    0.0271    1152.3753    1099.2222 18.192  8.326  762 
   56301.282000   -1387.1588     365.2242   -1287.4227     365.8017    0.0756     803.7935     776.8193 14.516  4.905  762 
