   54533.216400       0.0000       4.2855       0.0000       4.2855      -nan       0.0000       0.0000  0.000  0.000  762 
   54534.350300       0.0000       4.3000       0.0000       4.3000      -nan       0.0000       0.0000  0.000  0.000  762 
   54535.300800       0.0000       3.8644       0.0000       3.8644      -nan       0.0000       0.0000  0.000  0.000  762 
   54536.152700    3671.3618     344.4493    3660.6460     345.8942    0.3470    -122.1619    -115.6603 -0.764 -1.227  762 
   54537.404600    6615.9295     242.6207    6297.4370     250.2466    0.4163      23.2052      20.5898 -0.697  0.462  762 
   54538.192700    4342.7616     452.7389    4276.4046     453.7445    0.6400    2186.8953    2103.7589 14.211 13.823  762 
   54590.208000    4876.5648     268.6696    4667.5099     273.4490    0.3379    -591.1142    -533.4259 -8.926 -8.757  762 
   54861.128800    1371.2445     405.3997    1373.9759     406.5330    0.2213    1239.6109    1183.1900  7.980  9.149  762 
   54862.306200    6299.9257     555.5637    6125.1924     555.8535    0.4459    1284.1790    1268.7609  6.709  4.661  762 
   54912.160800    8226.3443     244.9906    8079.4343     247.5937    0.6526     963.5240     891.8150 15.951 16.367  762 
   54914.127200   54308.8862    1115.1421   54121.8049    1115.2180    0.5595  -30084.0587  -30054.9956 -46.516 -50.637  762 
   55126.494500    5878.8952     322.1494    6001.1536     325.0821    0.7237    1009.1835     932.9979 14.047 13.765  762 
   55273.271900    1654.7173     351.6270    1600.5265     354.1401    0.3346    1384.6047    1284.5519 10.827 11.567  762 
   55536.299000    4399.5680     355.3202    4434.0228     357.0421    0.3457   -1300.9377   -1220.8539 -11.500 -10.755  762 
   55538.335900    5010.3606     260.1099    5165.1551     266.1840    0.5244     -97.4552     -87.8789 -2.856 -1.689  762 
   55540.344000    4343.8507     502.8957    4200.2066     503.5963    0.3102     264.9389     257.5294  2.319  1.209  762 
   55679.254400    5350.9495     256.1436    4767.8386     262.2234    0.5303     392.3796     346.2689  5.297  6.150  762 
   55884.409900    2535.3478     770.3521    2534.3597     770.5405    0.0023   -2529.6575   -2497.5495 -18.182 -14.126  762 
   55889.436800    2794.6790     315.4194    2933.9012     317.8241    0.4124     901.4047     835.1421  9.213  9.949  762 
   55924.444500       0.0000       2.1312       0.0000       2.1312      -nan       0.0000       0.0000  4.481  0.000  762 
   55925.375400    -412.1630     290.1466    -812.5101     293.9522    0.0130     784.0366     711.6172  9.582  9.576  762 
   55926.308900   -4004.7516     249.9028   -4646.7116     255.8016    0.4896     216.7699     192.5883  4.381  3.659  762 
   55927.351300    -784.8655     290.0759    -900.3755     293.6876    0.0808     423.5880     384.8506  5.612  5.398  762 
   55969.117000     623.8130     367.1221     522.7123     368.5296    0.1233   -1742.1333   -1647.0986 -13.756 -14.681  762 
   56045.161300    1725.3839     341.5816    1582.4483     343.7144    0.2169     458.6682     429.5436  7.332  5.519  762 
   56215.479000    1055.9589     297.7783    1198.9073     301.3614    0.0181   -1468.0453   -1343.8093 -24.576 -21.827  762 
   56217.471100    3300.3349     710.2227    3199.9300     710.4653    0.4128  -10579.9449  -10459.5235 -38.833 -39.725  762 
   56301.274100    -271.5937     386.9190    -273.2284     388.3803    0.0022     301.9161     286.1262  2.850  2.091  762 
   56301.282000     332.2451     426.9232     284.8718     427.8655    0.0535     187.6002     180.7649  1.894  1.069  762 
