   54533.216400     372.3407     364.8465     196.7306     365.5786    0.1320    1216.9534    1198.2077  7.539  8.394  762 
   54534.350300   -2983.5339     344.1331   -3087.3236     345.0889    0.1827    1623.2071    1593.8547 10.971 11.657  762 
   54535.300800    -696.3801     318.7412    -794.8135     319.6672    0.0173     955.5497     933.5638  7.734  8.028  762 
   54536.152700     961.8034     329.5957     809.9952     330.0194    0.1178     515.8702     507.5775  5.523  5.043  762 
   54537.404600    4193.6818     218.5272    3971.6655     220.4338    0.2945     488.6339     467.1713  7.715  9.386  762 
   54538.192700    1244.8091     437.8127    1148.1428     438.5135    0.4843    3077.3779    3042.1599 18.806 18.965  762 
   54590.208000    5789.5977     243.9442    5716.0307     244.9749    0.5121     705.1026     681.4048 10.602 10.309  762 
   54861.128800    3211.2799     400.7365    3021.0188     401.2586    0.3925    2428.0557    2398.8616 15.121 16.794  762 
   54862.306200    9200.5755     525.0085    9133.5133     526.0994    0.6759    2886.4560    2873.9656 10.411 10.687  762 
   54912.160800    4451.5950     235.6491    4222.9515     236.1910    0.1517   -2010.9527   -1964.8848 -32.344 -32.190  762 
   54914.127200   96364.9424    1048.1865   96627.7611    1048.5167    0.8942  -13773.2363  -13763.9173 -12.250 -23.907  762 
   55126.494500    1511.6147     298.0262    1242.7247     298.8284    0.1693     872.1293     846.1875 13.685 12.264  762 
   55273.271900    3961.8484     319.2651    3825.3476     320.0572    0.4441     651.9943     637.5782  5.917  5.677  762 
   55536.299000    1150.8839     325.0900    1017.2927     325.7862    0.1348      -9.7229      -9.4851 -0.625 -0.084  762 
   55538.335900    1089.5642     229.2588    1240.5523     230.8017    0.1675     -53.0253     -50.7309 -1.823 -0.980  762 
   55540.344000    7349.8986     485.5378    7172.8214     486.4977    0.4617    -820.0757    -811.7197 -2.256 -3.695  762 
   55679.254400    1038.8603     227.0018     916.2545     228.5711    0.1862     701.9278     666.0679  8.924 11.486  762 
   55884.409900    5382.7328     749.7261    5299.3483     749.8818    0.0391   -5856.3265   -5835.3951 -33.842 -32.729  762 
   55889.436800   -3431.8350     287.3747   -3933.3293     288.2193    0.3753   -2058.5387   -1999.5296 -23.567 -23.876  762 
   55924.444500    1007.1120     199.5567     274.3041     202.3018    0.0165     -31.2500     -29.3597 -5.090 -0.768  762 
   55925.375400     421.2567     262.4947     184.8133     263.4083    0.0215      23.2319      22.4549 -0.737  0.291  762 
   55926.308900   -2947.9222     215.6827   -3208.2623     217.4071    0.3014      35.9467      33.9956  0.843  0.662  762 
   55927.351300    -660.5388     261.6345    -776.5891     262.4952    0.1391    -203.3598    -196.2818 -2.050 -2.681  762 
   55969.117000    -187.3332     348.6560    -402.1653     349.1763    0.0458     -50.6587     -49.7889 -1.156 -0.422  762 
   56045.161300    -907.2358     316.9315    -938.2696     317.4118    0.1728    -682.3967    -666.3675 -8.836 -8.521  762 
   56215.479000    2330.2987     267.1082    2345.0471     267.9912    0.4580     832.6478     804.4604 12.240 12.986  762 
   56217.471100    8783.4734     690.0202    8709.1626     690.5394    0.5604    2142.0799    2133.2391  7.941  7.988  762 
   56301.274100     138.6268     355.1639      93.8196     356.0454    0.2165    1625.3035    1595.4259 11.596 11.795  762 
   56301.282000    1351.9396     393.3980    1426.9677     394.4391    0.3717    1767.9147    1745.0355 10.376 10.591  762 
