   54533.216400   11582.4545     369.8043   11675.7229     372.5116    0.7884     948.1008     881.5794  4.700  5.786  762 
   54534.350300   10136.7579     339.2314   10060.6331     343.6480    0.8613     201.6800     182.4987 -0.056  1.331  762 
   54535.300800   10911.1438     326.4844   11291.1935     332.2237    0.8902     984.8663     872.5341  7.349  7.101  762 
   54536.152700    8682.6673     347.9849    8746.4946     351.0263    0.7025     479.1959     440.6527  3.959  4.057  762 
   54537.404600   12580.9357     253.2124   12337.4071     267.8362    0.7953     238.9350     196.9882  3.424  3.527  762 
   54538.192700   12260.4431     438.4419   12281.6826     440.5847    0.9092    1020.4919     964.9139  6.245  5.692  762 
   54590.208000    5814.0651     274.8866    5445.4736     285.1519    0.4805     184.9101     155.8984  2.152  2.156  762 
   54861.128800  -10706.5743     421.6322  -11263.9467     424.0538    0.7050    -735.6568    -691.3445 -5.230 -4.338  762 
   54862.306200   -5045.2716     481.9153   -5306.7785     482.8209    0.4034    -830.0413    -809.6538 -5.155 -3.092  762 
   54912.160800    7793.6455     268.0902    6854.4193     272.4828    0.2557   -3371.3178   -3033.6194 -44.376 -42.416  762 
   54914.127200   73872.4349     944.4779   73599.8344     944.5561    0.7359  -35246.8786  -35193.2812 -60.312 -61.391  762 
   55126.494500    3741.3391     320.4164    2389.6880     328.5741    0.1274    -845.6895    -738.2422 -9.695 -10.503  762 
   55273.271900    5841.0624     327.4780    5783.7241     334.2314    0.5636    -444.9328    -390.7677 -4.433 -3.405  762 
   55536.299000    6765.7329     328.5363    6792.1215     333.7986    0.4924   -2073.9885   -1840.0710 -15.515 -16.760  762 
   55538.335900    5353.0580     253.4678    6473.9984     267.2137    0.5129    -404.2453    -335.7894 -8.985 -6.452  762 
   55540.344000    9992.6355     462.5146    9603.1178     464.3190    0.5096   -2855.6470   -2732.9805 -12.617 -12.231  762 
   55679.254400     657.5462     256.3528    -423.5184     270.5385    0.0915    -635.9454    -514.9993 -6.766 -8.383  762 
   55884.409900  -16250.7690     743.5116  -16517.2080     744.0839    0.8183   -5954.6207   -5825.9985 -32.735 -32.614  762 
   55889.436800  -17845.0962     305.8883  -19759.4464     314.3386    0.7517    -795.0998    -681.9148 -8.614 -8.182  762 
   55924.444500   -3590.6997     236.2113   -7171.4899     254.6548    0.2794      10.9289       8.8275 -0.772  0.205  762 
   55925.375400   -8301.5702     287.2137  -10025.0708     296.7750    0.5699      78.4130      66.3474  1.990  0.820  762 
   55926.308900  -11260.9845     239.8028  -13980.3641     256.4769    0.6951    -271.5106    -214.5369 -3.568 -4.336  762 
   55927.351300   -8368.2042     284.9863   -9993.2621     294.7900    0.7053    -115.1618     -96.8591 -1.619 -1.297  762 
   55969.117000    3122.0050     360.0749    2410.1569     363.5343    0.0640   -1951.8965   -1788.8378 -13.064 -14.454  762 
   56045.161300    3167.3226     334.4650    3253.8103     340.0173    0.2908    -737.0368    -657.4092 -10.032 -8.286  762 
   56215.479000   16987.6930     288.6250   18288.3953     297.3336    0.9051    1439.0045    1234.3573 18.220 19.619  762 
   56217.471100   28257.8250     655.5022   27993.5639     656.0313    0.8782    3337.5251    3282.0190 12.224 12.255  762 
   56301.274100    2123.7023     350.9275    2142.9698     355.5759    0.3447    1055.9150     953.4630  6.689  7.162  762 
   56301.282000    4892.8703     374.3480    5154.7770     377.4399    0.5713     985.4391     913.8582  5.778  5.758  762 
