   54533.216400     296.1979     491.1801     159.7579     496.4459    0.0131      44.1917      40.1915  3.062  0.261  762 
   54534.350300   -1821.3821     469.6111   -1429.2884     476.9550    0.0994      52.3854      46.5015  1.726  0.337  762 
   54535.300800   -1100.1300     457.8615    -826.2381     466.7698    0.0553      45.2056      39.2631 -1.120  0.316  762 
   54536.152700    -589.0503     441.6315      12.9365     447.2861    0.0988    1811.2678    1620.2303 14.445 14.752  762 
   54537.404600   -8730.8242     355.6423   -7935.2261     370.4612    0.3612     702.6247     556.1294 10.948 10.032  762 
   54538.192700    1495.5165     567.8312    1746.9853     572.3133    0.1887     671.0746     622.4818  3.219  3.641  762 
   54590.208000   -4532.7126     375.8675   -4017.6358     387.9152    0.1477    1622.9845    1326.6021 16.873 18.358  762 
   54861.128800    9717.7022     527.6031   10445.4165     531.5642    0.4913    -360.0222    -334.1875 -1.440 -2.071  762 
   54862.306200    8859.6685     629.5070    8319.1043     631.4368    0.0586   -7398.0194   -7151.5643 -26.650 -27.762  762 
   54912.160800    3437.9801     340.6753    5071.7778     346.3241    0.0350   -4908.5230   -4286.1085 -57.586 -57.434  762 
   54914.127200  164276.4585    1217.0499  164027.4608    1217.3488    0.7790  -99636.1499  -99394.5406 -163.333 -169.049  762 
   55126.494500   -4417.2100     410.4193   -3580.6521     420.4603    0.1814    -493.6013    -413.3082 -6.344 -5.918  762 
   55273.271900    -714.8740     450.2204   -1205.7012     459.8709    0.1576   -1350.5791   -1157.6267 -9.291 -9.978  762 
   55536.299000    3331.1956     432.9552    3358.7748     441.4656    0.3144    1456.6946    1256.9767  9.925 11.611  762 
   55538.335900   -3200.4825     345.0273   -2992.0801     359.2410    0.2408     752.5957     602.5368 12.221 11.642  762 
   55540.344000   10617.9679     603.9767   10230.9608     607.5571    0.4105   -3040.8179   -2869.4355 -12.074 -12.993  762 
   55679.254400   -1822.5776     353.2319   -1002.6540     367.0286    0.1433   -1273.5712   -1008.8150 -19.052 -16.167  762 
   55884.409900    4812.3435     823.5098    4899.9427     824.9057    0.0973   -3282.7243   -3169.1195 -15.476 -17.798  762 
   55889.436800    -258.3888     397.0110     -29.6798     407.0198    0.0907    1509.8914    1267.3410 16.010 15.328  762 
   55924.444500   -6170.6116     325.6529   -5605.4535     340.4882    0.3261    -691.0769    -539.2931 -13.696 -12.121  762 
   55925.375400   -1044.6519     385.8857    -743.5442     396.7822    0.1313   -1036.2710    -858.9382 -10.896 -10.595  762 
   55926.308900    6159.4092     319.5160    6872.3035     334.4952    0.3732    -340.2359    -265.6298 -6.518 -5.555  762 
   55927.351300    4479.0572     375.7561    4691.4990     387.2207    0.3495    -621.6123    -511.7784 -8.744 -7.003  762 
   55969.117000    3526.0643     459.5965    3712.6315     465.5766    0.3035     164.6665     147.0816  2.954  1.193  762 
   56045.161300    6053.3277     417.4543    5630.7993     425.7219    0.3275    -805.3306    -694.8952 -7.171 -8.790  762 
   56215.479000   -3058.8456     386.2078   -2792.2059     398.1254    0.1093    1707.6690    1407.0673 21.189 22.257  762 
   56217.471100   10940.0555     792.5022   10548.9182     794.0824    0.5115    1465.5189    1424.8513  2.897  5.367  762 
   56301.274100    -924.4504     473.7914   -1257.1878     481.5572    0.1714     -88.5985     -78.2004 -0.348 -0.590  762 
   56301.282000   -1545.3186     504.2474   -2503.4715     510.4948    0.2274     281.1068     254.9710  1.670  1.620  762 
