   54533.216400    4789.9845     371.7256    4628.7597     372.5527    0.4492      74.4892      72.1130 11.317  0.478  762 
   54534.350300    4909.7054     341.4134    4734.8042     342.6208    0.4927       0.0000       0.0000  7.782  0.000  762 
   54535.300800    5694.6305     323.3521    5557.5685     324.6473    0.5960      23.0976      22.0898  9.892  0.181  762 
   54536.152700    2084.0226     340.8029    1988.7087     341.4434    0.2193       0.0000       0.0000  9.576  0.000  762 
   54537.404600    4168.5995     228.1997    4024.3663     230.0884    0.3875       0.0000       0.0000  8.501  0.000  762 
   54538.192700    3921.4823     443.5062    3900.5199     444.1325    0.5951    1193.8698    1163.3703 13.991  6.914  762 
   54590.208000    3266.0272     254.6769    2986.9598     256.2667    0.3278      18.0680      17.4338  7.967  0.244  762 
   54861.128800    3715.7973     417.3616    3602.6953     417.9189    0.2765       0.0000       0.0000  8.354  0.000  762 
   54862.306200   11675.4206     500.2427   11512.5309     500.6753    0.6979       0.0000       0.0000  3.425  0.000  762 
   54912.160800    1058.4696     251.9459    1002.2246     252.5103    0.1496   -2769.0448   -2710.2443 -43.440 -38.698  762 
   54914.127200   88285.1747     993.9307   87983.6931     994.0246    0.8979  -19360.4349  -19340.8930 -30.117 -33.565  762 
   55126.494500   -1478.6630     301.0731   -1771.1323     302.1668    0.2192       0.0000       0.0000  1.792  0.000  762 
   55273.271900   -1406.5679     322.5136   -1731.5615     323.8223    0.2001       0.0000       0.0000  1.770  0.000  762 
   55536.299000   -6238.6137     324.0381   -6541.3003     325.2183    0.5675       0.0000       0.0000 -1.618  0.000  762 
   55538.335900   -6161.0487     231.4389   -6787.4847     233.2829    0.6205       0.0000       0.0000  1.586  0.000  762 
   55540.344000   -2071.7123     477.3471   -2376.4569     478.0211    0.1781       0.0000       0.0000  1.827  0.000  762 
   55679.254400      61.4760     231.2306    -520.3432     233.2515    0.0523       0.0000       0.0000  2.261  0.000  762 
   55884.409900    3773.5489     744.8443    3700.9629     744.9741    0.0146   -3545.7880   -3514.1661 -27.548 -19.618  762 
   55889.436800   -2021.0610     286.9141   -2024.0110     287.9885    0.2842    -133.9192    -128.9797 -11.812 -1.536  762 
   55924.444500     151.7301     204.3023      10.0926     206.1628    0.0011       0.0000       0.0000 -2.603  0.000  762 
   55925.375400     338.1876     267.9962     291.1115     269.2769    0.0455       0.0000       0.0000 -1.157  0.000  762 
   55926.308900   -1028.1158     209.7456   -1228.5181     211.6963    0.1685       0.0000       0.0000 -6.522  0.000  762 
   55927.351300     403.3570     263.7940     343.9596     265.0698    0.0537     -29.2872     -28.2510 -7.712 -0.377  762 
   55969.117000    -584.8282     355.1081    -842.1489     355.8992    0.0856       0.0000       0.0000 -2.569  0.000  762 
   56045.161300    2394.0689     318.2727    2445.1347     318.9977    0.3003       0.0000       0.0000 -8.755  0.000  762 
   56215.479000    1720.9377     269.3326    1778.9196     270.5416    0.3676     812.6424     790.4809 19.262 12.489  762 
   56217.471100   14837.8399     674.5495   14624.8574     674.8078    0.7100    1590.6318    1574.7179 17.767  5.875  762 
   56301.274100    6132.4559     349.5678    6112.6259     350.5512    0.6715     500.3490     481.8105 10.140  3.593  762 
   56301.282000    8530.0048     380.2687    8555.0722     381.0796    0.7453     439.1440     425.5628 11.340  2.653  762 
