   54533.216400     758.0748     328.1356     704.2202     328.2842    0.0539   -1158.5928   -1140.2456 -7.532 -7.364  762 
   54534.350300   -1427.8599     286.5783   -1451.4439     286.8590    0.3443    -652.4363    -636.3073 -4.520 -4.661  762 
   54535.300800    -478.1975     272.9321    -518.3006     273.3102    0.1701    -497.5523    -482.6921 -3.798 -3.883  762 
   54536.152700   -1710.4264     310.7103   -1748.4394     310.8660    0.2834    -489.4839    -480.1691 -4.915 -4.336  762 
   54537.404600     828.9238     202.0239     714.5593     202.8127    0.0523    -426.3055    -407.0088 -5.933 -7.018  762 
   54538.192700     348.5663     398.0199     339.1554     398.1265    0.0650    -724.6012    -715.8065 -4.329 -4.171  762 
   54590.208000    -365.9620     223.4502    -432.6525     224.0160    0.1964    -690.1674    -662.4317 -7.466 -8.909  762 
   54861.128800    -592.5970     384.4442    -673.3360     384.5575    0.1055    -537.8292    -531.3412 -2.962 -3.238  762 
   54862.306200    1038.9325     436.2121     954.3023     436.2672    0.0284    -662.0270    -658.5735 -2.349 -2.531  762 
   54912.160800    -474.5606     236.1470    -600.7845     236.3611    0.0028     586.3752     573.1391  7.036  7.712  762 
   54914.127200   28295.8950     895.3621   28170.9551     895.3966    0.7977    -901.9155    -901.3466 -2.639 -1.585  762 
   55126.494500    -284.7363     271.5597    -340.5280     271.9253    0.1390    -425.8535    -412.5792 -5.698 -5.813  762 
   55273.271900     857.5192     271.9541     867.1648     272.2996    0.0823    -340.8822    -330.7217 -2.840 -2.883  762 
   55536.299000    -336.7544     277.4765    -410.1976     277.7862    0.2622   -1407.7482   -1365.5336 -9.531 -12.490  762 
   55538.335900     268.0405     201.1439     240.6693     201.8450    0.0148    -327.4061    -312.5687 -6.588 -5.981  762 
   55540.344000    -325.4070     419.8995    -403.1929     420.0016    0.1383   -1065.3699   -1054.8875 -5.316 -4.686  762 
   55679.254400     118.7066     200.7203      10.1347     201.4840    0.0855    -463.7068    -440.6391 -5.652 -7.086  762 
   55884.409900    2816.7038     712.0000    2790.5903     712.0190    0.6043    8296.8333    8265.6130 46.876 46.331  762 
   55889.436800    -443.5672     249.1094    -550.7198     249.5468    0.1672    -598.0875    -577.0661 -6.400 -6.921  762 
   55924.444500    -189.1940     185.8962    -327.5746     186.7634    0.0258     188.4112     179.1182  3.909  4.032  762 
   55925.375400    -850.1475     231.7194    -887.5472     232.2087    0.0836     518.4839     498.2318  5.074  6.079  762 
   55926.308900   -1239.7795     181.7500   -1412.2171     182.7408    0.2439     131.3428     123.4082  2.711  2.499  762 
   55927.351300    -801.6136     229.2091    -811.3640     229.6817    0.1480     126.8143     121.6524  0.534  1.613  762 
   55969.117000    -135.8609     317.5193    -172.8195     317.6785    0.0523    -281.4970    -276.3020 -3.987 -2.202  762 
   56045.161300     728.0007     288.4093     741.7696     288.6222    0.1456     200.7445     195.9634  4.597  2.467  762 
   56215.479000     617.3972     239.2292     574.3118     239.7151    0.0767    -286.1715    -275.3156 -5.117 -4.345  762 
   56217.471100    1994.8988     624.8389    1942.8603     624.8682    0.1867     661.7404     659.4890  2.115  2.461  762 
   56301.274100     140.7460     297.0436     122.2320     297.3115    0.0002    -124.4139    -121.3912 -1.297 -0.918  762 
   56301.282000     636.5362     322.4892     611.6844     322.6756    0.1090    -142.0847    -139.5219 -0.581 -0.891  762 
