   54533.216400       0.0000       4.2997       0.0000       4.2997      -nan       0.0000       0.0000  0.000  0.000  762 
   54534.350300    -200.3680     349.5367    -208.5007     349.9856    0.0269       0.0000       0.0000  7.641  0.000  762 
   54535.300800       0.0000       3.8757       0.0000       3.8757      -nan       0.0000       0.0000  0.000  0.000  762 
   54536.152700    2204.3621     325.1608    2242.8812     325.4774    0.2940     542.6998     528.0615  4.979  5.532  762 
   54537.404600    6712.1435     217.6995    6751.4975     219.6555    0.6894     548.9426     516.5362  5.758 11.310  762 
   54538.192700    3618.6900     430.1411    3616.7155     430.4252    0.7096    3001.9938    2939.5995 20.352 19.090  762 
   54590.208000    2331.3081     244.7836    2372.7196     245.9611    0.3904     586.1459     555.5922  6.478  8.969  762 
   54861.128800   -2886.9133     386.9158   -2889.6843     387.2312    0.1760     994.7833     969.5964  7.857  7.396  762 
   54862.306200    1063.7938     530.5797     985.0665     530.7950    0.3318    3755.2973    3723.4376 11.728 13.621  762 
   54912.160800    1631.2975     229.8371    1584.2314     230.5138    0.2495     944.7248     907.9826 15.404 16.394  762 
   54914.127200   48412.5602    1070.5845   48272.7607    1070.6542    0.5132  -29344.1995  -29320.2950 -50.890 -49.717  762 
   55126.494500    2435.2306     300.7949    2445.9175     301.5178    0.4464     900.0864     865.0743 13.774 12.599  762 
   55273.271900   -2360.5372     325.9601   -2452.0915     326.6960    0.1239    1538.9595    1474.0541 12.554 13.168  762 
   55536.299000   -1976.2676     333.4975   -2007.5699     333.9647    0.3562    -997.4515    -963.1225 -7.186 -8.419  762 
   55538.335900    -614.2973     239.0783    -735.0423     240.8513    0.1625    -151.9155    -142.5397 -3.279 -2.700  762 
   55540.344000    3210.1991     479.5297    3179.2614     479.7918    0.1622   -1303.4985   -1282.7192 -6.793 -5.965  762 
   55679.254400    2861.1826     231.2326    2692.1663     232.9027    0.4664     727.8403     680.6612 14.586 11.946  762 
   55884.409900    4176.4482     755.6028    4144.0997     755.6583    0.0286   -4538.4309   -4508.4086 -23.857 -25.286  762 
   55889.436800    2047.9954     292.1507    2049.4785     292.7567    0.2890     -12.1972     -11.7382  0.849 -0.139  762 
   55924.444500    2166.0206     200.8915    1770.6719     203.5529    0.2443     580.8973     541.4330 11.325 14.943  762 
   55925.375400     396.1952     265.3153     333.5312     266.2480    0.1022     336.9920     320.5429  4.491  4.263  762 
   55926.308900    2580.8296     223.4489    2579.2210     224.8724    0.4336     350.9047     330.5436  2.872  6.198  762 
   55927.351300    1954.9799     265.0931    1988.9033     265.9142    0.3764     201.4026     191.9401  2.889  2.657  762 
   55969.117000    3584.5408     345.8162    3558.2363     346.1360    0.2511   -1324.7932   -1288.3201 -9.895 -11.336  762 
   56045.161300     146.4381     321.5978      82.4393     322.1087    0.0297     147.5316     142.5712  1.468  1.817  762 
   56215.479000   -5886.9102     275.9156   -5966.6953     276.9413    0.7526    -382.4105    -363.5383 -8.649 -5.839  762 
   56217.471100    8172.2323     687.1553    8113.3872     687.2716    0.1943   -5425.9495   -5389.7905 -21.165 -20.322  762 
   56301.274100   -3302.6405     362.3179   -3338.6367     362.7770    0.3093    1493.3719    1447.6980  9.788 10.514  762 
   56301.282000   -3200.3386     402.4935   -3235.4583     402.8796    0.2644    1606.2598    1569.7282  9.893  9.223  762 
