   54533.216400    9675.6633     376.1549    9406.8917     378.1965    0.6572    1526.9947    1438.4956 10.507 10.642  762 
   54534.350300   13090.4764     365.5910   13135.7516     367.9803    0.7072    1476.2590    1384.7446 10.826 10.188  762 
   54535.300800   11699.2436     338.5928   11484.9559     342.4715    0.7604     871.4712     796.4348  8.337  7.191  762 
   54536.152700   11730.8440     341.5098   11455.5533     343.7977    0.7266     775.8367     725.8645  6.101  7.714  762 
   54537.404600   13102.0597     243.1700   12747.4226     253.4926    0.7062     682.0992     583.2907 13.159 13.226  762 
   54538.192700   12788.9404     445.7064   12809.6723     447.2262    0.9038    3017.8726    2885.5081 17.040 18.906  762 
   54590.208000   -8711.3699     273.4904  -10527.3263     281.4658    0.4954     240.7563     208.7191  2.922  3.454  762 
   54861.128800   -7473.3360     406.0036   -7934.2539     408.0204    0.5226    -158.9854    -149.7839 -0.026 -1.150  762 
   54862.306200   -6459.6763     544.1065   -6601.3798     544.6208    0.4174     291.5220     287.3375  1.743  1.057  762 
   54912.160800    5152.1417     246.6144    4444.1955     250.5605    0.3157     -42.8434     -38.7412  0.304 -0.719  762 
   54914.127200   69456.0984    1071.6618   69395.3165    1071.7323    0.5807  -34940.7326  -34903.1461 -55.320 -59.839  762 
   55126.494500   -6603.4033     325.6612   -7184.1240     330.5508    0.4835     925.7424     834.0141 13.054 12.438  762 
   55273.271900   -9373.5415     350.2016  -10098.9092     354.7651    0.6893     644.5356     582.5976  6.987  5.303  762 
   55536.299000  -12268.6178     355.2025  -12483.8923     358.3533    0.7924    -122.2503    -112.4270 -1.358 -0.999  762 
   55538.335900   -8220.5486     263.9371  -10077.4623     273.7513    0.5606     -61.5036     -53.0658 -2.470 -1.049  762 
   55540.344000   -4260.8667     496.5149   -4474.1478     497.7535    0.4778   -1593.8807   -1539.9231 -7.606 -7.200  762 
   55679.254400   -9001.9315     260.9761  -10929.4651     270.5848    0.6434     496.2013     416.3330  7.881  7.569  762 
   55884.409900  -43536.7132     769.1068  -43842.5924     769.5994    0.9209   -5315.6850   -5215.2217 -29.357 -29.571  762 
   55889.436800  -47444.2313     325.7193  -49653.2975     331.3425    0.9055    -429.6538    -381.9861 -4.547 -4.609  762 
   55924.444500    9195.2595     223.5396    8171.7331     234.9822    0.4296     291.6661     246.0653  8.453  7.139  762 
   55925.375400    6346.1857     287.5304    6226.3063     292.8755    0.6303    -130.8609    -116.2212  0.489 -1.582  762 
   55926.308900    2333.5997     248.3941    2155.2889     256.2880    0.2097     -17.6072     -15.2046 -0.315 -0.295  762 
   55927.351300    2307.0282     288.5602    2384.1532     293.7605    0.3064      -1.6461      -1.4617 -1.606 -0.021  762 
   55969.117000  -12927.8075     367.6833  -13525.3452     370.2814    0.7917   -1366.4622   -1269.7849 -10.971 -11.319  762 
   56045.161300  -16129.4091     344.6837  -17109.4197     348.4324    0.7921    -271.5574    -247.7368 -1.115 -3.236  762 
   56215.479000    7011.9012     295.7718    7362.9903     300.8949    0.6812     166.9950     149.6495  3.108  2.466  762 
   56217.471100   18357.9801     696.4066   18205.8361     696.7726    0.7077   -2798.2449   -2763.2828 -10.785 -10.476  762 
   56301.274100  -23933.9014     385.7315  -24609.5997     388.7253    0.8584    1631.3951    1517.0451 11.224 11.175  762 
   56301.282000  -25743.3841     422.9535  -25995.9015     424.8629    0.9186    1157.6690    1101.4996  6.810  6.556  762 
