   54533.216400    3605.0546     444.0838     395.4797     465.8663    0.0782   -2612.5251   -2124.5649 -12.276 -13.457  762 
   54534.350300   -6799.8652     419.4498   -7330.4281     450.9774    0.1932     196.2014     146.7005  1.658  1.080  762 
   54535.300800   -6435.8110     414.4008   -8313.6995     452.2610    0.1979    -513.6976    -369.1685 -3.181 -2.928  762 
   54536.152700   -4481.4472     425.2713  -11141.8366     449.0543    0.4459   -1821.2495   -1440.5284 -12.957 -12.714  762 
   54537.404600  -16603.1236     352.0182  -34132.8025     420.1708    0.3730       0.0000       0.0000 -8.092  0.000  762 
   54538.192700  -11988.5278     514.8170  -14375.2713     533.4582    0.5668   -3015.3790   -2548.2931 -13.211 -14.619  762 
   54590.208000  -13635.8899     367.6939  -22172.9589     421.1210    0.5404   -1110.0594    -719.6360 -8.623 -9.367  762 
   54861.128800       0.0000       4.8982       0.0000       4.8982      -nan       0.0000       0.0000 -2.635  0.000  762 
   54862.306200   27648.3526     518.8286   27806.4049     526.5919    0.5448   -6891.5543   -6378.0734 -22.398 -24.616  762 
   54912.160800    6055.7222     335.9930  -20487.5305     366.0653    0.1891    3821.1615    2906.9986 37.365 37.612  762 
   54914.127200  226847.5747     887.4158  225246.2587     888.1275    0.9077  -68495.8312  -68151.4200 -118.686 -121.493  762 
   55126.494500       0.0000       3.0408       0.0000       3.0408      -nan       0.0000       0.0000 -3.194  0.000  762 
   55273.271900    5702.2354     407.8133    5297.6473     449.1906    0.2475   -1646.6602   -1162.3567 -10.072 -10.140  762 
   55536.299000   16466.2800     403.0517   12501.5401     439.3255    0.3095   -2695.3912   -1961.1657 -18.293 -18.025  762 
   55538.335900   26390.0493     324.2725   27282.0562     390.8146    0.3615    -991.4652    -650.1064 -13.278 -12.426  762 
   55540.344000    3033.8535      82.3421    -889.1253     536.8732    0.0594   -2979.4651    -748.4302 -21.287 -3.286  762 
   55679.254400  -24168.4256     345.3712  -28796.8484     410.3809    0.4139   -1534.9052    -911.5552 -13.706 -14.545  762 
   55884.409900   11080.0022     782.3347    9354.2308     787.4478    0.2931   -1430.2652   -1338.1407 -6.187 -7.497  762 
   55889.436800   12391.1209     378.3264    8872.8917     422.1972    0.2090   -1299.0086    -901.2679 -10.041 -10.812  762 
   55924.444500   19790.4233     305.0757   18349.2557     377.7907    0.3735    1291.5446     813.6147 18.311 17.810  762 
   55925.375400    5923.8044     365.0729   -3737.7102     414.2688    0.0882    1253.0079     841.9491  9.424 10.125  762 
   55926.308900   -1724.2188     310.9574  -16000.7255     385.1436    0.2355     484.3370     283.4860  4.277  5.788  762 
   55927.351300  -10567.6682     368.7384  -20004.8173     418.7513    0.4762     192.1767     125.7391  2.321  1.648  762 
   55969.117000    -343.9700     434.5242  -10080.1656     459.5297    0.2272   -2870.1042   -2266.1999 -16.308 -17.732  762 
   56045.161300  -18376.2774     418.1665  -17846.7119     454.4681    0.3020     269.6015     195.8408  3.332  2.469  762 
   56215.479000   22114.7598     372.2597   22955.2377     424.8083    0.4060    -850.2521    -579.4410 -9.606 -9.110  762 
   56217.471100   18136.7658     700.3597   16333.0386     706.3918    0.1882  -10643.8209  -10025.0195 -39.694 -37.280  762 
   56301.274100   10257.5097     424.8467   11404.0017     457.1011    0.6213     238.6606     179.4360  2.239  1.368  762 
   56301.282000    8505.1508     441.6842   12018.7849     466.2019    0.4839     247.0144     196.0572  2.736  1.270  762 
