   54533.217500     170.8796      88.9186      61.8051      89.0068    0.0626     139.2536     138.4838  1.233  0.670  762 
   54534.351500     310.5923      91.0102     219.8270      91.0876    0.0771      16.1481      16.0752  0.650  0.080  762 
   54535.302200    -250.1956      73.8141    -331.8367      73.9238    0.1902    -165.0897    -162.3135 -1.113 -1.032  762 
   54536.153800     332.8500      89.8097     234.4498      89.8704    0.1425     321.2763     319.5940  1.942  1.941  762 
   54537.405900     416.6131      74.0930     345.3393      74.1795    0.1829     202.1624     199.1465  0.596  1.667  762 
   54538.193800    -289.1945     141.5540    -335.7364     141.5816    0.0532     168.1484     167.4456  0.586  0.881  762 
   54590.208800    -342.4873      60.7620    -417.0696      60.9161    0.1415     111.2251     107.7309 -0.067  1.099  762 
   54792.430900    -353.5436      85.9102    -415.5545      85.9404    0.0636     100.5655      99.8003  0.657  0.841  762 
   54793.510600      81.0819      87.8924      30.5377      87.9586    0.0189      16.3091      16.0785  0.884  0.120  762 
   54794.490600     233.3637      98.9523     142.8457      99.0344    0.0632    -369.6887    -365.2894 -3.070 -2.805  762 
   54860.202700      20.1973      76.3272     -62.8423      76.4371    0.0347     -34.0458     -33.3624 -0.593 -0.277  762 
   54861.129900     984.5576     103.3904     875.4738     103.4558    0.0582    -626.8742    -624.3940 -3.337 -4.056  762 
   54912.161700      10.5142      69.7373     -62.7849      69.8421    0.0366     169.9947     166.0848  0.974  1.422  762 
   55126.499300    -106.7684      75.4950    -129.6163      75.5624    0.0381      67.0779      65.6705  0.997  0.680  762 
   55208.320800    -187.5828      52.9092    -213.8104      53.1138    0.1417      34.3697      32.7224  0.318  0.490  762 
   55273.273000     -10.4310      75.1856     -77.9310      75.3382    0.0074      96.6338      94.2347  0.354  0.705  762 
   55536.300000     -61.3816      62.6313    -119.2385      62.7482    0.0602     -36.6943     -35.4979  0.148 -0.436  762 
   55538.337000      51.1521      49.4437      30.5094      49.6873    0.0199     -63.1642     -60.1137 -0.860 -1.295  762 
   55540.344900     -49.9311     115.1563    -138.8706     115.2306    0.0071     163.7801     162.2020  0.540  0.736  762 
   55599.209300    -380.6214      92.5852    -496.4486      92.6968    0.1833    -110.1311    -109.0421 -0.186 -0.505  762 
   55603.167400    -351.8121     158.1307    -445.2564     158.1705    0.0290     273.4415     272.3684  1.475  1.716  762 
   55679.255600    -569.3377      71.5678    -597.0219      71.6566    0.1979     103.1391     100.0886  0.485  1.033  762 
   55924.445900    -413.2508      48.2559    -478.9796      48.7022    0.2084      21.0253      19.5233 -0.405  0.514  762 
   55925.376900    -211.3370      74.0122    -253.0873      74.1304    0.1341     -29.7473     -28.8284 -0.383 -0.290  762 
   55926.310300     115.0683      45.8859      60.5217      46.3656    0.0019     -66.8569     -62.5121 -1.261 -1.346  762 
   55927.352700     132.2328      77.9981      98.3155      78.0789    0.0053    -111.2121    -108.4542 -0.179 -1.123  762 
   55969.118500    -342.2041      78.0394    -465.6925      78.1643    0.2390    -369.3084    -362.2723 -2.353 -2.388  762 
   56045.163000      89.7550     105.9858      47.9311     106.0307    0.0080     -74.9798     -74.0190 -1.234 -0.842  762 
   56215.481000    -130.1959      71.4981    -152.0361      71.5964    0.0226     112.4344     109.6879  1.422  1.436  762 
   56217.473300     337.6803     142.4700     215.3503     142.5506    0.2230     776.3140     775.0855  3.298  2.990  762 
   56301.279200    -391.0793      94.5508    -446.7805      94.6322    0.0521     334.8781     330.2952  1.746  1.806  762 
