   54533.217500    3424.5530     124.0564    3093.4049     125.9676    0.5590    -390.3648    -364.4933 -1.735 -1.761  762 
   54534.351500    4246.4068     124.6420    4209.6810     126.2341    0.6879    -347.1346    -328.8209 -1.839 -1.618  762 
   54535.302200    2478.7893     109.5707    2563.1646     112.1409    0.6561     291.5673     263.5804  1.576  1.667  762 
   54536.153800    2445.3720     116.7544    2380.3700     118.1368    0.3508    -340.0324    -318.3112 -1.480 -1.927  762 
   54537.405900     410.2174     105.5181      20.5911     109.0260    0.0139      31.6986      27.4768 -0.262  0.237  762 
   54538.193800    1406.0459     168.3274    1366.5544     169.2115    0.2369    -494.3655    -473.6972 -2.352 -2.488  762 
   54590.208800   -4947.2208      97.7148   -6025.8392     102.8286    0.8105     -99.0738     -80.9410 -1.016 -0.838  762 
   54792.430900   -4288.8380     102.0945   -4614.8401     103.0741    0.6328    -493.1287    -456.7271 -4.198 -3.900  762 
   54793.510600   -3252.7387     123.4411   -3648.8999     126.4724    0.7323    -364.1669    -323.1749 -3.008 -2.420  762 
   54794.490600   -4800.7334     132.1622   -5224.0695     135.0228    0.7731     -75.9845     -67.5691 -0.882 -0.528  762 
   54860.202700    -841.7267     109.9695    -998.1440     113.0136    0.2967    -162.9554    -141.6126 -1.202 -1.187  762 
   54861.129900    -727.6426     129.1106   -1259.8723     130.7517    0.2358    -251.9874    -233.4904 -1.387 -1.539  762 
   54912.161700    1936.3951     101.5298    1858.0000     104.5739    0.4970    -150.5151    -130.6003 -1.896 -1.130  762 
   55126.499300   -1823.5817     106.4646   -1984.4858     109.6643    0.6642    -179.5998    -154.2635 -2.127 -1.635  762 
   55208.320800   -4293.6794      89.1549   -4955.3311      95.9605    0.8905     -96.0935     -72.3629 -1.092 -1.134  762 
   55273.273000     380.9951     112.3383      94.9223     115.9410    0.1060    -475.4398    -410.7306 -2.829 -3.103  762 
   55536.300000   -3645.9980      95.9182   -4270.4815     100.6635    0.7536    -126.8061    -101.3380 -1.246 -1.288  762 
   55538.337000   -2424.3673      82.7199   -3012.7165      89.9683    0.7094     -51.2124     -37.6657 -0.859 -0.851  762 
   55540.344900   -2800.0232     151.6903   -3111.3444     153.4991    0.5165    -425.2671    -399.0042 -1.533 -1.818  762 
   55599.209300   -1693.2147     129.9424   -2096.4930     132.1596    0.4784    -472.9010    -439.9286 -2.085 -2.053  762 
   55603.167400   -2762.2138     179.2269   -2982.2336     180.1271    0.4828    -490.4364    -467.0979 -2.925 -3.040  762 
   55679.255600    -446.9317     104.1779    -675.2552     108.0251    0.2343    -163.7523    -137.6266 -1.681 -1.428  762 
   55924.445900    1483.8983      77.1300    1376.7366      86.2117    0.3736     -11.3149      -8.5125 -0.684 -0.239  762 
   55925.376900    1816.6742     107.8526    1856.7830     111.6239    0.5531     -85.8522     -72.8019 -1.065 -0.750  762 
   55926.310300    1473.7815      77.7284    1641.5168      85.1200    0.7021     -64.8693     -47.2918 -1.218 -1.097  762 
   55927.352700    1399.9751     110.9589    1429.4597     114.5748    0.4458      43.8755      37.3704 -0.005  0.397  762 
   55969.118500   -1636.0433     111.6756   -2010.5022     114.3714    0.4753    -340.4032    -303.0235 -2.774 -2.038  762 
   56045.163000   -2029.9324     135.5619   -2165.2781     138.0981    0.6097    -274.3884    -242.5240 -2.714 -2.796  762 
   56215.481000    1127.7507     103.6261    1320.0500     107.2784    0.4826     200.3474     169.5129  2.058  2.277  762 
   56217.473300    4181.5237     176.6866    4058.0690     177.7013    0.5910     -47.8505     -46.1643  0.055 -0.180  762 
   56301.279200   -5175.4947     138.2156   -5271.4437     140.9507    0.8912     -53.1102     -48.1758 -0.728 -0.265  762 
