   54533.217500       0.0000       5.6372       0.0000       5.6372       nan       0.0000       0.0000  0.000  0.000  762 
   54534.351500    1577.7599     132.9548    1205.2020     134.5574    0.2042      48.5761      45.6347  0.470  0.224  762 
   54535.302200    1378.9497     118.1083    1171.9282     120.6018    0.4253     651.0631     583.6513  3.604  3.631  762 
   54536.153800     741.5232     123.6299     570.9413     124.8789    0.0545    -294.1251    -273.8079 -2.236 -1.633  762 
   54537.405900     327.0129     112.2522    -252.3517     115.7324    0.0924    -176.9344    -152.5472 -1.330 -1.271  762 
   54538.193800     -54.5057     175.0506    -130.5342     175.8656    0.1014    -297.6353    -284.1769 -1.820 -1.473  762 
   54590.208800    -642.3659     101.3271   -1495.5240     105.5599    0.3132      24.9390      20.8269  0.645  0.208  762 
   54792.430900   -1141.9064     104.9055   -1363.2770     105.7472    0.3705    -660.8799    -611.2382 -5.668 -5.109  762 
   54793.510600     136.3869     128.5677     -92.1980     131.0664    0.0788    -226.3077    -201.6351 -1.340 -1.495  762 
   54794.490600    -281.0422     136.6228    -562.6081     139.1705    0.2274    -291.9726    -259.9116 -1.533 -1.991  762 
   54860.202700     195.6269     116.2276      34.9976     118.9975    0.0022     -31.3128     -27.1121 -0.749 -0.223  762 
   54861.129900     506.5213     133.7502     326.8460     134.9861    0.1028     273.4576     254.3611  1.162  1.652  762 
   54912.161700     629.6762     109.1635     524.2016     111.9495    0.2108     216.5026     186.3268  1.156  1.581  762 
   55126.499300     249.1259     112.0811     229.4751     114.8513    0.0650     -71.6584     -61.7829 -0.594 -0.634  762 
   55208.320800     -31.6474      93.2372    -267.9185      98.8697    0.1386       7.7099       5.9976 -0.014  0.090  762 
   55273.273000    1409.3682     119.1570    1170.4658     122.5056    0.3050     -83.0430     -72.0125 -1.084 -0.534  762 
   55536.300000    -178.7990     100.2209    -440.1428     104.0761    0.1638     -94.1119     -76.4858 -0.742 -0.935  762 
   55538.337000     -60.7470      87.9551    -212.6404      94.0375    0.0928      -4.4164      -3.3489  0.618 -0.071  762 
   55540.344900     745.9792     157.9053     569.5065     159.2750    0.0268    -749.0506    -704.0341 -2.371 -3.179  762 
   55599.209300    1620.7565     135.7393    1498.4914     137.2000    0.2326    -364.3580    -340.2763 -1.748 -1.573  762 
   55603.167400     166.0909     183.7634      -8.2091     184.5589    0.0371     232.0873     220.6063  1.344  1.408  762 
   55679.255600     643.8865     110.2106     240.4631     113.9779    0.0275    -132.5902    -111.8632 -0.744 -1.124  762 
   55924.445900    1975.8267      84.3898    1190.2634      93.3371    0.2520     -10.8027      -8.3104 -0.269 -0.214  762 
   55925.376900     364.5770     116.8008     304.7596     120.6011    0.1187      16.4018      13.7968  0.004  0.138  762 
   55926.310300     277.9332      86.8107     150.5804      93.8708    0.0852     -15.4398     -11.4463  0.104 -0.245  762 
   55927.352700     324.8544     119.4209     156.2877     123.1487    0.0670      76.2531      64.3309  0.642  0.666  762 
   55969.118500     797.9970     117.1801     798.5698     119.0885    0.1891     -28.6719     -25.6972  0.234 -0.169  762 
   56045.163000     690.9750     140.4901     529.9321     142.8910    0.1195    -111.4194     -98.8158 -1.351 -1.102  762 
   56215.481000     226.1686     113.1477     296.1468     116.8316    0.0957     -77.6721     -65.1855 -0.588 -0.834  762 
   56217.473300    2421.9374     187.0423    2251.7979     187.9793    0.2378    -876.1784    -843.7575 -3.297 -3.258  762 
   56301.279200     113.7537     144.1639      68.7033     146.2869    0.0557    -239.7255    -218.7623 -0.965 -1.180  762 
