   54533.217500      -7.3181      90.9401     -95.9888      91.0341    0.2456     912.0287     905.3304  6.451  4.570  762 
   54534.351500    -287.4708     100.5610    -356.5532     100.6505    0.0341     463.5821     460.6637  2.295  2.107  762 
   54535.302200      25.4190      78.1535     -30.9174      78.2566    0.1269     310.5144     306.1063  2.552  1.936  762 
   54536.153800      49.6569      91.6485     -48.7800      91.7082    0.0171     -20.9343     -20.7866  0.341 -0.131  762 
   54537.405900     518.8152      73.7041     463.8755      73.7844    0.1813      14.8932      14.6849 -0.477  0.135  762 
   54538.193800     -14.2427     145.1416     -58.7858     145.1739    0.0067      37.9470      37.7525 -0.060  0.199  762 
   54590.208800     -79.8868      60.7968    -123.9221      60.8841    0.0575       2.2579       2.1928 -0.149  0.025  762 
   54792.430900     668.8394      88.2696     585.5727      88.2946    0.2208     627.8429     623.9035  5.570  5.066  762 
   54793.510600    -124.8698      94.2403    -184.7567      94.3054    0.0345      85.9467      85.2866  0.846  0.597  762 
   54794.490600    -259.5553     103.3881    -325.4676     103.4600    0.0933       8.6930       8.5864  0.358  0.064  762 
   54860.202700     -71.3979      81.3378    -188.9881      81.4569    0.0560     -18.8383     -18.5494 -0.056 -0.147  762 
   54861.129900    -390.2231     102.9825    -505.1496     103.0555    0.0880      92.5871      91.6089  0.525  0.623  762 
   54912.161700    -339.9545      74.6728    -409.2273      74.7560    0.1172      76.7766      75.3477  0.016  0.615  762 
   55126.499300      84.3953      75.9073      52.2609      75.9603    0.0113     -29.6596     -29.1329 -0.864 -0.316  762 
   55208.320800    -151.0526      54.0077    -163.1991      54.1087    0.1129       0.0000       0.0000 -0.855  0.000  762 
   55273.273000      -9.4894      80.4316     -80.9836      80.5440    0.0206      29.0504      28.4521  0.107  0.206  762 
   55536.300000     -65.5024      64.7156     -90.8171      64.7695    0.0208      47.1220      46.0401  0.665  0.565  762 
   55538.337000      -0.4681      52.4389      -9.1725      52.5256    0.0130     -15.0603     -14.6130  0.499 -0.294  762 
   55540.344900    -842.4717     118.3244    -959.3475     118.4352    0.0694     681.8822     678.1071  4.011  3.089  762 
   55599.209300    -285.9113      96.5372    -387.7471      96.6556    0.0476     230.6891     228.5506  1.592  1.057  762 
   55603.167400    -184.3066     151.4624    -253.1964     151.4982    0.0346     429.5880     428.7455  2.990  2.949  762 
   55679.255600    -338.6201      75.0644    -397.3635      75.1562    0.1320      45.6077      44.5452  0.374  0.443  762 
   55924.445900    -145.8380      50.0841    -139.1155      50.2453    0.0460      15.4879      14.8982 -0.192  0.370  762 
   55925.376900     -43.3030      76.5026    -102.8165      76.6143    0.0068      90.4661      88.0470  0.531  0.887  762 
   55926.310300    -116.2182      47.1765    -137.4937      47.4032    0.1209     -55.3021     -52.8155 -1.388 -1.169  762 
   55927.352700      54.3664      80.7066       4.0741      80.7842    0.0351      76.1634      74.5418  0.358  0.765  762 
   55969.118500    -276.5818      78.4278    -343.9300      78.5096    0.1136      38.2768      37.6322  0.241  0.264  762 
   56045.163000     292.2904     109.4169     256.8525     109.4421    0.0971      41.2845      40.8682  0.252  0.447  762 
   56215.481000     222.5176      70.3532     197.1780      70.4097    0.1265      32.1704      31.5477  0.426  0.442  762 
   56217.473300    -208.3758     140.2330    -312.0001     140.3270    0.1221     823.7114     821.7916  5.328  3.377  762 
   56301.279200    -465.3299      96.2914    -494.1217      96.3616    0.1961     130.8671     129.3023  1.083  0.734  762 
