   54533.217500   -3823.6064     126.2612   -3988.3493     127.4927    0.7112     166.4113     154.9295  1.202  0.759  762 
   54534.351500   -2105.4277     130.8503   -2295.6102     131.9963    0.4408      15.8594      14.9544 -0.191  0.071  762 
   54535.302200   -2374.8848     114.1748   -2585.1506     116.2725    0.5654      94.0552      83.9566  0.969  0.529  762 
   54536.153800   -1013.8794     117.7828   -1307.9780     118.9221    0.2789    -278.7829    -258.8367 -1.460 -1.578  762 
   54537.405900   -1287.0925     106.6264   -1718.7862     109.7665    0.4430    -158.1927    -136.6244 -0.278 -1.190  762 
   54538.193800    -719.0730     169.3231    -784.0279     169.9351    0.1742     125.0959     119.8785  0.939  0.628  762 
   54590.208800   -1982.6610      95.2344   -2478.3068      99.2340    0.5770      10.0315       8.3060  0.408  0.088  762 
   54792.430900      75.7686     102.4601    -130.1162     103.1091    0.1365    -799.0959    -745.7673 -6.280 -6.128  762 
   54793.510600    -161.2853     124.1694    -341.3590     126.1738    0.0918      -7.5802      -6.7959  0.292 -0.049  762 
   54794.490600    -279.4273     132.2312    -439.6628     134.1177    0.0876      90.2112      81.0909 -0.408  0.612  762 
   54860.202700    1094.5566     110.9598    1024.8628     113.0354    0.2274    -255.6264    -224.7314 -1.284 -1.813  762 
   54861.129900     571.1166     127.9648     492.7331     128.8574    0.0864     -28.0574     -26.2314 -0.645 -0.172  762 
   54912.161700    1128.1064     104.2322    1135.3513     106.3215    0.2128    -548.7693    -479.5545 -3.377 -3.987  762 
   55126.499300    1177.1856     105.6958    1151.4517     108.1462    0.4249     -35.8819     -31.0486 -0.429 -0.324  762 
   55208.320800     689.8680      87.7033     766.3313      93.0734    0.2685    -194.3170    -152.2106 -2.198 -2.277  762 
   55273.273000    -664.2205     114.9769    -916.1772     117.8976    0.2901    -164.9379    -143.1404 -1.263 -1.047  762 
   55536.300000     115.5718      95.4533     -73.3580      99.0706    0.0531     -94.1362     -76.9215 -0.158 -0.933  762 
   55538.337000     -25.3279      83.7687     -65.8907      90.5500    0.0313       8.4987       6.4893 -0.182  0.132  762 
   55540.344900     -82.1201     150.8738    -273.6123     151.9795    0.0561      18.1470      17.1222  0.254  0.077  762 
   55599.209300    -809.9637     130.7660    -992.5429     131.9782    0.3163    -592.5710    -554.9628 -2.105 -2.558  762 
   55603.167400     468.5922     177.1629     359.3414     177.7624    0.1562     471.5713     450.1967  2.153  2.933  762 
   55679.255600    -250.8287     105.4092    -301.8768     108.6842    0.0578     148.1155     124.8157  0.449  1.250  762 
   55924.445900     344.8310      81.0803      25.1474      91.3935    0.0198      68.3338      52.0528  0.912  1.293  762 
   55925.376900      23.4790     111.3071     -67.0658     114.7246    0.0392     -45.4992     -38.4437 -1.002 -0.383  762 
   55926.310300     134.1689      81.2799     127.3296      89.5088    0.0574     -58.1625     -43.5712 -1.017 -0.926  762 
   55927.352700    -109.4494     114.5958    -173.5532     117.8420    0.1538    -254.6912    -216.4670 -1.413 -2.209  762 
   55969.118500    -579.1592     110.9683    -751.6674     112.7357    0.2345    -318.0462    -284.6258 -1.940 -1.918  762 
   56045.163000    -169.3932     136.2681    -144.1679     138.3297    0.0358      30.7588      27.4801  0.404  0.303  762 
   56215.481000    -197.6154     106.0604    -206.8721     109.8520    0.0475     131.7734     110.3850  1.629  1.465  762 
   56217.473300     181.4327     178.6749     124.1544     179.3149    0.1276    -686.4604    -662.4444 -1.607 -2.603  762 
   56301.279200     318.7140     134.9816     294.7125     136.5813    0.1362      93.8776      85.7099  0.340  0.474  762 
