   54533.217500    1371.3265     125.4788    1387.1585     126.5939    0.4478     725.4756     678.1750  3.035  3.357  762 
   54534.351500    1766.6607     132.5416    1687.2459     133.5698    0.3708     141.0758     133.7154  0.812  0.614  762 
   54535.302200    1624.8821     114.1340    1730.4597     115.8748    0.4064     165.2516     149.4407  0.387  0.931  762 
   54536.153800    1889.8566     118.1898    1907.0094     119.1557    0.3768     286.9533     267.6610  1.384  1.651  762 
   54537.405900    2515.2285     104.0499    2851.9287     106.0175    0.6069     185.2831     162.4995  1.743  1.482  762 
   54538.193800     260.1753     171.7607     273.3005     172.3734    0.1592     281.8914     269.9430  1.519  1.408  762 
   54590.208800    2556.8388      93.4855    2906.5022      96.0464    0.7277     311.7303     261.1656  2.638  2.881  762 
   54792.430900    1320.6643     102.7561    1364.0064     103.2540    0.3678     951.0728     890.5422  6.881  7.287  762 
   54793.510600     748.5166     126.7264     742.0596     128.5066    0.1898      33.2622      29.9401 -0.184  0.212  762 
   54794.490600    1551.5665     132.2409    1629.1274     133.7564    0.3576       4.5095       4.0830  0.474  0.031  762 
   54860.202700     681.9472     113.2854     533.0231     115.4788    0.1462      15.0538      13.2141 -0.479  0.106  762 
   54861.129900    1858.7445     126.5161    1916.6923     127.4002    0.3399      93.4106      86.8123  0.828  0.593  762 
   54912.161700     156.3279     106.4602      18.0383     108.8071    0.1151     444.8599     387.1089  3.542  3.184  762 
   55126.499300    1843.0362     105.9849    1929.6283     108.2002    0.6736      49.5468      42.6932  1.065  0.460  762 
   55208.320800     465.1561      88.5524     607.0063      92.6568    0.2824      52.9110      41.2169  1.142  0.645  762 
   55273.273000     143.0548     116.5927     264.1067     118.9171    0.1781     355.7067     309.9245  2.191  2.252  762 
   55536.300000     192.6931      96.2614     186.7439      99.3590    0.1250     235.8894     193.2137  2.583  2.393  762 
   55538.337000      75.1585      86.4619     -46.1594      91.1164    0.0139      25.9943      19.8192  0.163  0.404  762 
   55540.344900    1138.4686     151.8439    1057.4602     152.9329    0.2333      76.7894      72.3040  0.453  0.328  762 
   55599.209300    1037.4052     130.6138    1007.1176     131.8175    0.2471      98.1750      91.6337  0.871  0.426  762 
   55603.167400     999.4103     172.5264    1117.9863     173.0434    0.1787     -73.4957     -70.1036 -0.269 -0.488  762 
   55679.255600     943.4313     107.4947    1042.6526     110.0329    0.3228     215.3421     182.5091  2.156  1.799  762 
   55924.445900     120.3230      86.2074     236.9120      91.3150    0.0838      17.1594      12.7460  0.826  0.323  762 
   55925.376900     256.8500     112.6655     339.6930     115.6711    0.1633     159.8221     134.4293  1.847  1.362  762 
   55926.310300     336.6913      83.4235     144.4881      89.1553    0.0796     -24.8732     -18.1492  0.196 -0.410  762 
   55927.352700    -104.7183     115.6375    -126.2737     118.5504    0.0683     -79.1537     -67.1442 -0.458 -0.697  762 
   55969.118500    -290.9570     111.2156    -557.9583     113.3426    0.0867     274.3745     242.6702  1.738  1.695  762 
   56045.163000     -72.6309     138.6145     -47.1285     140.2810    0.0819     354.2499     315.6340  2.456  3.451  762 
   56215.481000    -467.7205     107.1214    -429.1919     110.3752    0.1878     -40.7873     -33.8674 -0.624 -0.465  762 
   56217.473300    1047.0443     175.7263     982.0458     176.5093    0.0964    -437.1311    -419.6900 -2.261 -1.716  762 
   56301.279200     228.0240     136.1976     257.9854     138.0160    0.0218    -217.5758    -198.1679 -1.230 -1.107  762 
