   54533.217500    -231.0909      92.9979    -340.5586      93.0975    0.0501     190.4953     188.4061  0.868  0.897  762 
   54534.351500    -169.0263      94.6368    -323.0059      94.7456    0.0648      56.2168      55.8681  0.000  0.275  762 
   54535.302200     -45.8161      77.3877    -101.8120      77.4683    0.1579    -246.1560    -242.6774 -1.651 -1.518  762 
   54536.153800     129.7511      92.5684      13.5924      92.6377    0.0241      86.5406      86.1500  0.612  0.511  762 
   54537.405900    -468.4039      77.8139    -545.5809      77.9265    0.1579     115.9997     113.2849  0.174  0.941  762 
   54538.193800     -55.2335     144.1628    -111.7716     144.1939    0.0962    -246.8449    -245.8536 -1.008 -1.277  762 
   54590.208800    -288.8677      63.1154    -340.2091      63.2204    0.0937     132.4565     130.1615  1.349  1.303  762 
   54792.430900    -510.5073      86.9668    -613.3746      87.0042    0.1280    -108.8304    -108.1039 -2.568 -0.904  762 
   54793.510600     -74.9279      90.5870    -136.9871      90.6461    0.0331      40.4001      39.8788 -0.149  0.295  762 
   54794.490600     -49.2205     101.0189    -100.5088     101.0568    0.0362      -8.5227      -8.4317 -0.896 -0.065  762 
   54860.202700    -431.2445      79.0204    -488.9326      79.1024    0.1640      25.4103      24.9330  0.075  0.205  762 
   54861.129900     -43.7427     105.6719    -159.9014     105.7326    0.0572    -121.6721    -120.9147 -1.367 -0.775  762 
   54912.161700    -589.4012      72.9621    -737.8820      73.1723    0.2292      21.4410      20.8741  0.493  0.178  762 
   55126.499300    -343.1517      77.6428    -370.5621      77.7004    0.1727      20.8557      20.5203  0.379  0.210  762 
   55208.320800    -161.0925      54.5171    -185.0411      54.6521    0.1289       0.5546       0.5340 -0.152  0.008  762 
   55273.273000      26.0660      78.3591     -51.2236      78.4641    0.0833    -172.3187    -168.9903 -0.481 -1.254  762 
   55536.300000    -296.4299      64.4879    -345.4179      64.5802    0.1835    -104.0918    -101.2066 -0.374 -1.235  762 
   55538.337000      -8.2220      50.5700     -42.3825      50.7763    0.0279      -3.5219      -3.3824 -0.203 -0.072  762 
   55540.344900    -381.5126     118.7595    -475.8674     118.8269    0.1697    -140.6641    -139.6579 -0.798 -0.628  762 
   55599.209300    -378.1313      96.2059    -476.2285      96.2977    0.1444      17.1139      16.9032 -0.253  0.078  762 
   55603.167400     112.0503     159.5189      31.9691     159.5529    0.0205    -146.5953    -146.2008 -0.556 -0.915  762 
   55679.255600    -297.9806      73.4135    -346.4771      73.5043    0.1564     -47.5879     -46.8583 -0.793 -0.477  762 
   55924.445900      78.4970      47.9195      24.2861      48.2641    0.0210      15.9769      15.4950  0.771  0.405  762 
   55925.376900      -4.4462      76.0113     -59.7659      76.1164    0.0196      13.9103      13.6095 -0.456  0.136  762 
   55926.310300       5.0627      46.7242     -12.3452      47.0221    0.0218      36.9266      35.6119  0.082  0.763  762 
   55927.352700    -246.0524      80.3543    -297.8251      80.4552    0.1490     -44.7942     -43.8633 -0.587 -0.452  762 
   55969.118500     -13.2296      80.2513    -120.9741      80.3488    0.0313      21.3331      21.0684  0.697  0.137  762 
   56045.163000     158.6856     107.5192     125.7533     107.5508    0.0269     -42.0530     -41.7295 -1.238 -0.470  762 
   56215.481000     112.3978      73.4130      65.6220      73.5076    0.0282      -2.9969      -2.9429  0.369 -0.038  762 
   56217.473300     440.8936     146.0605     335.2915     146.1228    0.2088     597.7995     596.1372  2.717  2.282  762 
   56301.279200     -33.4396      98.8025     -86.9907      98.8617    0.0636     -56.6015     -55.8406 -0.298 -0.301  762 
