   54533.217500   -5470.8248     106.9329   -5655.9521     107.6426    0.8214      39.4963      37.1880 -0.333  0.185  762 
   54534.351500   -5078.7900     113.5321   -5148.7338     114.0882    0.8591     -68.4762     -65.1781 -0.122 -0.306  762 
   54535.302200   -5138.1218      95.7098   -5294.9220      96.9030    0.8539     121.3707     109.9943  0.159  0.698  762 
   54536.153800   -4460.0402     103.7867   -4600.4931     104.3373    0.7720    -412.3252    -389.7901 -2.344 -2.419  762 
   54537.405900   -5501.3560      91.8516   -5798.7920      93.5871    0.8245     336.5610     296.8143  2.501  2.654  762 
   54538.193800   -5450.4808     155.6778   -5517.9949     155.9850    0.8293     206.1902     199.4527  0.983  1.053  762 
   54590.208800   -5882.8946      80.5290   -6147.0292      82.6873    0.9088      10.5413       8.8627  0.137  0.098  762 
   54792.430900   -6538.3438      95.8839   -6767.7362      96.2575    0.7742    -308.2905    -292.7996 -2.799 -2.404  762 
   54793.510600   -6257.3054     110.4618   -6465.1318     111.6882    0.8886    -114.6899    -104.6097 -0.111 -0.747  762 
   54794.490600   -6312.5323     118.7158   -6445.0447     119.7496    0.8595     309.0861     284.0896  0.793  2.136  762 
   54860.202700   -4136.3976      96.2001   -4299.0777      97.4401    0.7788     129.1871     117.0378  0.306  0.941  762 
   54861.129900   -4174.6048     115.1191   -4314.5668     115.6055    0.6727      53.8907      51.2669  0.643  0.340  762 
   54912.161700   -3221.5701      89.1076   -3347.0788      90.2336    0.7047     -39.5788     -35.6135 -0.554 -0.295  762 
   55126.499300     216.5750      88.6086     224.9204      89.5630    0.1007      -5.3389      -4.8704 -0.084 -0.052  762 
   55208.320800   -1610.6817      70.9914   -1695.6551      73.8730    0.7354      88.3885      73.3915  0.868  1.121  762 
   55273.273000   -5385.8287      98.4934   -5583.6409     100.1703    0.8775      72.6467      64.1004 -0.201  0.468  762 
   55536.300000    -353.9613      78.0995    -534.0624      79.8467    0.2268     -59.0723     -52.0098 -1.046 -0.636  762 
   55538.337000    -448.4360      67.0491    -657.0607      70.4684    0.2993     -12.9229     -10.7649 -0.848 -0.221  762 
   55540.344900    -666.2066     129.9582    -835.4332     130.4374    0.1464     237.2533     227.2326  0.484  1.030  762 
   55599.209300     194.4955     108.1364      71.4876     108.6595    0.0548     112.5022     107.5224 -0.399  0.495  762 
   55603.167400     419.3449     162.2245     348.7367     162.4017    0.0961     232.1366     226.7262  1.417  1.499  762 
   55679.255600    -893.8099      88.3168   -1009.7222      89.7086    0.2473      42.8258      37.7281  0.581  0.382  762 
   55924.445900     -38.5834      65.3552     113.2221      69.5079    0.0184     -54.7258     -44.4231  0.355 -1.125  762 
   55925.376900     222.1697      90.9039     245.2315      92.2038    0.1255      77.9628      69.7545  0.368  0.702  762 
   55926.310300     339.0749      62.7822     456.2535      66.7469    0.2720     -46.2913     -37.9040 -0.735 -0.825  762 
   55927.352700      39.7579      94.8058      92.7909      95.9154    0.0385       7.6616       6.9190  0.266  0.071  762 
   55969.118500    2256.0707      89.5636    2187.9229      90.1512    0.5573    -286.0975    -267.9903 -1.572 -1.833  762 
   56045.163000      92.5912     119.8179     105.8954     120.4188    0.0691     196.4733     183.5062  0.846  2.041  762 
   56215.481000     161.7720      85.9704     153.3762      87.5650    0.1491     127.5808     113.5698  1.429  1.555  762 
   56217.473300     235.5632     153.9986     134.5478     154.2878    0.0742     166.0106     161.8723  0.808  0.645  762 
   56301.279200   -2978.5813     113.4219   -3073.8771     114.3743    0.7808      -2.8568      -2.6514  0.086 -0.015  762 
