   54533.217500    -332.0260     107.7733    -472.8810     109.1506    0.1952    -173.0662    -159.0856 -0.548 -0.774  762 
   54534.351500     252.3138     109.8475     260.6253     111.1396    0.0836      24.5591      22.7531 -0.189  0.114  762 
   54535.302200     227.2496      96.0156     178.0784      98.5460    0.0997    -606.3788    -528.6071 -2.991 -3.387  762 
   54536.153800    1157.6391     104.4958    1153.3160     105.4727    0.2495     -52.0930     -48.4762  0.062 -0.296  762 
   54537.405900    -626.1626      95.9693    -884.1359      99.2435    0.2239      54.1501      45.7337  0.339  0.389  762 
   54538.193800     487.9249     154.9910     440.9782     155.6069    0.0691    -161.4363    -154.2356 -0.031 -0.817  762 
   54590.208800    -241.6608      83.8912    -514.7099      87.9246    0.2172     -54.5632     -43.9669 -1.110 -0.455  762 
   54792.430900      57.4934      95.4871     -80.1848      96.1652    0.0639    -286.7598    -266.7640 -2.340 -2.267  762 
   54793.510600     -98.2760     108.9947    -173.1979     111.3516    0.0728     -50.4059     -44.3125 -0.145 -0.332  762 
   54794.490600     212.3649     118.8901     139.2546     121.0069    0.0149    -215.8680    -191.5965 -2.289 -1.484  762 
   54860.202700     401.5422      97.9184     319.5603     100.7106    0.0644    -158.1078    -134.6930 -0.867 -1.127  762 
   54861.129900     347.6479     118.6036      96.2668     119.7100    0.0115     -37.4628     -34.7038 -1.086 -0.226  762 
   54912.161700     120.4713      91.6112      90.2190      94.6102    0.0690     134.8345     113.2883  0.728  0.978  762 
   55126.499300     481.3706      96.0622     519.6352      98.8259    0.2177     -48.1526     -41.0482 -0.706 -0.429  762 
   55208.320800     -99.2991      78.1189    -335.0355      84.8553    0.2765    -107.9725     -79.9487 -1.223 -1.216  762 
   55273.273000      86.3191      98.9243     -29.5295     102.4673    0.0334     -77.5537     -64.6172 -0.906 -0.487  762 
   55536.300000     243.6600      85.5435      13.4973      89.7307    0.0916    -308.3739    -243.5267 -2.258 -3.034  762 
   55538.337000      37.8491      74.1002      -2.6005      81.3911    0.0047      -9.2322      -6.7027 -0.654 -0.148  762 
   55540.344900     999.8037     132.1587     805.9132     133.4608    0.1545    -195.3335    -182.1245 -0.838 -0.828  762 
   55599.209300     777.6571     111.1413     585.2517     112.7466    0.0149    -684.0385    -629.3719 -3.032 -2.924  762 
   55603.167400    -546.3894     171.2415    -699.0951     171.8852    0.1534    -132.3791    -126.3525 -1.032 -0.798  762 
   55679.255600     494.0018      93.1065     425.2253      96.9037    0.1136    -101.4484     -82.9966 -1.197 -0.870  762 
   55924.445900     429.9735      71.0473      -6.7544      81.9416    0.0036      -6.9086      -5.0070 -0.774 -0.136  762 
   55925.376900      33.7383      98.7169    -171.4702     103.0258    0.1299    -195.5505    -159.6162 -1.086 -1.624  762 
   55926.310300     239.7027      71.8676      70.4508      80.8226    0.0426     -26.4837     -18.4533 -0.307 -0.408  762 
   55927.352700    -101.3308     102.6199     -74.6600     106.2754    0.1338    -272.8492    -225.4836 -2.608 -2.356  762 
   55969.118500      65.9986      97.4779     -62.3983      99.5971    0.0256     -46.7669     -41.1856 -0.855 -0.273  762 
   56045.163000     428.6709     125.4603     397.5957     127.5873    0.0711    -168.2309    -148.5311 -2.208 -1.715  762 
   56215.481000    -206.2995      96.2415    -121.5167     100.3373    0.0230      86.6668      71.0888  0.859  0.947  762 
   56217.473300    1153.3237     158.9698     901.3137     159.8467    0.2091     238.5674     228.6508  0.463  0.883  762 
   56301.279200    -158.0077     117.5510    -165.4480     119.6862    0.1517    -270.8719    -241.7676 -1.093 -1.330  762 
