   54533.217500     255.7816     121.5690     182.1248     122.4802    0.1169     276.8970     259.3291  1.330  1.272  762 
   54534.351500    -532.0938     128.2733    -700.3219     129.1810    0.1011     252.0510     238.2372  1.054  1.098  762 
   54535.302200    -276.8588     110.6281    -248.4711     112.1301    0.1366    -289.7267    -262.2147 -1.889 -1.623  762 
   54536.153800     386.3048     115.7353     231.5884     116.6248    0.0236    -356.6390    -333.0711 -1.636 -2.032  762 
   54537.405900     762.5225     101.4958     687.1324     103.5429    0.1825     -66.6190     -58.4593  0.092 -0.526  762 
   54538.193800   -1100.8813     169.0505   -1155.7357     169.5666    0.3804    -277.2823    -266.1536 -0.773 -1.380  762 
   54590.208800    1333.3961      90.1869    1418.8043      92.6071    0.4859     212.5205     180.3625  2.428  1.942  762 
   54792.430900     674.3746     100.7315     684.7319     101.0926    0.2444     736.7537     696.2122  5.500  5.689  762 
   54793.510600     146.4847     122.2023      99.9372     123.7236    0.0238    -183.6400    -166.3518 -0.866 -1.176  762 
   54794.490600    1240.8086     128.1164    1188.8786     129.4344    0.2990    -141.2969    -128.4960 -0.947 -0.970  762 
   54860.202700    -477.6570     109.6308    -683.4005     111.4741    0.2841    -390.1890    -343.9962 -2.502 -2.745  762 
   54861.129900    -199.8287     124.0980    -250.1747     124.8639    0.0770     -72.7348     -67.7813 -1.992 -0.461  762 
   54912.161700     781.6936     101.7075     695.5732     103.3137    0.1976     -30.7914     -27.1497  0.000 -0.223  762 
   55126.499300     912.8563     102.6486     900.4277     104.4115    0.4135      41.5960      36.2431  0.371  0.387  762 
   55208.320800     150.8352      84.1483      -2.6544      87.8003    0.0220     -44.1360     -35.1518 -0.456 -0.544  762 
   55273.273000    -206.8618     112.0401    -305.1324     114.1257    0.1141     -83.5465     -73.2062 -0.813 -0.531  762 
   55536.300000    1018.1956      91.2317    1087.3367      93.2301    0.3251    -149.0009    -125.8800 -0.638 -1.553  762 
   55538.337000     335.5002      80.7902     381.9006      83.9381    0.2247      38.0522      30.5064 -0.110  0.618  762 
   55540.344900    1068.3274     146.5866     980.7598     147.3822    0.2230     215.7750     204.7328  0.677  0.926  762 
   55599.209300    1370.2938     124.8984    1336.5783     125.8402    0.2884    -152.2830    -143.1693 -0.323 -0.666  762 
   55603.167400    1801.1110     169.4983    1790.2381     169.8970    0.2522    -406.5765    -389.4159 -2.729 -2.704  762 
   55679.255600    1505.3749     102.8457    1455.4869     104.9823    0.4838      46.8286      40.4279  0.659  0.394  762 
   55924.445900     176.4729      79.6035      52.2626      84.6834    0.0229      15.4274      12.2618  0.049  0.306  762 
   55925.376900     -89.9659     108.0676    -165.3457     110.6261    0.0160     240.1197     204.1533  1.973  2.058  762 
   55926.310300     437.9022      77.0878     348.7503      81.1626    0.2880      32.1315      24.9642  0.635  0.559  762 
   55927.352700     357.2575     110.6990     309.6660     112.9997    0.0298    -265.8713    -228.9355 -1.851 -2.368  762 
   55969.118500    -337.3848     106.6484    -328.1483     107.9473    0.0272     245.6618     220.8676  0.741  1.535  762 
   56045.163000     789.9494     134.6182     789.4028     135.9201    0.2122     -27.2183     -24.6572 -0.233 -0.267  762 
   56215.481000    -816.7249     103.0189    -865.6369     105.4637    0.3796     -23.4931     -19.9109 -0.425 -0.269  762 
   56217.473300     303.4364     171.2155     102.7317     171.9403    0.0348      85.9014      82.4997  0.095  0.336  762 
   56301.279200     -34.2636     131.2287    -107.2391     132.6861    0.1970    -418.4325    -383.0182 -1.970 -2.125  762 
