   54533.217500       0.0000       5.6364       0.0000       5.6364       nan       0.0000       0.0000  0.000  0.000  762 
   54534.351500     631.6481     118.0673     528.8204     119.4803    0.1151     -96.3030     -89.6469 -0.803 -0.453  762 
   54535.302200    -350.7224     105.3092    -254.2090     107.7155    0.1787    -458.7650    -405.2697 -2.454 -2.560  762 
   54536.153800    1564.4983     111.6727    1618.5849     112.5524    0.3137     254.3569     238.1448  1.833  1.428  762 
   54537.405900   -2715.8323     104.6063   -2914.6596     108.1261    0.4279     115.3930      96.2571  0.997  0.802  762 
   54538.193800    1375.9772     162.3514    1360.4106     162.9384    0.2759    -163.7532    -156.9275 -0.661 -0.824  762 
   54590.208800   -3098.3723      93.3480   -3345.9765      97.3109    0.5457     -71.2235     -57.1770 -0.883 -0.570  762 
   54792.430900    2188.0884      97.6939    2147.6586      98.3467    0.3781     122.4002     113.6097  2.109  0.974  762 
   54793.510600    2479.1110     113.8559    2599.4675     115.9329    0.5185      58.9624      52.2336  0.699  0.397  762 
   54794.490600    2041.1150     123.5794    2141.7702     125.5835    0.4664      42.1191      37.4351  0.741  0.293  762 
   54860.202700      34.1478     103.9940      24.0172     106.9045    0.0268      76.8508      65.8307  0.601  0.556  762 
   54861.129900     532.5429     124.1487      74.9136     125.5150    0.0044     -47.2344     -43.9594  0.469 -0.287  762 
   54912.161700     913.9766      97.3247    1019.4130     100.2673    0.3704     367.2798     309.8211  2.074  2.698  762 
   55126.499300   -1022.7003     103.0997   -1073.9276     106.2754    0.3863     107.6744      91.2487  0.778  0.943  762 
   55208.320800   -2609.6603      86.1564   -2665.5761      92.9539    0.7587     138.4843     100.7097  1.487  1.530  762 
   55273.273000      -5.8027     106.9838      87.9400     110.3597    0.0786     282.9056     237.0232  1.695  1.798  762 
   55536.300000    3406.7100      87.8031    3227.2031      92.1426    0.7294      92.6229      75.0730  0.725  0.940  762 
   55538.337000    2651.7406      76.4823    3046.9984      83.6097    0.7829     -19.0898     -14.1096  0.078 -0.314  762 
   55540.344900    3100.0033     141.1167    3019.2238     142.2418    0.5509     141.4922     132.7894  1.034  0.606  762 
   55599.209300   -1303.4454     121.7050   -1472.2717     123.4301    0.2544     540.0970     499.2584  2.235  2.335  762 
   55603.167400   -2067.0342     177.2354   -2215.8344     177.9810    0.3066     224.8976     213.9957  2.023  1.357  762 
   55679.255600     240.8403     100.5370     288.1490     104.2615    0.0714      82.9954      67.2614  0.917  0.698  762 
   55924.445900   -3997.2571      82.0683   -4777.4114      93.7646    0.6784     131.1056      87.8520  1.246  2.416  762 
   55925.376900   -3143.9992     108.0909   -3181.8066     112.5864    0.7335     146.5633     117.9959  1.093  1.203  762 
   55926.310300   -2405.7388      79.9215   -3027.6192      90.4562    0.8236     117.6124      80.0424  2.079  1.769  762 
   55927.352700   -3396.7226     111.1004   -3380.9713     115.4416    0.7354     223.7440     182.2143  1.555  1.923  762 
   55969.118500   -2207.1765     106.6307   -2346.8937     108.9833    0.4977     385.5102     339.9633  2.358  2.237  762 
   56045.163000   -3482.2894     134.1597   -3550.6959     136.7992    0.6063       8.6098       7.4044  0.201  0.085  762 
   56215.481000      67.5819     103.2443      64.9084     107.5729    0.0345    -175.2147    -144.7734 -2.192 -1.869  762 
   56217.473300     884.9711     171.6121     541.5333     172.6880    0.1992     808.7641     775.9586  2.867  2.992  762 
   56301.279200   -2947.3869     130.3969   -3191.5204     133.0492    0.7503      34.0007      30.5871 -0.270  0.166  762 
