   54533.217500    -875.5537     122.3052   -1072.9571     123.9481    0.2267     204.5870     186.6959  0.591  0.919  762 
   54534.351500     248.3298     126.9254     213.8748     128.3499    0.0777      90.2630      83.7435  0.260  0.398  762 
   54535.302200    -158.5400     111.2450    -174.3202     113.7753    0.0399      27.7763      24.2332  0.216  0.153  762 
   54536.153800     164.1892     116.0675    -102.4921     117.5401    0.0129      43.0550      39.3985 -0.014  0.241  762 
   54537.405900   -1583.3854     106.3145   -1675.4140     109.5393    0.3894     260.2677     220.2185  1.038  1.929  762 
   54538.193800    -473.6005     167.8007    -555.4164     168.6349    0.1138     126.7241     120.0419  0.412  0.630  762 
   54590.208800    -531.3973      94.7806    -680.5182      98.6667    0.2377      70.1800      56.6068  0.985  0.602  762 
   54792.430900      78.3520     102.5681    -144.7770     103.3137    0.1679    -890.3315    -822.0469 -5.887 -6.753  762 
   54793.510600    -209.0311     123.3724    -272.9095     125.8105    0.0913      -8.9189      -7.8480 -0.231 -0.056  762 
   54794.490600    -775.5787     131.9856    -883.3284     134.2669    0.2600    -217.2750    -191.9228 -0.901 -1.447  762 
   54860.202700     773.1271     110.5496     642.0273     113.2778    0.2483      92.6122      79.4426  0.327  0.640  762 
   54861.129900     218.7136     127.0566     106.3902     128.2528    0.0955     455.0220     419.1838  2.555  2.757  762 
   54912.161700     -49.5198     104.5661      51.2807     107.1750    0.0365    -187.3762    -158.9641 -1.599 -1.320  762 
   55126.499300       0.5076     106.5974    -158.9170     109.6568    0.1253    -150.4588    -126.9965 -0.686 -1.333  762 
   55208.320800    -638.1657      89.4751    -750.2236      95.0239    0.3404     -85.8923     -64.6617 -0.947 -0.972  762 
   55273.273000    -147.6173     113.8110    -342.2965     117.2803    0.2023    -294.6875    -247.9302 -1.441 -1.813  762 
   55536.300000    -782.6156      96.1633   -1088.6507     100.1851    0.3529      23.7877      19.0233 -0.096  0.231  762 
   55538.337000    -140.3561      85.1559    -198.1169      91.0137    0.1365     -77.8997     -58.5954 -1.071 -1.194  762 
   55540.344900    -293.0561     147.5061    -511.7783     149.0874    0.0677     237.0361     219.5704  0.916  0.992  762 
   55599.209300    -170.1237     127.0319    -628.5628     129.0584    0.2078    -544.8257    -498.7688 -2.562 -2.301  762 
   55603.167400    -365.9666     176.3712    -476.3779     177.1427    0.0111     560.5731     530.2508  2.363  3.477  762 
   55679.255600    -460.2666     105.9913    -497.4351     109.3469    0.1183      46.5321      38.1277 -0.231  0.382  762 
   55924.445900    -884.3802      85.0981    -939.5786      92.9751    0.2418      19.3475      14.1652  0.509  0.352  762 
   55925.376900    -574.1596     111.8236    -667.0704     115.7593    0.3150    -106.1884     -87.0836 -1.049 -0.870  762 
   55926.310300    -288.0983      83.4288    -323.7009      90.4530    0.2463    -119.4156     -86.3841 -1.771 -1.849  762 
   55927.352700    -664.6256     114.8606    -706.4360     118.5251    0.2563     113.7012      94.2320  0.673  0.963  762 
   55969.118500    -472.7321     109.6551    -702.5557     112.0278    0.2159    -182.9641    -159.4900 -1.822 -1.081  762 
   56045.163000    -856.6075     137.3108    -864.9902     139.4561    0.2212      61.3149      53.9264  0.638  0.594  762 
   56215.481000     356.6484     105.7903     399.3001     109.7259    0.2579     256.6067     211.2965  2.384  2.825  762 
   56217.473300     778.7961     173.2135     564.1600     174.3110    0.0707    -193.1928    -183.5467 -0.781 -0.725  762 
   56301.279200     488.2812     131.9704     414.0976     134.3857    0.1797      83.0743      73.9560  0.772  0.410  762 
