   54533.217500    -284.9196     116.1246    -421.3079     117.1284    0.0838     109.2344     101.9495 -0.242  0.508  762 
   54534.351500    -283.7629     123.1821    -432.5151     124.1521    0.1761    -237.9343    -224.0991 -1.082 -1.057  762 
   54535.302200    -724.1738     105.7169    -892.2388     107.6009    0.2547     -20.7065     -18.5263 -0.123 -0.118  762 
   54536.153800    -538.0737     111.4278    -641.1903     112.3145    0.1615    -126.7212    -118.1932 -0.853 -0.735  762 
   54537.405900     204.2578      98.6403     -70.3602     101.1931    0.0192       6.4271       5.6255  0.043  0.050  762 
   54538.193800     197.7205     162.7986     166.4666     163.2696    0.0005    -175.2256    -168.4057 -1.363 -0.890  762 
   54590.208800     634.7253      86.8012     459.5091      90.0469    0.1321     -86.7879     -72.7835 -0.873 -0.799  762 
   54792.430900    1395.9253      98.7303    1289.3603      99.1964    0.1684    -400.1115    -376.9186 -2.776 -3.112  762 
   54793.510600     430.1104     117.6016     310.0372     119.2857    0.1011      55.4682      50.1006  0.254  0.360  762 
   54794.490600    1423.3743     125.0035    1283.1605     126.5593    0.2888    -236.0329    -214.3312 -1.599 -1.621  762 
   54860.202700     434.6873     104.9413     324.4827     106.8902    0.1127      53.0295      46.8441  0.276  0.379  762 
   54861.129900    -369.4731     122.3994    -500.8911     123.2252    0.0653     178.6470     166.7611  0.404  1.111  762 
   54912.161700    -336.0325      98.8434    -484.6028     100.9350    0.1980    -210.1866    -183.8598 -2.000 -1.532  762 
   55126.499300     605.7719      99.5969     637.8187     101.7604    0.2892     -11.9350     -10.3949 -0.254 -0.111  762 
   55208.320800    -793.7905      81.9744   -1128.4776      87.5782    0.4943     -29.5741     -23.1740 -0.846 -0.358  762 
   55273.273000     556.1489     106.6581     492.1762     109.0161    0.2020     130.7960     114.4309  0.846  0.840  762 
   55536.300000    -563.7099      89.8664    -819.0513      93.2275    0.3248    -196.3078    -161.7498 -0.959 -2.000  762 
   55538.337000    -787.2085      78.7156    -972.6149      84.8287    0.4439       4.9607       3.8083  0.029  0.080  762 
   55540.344900     440.0333     142.0698     253.6630     143.0925    0.1213     224.5646     211.2189  1.078  0.960  762 
   55599.209300    -486.0755     121.8480    -589.9410     122.9422    0.1879     -33.5625     -31.3466 -0.437 -0.145  762 
   55603.167400     811.4243     170.4593     686.5484     170.9688    0.1322      49.5115      47.4034  0.171  0.316  762 
   55679.255600     845.2888      98.4178     545.2891     101.4869    0.1470     -25.9260     -22.0729 -0.287 -0.224  762 
   55924.445900    1013.6701      73.9407     658.9905      82.9540    0.1879      71.3634      55.8126  0.975  1.433  762 
   55925.376900    -165.3947     104.1537    -167.4966     107.1774    0.0024     203.9192     173.6176  1.230  1.758  762 
   55926.310300     -27.3287      74.5858    -209.7503      82.4671    0.1512     -45.6012     -34.4493 -0.899 -0.766  762 
   55927.352700    -120.8587     107.6545    -306.1778     110.7700    0.1390     -61.8119     -52.9164 -0.802 -0.547  762 
   55969.118500     907.3051     102.8241     830.1473     104.3070    0.1735    -280.1450    -251.3800 -1.696 -1.730  762 
   56045.163000    3170.0496     128.0715    3273.5209     129.4847    0.6809     177.9208     162.3113  0.686  1.809  762 
   56215.481000     975.6299      97.7605    1058.1395     101.0482    0.4990     133.7345     113.1481  1.107  1.562  762 
   56217.473300    1975.5988     166.4315    1868.2615     167.0378    0.3941      82.4954      79.4157  0.001  0.317  762 
   56301.279200     -71.5346     126.0081     -82.2624     127.5642    0.1133    -235.5388    -214.3312 -0.955 -1.205  762 
