   54533.217500       0.0000       5.6246       0.0000       5.6246       nan       0.0000       0.0000  0.000  0.000  762 
   54534.351500       0.0000       5.7307       0.0000       5.7307       nan       0.0000       0.0000  0.000  0.000  762 
   54535.302200       0.0000       4.8254       0.0000       4.8254       nan       0.0000       0.0000  0.000  0.000  762 
   54536.153800    2701.8957     115.5564    2531.9576     116.4591    0.4609     474.8372     446.0997  2.663  2.657  762 
   54537.405900    3580.7199     100.0682    3848.8578     101.7314    0.5060      95.3092      84.1059  1.275  0.743  762 
   54538.193800    4491.7831     167.8554    4468.8417     168.2816    0.7794    -157.9776    -152.6968 -1.148 -0.776  762 
   54590.208800       0.0000       3.5288       0.0000       3.5288       nan       0.0000       0.0000  0.000  0.000  762 
   54792.430900       0.0000       4.1437       0.0000       4.1437       nan       0.0000       0.0000  0.000  0.000  762 
   54793.510600       0.0000       4.4599       0.0000       4.4599       nan       0.0000       0.0000  0.000  0.000  762 
   54794.490600       0.0000       4.3149       0.0000       4.3149       nan       0.0000       0.0000  0.000  0.000  762 
   54860.202700    3971.0014     106.4673    4067.5256     108.1184    0.7498    -351.4079    -316.4076 -2.179 -2.486  762 
   54861.129900    3376.2562     122.2037    3222.5047     123.0414    0.4507     195.3616     182.9698 -0.595  1.238  762 
   54912.161700    3799.3547      99.8311    3956.3735     101.5280    0.7784     650.3932     578.7341  4.624  4.688  762 
   55126.499300    2554.5815     102.0830    2797.5720     104.0499    0.6674     287.1372     251.6382  2.151  2.628  762 
   55208.320800       0.0000       2.9048       0.0000       2.9048       nan       0.0000       0.0000  0.000  0.000  762 
   55273.273000    2752.0286     110.1896    2888.9837     112.2303    0.5693     402.2942     355.0732  2.020  2.535  762 
   55536.300000     298.4594      92.0427     416.7352      95.2224    0.1470      28.9177      24.2792  0.499  0.293  762 
   55538.337000     260.8748      81.7231     376.8669      87.2996    0.1885      32.0548      25.1330  0.469  0.489  762 
   55540.344900    1467.8321     146.8059    1261.9565     147.8551    0.4098    1030.1683     974.3191  3.929  4.354  762 
   55599.209300    2450.0804     124.3572    2244.7987     125.5364    0.3781     162.5034     151.7692  1.034  0.702  762 
   55603.167400    3669.8795     167.9038    3658.7541     168.3541    0.4333     -87.1522     -83.6073 -1.386 -0.582  762 
   55679.255600     743.8052     104.9011     868.0004     107.1378    0.2005     362.0820     309.8557  2.919  2.926  762 
   55924.445900       0.0000       2.3246       0.0000       2.3246       nan       0.0000       0.0000  0.000  0.000  762 
   55925.376900     721.3344     107.6013     921.4324     110.5014    0.3209     428.6888     365.0137  3.129  3.618  762 
   55926.310300     405.2787      77.6348     527.5514      85.2400    0.3248     220.3084     163.7855  3.382  3.551  762 
   55927.352700     444.1648     110.8081     523.3808     113.6071    0.1393       3.1602       2.7024  0.662  0.028  762 
   55969.118500    1175.4867     106.5132     928.4618     108.4295    0.2738     131.7706     118.0788  1.479  0.809  762 
   56045.163000   -1869.6196     138.3187   -1896.0117     139.8792    0.2311     140.3794     125.3659 -0.041  1.322  762 
   56215.481000    -845.0495     104.4531   -1096.0217     108.5240    0.4589    -360.8498    -303.6852 -3.631 -3.958  762 
   56217.473300    1771.4952     170.1639    1588.1039     170.9483    0.2583     186.5870     178.9668  0.614  0.725  762 
   56301.279200   -1218.5151     133.0041   -1347.1486     134.9491    0.4529     -31.2954     -28.4556 -0.319 -0.154  762 
