   54533.217500     -88.0879     113.5165    -272.0176     114.3014    0.0565      58.9446      55.3493  0.370  0.271  762 
   54534.351500     513.1692     117.2609     413.5024     117.9207    0.1400      84.4052      79.8529 -0.203  0.388  762 
   54535.302200     704.6551     100.6109     584.2986     101.7762    0.2146     154.8196     140.9685  0.646  0.897  762 
   54536.153800    -609.0707     109.3175    -801.5916     109.9652    0.1699      75.4414      71.0329  0.380  0.436  762 
   54537.405900    -359.0226      97.2153    -547.1774      98.9130    0.1914     -79.6196     -70.7209 -0.195 -0.615  762 
   54538.193800    -571.1054     160.3028    -600.2577     160.6303    0.1271     153.0226     147.6465  0.650  0.780  762 
   54590.208800    -763.4610      85.3451   -1088.2390      87.5285    0.3072      98.2251      84.3571  0.726  0.891  762 
   54792.430900    -746.9873      96.8088    -905.0867      97.1704    0.2338    -498.0552    -472.3670 -5.139 -3.976  762 
   54793.510600    -733.0789     113.4134    -802.3410     114.4474    0.2528     -26.1575     -23.9011 -0.510 -0.176  762 
   54794.490600   -1125.0057     121.8459   -1194.6433     122.9128    0.2297     219.3309     201.2465  0.544  1.550  762 
   54860.202700     524.4578     100.3152     461.8106     101.5164    0.1766      43.0985      38.7277 -0.215  0.320  762 
   54861.129900    -256.5453     120.4678    -308.7980     120.9199    0.0576      27.9132      26.4403 -0.166  0.174  762 
   54912.161700    -334.6506      94.4123    -415.2725      95.6813    0.1826    -249.6782    -222.6302 -1.452 -1.897  762 
   55126.499300    -187.5427      96.8247    -267.9358      98.2440    0.1389     -40.6951     -36.2399 -0.267 -0.384  762 
   55208.320800    -615.5736      77.6939    -762.9214      81.2328    0.4021     -20.0724     -16.4100 -0.043 -0.253  762 
   55273.273000     522.4361     102.3261     299.1508     104.0565    0.0309    -230.5399    -204.7459 -1.695 -1.530  762 
   55536.300000    -784.3205      85.4339    -974.0732      87.6590    0.3252       8.6258       7.3289  0.070  0.092  762 
   55538.337000    -509.2739      73.0666    -583.9421      77.2364    0.2877     -24.4989     -19.6593 -0.343 -0.427  762 
   55540.344900       5.9185     139.2021    -191.3568     139.8733    0.0884    -208.2836    -197.1117 -0.915 -0.897  762 
   55599.209300    -225.8860     118.3188    -332.1314     119.0802    0.1719    -399.4115    -375.5140 -1.762 -1.745  762 
   55603.167400     191.6796     170.4059      56.2462     170.7564    0.0610     285.5833     275.4945  2.019  1.795  762 
   55679.255600     237.8939      94.6006     126.1132      96.4768    0.0216     -58.7377     -51.4221 -0.474 -0.529  762 
   55924.445900     577.5684      69.4885     400.7905      75.6301    0.1532      67.6132      55.0364  0.564  1.471  762 
   55925.376900    -331.6225     100.1602    -406.8532     102.0870    0.1377       2.3771       2.0728  0.168  0.021  762 
   55926.310300    -164.7460      70.1680    -236.1933      75.4483    0.1570     -19.5151     -15.3680 -0.668 -0.345  762 
   55927.352700    -467.8405     103.3256    -486.5840     105.0574    0.1346     137.1898     120.5639  0.989  1.262  762 
   55969.118500      25.0236     100.2738    -110.9847     101.2704    0.0857    -240.3480    -220.0758 -1.197 -1.489  762 
   56045.163000      84.1621     125.8736      64.2754     126.8946    0.0360      53.4857      49.2254  0.371  0.559  762 
   56215.481000     929.5104      93.9608     943.3473      95.9673    0.4030     134.7896     118.3577  1.297  1.601  762 
   56217.473300    1658.1580     165.2140    1504.9544     165.6489    0.2939     -10.5246     -10.1821  0.074 -0.040  762 
   56301.279200    -214.2998     122.5411    -225.0322     123.5026    0.1393     -58.8129     -54.4010 -0.300 -0.302  762 
