   54533.217500       0.0000       5.6455       0.0000       5.6455       nan       0.0000       0.0000  0.000  0.000  762 
   54534.351500   -3874.7969     291.6484   -2460.6843     301.4864    0.1921   -3517.2301   -3275.3469 -16.741 -16.068  762 
   54535.302200       0.0000       4.7255       0.0000       4.7255       nan       0.0000       0.0000  0.000  0.000  762 
   54536.153800   -6664.3543     251.0874   -5835.9100     258.5098    0.5011   -2461.7552   -2250.0516 -13.734 -13.414  762 
   54537.405900   -8629.8661     225.7827  -10116.0748     234.5217    0.4974   -1318.1668   -1223.3299 -11.843 -10.237  762 
   54538.193800   -5616.2734     317.5685   -5046.3360     325.6010    0.6200   -2887.5332   -2694.3771 -15.562 -13.973  762 
   54590.208800   -6963.2786     207.4143   -8193.3622     215.8227    0.3943   -1084.3004    -991.5137 -10.393 -9.915  762 
   54792.430900   -4349.3572     166.3329   -5103.7540     170.2200    0.3800   -1032.5131    -973.0425 -8.036 -8.163  762 
   54793.510600    -994.6488     259.9473   -1180.4645     269.8498    0.1920    -751.8075    -677.5619 -5.273 -5.032  762 
   54794.490600     516.4308     254.5540     401.9227     263.3634    0.0645   -1157.8260   -1068.3073 -8.220 -8.221  762 
   54860.202700    -220.9840     230.5459    -385.4505     239.2505    0.1263    -691.0802    -629.7555 -5.396 -5.200  762 
   54861.129900    5757.5378     245.5635    4980.7748     253.0020    0.2215    -724.4949    -675.1071 -4.002 -4.399  762 
   54912.161700   -2466.9927     218.8690   -2712.0558     226.8973    0.3405    -507.8134    -465.5156 -4.361 -3.961  762 
   55126.499300    -736.8383     207.7944    -503.5415     214.7784    0.1108    -204.9399    -187.1480 -2.596 -1.924  762 
   55208.320800    -724.0101     173.7241   -1083.9074     179.8988    0.2120    -140.1823    -126.8546 -2.612 -1.905  762 
   55273.273000    -158.2919     250.6757    -545.7637     260.3482    0.0524    -288.4928    -261.1055 -2.057 -1.942  762 
   55536.300000    -975.6036     181.1293   -1395.7603     186.3551    0.1906    -120.0371    -109.6060 -1.597 -1.347  762 
   55538.337000     101.7961     148.4668      38.7920     152.3902    0.0037     -77.2097     -70.5219 -0.368 -1.495  762 
   55540.344900   16137.2998     318.6992   14066.1508     328.1304    0.4481   -4651.6655   -4366.6844 -21.229 -19.743  762 
   55599.209300    4709.6360     296.8386    3945.6831     307.0043    0.2414   -1170.7062   -1089.4241 -5.272 -5.050  762 
   55603.167400    4374.6311     292.8081    3434.1974     299.8223    0.2362    -207.0567    -196.2048 -1.413 -1.259  762 
   55679.255600   -4100.1258     210.8230   -4100.0858     217.6416    0.1920     -74.7929     -68.6785  0.516 -0.691  762 
   55924.445900       0.0012       2.2195       1.1844       2.2426    0.0014       0.0000       0.0000  0.445  0.000  762 
   55925.376900     258.0511     228.3642     120.0128     237.1610    0.0172    -256.5001    -233.1305 -1.526 -2.344  762 
   55926.310300     228.8533     151.9272     122.3254     156.3279    0.0297      60.0652      54.3320  0.209  1.173  762 
   55927.352700     275.9091     227.0931     193.9201     235.1035    0.0125    -320.9618    -291.8765 -2.445 -3.034  762 
   55969.118500    -443.0848     242.0327    -398.2434     251.0286    0.0180     245.4095     225.0806  1.763  1.488  762 
   56045.163000   -1426.5085     232.5896   -1669.8132     238.2669    0.1908     -61.0618     -56.7667 -0.812 -0.635  762 
   56215.481000    -304.1467     204.5598    -143.0069     211.3370    0.0175       8.6805       7.9819  0.639  0.102  762 
   56217.473300   35093.1002     366.6645   32947.6124     377.0574    0.7693   -6365.9131   -6094.7926 -24.136 -23.564  762 
   56301.279200    6207.1307     306.4347    6428.2505     317.5256    0.6378   -1294.9338   -1199.3395 -5.721 -6.470  762 
