   54533.217500    -379.4491     125.6737    -513.3429     126.6551    0.1433    -127.3806    -119.4698 -0.280 -0.573  762 
   54534.351500    -145.0918     127.5139    -303.3679     128.4922    0.1325    -369.1139    -348.3844 -2.260 -1.707  762 
   54535.302200     175.9192     111.8771      40.5122     113.2978    0.0099      -4.8925      -4.4494  0.520 -0.028  762 
   54536.153800    1163.2700     117.3766     991.9730     118.0202    0.0945    -458.8454    -433.0025 -1.687 -2.600  762 
   54537.405900    2225.0815     104.0117    2196.3414     105.5888    0.5401     103.5715      92.4625  0.339  0.784  762 
   54538.193800    2121.2863     167.9360    2103.5954     168.3254    0.4449    -267.8350    -258.4033 -1.768 -1.347  762 
   54590.208800     183.8167      93.6552    -216.6289      95.8702    0.0953    -166.9941    -145.3107 -1.072 -1.479  762 
   54792.430900    1499.1525      99.9264    1352.7156     100.3325    0.1430    -569.0903    -539.1813 -5.890 -4.546  762 
   54793.510600    1305.0460     120.1930    1282.7290     121.3014    0.2521    -351.8332    -324.3386 -1.772 -2.411  762 
   54794.490600    -467.2390     129.3091    -495.2580     130.5246    0.1471     -88.5454     -80.9800 -1.196 -0.626  762 
   54860.202700    1719.5838     107.8868    1659.0105     109.1837    0.4415    -247.9265    -222.9020 -1.704 -1.848  762 
   54861.129900     537.5327     128.1333     386.7298     128.7745    0.0098    -353.4256    -332.5991 -2.037 -2.175  762 
   54912.161700    1222.4601     101.7633    1125.1049     103.2607    0.2988    -225.1966    -200.5371 -1.320 -1.714  762 
   55126.499300     986.6676     103.9526    1038.7098     105.3304    0.3625    -156.3637    -140.3539 -1.774 -1.461  762 
   55208.320800    -142.0781      84.7504    -239.7415      88.4062    0.1643     -60.7156     -49.9978 -0.348 -0.763  762 
   55273.273000    -211.9608     112.3794    -349.7908     114.1902    0.1335    -159.1432    -141.3805 -0.725 -1.056  762 
   55536.300000   -1037.4121      92.9963   -1241.1991      95.4760    0.3494      -2.7360      -2.3209 -0.437 -0.029  762 
   55538.337000     -31.6071      79.0443    -321.5272      83.9971    0.1363     -12.6814     -10.1456 -0.808 -0.220  762 
   55540.344900    1275.0263     149.6254    1209.2517     150.3557    0.2405     -61.2173     -58.0494 -0.646 -0.263  762 
   55599.209300    1323.2835     128.3774    1190.0865     129.3796    0.2418    -112.8481    -106.1642 -0.211 -0.493  762 
   55603.167400     768.9204     177.5650     653.4953     177.9430    0.0630    -238.7751    -229.9045 -1.959 -1.482  762 
   55679.255600    1883.4381     101.6042    1766.0912     103.5563    0.4721     -53.0539     -46.7123 -1.424 -0.476  762 
   55924.445900    1342.7918      74.6838     928.7490      81.8283    0.2354     -16.3089     -13.4327 -0.755 -0.360  762 
   55925.376900     -30.2172     108.8336     -96.4728     110.9878    0.0986    -168.9625    -147.4008 -1.582 -1.495  762 
   55926.310300    1320.4743      75.7582    1279.9608      81.4720    0.7194      87.0175      69.3707  1.131  1.536  762 
   55927.352700    1620.9858     110.0793    1576.8260     111.9400    0.4512      36.4935      32.1706 -0.159  0.337  762 
   55969.118500    1157.8676     109.8334    1034.8524     110.8910    0.1617    -398.9657    -365.4862 -2.894 -2.432  762 
   56045.163000    -464.6912     133.4546    -573.4498     134.7875    0.2094    -168.6159    -153.5166 -2.066 -1.738  762 
   56215.481000   -1307.8404     105.0709   -1258.7401     107.3062    0.4462      -4.7440      -4.1386 -0.357 -0.054  762 
   56217.473300    3228.4467     177.8966    3147.1560     178.4344    0.4647     -51.8198     -50.0501  0.035 -0.194  762 
   56301.279200    -694.2041     136.1088    -752.5255     137.3773    0.3601    -213.7553    -197.2921 -1.162 -1.073  762 
