   54533.217500       0.0000       5.6250       0.0000       5.6250       nan       0.0000       0.0000  0.000  0.000  762 
   54534.351500       0.0000       5.4760       0.0000       5.4760       nan       0.0000       0.0000  0.000  0.000  762 
   54535.302200       0.0000       4.7154       0.0000       4.7154       nan       0.0000       0.0000  0.000  0.000  762 
   54536.153800   -1034.5422     126.3100   -1080.0441     126.8042    0.3412    -934.5965    -886.1921 -5.926 -5.262  762 
   54537.405900    -700.6703     113.5800    -926.9709     114.9705    0.4585    -905.1450    -806.3540 -8.929 -6.807  762 
   54538.193800    -483.4050     178.0713    -520.6084     178.4159    0.3616   -1119.3933   -1081.3178 -5.190 -5.595  762 
   54590.208800    -964.1112     101.7478   -1199.0001     103.1834    0.4336    -359.0262    -315.5271 -5.326 -3.171  762 
   54792.430900     723.2673     103.8476     626.6778     104.1513    0.0285    -807.3779    -763.8581 -8.861 -6.449  762 
   54793.510600    1189.4424     129.0158    1125.0378     129.8544    0.1792    -461.1229    -426.1319 -3.661 -3.170  762 
   54794.490600      61.5209     136.6664      -2.1730     137.5087    0.0354    -153.7060    -141.3262 -1.021 -1.096  762 
   54860.202700    1345.9637     116.0152    1250.0427     116.9985    0.2872      21.6371      19.5711 -0.420  0.162  762 
   54861.129900    1728.6090     134.2165    1623.7448     134.6830    0.2489    -195.0257    -184.9989 -0.577 -1.209  762 
   54912.161700     866.3175     109.9488     809.7250     111.0404    0.1794    -248.6138    -222.9304 -1.921 -1.909  762 
   55126.499300      94.5862     111.6313      63.1456     112.6769    0.0456    -197.4613    -176.8983 -2.271 -1.841  762 
   55208.320800    -319.6697      91.1134    -427.5042      93.0788    0.1873      41.2753      34.7691  0.616  0.535  762 
   55273.273000     963.5861     121.3232     827.0917     122.5450    0.1691    -259.7516    -234.1306 -1.530 -1.750  762 
   55536.300000     354.0257      98.4547     235.4514      99.8458    0.0570     -87.9234     -75.7333 -0.941 -0.947  762 
   55538.337000      72.0598      83.7798      28.6634      85.8911    0.0407      79.7840      66.5713  1.431  1.463  762 
   55540.344900    -470.0019     163.4586    -601.9262     164.0633    0.2598    -928.0430    -886.1382 -3.251 -4.008  762 
   55599.209300    -556.1007     141.2398    -622.3889     141.8962    0.0279     518.7679     492.5802  2.021  2.285  762 
   55603.167400     158.2984     183.5232     147.8263     183.8053    0.0306      19.3704      18.6779  1.366  0.121  762 
   55679.255600    1212.4098     109.7639    1150.2288     110.8625    0.2637    -175.0492    -155.0869 -2.308 -1.572  762 
   55924.445900       0.0000       2.1772       0.0000       2.1772       nan       0.0000       0.0000  0.000  0.000  762 
   55925.376900   -1144.2654     117.2855   -1144.9828     118.7037    0.3277     285.6837     251.2352  1.830  2.554  762 
   55926.310300    -501.3546      83.1438    -606.1880      85.6857    0.2889      75.8855      62.4558  1.308  1.412  762 
   55927.352700    -632.8086     119.1908    -704.9927     120.5314    0.1917      60.2694      53.1540  0.052  0.559  762 
   55969.118500      36.1717     119.6996     -18.3923     120.5614    0.0252     -96.1363     -88.4892 -1.161 -0.588  762 
   56045.163000    1733.2283     137.7748    1766.1575     138.4026    0.3890    -101.6217     -93.7604 -1.246 -1.058  762 
   56215.481000     456.7090     111.4083     414.5840     112.7233    0.0905    -158.0090    -139.9179 -1.329 -1.827  762 
   56217.473300   -1838.6529     195.3626   -1993.0390     195.8532    0.3430    -146.2142    -141.6248  2.775 -0.549  762 
   56301.279200    1083.6644     148.1772    1044.0500     149.0188    0.2113    -355.3409    -332.7535 -1.917 -1.799  762 
