   54533.217500    -665.6145     125.0406   -1098.4218     126.9389    0.2646    -428.8871    -394.7767 -1.563 -1.879  762 
   54534.351500    1842.9806     124.8654    1753.2663     126.3975    0.2762    -323.9940    -300.7706 -1.561 -1.486  762 
   54535.302200    1950.5747     110.8600    1992.5174     113.3735    0.6018     625.4029     549.9146  3.164  3.442  762 
   54536.153800    1017.7742     118.1217     868.0583     119.4225    0.1224    -260.5966    -239.2351 -1.616 -1.426  762 
   54537.405900     466.2188     108.5500     175.5810     111.8899    0.0168    -285.7724    -240.0788 -2.620 -2.000  762 
   54538.193800     444.8522     168.6341     436.9387     169.4064    0.0334    -597.6479    -567.1448 -2.654 -2.948  762 
   54590.208800    -986.1261      98.3685   -1420.4302     102.4896    0.4047     -63.7625     -51.2805 -0.786 -0.513  762 
   54792.430900   -1090.4186     102.4414   -1286.3040     103.2785    0.2904    -485.1085    -444.4457 -3.337 -3.752  762 
   54793.510600    -470.6132     123.4024    -587.1654     126.0477    0.1401     115.3432     100.4939  0.631  0.751  762 
   54794.490600    -476.7702     132.0845    -582.0252     134.4258    0.1587    -111.2672     -97.2468 -1.091 -0.751  762 
   54860.202700     480.4260     111.5626     279.4502     114.4936    0.0657     -11.8310      -9.9583  0.194 -0.083  762 
   54861.129900    1038.1664     129.7170     685.2910     131.0872    0.0476    -453.9944    -416.1785 -2.841 -2.699  762 
   54912.161700       8.9267     105.2328    -152.0156     108.4165    0.0716    -111.2397     -92.9480 -0.824 -0.798  762 
   55126.499300     -55.9779     108.9942     -80.3430     111.6784    0.0743    -134.1954    -112.7152 -1.362 -1.165  762 
   55208.320800    -755.7619      91.7647    -776.3368      96.3756    0.3761     -58.0850     -42.9522 -0.734 -0.651  762 
   55273.273000    2652.7959     112.9911    2681.6195     116.0095    0.6448    -162.5992    -136.8503 -1.164 -1.024  762 
   55536.300000   -1094.1368      97.7869   -1422.2052     101.6640    0.4214     104.8651      82.1045  0.122  1.018  762 
   55538.337000     436.2818      85.2949     198.7758      90.0186    0.0709     -55.1578     -40.4990 -0.856 -0.886  762 
   55540.344900    -890.7230     150.5154   -1094.9330     152.1291    0.3115    -493.7021    -456.9435 -1.871 -2.067  762 
   55599.209300    -128.3905     128.6507    -299.8270     130.4874    0.1833    -450.2012    -412.5114 -1.901 -1.909  762 
   55603.167400    -674.2599     180.8639    -870.2550     181.6785    0.1655    -279.3392    -263.7825 -1.926 -1.673  762 
   55679.255600    1042.4000     106.5673     793.8689     110.2586    0.1742    -208.3925    -169.4620 -1.732 -1.731  762 
   55924.445900    1143.8210      84.1988     822.9410      90.3654    0.2138      19.1209      13.8863 -0.573  0.373  762 
   55925.376900     274.4631     113.1063     299.4449     116.7365    0.0972     -53.2761     -43.2657 -0.961 -0.437  762 
   55926.310300    -361.4586      85.2413    -491.8304      90.4060    0.3121      18.6861      13.2566 -0.032  0.293  762 
   55927.352700     100.5176     116.1094      94.2843     119.5868    0.0049     -99.6105     -81.4699 -1.042 -0.851  762 
   55969.118500    -752.6210     112.6227    -785.8241     114.7884    0.2017     -73.0409     -63.9146 -0.251 -0.421  762 
   56045.163000    -439.8495     137.9700    -498.4610     140.2929    0.1830     -93.8535     -81.5514 -0.697 -0.924  762 
   56215.481000     151.8652     109.7147     211.3439     112.9020    0.0968      36.9936      30.3932  0.543  0.395  762 
   56217.473300     -35.6581     178.3660    -212.0899     179.3927    0.0512     -54.5753     -52.1092 -0.252 -0.201  762 
   56301.279200     463.8901     136.0206     451.9738     138.2223    0.0454    -380.4769    -340.9422 -1.721 -1.843  762 
