   54533.217500     657.1492     115.4774     620.7171     116.4256    0.0920    -243.7105    -233.3519 -1.761 -1.155  762 
   54534.351500     732.6655     122.9982     628.8700     123.8991    0.0719    -326.7463    -315.3691 -1.418 -1.437  762 
   54535.302200    1453.8551     102.6471    1402.8480     104.2191    0.3555     -13.2901     -12.3410  0.281 -0.077  762 
   54536.153800    -201.4136     110.7394    -305.9671     111.5718    0.0944    -175.2185    -165.9602 -0.287 -1.019  762 
   54537.405900    1545.6298      94.3568    1700.2484      96.0104    0.3620    -330.4249    -298.6782 -2.255 -2.706  762 
   54538.193800    -286.7964     163.7726    -315.5207     164.2189    0.1794    -355.6667    -345.6463 -1.875 -1.796  762 
   54590.208800    1402.8766      83.5306    1442.3671      86.0607    0.3483    -374.3696    -323.7420 -2.974 -3.547  762 
   54792.430900       0.0000       4.1383       0.0000       4.1383       nan       0.0000       0.0000  2.596  0.000  762 
   54793.510600     507.2082     116.4752     487.4390     117.7855    0.0050    -507.6163    -472.2901 -3.360 -3.290  762 
   54794.490600       0.0000       4.3311       0.0000       4.3311       nan       0.0000       0.0000  0.005  0.000  762 
   54860.202700     388.2113     103.3686     354.1566     104.9435    0.0423    -233.5709    -212.0465 -1.895 -1.670  762 
   54861.129900     790.7255     119.2083     732.9214     119.9038    0.0631    -484.6708    -459.0789 -3.978 -3.116  762 
   54912.161700     201.2519      96.4547      82.1053      98.1678    0.0095     -49.7395     -44.9581 -0.165 -0.365  762 
   55126.499300     242.2585      97.5010     242.7827      99.4188    0.0851     -47.3649     -41.9987 -0.398 -0.448  762 
   55208.320800       0.0000       2.8986       0.0000       2.8986       nan       0.0000       0.0000  0.000  0.000  762 
   55273.273000     335.3868     105.2714     283.4626     107.2706    0.0756     -72.4451     -65.2895 -0.441 -0.469  762 
   55536.300000      80.6126      87.2552     146.1529      89.6942    0.0048    -187.9771    -160.3713 -1.649 -1.948  762 
   55538.337000    -294.8584      77.0112    -308.1968      81.6575    0.1491     -34.9061     -27.8661 -0.591 -0.547  762 
   55540.344900    1429.8369     141.5625    1344.9309     142.3714    0.1404    -652.4605    -627.8267 -2.242 -2.836  762 
   55599.209300     257.0429     120.4077     199.4453     121.4236    0.0373    -406.1203    -387.2473 -1.923 -1.791  762 
   55603.167400    1543.5495     165.4985    1552.9982     165.8489    0.1671    -544.9211    -528.2182 -3.206 -3.657  762 
   55679.255600     476.4038      97.6313     328.8514      99.9915    0.0688    -100.7130     -88.6046 -1.465 -0.860  762 
   55924.445900    1600.7702      72.3579    1631.6866      79.0456    0.4627      35.6387      29.0086  0.231  0.703  762 
   55925.376900     103.8265     101.6780      13.0139     104.3494    0.0504    -182.5372    -158.9341 -2.258 -1.586  762 
   55926.310300     376.1268      71.9224     218.4904      78.3601    0.1111     -58.0611     -45.0626 -1.080 -0.980  762 
   55927.352700      52.7489     104.7151     -48.1692     107.2598    0.0821    -217.2546    -191.3891 -2.005 -1.953  762 
   55969.118500     496.7268     100.4494     443.9220     101.8964    0.2069     264.8194     242.8393  1.466  1.687  762 
   56045.163000    1025.1150     129.3901     937.7185     130.7495    0.2192    -108.3837     -99.8450  0.081 -1.071  762 
   56215.481000     155.7134      96.0436     121.8799      98.9508    0.1064     142.5816     122.2357  1.671  1.658  762 
   56217.473300    1851.1187     164.7240    1718.7132     165.4729    0.2570      21.8386      21.2379  0.196  0.087  762 
   56301.279200     948.7102     123.3597     867.8428     124.8921    0.3213      80.8054      75.4254  0.721  0.420  762 
