   54533.217500       0.0000       5.6078       0.0000       5.6078       nan       0.0000       0.0000  0.000  0.000  762 
   54534.351500    1532.5014     132.7299    1328.5398     134.5481    0.1919    -280.4543    -260.3583 -1.139 -1.283  762 
   54535.302200    1105.1638     118.5143     918.4831     121.7240    0.3036     587.9110     515.3137  2.626  3.234  762 
   54536.153800     -62.3779     123.6231    -269.6702     125.2892    0.0539     -48.8789     -44.7903 -0.670 -0.268  762 
   54537.405900    -466.4044     113.7505   -1051.8289     118.4637    0.2348     129.4436     107.5886  0.391  0.918  762 
   54538.193800     -47.1363     174.6395    -148.8270     175.7122    0.0866    -182.5229    -172.6211 -0.400 -0.901  762 
   54590.208800    -108.7973     102.6515    -978.0754     108.1103    0.2280      71.3953      57.0863  0.371  0.581  762 
   54792.430900    -398.8691     105.2072    -802.9033     106.4377    0.2700    -924.9059    -839.3578 -7.593 -7.147  762 
   54793.510600    -537.9389     129.4129    -789.9674     132.8437    0.2414    -180.9295    -156.9932 -1.539 -1.174  762 
   54794.490600    -773.4288     137.5573   -1068.1365     140.9516    0.2746    -129.4760    -112.3344 -0.659 -0.877  762 
   54860.202700    -869.6056     117.8700   -1133.8993     121.8539    0.3514    -177.0457    -148.3174 -1.494 -1.241  762 
   54861.129900   -1696.2230     135.2602   -2149.6945     137.1237    0.3377    -103.2592     -93.7328 -0.926 -0.615  762 
   54912.161700    1743.9427     109.7396    1702.7187     113.5322    0.5153     124.8137     104.0030 -0.180  0.898  762 
   55126.499300    -820.4328     114.0664    -859.7112     118.1185    0.3115      63.0885      52.2303 -0.135  0.548  762 
   55208.320800      56.9586      94.8729    -191.5256     102.8768    0.0852      35.8923      26.2435  0.632  0.407  762 
   55273.273000    2017.9386     119.7515    1953.7171     124.0362    0.4850    -149.0487    -125.2131 -0.728 -0.943  762 
   55536.300000    -477.5384     102.1292    -822.9619     107.7249    0.2495       0.2865       0.2214  0.168  0.003  762 
   55538.337000    -415.6741      89.9819    -897.0913      99.0951    0.3069     -75.8575     -53.3236 -0.694 -1.191  762 
   55540.344900     391.4375     157.5097      81.7010     159.3938    0.0575    -450.9829    -417.4767 -1.893 -1.897  762 
   55599.209300    2508.2324     134.9146    2331.3065     136.8344    0.3260    -717.8924    -661.9325 -2.752 -3.085  762 
   55603.167400    -108.0120     183.7751    -266.6916     184.8266    0.0302     116.5064     109.4618  0.859  0.709  762 
   55679.255600    2890.6409     110.4542    2644.1101     115.3141    0.5711     -49.2126     -39.9891 -0.212 -0.411  762 
   55924.445900    1693.2443      85.4313     764.8942      98.1874    0.1715      85.2253      61.1199  1.513  1.692  762 
   55925.376900     433.3535     118.2109     381.3959     123.5128    0.1828      97.9160      79.0124  1.152  0.809  762 
   55926.310300      15.8755      88.1848    -447.7543      98.8693    0.2165      38.7997      26.5628  0.695  0.607  762 
   55927.352700    -365.9911     121.3409    -587.7716     126.6940    0.1226     244.4679     197.4374  1.448  2.091  762 
   55969.118500    -966.9591     118.5654    -938.9520     121.2024    0.1868     130.1045     113.4849  0.718  0.758  762 
   56045.163000    1266.5747     141.5177    1167.1872     144.8676    0.2785    -128.2588    -110.6092 -1.243 -1.265  762 
   56215.481000     731.3302     114.2896    1068.7035     119.2614    0.3478      17.0619      13.8108 -0.253  0.182  762 
   56217.473300    1826.2777     186.1168    1528.2231     187.3737    0.1192    -729.6041    -696.4964 -3.157 -2.704  762 
   56301.279200    -786.5429     144.6786    -720.7453     147.3797    0.3240    -233.1787    -208.6712 -1.226 -1.136  762 
