   54533.217500       0.0000       5.6683       0.0000       5.6683       nan       0.0000       0.0000  0.000  0.000  762 
   54534.351500       0.0000       5.5129       0.0000       5.5129       nan       0.0000       0.0000  0.000  0.000  762 
   54535.302200       0.0000       4.7413       0.0000       4.7413       nan       0.0000       0.0000  0.000  0.000  762 
   54536.153800   -1489.6156     138.0780   -1610.5020     139.0144    0.3966   -1280.3001   -1207.4594 -6.820 -7.200  762 
   54537.405900    -274.3935     125.1850    -316.4700     127.3205    0.1944    -604.0297    -534.5123 -4.663 -4.514  762 
   54538.193800    -141.3227     190.2852    -231.5362     190.9275    0.2223    -930.1439    -895.1660 -4.115 -4.655  762 
   54590.208800    -136.7814     113.2174    -400.4147     115.6832    0.1811    -417.2023    -361.9872 -5.108 -3.619  762 
   54792.430900    -953.6106     110.9085   -1032.0017     111.5330    0.2587    -493.0341    -458.4557 -4.592 -3.859  762 
   54793.510600     171.3569     142.2743     150.6715     143.8636    0.0028    -179.3445    -163.5303 -1.560 -1.212  762 
   54794.490600     378.0500     148.8379     398.1760     150.3948    0.0711    -118.5940    -107.5046 -0.157 -0.832  762 
   54860.202700    -315.7611     129.2586    -400.8531     131.1339    0.0466     226.9578     200.8661  1.667  1.662  762 
   54861.129900     438.5980     145.6913     192.3904     146.7019    0.0174     -92.8465     -86.7814 -1.924 -0.568  762 
   54912.161700     902.4711     121.7750     764.6664     123.8530    0.2177      81.0637      71.3792  2.596  0.609  762 
   55126.499300     276.0464     122.8099     289.6058     124.7830    0.0993     -21.4532     -18.8211  1.172 -0.194  762 
   55208.320800     693.0107     102.8465     627.2928     106.3838    0.2764      21.9271      17.8368  1.704  0.269  762 
   55273.273000    1009.6629     134.7697    1013.5532     136.8140    0.2404      -5.2316      -4.6638  0.626 -0.035  762 
   55536.300000   -1130.3736     110.6963   -1297.8478     113.4215    0.3037     231.3334     192.2586  1.719  2.377  762 
   55538.337000    -305.6130      96.4896    -348.2707     100.6036    0.1003      78.3244      61.9633  2.072  1.320  762 
   55540.344900    -231.8647     178.1243    -407.9447     179.1584    0.2800   -1272.7943   -1210.1745 -6.352 -5.485  762 
   55599.209300    1815.8627     155.2209    1735.3717     156.2129    0.3127    -108.4340    -102.8902  0.144 -0.479  762 
   55603.167400     881.7072     193.6452     803.1930     194.2476    0.1512      63.4930      60.5917  0.384  0.393  762 
   55679.255600    1709.1672     121.4084    1683.1007     123.6543    0.3222      89.9909      78.2334  0.925  0.786  762 
   55924.445900       0.0000       2.2207       0.0000       2.2207       nan       0.0000       0.0000  0.000  0.000  762 
   55925.376900     455.8072     129.6762     465.6031     132.2163    0.1942     123.2245     106.4210  1.023  1.074  762 
   55926.310300     611.1216      95.2793     500.1439     100.0513    0.2759     -63.2500     -49.7772 -1.314 -1.086  762 
   55927.352700     791.5910     131.2711     844.9722     133.6034    0.2437      83.1122      72.0267  0.750  0.751  762 
   55969.118500    1009.7183     131.4005     986.7772     132.7742    0.2131      92.6321      84.5608 -0.250  0.563  762 
   56045.163000     669.2379     150.2261     692.8512     151.9182    0.2160     213.4398     191.5587  4.414  2.140  762 
   56215.481000     161.3354     124.3798      96.3059     127.0251    0.0035    -124.7039    -106.9936 -1.306 -1.375  762 
   56217.473300    3380.7873     210.2672    2676.2232     211.1075    0.0719   -1510.4432   -1456.1248 -6.427 -5.652  762 
   56301.279200      51.7394     163.7933      -5.2201     165.2791    0.0259     102.9704      95.7177  0.471  0.518  762 
