   54533.217500  -16535.1932     175.1228  -15638.5758     184.6654    0.7815     254.3466     209.9573  0.920  1.022  762 
   54534.351500       0.0000       5.3103       0.0000       5.3103       nan       0.0000       0.0000  0.000  0.000  762 
   54535.302200  -15175.9541     166.4486  -11425.8913     180.1905    0.4672     137.7095     103.3725  0.853  0.676  762 
   54536.153800       0.0000       4.7275       0.0000       4.7275       nan       0.0000       0.0000  0.000  0.000  762 
   54537.405900  -11431.5845     158.4635   -9247.7150     176.9696    0.5172     567.2560     394.1959  3.453  3.269  762 
   54538.193800       0.0000       5.1600       0.0000       5.1600       nan       0.0000       0.0000  0.000  0.000  762 
   54590.208800   -5284.7232     145.9651   -1196.0441     163.4349    0.0555     814.0956     527.9199  5.210  5.391  762 
   54792.430900   13081.2049     126.3692   14909.5630     132.0927    0.7960    1199.2222     955.7515  7.514  8.285  762 
   54793.510600   14916.8302     164.3783   16510.5715     179.2150    0.9209     455.3724     336.7939  2.069  2.596  762 
   54794.490600   15795.8123     173.6363   17384.7559     188.2566    0.9214     281.7620     208.3346  1.680  1.633  762 
   54860.202700      98.0778     159.9955     301.1377     177.9917    0.0540     -34.8223     -23.4110 -0.498 -0.200  762 
   54861.129900   -2426.0191     173.4901   -2811.7800     182.6104    0.3139    -377.3416    -301.2006 -1.705 -1.971  762 
   54912.161700  -11474.7490     155.5751  -15831.5565     177.4872    0.6237     -95.9442     -62.3781 -0.745 -0.551  762 
   55126.499300  -18461.8076     162.9004  -19838.8774     182.7216    0.7781     535.0392     351.1768  3.173  3.661  762 
   55208.320800  -16234.2439     145.0432  -23561.0523     178.4769    0.6622     113.1898      59.0676  0.708  0.894  762 
   55273.273000   -9717.0517     168.3224   -9676.2908     189.5888    0.6065    -320.5455    -213.6416 -1.228 -1.642  762 
   55536.300000  -18623.8697     152.2184  -18696.5913     174.9449    0.9035     -67.8425     -39.1147 -0.851 -0.491  762 
   55538.337000  -16315.2077     138.9010  -18119.2414     171.5054    0.8245      46.7126      22.4490  0.683  0.517  762 
   55540.344900  -18871.8633     204.3451  -19624.2725     215.7591    0.7694   -1645.1095   -1354.6780 -6.265 -6.213  762 
   55599.209300   -8090.4805     180.0028   -7719.5917     190.4920    0.4980    -457.2949    -373.8598 -1.249 -1.752  762 
   55603.167400   -8578.2215     226.2668   -8889.5816     233.6424    0.7516    -286.8858    -244.7368 -3.001 -1.513  762 
   55679.255600    -811.0475     152.8728    -239.2707     175.0371    0.0066     267.4294     166.3990  1.131  1.800  762 
   55924.445900   14435.3984     118.3316   19507.0163     155.3595    0.7216       0.0000       0.0000  0.266  0.000  762 
   55925.376900   16493.9832     158.5478   18712.7344     179.3712    0.9208     192.8461     123.4934  0.842  1.265  762 
   55926.310300   13815.5250     126.4594   18278.2628     158.0313    0.8650      26.8454      12.9680  0.759  0.286  762 
   55927.352700   16992.5118     161.7619   18114.5370     182.9060    0.9249     260.9732     167.3527  2.134  1.761  762 
   55969.118500   23940.2135     150.7382   24958.3140     162.2762    0.9092     736.9386     551.3984  3.313  3.597  762 
   56045.163000   17484.9601     177.8805   17957.4235     194.9820    0.9372     166.8495     118.1922  0.966  1.405  762 
   56215.481000    2601.2833     161.2360    1788.1315     185.0186    0.3039    -207.4929    -128.4088 -1.161 -1.707  762 
   56217.473300   11293.3885     225.5987    9019.5408     233.2800    0.2956   -2868.2368   -2529.6905 -9.552 -9.760  762 
   56301.279200    9926.1643     184.8515    9310.3667     199.9435    0.7168    -345.2156    -267.2331 -2.050 -1.470  762 
