   54533.217500    -611.3309      93.2406    -678.6097      93.3754    0.0754     459.6089     449.8041  2.062  2.235  762 
   54534.351500    -350.7337     100.3010    -453.3220     100.4363    0.0417     315.6568     310.1002  1.722  1.435  762 
   54535.302200    -666.4827      80.5076    -734.5546      80.7401    0.2695      51.7587      49.8096  0.939  0.313  762 
   54536.153800    -728.9661      93.6321    -800.6987      93.7463    0.0960     495.0426     484.0780  2.904  2.992  762 
   54537.405900    -818.1210      77.7178    -880.8904      77.9743    0.2404     216.0724     205.7702  1.900  1.851  762 
   54538.193800   -1019.9276     146.4752   -1058.6271     146.5296    0.1794     508.2512     502.2724  2.734  2.632  762 
   54590.208800   -1827.4439      65.9784   -1897.9099      66.4456    0.6691     151.3204     139.7428  1.298  1.534  762 
   54792.430900    -179.9279      89.4414    -260.6776      89.4895    0.0269     131.0303     128.8744  0.070  1.049  762 
   54793.510600     216.7958      95.0207     141.9253      95.1819    0.1402     304.9631     296.6066  1.342  2.091  762 
   54794.490600     424.1586     103.8662     389.8041     103.9596    0.1777     144.1818     141.0896  0.527  1.055  762 
   54860.202700    -891.6943      83.4493    -948.6460      83.6624    0.2888     163.7190     157.1369  0.902  1.251  762 
   54861.129900   -1288.3037     105.2533   -1369.9702     105.3523    0.2664     207.0403     202.9661  1.105  1.359  762 
   54912.161700   -1758.0456      77.6934   -1854.4874      78.0153    0.5751     131.1623     124.4557  1.084  1.020  762 
   55126.499300     -33.0355      78.6140     -38.8694      78.7635    0.0410     128.0266     123.0913  1.621  1.312  762 
   55208.320800    -554.6521      58.1906    -580.9714      58.7252    0.3133      66.3089      60.4984  0.951  0.924  762 
   55273.273000   -1511.5334      83.5543   -1565.7555      83.8582    0.5462     153.6557     145.4844  0.847  1.054  762 
   55536.300000    -806.6328      68.1418    -851.2515      68.4765    0.3097      60.2767      56.7037  0.134  0.691  762 
   55538.337000    -753.3598      57.0277    -797.8624      57.6587    0.3537     113.1549     102.8590  0.889  2.064  762 
   55540.344900   -1049.2652     119.5909   -1220.5272     119.7913    0.0847     842.0467     826.2947  3.490  3.740  762 
   55599.209300   -1428.8147      98.0669   -1580.0742      98.2988    0.3261     304.6850     297.0214  1.363  1.370  762 
   55603.167400   -1273.7840     155.1041   -1383.9470     155.1995    0.2133     166.7441     164.3353  1.487  1.110  762 
   55679.255600   -1362.9212      78.4652   -1406.8882      78.7674    0.4469     139.2348     131.2661  1.248  1.301  762 
   55924.445900      87.6037      54.1664     111.1156      54.7717    0.0909     118.1404     106.5748  3.167  2.634  762 
   55925.376900     109.4844      78.8397      71.7832      79.0902    0.1514     293.2018     278.0024  2.711  2.784  762 
   55926.310300     394.7861      50.7107     436.3087      51.2334    0.2940      -5.9983      -5.4533 -0.137 -0.119  762 
   55927.352700     148.6351      83.0945     116.6838      83.2944    0.1002     119.5360     114.1541  1.362  1.167  762 
   55969.118500    -118.9403      80.2959    -214.3696      80.4797    0.0424      80.4270      77.9404  0.851  0.538  762 
   56045.163000    -708.7765     112.5139    -760.1623     112.6578    0.1857     159.5976     154.4548  2.036  1.686  762 
   56215.481000     379.2615      74.2954     348.8737      74.5624    0.1608     -44.8501     -42.6098 -0.702 -0.581  762 
   56217.473300     336.4633     141.7989     214.0581     141.9060    0.2281     826.6507     819.3205  3.343  3.307  762 
   56301.279200    -182.0676      98.3497    -233.9148      98.5284    0.0874      51.4957      49.9134  0.510  0.279  762 
