   54533.217500    -397.6191      90.4441    -472.9944      90.5115    0.0738     270.3761     267.3431  1.614  1.336  762 
   54534.351500     -25.8352      97.2458    -140.3523      97.3377    0.0909     459.5980     455.8525  1.942  2.122  762 
   54535.302200    -286.2177      76.6893    -359.7053      76.8133    0.1548      -2.9650      -2.9104 -0.202 -0.018  762 
   54536.153800    -140.3572      90.8545    -242.5526      90.9290    0.0414     398.5521     394.9808  2.276  2.460  762 
   54537.405900    -280.2264      74.1550    -365.6867      74.2978    0.0648     183.8116     178.6031  1.881  1.614  762 
   54538.193800    -117.4449     143.8784    -150.2163     143.8986    0.0476     294.1499     292.8886  1.847  1.543  762 
   54590.208800     142.4157      60.0115      99.7135      60.1089    0.1237     171.2977     165.7860  1.603  1.831  762 
   54792.430900    -322.8303      87.7330    -381.8570      87.7544    0.0631      82.5816      82.2527  0.428  0.675  762 
   54793.510600     -42.7788      92.1754     -98.7181      92.2352    0.0226     165.5373     163.1373  1.657  1.159  762 
   54794.490600    -280.8598     101.6205    -316.8480     101.6714    0.1329     -57.3597     -56.6803 -0.114 -0.427  762 
   54860.202700    -255.5988      79.5900    -329.3621      79.7090    0.0821     109.2194     107.1396  0.978  0.859  762 
   54861.129900   -1199.3378     103.0725   -1258.0268     103.1234    0.2933     207.6486     205.2859  1.252  1.381  762 
   54912.161700    -745.7392      73.5014    -812.7670      73.6136    0.2998      15.7790      15.3630 -0.342  0.127  762 
   55126.499300   -1962.0305      77.3425   -2006.9119      77.5000    0.7077      77.0252      74.2641  0.962  0.799  762 
   55208.320800    -119.3004      53.3870    -150.6331      53.6309    0.0342     110.0530     104.3893  1.561  1.616  762 
   55273.273000     269.4798      77.9052     215.8898      77.9951    0.1644     205.4462     201.2980  2.093  1.469  762 
   55536.300000      34.0247      63.8041     -31.6198      63.9531    0.0030      25.3541      24.5063  0.547  0.303  762 
   55538.337000     249.0522      51.1217     225.3532      51.3443    0.1562      45.8493      44.0585  0.889  0.906  762 
   55540.344900    -743.8959     117.0158    -856.8467     117.1159    0.0406     709.3213     700.0237  3.441  3.184  762 
   55599.209300     165.0831      94.1030      39.9030      94.2201    0.0466     121.6095     120.4244  0.306  0.558  762 
   55603.167400       6.5647     152.4838     -79.6754     152.5249    0.0078     122.6601     121.9426  0.429  0.827  762 
   55679.255600    -117.7801      73.5729    -167.1531      73.6902    0.0462     289.1799     281.0981  2.293  2.813  762 
   55924.445900    -305.9110      50.0264    -326.2914      50.3927    0.1060      84.2677      78.6200  2.074  1.983  762 
   55925.376900    -201.8052      75.1870    -227.0566      75.2834    0.0167     200.1999     194.7497  1.580  1.968  762 
   55926.310300    -174.2834      46.7246    -190.0856      47.0966    0.1320      19.2612      18.0356  0.774  0.402  762 
   55927.352700     231.3563      79.3184     171.1180      79.4586    0.1166      88.4616      86.2099  1.234  0.889  762 
   55969.118500     305.6968      76.9023     209.4782      77.0073    0.1359     208.2255     204.4277  0.941  1.420  762 
   56045.163000     918.7978     107.9970     880.2233     108.0396    0.2826     -20.8204     -20.6330  0.209 -0.227  762 
   56215.481000    -130.4991      70.6652    -151.2496      70.7758    0.0849     -19.6808     -19.1370 -1.283 -0.265  762 
   56217.473300    -324.6567     139.8992    -486.9765     140.0188    0.0165     567.9426     566.6501  2.039  2.293  762 
   56301.279200      -9.6248      94.6243     -52.8564      94.6983    0.0713     -92.2908     -91.1107 -0.782 -0.514  762 
