   54533.217500    1168.1978      97.0316    1074.1105      97.2747    0.2424    -187.5040    -182.4822 -0.438 -0.929  762 
   54534.351500     273.0894     106.8286     160.7374     107.0707    0.1105     249.9815     243.5175  1.194  1.114  762 
   54535.302200    -256.4262      86.2857    -347.7828      86.7751    0.0330     262.6324     247.6649  1.074  1.577  762 
   54536.153800     171.0459      96.5051      78.3683      96.7073    0.0822     281.6780     273.4274  1.651  1.737  762 
   54537.405900     556.9953      81.5163     504.5313      81.9668    0.0888    -219.4824    -204.8717 -1.466 -1.895  762 
   54538.193800    -232.1389     149.9540    -276.9779     150.0668    0.1374    -172.5258    -169.4607 -0.444 -0.900  762 
   54590.208800      76.4521      69.1231     127.9096      69.7279    0.0256     -65.6507     -59.6805 -0.361 -0.683  762 
   54792.430900     250.9164      91.4615     154.0820      91.5662    0.1893    1019.8243     996.1456  7.117  8.088  762 
   54793.510600    -223.7618     102.0292    -310.0310     102.4348    0.0604     121.4535     115.4891  0.245  0.809  762 
   54794.490600     671.5361     109.5022     651.9521     109.7550    0.1907     -80.3226     -77.2341 -0.480 -0.575  762 
   54860.202700     344.3390      88.4770     300.5480      88.8781    0.0776     -74.6804     -70.7873 -0.771 -0.561  762 
   54861.129900     -61.7858     107.6775    -117.9655     107.8451    0.0043     138.0859     134.2198  1.210  0.915  762 
   54912.161700     555.1049      81.1194     488.4480      81.5470    0.2785     313.4588     295.1537  2.017  2.412  762 
   55126.499300      55.2461      83.1042      47.6590      83.5996    0.0889     130.1262     121.6713  0.871  1.327  762 
   55208.320800       0.0000       2.8843       0.0000       2.8843       nan       0.0000       0.0000  0.000  0.000  762 
   55273.273000     184.1042      88.4657     140.9354      88.9425    0.0631      41.6979      38.9321  0.157  0.282  762 
   55536.300000     271.6590      72.2614     282.9450      72.9097    0.0862     -49.7480     -45.8555 -0.380 -0.563  762 
   55538.337000      44.0125      61.7501      55.9521      63.3261    0.0261      -0.8369      -0.7375 -0.003 -0.015  762 
   55540.344900     243.4674     123.6843     107.3786     123.9395    0.1028     382.8578     373.5006  1.513  1.708  762 
   55599.209300     927.8365     102.1641     858.3240     102.4126    0.3073     137.4409     133.6124  0.815  0.619  762 
   55603.167400    -219.1383     156.3229    -295.0329     156.4297    0.0910    -238.8080    -234.4764 -1.855 -1.616  762 
   55679.255600    -640.7335      83.2891    -665.7505      83.8910    0.1959      27.9775      25.6515  0.895  0.256  762 
   55924.445900    -451.0761      60.5533    -447.4215      63.0428    0.1432      35.5129      30.5322  0.568  0.752  762 
   55925.376900    -419.3894      85.6729    -430.4177      86.3406    0.1140     160.9755     147.9171  1.573  1.491  762 
   55926.310300     -58.0141      57.0813     -44.1000      59.4106    0.0318      -4.6414      -3.9880 -0.503 -0.089  762 
   55927.352700     154.5877      89.2807     160.3257      89.7980    0.0931      58.8712      54.6545  0.496  0.560  762 
   55969.118500    -699.1564      85.3154    -792.4429      85.7793    0.1434     395.5890     372.9688  3.069  2.632  762 
   56045.163000    -224.5774     116.5086    -246.8888     116.8027    0.0467      92.4768      88.3667  0.781  0.965  762 
   56215.481000     132.2556      79.2615      50.6612      80.2272    0.0515      49.1018      44.8023  0.718  0.635  762 
   56217.473300     195.7386     145.9583      78.0318     146.1410    0.0524     158.5538     155.7229  0.945  0.643  762 
   56301.279200     152.3725     103.4891     127.5520     103.8586    0.0222    -184.5631    -176.5503 -1.346 -1.011  762 
