   54533.217500       0.0000       5.5678       0.0000       5.5678       nan       0.0000       0.0000  0.000  0.000  762 
   54534.351500   10397.5102     169.8969   10039.3653     172.5858    0.8572    -548.2317    -499.0446 -3.770 -2.274  762 
   54535.302200   11581.5872     149.5094   12211.3410     153.0733    0.8120     -69.2046     -59.8382 -0.739 -0.369  762 
   54536.153800   11590.0201     146.0121   11676.6344     148.5094    0.8725    -152.1602    -136.1784 -2.089 -0.833  762 
   54537.405900       0.0000       3.7975       0.0000       3.7975       nan       0.0000       0.0000  0.000  0.000  762 
   54538.193800   17061.4279     199.3999   17162.9703     200.9133    0.9537    -449.4854    -419.1012 -3.388 -2.170  762 
   54590.208800       0.0000       3.4615       0.0000       3.4615       nan       0.0000       0.0000  0.000  0.000  762 
   54792.430900       0.0000       4.1388       0.0000       4.1388       nan       0.0000       0.0000  0.000  0.000  762 
   54793.510600   -6473.1941     166.2371   -6380.7631     172.0620    0.7178    -186.0151    -156.6969 -1.866 -1.095  762 
   54794.490600       0.0000       4.3227       0.0000       4.3227       nan       0.0000       0.0000  0.000  0.000  762 
   54860.202700   -6224.1768     152.0237   -6437.7057     158.4025    0.8086    -725.6302    -588.0876 -3.733 -4.649  762 
   54861.129900   -3150.6009     158.7172   -3782.0815     162.2342    0.3450    -788.5126    -685.8422 -5.371 -4.705  762 
   54912.161700       0.0000       4.0542       0.0000       4.0542       nan       0.0000       0.0000 -0.551  0.000  762 
   55126.499300       0.0000       3.5109       0.0000       3.5109       nan       0.0000       0.0000 -0.336  0.000  762 
   55208.320800       0.0000       2.8847       0.0000       2.8847       nan       0.0000       0.0000  0.000  0.000  762 
   55273.273000  -12440.9850     161.5395  -13163.7978     169.7251    0.8275    -425.1566    -339.3986 -2.628 -2.444  762 
   55536.300000     -70.5281       8.7943  -19484.7206     143.2922    0.8627       0.0000       0.0000 -0.284  0.000  762 
   55538.337000  -18582.2809     125.3459  -23819.8218     146.3915    0.8496      54.8975      34.9522  0.743  0.693  762 
   55540.344900  -21938.6655     201.8912  -22756.3826     206.5435    0.8686    -667.9836    -591.7701 -4.107 -2.677  762 
   55599.209300   13784.1018     166.1754   13156.4862     169.3110    0.8261    -939.0814    -842.0616 -5.577 -3.918  762 
   55603.167400    8049.8680     197.9997    8268.6166     199.9573    0.4850   -1046.3720    -956.3387 -8.328 -6.738  762 
   55679.255600    9321.3045     138.0728    9868.9322     145.6788    0.8798    -129.9209    -102.6470 -1.232 -0.990  762 
   55924.445900    1848.6571     108.9656    1693.1973     133.1882    0.1621      70.6330      49.0855  0.655  1.197  762 
   55925.376900     861.6954     148.9841    1153.4104     158.3315    0.2840     -46.4989     -35.8885 -0.639 -0.360  762 
   55926.310300     810.5427     110.3842     891.8535     130.6984    0.3004     137.8257      89.9004  1.724  1.997  762 
   55927.352700    1042.1815     150.9845    1010.4218     160.4051    0.2027    -211.0397    -163.6298 -1.843 -1.683  762 
   55969.118500    2317.2285     144.9929    2131.0114     149.7057    0.3593     242.1524     201.7867  1.002  1.411  762 
   56045.163000   11206.2089     166.7735   11535.0395     172.8184    0.9001     -92.5134     -77.3445 -1.439 -0.827  762 
   56215.481000   21005.2663     129.2773   23178.3684     137.3045    0.8769    -157.2033    -122.8366 -2.559 -1.666  762 
   56217.473300   38497.0364     201.9151   37579.7290     203.8173    0.9365   -1179.5118   -1116.6750 -6.857 -4.607  762 
   56301.279200   22935.5389     167.7920   22883.3535     171.2560    0.9583    -453.7723    -400.2257 -2.442 -2.227  762 
