   54533.217500     413.8302     102.2782     223.5286     103.1632    0.0105    -194.1572    -181.7480 -0.896 -0.914  762 
   54534.351500    1161.3626     108.4776    1035.9016     109.1948    0.2273    -186.3769    -176.4933 -0.482 -0.834  762 
   54535.302200     247.5722      91.5316     153.4123      92.9652    0.0210     -99.7660     -89.4039 -0.787 -0.574  762 
   54536.153800    1138.3756     100.6043    1027.1121     101.2210    0.2152    -260.0348    -244.6839 -1.959 -1.541  762 
   54537.405900     342.1409      89.4430     289.4957      90.9021    0.0517    -114.3269    -100.3601 -0.636 -0.891  762 
   54538.193800     511.7747     151.9951     493.9835     152.3029    0.1442     -44.6793     -43.2071 -0.562 -0.230  762 
   54590.208800     253.3667      77.4057     162.8130      79.5163    0.0774      85.3061      71.4227  0.227  0.789  762 
   54792.430900       0.0000       4.0980       0.0000       4.0980       nan       0.0000       0.0000  0.000  0.000  762 
   54793.510600     486.1802     106.1188     419.5729     107.2163    0.1410      22.3881      20.4514  0.344  0.147  762 
   54794.490600    1187.8277     114.9444    1139.8076     115.8388    0.2803     -16.5454     -15.2435 -0.308 -0.114  762 
   54860.202700    1209.7166      93.5823    1220.2683      94.7758    0.4456     -55.4841     -49.9636 -0.777 -0.402  762 
   54861.129900       0.0565       4.6184      26.0963       6.1291    0.0326       0.0000       0.0000 -1.092  0.000  762 
   54912.161700     683.0806      87.3374     625.3152      88.6577    0.1762     -64.0644     -56.8583 -0.629 -0.471  762 
   55126.499300     544.1012      90.2049     488.5788      91.6040    0.2903     128.7256     114.2067  1.115  1.217  762 
   55208.320800     137.8473      72.5129     114.5915      75.4692    0.0393     -61.2040     -49.2403 -0.704 -0.745  762 
   55273.273000     659.7468      94.5158     561.4859      96.1852    0.0936    -297.8143    -260.7070 -1.456 -1.907  762 
   55536.300000     818.4490      79.4985     848.4189      81.1079    0.2885     -73.4730     -63.0690 -0.802 -0.767  762 
   55538.337000     208.1593      69.6350     222.9910      72.4964    0.0867     -55.2662     -44.6677 -0.736 -0.914  762 
   55540.344900     928.5684     127.5198     814.3997     128.1749    0.2406     135.1502     128.2432  0.754  0.583  762 
   55599.209300     212.8938     107.4478     -81.9269     108.5282    0.0377     -63.6418     -59.4056 -0.602 -0.273  762 
   55603.167400    -232.8777     164.4653    -360.2253     164.7927    0.0182     262.5410     253.2445  1.166  1.654  762 
   55679.255600     419.0677      88.7795     378.1057      90.4297    0.1111      26.5936      22.8274  0.645  0.232  762 
   55924.445900   -1074.7972      70.2717   -1063.9572      74.7426    0.2531      33.2519      25.6183  0.244  0.640  762 
   55925.376900     206.8480      93.0495     171.3839      94.9692    0.1361     173.2544     149.2728  1.094  1.496  762 
   55926.310300    -266.6110      67.2666    -394.4744      71.3422    0.2971    -121.6728     -94.4648 -1.584 -2.030  762 
   55927.352700      69.3213      97.4001      17.4424      99.1498    0.0637    -203.0836    -177.1172 -1.760 -1.805  762 
   55969.118500     752.5454      91.2064     692.5304      92.2219    0.1569    -145.3791    -131.9880 -1.046 -0.902  762 
   56045.163000    -144.4438     122.1826    -163.3382     123.0574    0.0573     -60.2197     -55.0294 -0.901 -0.612  762 
   56215.481000     -79.4142      88.3034     -67.7660      90.2116    0.0501     184.4264     159.5163  2.485  2.199  762 
   56217.473300     752.2294     151.5818     679.8299     151.9938    0.2438     385.7701     373.8989  0.633  1.484  762 
   56301.279200     719.8881     109.4246     692.9934     110.6086    0.4149     219.2239     201.0050  0.808  1.137  762 
