   54533.217500       0.0000       5.6148       0.0000       5.6148       nan       0.0000       0.0000  0.000  0.000  762 
   54534.351500    2346.5456     110.7771    2261.1702     111.9657    0.4246     -67.3384     -63.1832 -0.026 -0.320  762 
   54535.302200    2614.4082      97.4474    2616.1968      99.3671    0.5415    -438.1220    -393.0563 -2.090 -2.487  762 
   54536.153800    3940.6190     106.6316    3923.0643     107.3242    0.6355      63.4354      59.6553  0.142  0.357  762 
   54537.405900    2856.2309      95.7948    2735.3490      98.0323    0.6987     143.7443     125.8462  0.875  1.050  762 
   54538.193800    3201.4701     156.7155    3204.2768     157.1373    0.6562     -66.2548     -63.7705 -0.654 -0.335  762 
   54590.208800     205.8156      86.0557    -155.5412      89.1701    0.1128    -167.2719    -139.9989 -1.222 -1.398  762 
   54792.430900     443.7514      95.2379     388.5328      95.7248    0.1304     332.5365     311.4193  3.318  2.694  762 
   54793.510600    1002.5323     109.9315     894.1835     111.8582    0.2747     -99.8608     -88.9329 -0.573 -0.680  762 
   54794.490600    2301.1362     117.9368    2313.6539     119.4326    0.6147     203.8543     184.2184  1.047  1.455  762 
   54860.202700     -15.9556      99.4561    -185.4757     101.7879    0.0804    -103.2924     -89.0219 -1.325 -0.758  762 
   54861.129900     596.2605     120.1088     309.5311     121.0781    0.0576      21.8337      20.4410  0.453  0.134  762 
   54912.161700    -625.1494      93.5972    -957.3829      96.3229    0.2457      69.6933      59.3395  0.526  0.522  762 
   55126.499300    1663.6145      96.6960    1678.2480      98.6889    0.6102     -42.7320     -37.2917 -0.100 -0.389  762 
   55208.320800    -264.4952      78.9587    -327.7505      83.6944    0.1435     113.6919      87.1826  1.443  1.349  762 
   55273.273000     878.8862     100.2142     884.5052     102.8312    0.3116      80.1989      68.9052  1.082  0.527  762 
   55536.300000     401.0852      85.3829     419.1242      88.3783    0.1926     178.1620     145.1677  2.158  1.844  762 
   55538.337000    -250.8087      74.1435    -536.6875      79.7756    0.2576      -9.0366      -6.7209  0.723 -0.155  762 
   55540.344900     -31.8479     136.6058    -238.7628     137.7552    0.0217     136.5942     127.9182  1.452  0.584  762 
   55599.209300     685.3393     114.3527     526.2497     115.7368    0.2084     257.3970     238.2094  0.606  1.115  762 
   55603.167400     148.0273     172.7319      57.1369     173.1774    0.0600    -417.1625    -400.1518 -2.298 -2.534  762 
   55679.255600      83.9855      94.6243    -202.9815      97.7929    0.0223     148.3951     124.6649  1.048  1.310  762 
   55924.445900    1065.5105      70.0936     105.0793      78.6813    0.0257      24.8296      18.8735  1.333  0.541  762 
   55925.376900    -161.3037     100.3071    -187.2615     103.3875    0.0860     -17.0641     -14.2680 -0.027 -0.147  762 
   55926.310300     144.1459      72.5356     103.9037      78.7827    0.1124      38.6836      27.9448  0.515  0.640  762 
   55927.352700     789.1527     102.8252     702.0471     105.7718    0.2433     -16.3662     -13.7811 -0.509 -0.147  762 
   55969.118500    1007.9766      99.9772     989.1331     101.5341    0.1853    -359.0996    -322.1840 -1.246 -2.120  762 
   56045.163000    1403.2569     125.2045    1320.8915     126.8870    0.3707      -8.6792      -7.7731 -0.167 -0.091  762 
   56215.481000     214.9285      97.8217     297.0941     100.6290    0.1026     -96.7157     -82.0144 -0.933 -1.073  762 
   56217.473300    -323.4089     164.8402    -455.7150     165.5681    0.0459     700.6063     674.0776  3.006  2.599  762 
   56301.279200     150.3380     121.7673      82.7244     123.5800    0.0341    -196.1479    -178.4976 -0.731 -0.967  762 
