   54533.217500    1531.3870     106.0302    1485.0672     107.0235    0.4371     310.7197     289.3457  1.489  1.448  762 
   54534.351500    -178.6855     114.6304    -366.2461     115.6590    0.0308     528.9135     496.2498  2.141  2.272  762 
   54535.302200    1047.8118      96.5180     933.4178      98.4316    0.2669    -181.8790    -161.2183 -0.981 -1.014  762 
   54536.153800     431.0490     105.0228     341.3827     105.9403    0.1892     331.0708     306.9703  1.680  1.915  762 
   54537.405900     891.2772      91.9007    1009.6811      93.8142    0.3320     107.8364      93.7849  0.624  0.855  762 
   54538.193800     230.4060     156.7973     221.2661     157.2581    0.2246     555.0161     532.8752  2.515  2.798  762 
   54590.208800     955.8321      80.9066    1013.8464      83.6577    0.3974     102.4486      84.5294  1.184  0.946  762 
   54792.430900     261.5704      96.5183     216.6196      96.9122    0.1570     633.5579     598.0694  5.146  4.861  762 
   54793.510600     606.3223     111.3868     584.0054     112.8624    0.1774      43.2363      39.0134  0.288  0.274  762 
   54794.490600     288.3261     119.4530     322.4249     120.7239    0.0711     -76.3003     -69.2620 -0.703 -0.517  762 
   54860.202700     372.4227      98.9779     356.4130     100.7186    0.1581     137.6505     121.1620  0.685  0.961  762 
   54861.129900     346.6596     115.5464     237.7681     116.3483    0.0607      50.4819      47.0671 -0.382  0.319  762 
   54912.161700     135.1008      92.5399      40.7763      94.4807    0.0392      84.7381      73.6356  0.521  0.603  762 
   55126.499300     362.6658      94.2504     325.1787      96.3245    0.2066     164.7822     142.4827  1.458  1.541  762 
   55208.320800     468.1276      75.7868     598.5716      79.8283    0.3885     125.5680      98.2331  1.271  1.527  762 
   55273.273000     -42.4958     100.0942    -119.2185     102.4934    0.0267     215.6361     185.3635  0.825  1.341  762 
   55536.300000     574.2973      83.9508     601.7205      86.4744    0.2118      22.0439      18.2600  0.109  0.225  762 
   55538.337000     265.0918      74.2872     297.3574      78.6473    0.1511      -7.0718      -5.5204 -0.081 -0.112  762 
   55540.344900     400.1469     132.3990     300.0149     133.3441    0.1567     365.6963     343.3957  1.489  1.560  762 
   55599.209300     648.0329     110.9133     557.1743     112.0741    0.2301     405.5555     376.6230  1.725  1.739  762 
   55603.167400    1027.1242     162.7475     992.4873     163.1383    0.1615     -35.5492     -34.0691 -0.014 -0.234  762 
   55679.255600      96.1226      94.2774     141.8598      96.5809    0.1017     185.3187     156.4773  1.171  1.551  762 
   55924.445900    -259.3406      73.6130    -238.7575      79.4840    0.0626     104.9349      79.9550  1.533  1.997  762 
   55925.376900     424.1992      97.6780     367.0096     100.4802    0.1372      10.1010       8.5160 -0.064  0.086  762 
   55926.310300      -3.6547      70.7979      48.0543      76.4303    0.0233     -20.3404     -15.0867 -0.072 -0.338  762 
   55927.352700    -108.2055     101.8601    -175.9358     104.4391    0.0803      -9.5033      -8.0688  0.060 -0.083  762 
   55969.118500     -51.7321      95.4656    -184.3960      97.2013    0.0264     317.8762     281.2190  2.375  1.964  762 
   56045.163000    -392.9203     127.1423    -435.4970     128.5178    0.0746     220.7476     199.3182  1.542  2.173  762 
   56215.481000    -145.2990      93.1915    -272.8713      96.3520    0.1387     -34.6036     -28.7914 -0.002 -0.402  762 
   56217.473300     780.4787     153.9199     672.0015     154.5992    0.2017     356.4236     341.4640  1.183  1.395  762 
   56301.279200     -30.3859     115.2758    -163.5586     117.1690    0.0077     162.1227     145.7977  0.710  0.823  762 
