   54533.217500    9630.5759     122.0073    9401.6018     123.7441    0.9218    -113.9598    -104.7382  0.202 -0.507  762 
   54534.351500   10978.8594     123.6578   10914.9976     125.3217    0.9248      22.1068      20.5224  0.226  0.101  762 
   54535.302200   10882.8384     108.6772   11116.1649     111.4756    0.9379     605.6210     530.1434  3.115  3.350  762 
   54536.153800    9630.5755     116.2090    9541.4514     117.6984    0.8576    -172.3969    -158.6073 -0.952 -0.964  762 
   54537.405900    7060.4130     106.7317    6900.7817     111.2933    0.8872      41.0376      34.2648  0.223  0.293  762 
   54538.193800    7856.8091     167.6055    7871.5608     168.5059    0.8649      60.1843      57.0507 -0.354  0.300  762 
   54590.208800    4093.4228      97.6105    3548.3683     103.5270    0.7468     -45.3764     -35.7028 -0.278 -0.369  762 
   54792.430900    3334.6126     103.2863    3192.7154     104.4335    0.4512    -456.2409    -414.3958 -4.070 -3.495  762 
   54793.510600    4016.1612     124.4376    3970.6247     128.0334    0.7586    -197.1648    -170.5918 -0.938 -1.268  762 
   54794.490600    2670.4859     133.4559    2674.3015     136.9347    0.6188     275.8892     238.6256  1.273  1.840  762 
   54860.202700   -2121.4388     116.5823   -2427.3270     121.3082    0.5842    -100.3403     -82.1015 -0.734 -0.681  762 
   54861.129900   -1232.6786     132.7335   -1595.6362     134.7119    0.2448    -120.7562    -109.0742 -0.675 -0.716  762 
   54912.161700    2837.4877     106.9814    2827.5448     111.3950    0.6337    -169.3285    -139.1738 -0.723 -1.189  762 
   55126.499300     347.5464     111.6753     317.0697     116.4201    0.1092     -56.6924     -46.2598 -0.875 -0.484  762 
   55208.320800    3290.1662      91.5193    3704.6270     100.1756    0.7729     -37.9393     -27.2231 -0.575 -0.415  762 
   55273.273000    1110.4787     117.2371     827.6743     122.7277    0.2235    -120.4275     -98.6495 -0.883 -0.738  762 
   55536.300000   -2764.1354     102.4430   -3599.9535     109.8500    0.6809     -14.8582     -11.0829 -0.817 -0.138  762 
   55538.337000    -710.3985      89.6130   -1288.2971     101.1194    0.3994     -27.0739     -18.5024  0.106 -0.399  762 
   55540.344900     253.5363     152.7358     -44.6599     154.9427    0.1044    -706.5532    -648.8552 -2.538 -2.947  762 
   55599.209300    7297.2412     127.4250    7255.2589     129.3920    0.8368    -458.4239    -420.5446 -2.442 -1.954  762 
   55603.167400    7493.9105     178.6448    7244.0828     179.7470    0.7665      26.0887      24.6190  0.692  0.159  762 
   55679.255600     366.6590     109.6920     153.2086     115.7957    0.0195     -91.9672     -72.8071 -0.677 -0.747  762 
   55924.445900    1115.7261      85.0854    1010.0220     100.0979    0.2497      29.5865      20.5765  0.404  0.548  762 
   55925.376900     159.3064     116.4052     115.0958     122.8281    0.0181     -81.8593     -64.6223 -0.655 -0.656  762 
   55926.310300     403.6857      87.0251     108.8052     100.4372    0.0516     -36.3814     -24.3003 -0.838 -0.534  762 
   55927.352700     430.1567     119.1979     429.9712     125.2037    0.1593      63.0596      50.1885  0.296  0.525  762 
   55969.118500    4280.0825     112.5799    4283.0800     115.5241    0.7095    -453.2088    -392.2568 -2.940 -2.622  762 
   56045.163000    2098.5720     139.7935    2165.4690     143.5348    0.5726      26.0429      22.2445 -0.202  0.253  762 
   56215.481000     661.0907     112.6026     952.4646     118.8807    0.3394     162.8600     128.2254  0.968  1.689  762 
   56217.473300    1144.3346     180.0434     917.5314     181.4524    0.0927    -377.2406    -357.7384 -1.329 -1.391  762 
   56301.279200    -524.5050     139.1815    -584.3392     142.6935    0.2102      59.3260      52.1309  0.242  0.286  762 
