   54533.217500     -80.0602     111.2134    -187.9295     111.7475    0.1973    -525.2301    -501.8683 -2.889 -2.467  762 
   54534.351500     582.7549     115.1825     478.7624     115.6964    0.0424    -345.0442    -332.5350 -1.144 -1.604  762 
   54535.302200     -80.1373      97.3576    -174.1102      98.4367    0.0987     532.0448     491.5696  2.564  3.125  762 
   54536.153800     889.6386     105.7019     769.3962     106.1869    0.1087    -349.5941    -334.5259 -2.389 -2.060  762 
   54537.405900    -370.3153      93.4383    -634.6160      95.2348    0.1225     226.3574     201.9818  0.220  1.763  762 
   54538.193800     308.7222     157.5081     224.3506     157.7914    0.0540     -25.3795     -24.7358  0.363 -0.131  762 
   54590.208800     652.2355      80.3873     466.1672      82.4909    0.1883      77.9482      67.7739  0.247  0.723  762 
   54792.430900    -252.1152      95.4841    -358.3435      95.7975    0.1646    -641.2579    -612.8368 -4.941 -5.123  762 
   54793.510600     -80.1942     109.8303    -106.5250     110.7909    0.1276    -317.7346    -295.5858 -2.014 -2.166  762 
   54794.490600    -702.2588     119.0322    -756.9786     120.0076    0.1725      96.8120      89.8664  0.920  0.687  762 
   54860.202700    -369.7245      98.0964    -494.8766      99.4611    0.1652      14.0831      12.7409  0.248  0.105  762 
   54861.129900    -851.8674     118.3423    -996.8688     118.8358    0.1706     152.5373     145.3112  1.738  0.958  762 
   54912.161700      64.1793      91.1278     102.9161      92.2914    0.0371    -223.7231    -202.1337 -2.277 -1.710  762 
   55126.499300     243.7468      93.6713     187.7643      95.0994    0.0854      -6.7325      -6.0305 -0.760 -0.064  762 
   55208.320800     325.3270      74.3762     278.6866      77.7915    0.1258     -98.5691     -80.5320 -1.120 -1.237  762 
   55273.273000     812.8656      98.6784     744.2597     100.1569    0.2434     104.9121      94.8140  0.450  0.704  762 
   55536.300000     382.0259      82.1865     261.2417      84.3316    0.1344      89.1136      76.5179  0.331  0.949  762 
   55538.337000    -345.9267      71.1747    -514.9085      75.4252    0.2146      64.6555      51.5842  0.237  1.103  762 
   55540.344900   -1098.9880     137.5701   -1129.1341     138.0123    0.3070    -291.3014    -281.3485 -1.616 -1.278  762 
   55599.209300     299.9420     116.1823     166.4912     116.7832    0.1736    -959.0381    -918.7476 -5.099 -4.253  762 
   55603.167400    -541.6033     168.1954    -621.7784     168.4785    0.0685     272.4776     264.8394  1.234  1.726  762 
   55679.255600     345.7602      91.6942     284.9259      93.5249    0.1075      15.2487      13.4155  0.095  0.138  762 
   55924.445900     -80.6134      68.7757    -435.7608      75.2907    0.1591     -43.6647     -34.6249  0.404 -0.913  762 
   55925.376900    -410.6158      96.8730    -521.0785      98.9890    0.2124     -87.9755     -77.1749 -1.512 -0.783  762 
   55926.310300    -153.0785      68.4178    -193.0644      73.6536    0.2063    -100.8386     -78.6961 -1.720 -1.747  762 
   55927.352700     -95.8307     100.0263     -88.8083     101.8089    0.0228      38.8647      34.3858 -0.359  0.358  762 
   55969.118500    1762.6879      96.2183    1693.6505      97.0448    0.3718    -391.4868    -365.0362 -2.029 -2.471  762 
   56045.163000    -937.2779     124.4917   -1130.5718     125.7677    0.3366     -81.1964     -74.4350  0.471 -0.842  762 
   56215.481000     559.1594      91.4864     594.7680      93.5679    0.3124      90.1644      78.9698  1.054  1.069  762 
   56217.473300   -1279.9824     165.4724   -1356.9547     165.8023    0.3740    -507.7877    -497.3217 -1.828 -1.951  762 
   56301.279200      18.5467     118.9935      30.3590     119.8116    0.0558     114.2821     107.6222  0.200  0.598  762 
