   54533.217500       0.0000       5.6083       0.0000       5.6083       nan       0.0000       0.0000  0.000  0.000  762 
   54534.351500       0.0000       5.7267       0.0000       5.7267       nan       0.0000       0.0000  0.000  0.000  762 
   54535.302200       0.0000       4.8046       0.0000       4.8046       nan       0.0000       0.0000  0.000  0.000  762 
   54536.153800     743.8549     123.8795     746.8989     125.3830    0.2269     594.8531     543.7766  2.900  3.273  762 
   54537.405900       0.0000       3.8071       0.0000       3.8071       nan       0.0000       0.0000  0.000  0.000  762 
   54538.193800    1529.1367     176.6000    1514.2254     177.5923    0.2922    -351.8439    -334.0834 -1.365 -1.713  762 
   54590.208800       0.0000       3.4942       0.0000       3.4942       nan       0.0000       0.0000  0.000  0.000  762 
   54792.430900       0.0000       4.1210       0.0000       4.1210       nan       0.0000       0.0000  0.000  0.000  762 
   54793.510600       0.0000       4.4405       0.0000       4.4405       nan       0.0000       0.0000  0.029  0.000  762 
   54794.490600       0.0000       4.2944       0.0000       4.2944       nan       0.0000       0.0000  0.000  0.000  762 
   54860.202700    1999.0060     117.5540    1996.7009     120.7126    0.4593    -311.6852    -267.2264 -2.184 -2.125  762 
   54861.129900    1355.5911     130.5736    1333.0410     132.0664    0.1512    -135.5452    -123.3529 -0.428 -0.847  762 
   54912.161700     818.6834     111.2875     888.5045     114.5926    0.3551     462.5953     391.1151  3.233  3.205  762 
   55126.499300   -1787.8137     114.0030   -1728.1989     118.1158    0.4540     159.0279     130.7590  1.432  1.392  762 
   55208.320800       0.0000       2.8678       0.0000       2.8678       nan       0.0000       0.0000  0.000  0.000  762 
   55273.273000     792.0254     121.7885     936.6546     125.5995    0.2773      90.1446      76.5256 -0.056  0.553  762 
   55536.300000    -569.6658     101.9617    -122.3642     106.8219    0.0649    -165.0096    -130.2976 -1.451 -1.611  762 
   55538.337000    1309.8368      90.2500    1669.8742      98.6743    0.4876      -3.7013      -2.7002 -0.329 -0.054  762 
   55540.344900    4503.0793     154.3105    4302.2123     155.9800    0.6311     899.2252     838.7414  3.025  3.781  762 
   55599.209300     909.5072     134.4687     941.2657     136.3609    0.1739     233.6541     214.2079  1.973  0.999  762 
   55603.167400    3227.1342     174.4907    3406.1639     175.2916    0.4158      97.8802      92.2034  0.414  0.653  762 
   55679.255600   -1383.6716     115.0427   -1576.8136     119.9422    0.3386     244.2604     199.4503  2.594  1.917  762 
   55924.445900       0.0000       2.2780       0.0000       2.2780       nan       0.0000       0.0000  0.000  0.000  762 
   55925.376900   -1238.9318     119.5301   -1219.1932     124.8090    0.2795     267.4255     215.5831  2.385  2.174  762 
   55926.310300    -910.7814      87.1973   -1277.2087      99.2248    0.5092     136.1548      94.4940  1.955  2.137  762 
   55927.352700   -2052.8006     122.4502   -2151.8006     127.6988    0.5665     -14.6572     -11.9084  0.209 -0.124  762 
   55969.118500    -665.7296     116.1123    -579.1541     118.9258    0.0019     660.3629     572.6867  2.829  3.983  762 
   56045.163000    -666.0835     145.7692    -644.2752     148.7526    0.0863     262.7833     227.4101  1.629  2.439  762 
   56215.481000    -365.2985     113.4881    -569.4871     119.6964    0.2375    -147.1503    -118.2606 -1.747 -1.582  762 
   56217.473300    3647.4254     178.8500    3386.5520     180.1100    0.3622    -222.3394    -210.7271 -0.906 -0.863  762 
   56301.279200   -1029.7377     143.2402   -1196.9687     146.3753    0.4037    -201.8894    -179.5716 -0.848 -0.986  762 
