   54533.217500    -510.7424      97.2877    -610.5286      97.4799    0.0339     738.4802     717.8564  3.275  3.528  762 
   54534.351500    -675.5972     104.9132    -835.4617     105.1119    0.1256     346.2347     337.9285  1.659  1.544  762 
   54535.302200    -551.5122      84.9422    -620.8169      85.2607    0.2167     -32.6974     -31.3245 -0.005 -0.194  762 
   54536.153800    -484.0361      97.0079    -604.6490      97.1655    0.1159     116.1384     113.0710  0.829  0.690  762 
   54537.405900    -795.5392      81.0506    -868.2455      81.4544    0.1957     225.0445     211.1957  0.855  1.890  762 
   54538.193800    -840.0266     149.8722    -892.1977     149.9532    0.0987     541.2499     533.6714  2.317  2.763  762 
   54590.208800     627.2110      67.2676     585.8385      67.7597    0.2771     183.6410     169.8442  1.306  1.842  762 
   54792.430900    -980.9325      91.4527   -1042.6779      91.5143    0.1332     340.6481     333.1680  3.214  2.684  762 
   54793.510600   -1401.8277     100.7002   -1480.4761     101.0143    0.4484      82.5748      78.9222 -0.196  0.551  762 
   54794.490600    -667.7410     108.4101    -702.0989     108.5997    0.2416     -40.0741     -38.5587 -0.635 -0.286  762 
   54860.202700     893.4570      85.6629     832.2424      85.9290    0.3457     207.3586     198.2262  0.701  1.561  762 
   54861.129900     882.1137     106.3522     794.7607     106.4724    0.1655     -75.7616     -74.1066 -0.100 -0.497  762 
   54912.161700    -234.0699      80.2707    -310.6065      80.6165    0.1609    -148.0207    -140.2456 -0.989 -1.139  762 
   55126.499300     871.5611      81.4137     860.8213      81.7091    0.4041     -39.9050     -37.9414  0.008 -0.401  762 
   55208.320800      57.7208      61.2883      27.5351      62.3802    0.0061     -19.9182     -17.8099 -0.252 -0.271  762 
   55273.273000    -305.9754      87.0721    -386.4593      87.4671    0.1368     -16.2623     -15.2858 -0.157 -0.110  762 
   55536.300000    1531.5687      69.2054    1554.9185      69.5433    0.5512     131.9134     124.3069  0.867  1.503  762 
   55538.337000    1265.2805      58.1822    1375.9472      59.0729    0.6249       2.0652       1.8948 -0.070  0.037  762 
   55540.344900    1645.2557     121.9455    1557.7083     122.0531    0.5095     779.3445     766.2540  3.065  3.448  762 
   55599.209300     206.4128     100.7521     108.9289     100.9300    0.1805     505.4766     493.0704  2.140  2.268  762 
   55603.167400     991.8418     155.1253     913.8407     155.2111    0.1459    -227.1341    -224.1376 -0.764 -1.527  762 
   55679.255600   -1262.4434      82.6346   -1323.8573      83.1598    0.3848      99.3077      92.0569  0.335  0.895  762 
   55924.445900    -627.9039      59.1099    -639.2126      61.1902    0.2101      47.0864      40.8404  0.599  0.991  762 
   55925.376900    -102.8069      83.2509    -163.6094      83.7828    0.0127     212.9231     198.4245  1.591  1.972  762 
   55926.310300    -136.1393      55.2570    -163.5109      57.1408    0.1392     -10.4231      -9.0779 -0.016 -0.196  762 
   55927.352700     263.7125      87.0367     217.2148      87.4856    0.1083      19.7587      18.5231  0.267  0.188  762 
   55969.118500     854.5243      83.2500     773.9059      83.4826    0.2053    -101.0857     -97.3366 -0.849 -0.669  762 
   56045.163000   -1443.4564     116.7072   -1489.3658     116.9956    0.3920     288.5738     275.8025  2.866  2.961  762 
   56215.481000   -1133.7711      79.9349   -1236.7136      80.7279    0.5095      73.4735      67.7057  0.284  0.912  762 
   56217.473300    -447.9517     146.0405    -550.9535     146.1578    0.0248     444.7224     439.5568  1.408  1.779  762 
   56301.279200     975.7773     102.0821     940.8944     102.2719    0.4094       4.1633       4.0310 -0.026  0.022  762 
