   54533.217500     942.3382      94.5891     804.2742      94.8065    0.1246    -348.8522    -341.2573 -1.698 -1.709  762 
   54534.351500     232.9720     101.3660     184.5028     101.5019    0.1465     243.2436     239.5801  0.984  1.126  762 
   54535.302200      98.9864      81.9742       0.5530      82.3129    0.0835    -249.8111    -238.9395 -1.041 -1.522  762 
   54536.153800    -109.4029      94.6581    -229.3373      94.8377    0.0847     -96.5131     -94.1806 -1.160 -0.589  762 
   54537.405900     306.8479      78.5844     276.5578      78.8852    0.1047     -14.8135     -14.1223 -0.143 -0.127  762 
   54538.193800     573.3746     146.5236     537.8725     146.5793    0.2031     135.3644     133.9456  0.655  0.709  762 
   54590.208800    -644.5483      66.6228    -667.6816      67.1253    0.3064     -29.7151     -27.4415  0.135 -0.302  762 
   54792.430900     513.8940      89.5937     440.4232      89.6544    0.0523    -183.3070    -180.1100 -1.319 -1.483  762 
   54793.510600     321.4171      96.6977     225.3077      96.9873    0.0001    -233.5125    -225.5995 -1.380 -1.613  762 
   54794.490600     667.7053     105.5891     576.8250     105.7923    0.1616      -2.3459      -2.2707  0.419 -0.017  762 
   54860.202700    -614.7696      84.6981    -654.3103      84.9892    0.2128      61.3177      58.6946  0.361  0.473  762 
   54861.129900    -814.1276     106.8426    -898.4249     106.9802    0.2490    -159.5548    -156.2528 -1.065 -1.045  762 
   54912.161700     543.2282      77.1375     499.1205      77.4252    0.1552     -89.8650     -86.0063 -0.987 -0.715  762 
   55126.499300    -137.7562      80.2523    -141.7425      80.5436    0.0675      14.1269      13.4657  0.051  0.145  762 
   55208.320800     -82.4093      59.6020    -101.6799      60.5228    0.0795      -7.0914      -6.3838 -0.029 -0.098  762 
   55273.273000    -174.1746      84.0581    -213.7083      84.4272    0.1031     -14.6374     -13.8677 -0.437 -0.102  762 
   55536.300000     883.0115      67.9539     833.1745      68.4090    0.3766      89.1590      83.8496  0.690  1.036  762 
   55538.337000     723.8747      56.3571     770.2949      57.1380    0.3849       9.1574       8.3448  0.598  0.173  762 
   55540.344900     530.0169     120.1804     435.4863     120.3282    0.2988     854.4045     841.1586  3.622  3.832  762 
   55599.209300    -527.4379      99.8763    -655.1287     100.1176    0.2269    -169.2208    -165.1763 -1.076 -0.765  762 
   55603.167400     -37.3549     156.6093    -111.5114     156.6786    0.0764    -307.7367    -304.2259 -1.612 -2.039  762 
   55679.255600    -847.8425      79.5045    -901.7850      79.9402    0.3128     -77.8159     -72.5045 -0.522 -0.732  762 
   55924.445900   -1564.1666      58.3825   -1806.8244      60.5742    0.6525     -99.0155     -84.1566 -0.408 -2.130  762 
   55925.376900   -1331.8038      82.3346   -1361.4661      82.8567    0.4921      77.0754      71.8009  0.589  0.726  762 
   55926.310300   -1211.5809      54.8313   -1348.5173      56.7048    0.6664     -42.9325     -36.9283 -0.740 -0.820  762 
   55927.352700   -1357.7768      86.4638   -1389.4250      86.9477    0.5234      46.4426      43.5510  0.216  0.449  762 
   55969.118500     691.6178      81.8433     549.0163      82.1713    0.1203    -162.0180    -156.0711 -0.816 -1.080  762 
   56045.163000    -788.8237     113.2517    -816.7271     113.4598    0.1745     219.8961     211.7021  1.111  2.344  762 
   56215.481000     663.2376      75.4274     642.3591      75.8964    0.3194      33.9300      31.9671  0.324  0.443  762 
   56217.473300     846.4759     144.8464     698.6764     145.0272    0.2467     414.6067     409.5786  0.976  1.647  762 
   56301.279200     394.1896      99.8365     372.8784     100.0613    0.2218      75.5416      73.3598  0.290  0.415  762 
