   54533.217500   -2017.8949     137.7956   -2651.0410     141.7229    0.3706     146.9982     128.1022  0.300  0.632  762 
   54534.351500    -572.8760     140.9666    -537.5363     144.5910    0.1188      67.5552      60.0323 -0.209  0.294  762 
   54535.302200   -1374.6456     128.1979   -1574.3117     134.2626    0.4527    -634.1087    -516.4538 -3.012 -3.314  762 
   54536.153800    1363.5992     128.1955    1104.6832     131.4831    0.2205      11.1586       9.8282 -0.080  0.061  762 
   54537.405900   -2561.5018     122.7410   -3384.2571     130.3908    0.5712     145.9949     113.0039  1.387  0.978  762 
   54538.193800     486.6353     179.3615     439.5871     181.4942    0.0983     -27.7661     -25.4960 -0.538 -0.136  762 
   54590.208800   -1666.4137     111.8680   -2726.8340     120.5373    0.5563     188.4317     137.3375  1.094  1.460  762 
   54792.430900   -1202.2795     110.5832   -1630.2430     112.5961    0.2861    -332.5521    -292.1015 -2.967 -2.454  762 
   54793.510600     443.1192     138.3705     197.9931     144.1512    0.0475      19.2099      15.8203  0.183  0.117  762 
   54794.490600    -745.1566     147.2620   -1006.5291     152.7784    0.2268       7.4881       6.1656  0.575  0.047  762 
   54860.202700     266.7949     126.5992      41.3898     132.9692    0.0162      25.0243      19.7477 -0.242  0.163  762 
   54861.129900     729.0723     140.6633     456.6560     143.7033    0.0937     121.0708     106.7277  0.456  0.702  762 
   54912.161700      52.2348     119.7318      -2.8581     126.1590    0.0056      33.7853      26.3473 -0.044  0.224  762 
   55126.499300    -470.3820     122.5362    -652.7691     129.0616    0.2543      21.1027      16.4438  0.068  0.173  762 
   55208.320800   -1381.7861     106.5521   -1556.3659     117.2895    0.6205      15.8900      10.6708  0.323  0.162  762 
   55273.273000     779.9264     129.7054     382.5069     137.3427    0.0063    -462.0071    -358.3878 -2.127 -2.675  762 
   55536.300000    -288.0500     111.4595    -902.2015     119.7286    0.2530       0.3912       0.2835  0.438  0.004  762 
   55538.337000     169.5235     100.2148     167.7929     111.2230    0.0810      86.9642      57.9510  0.768  1.238  762 
   55540.344900    1525.6804     161.6072     914.8826     165.5360    0.1044    -375.6300    -334.4908 -2.043 -1.523  762 
   55599.209300     780.3816     141.6222     211.8243     145.9586    0.0602    -601.5538    -529.0539 -2.723 -2.455  762 
   55603.167400   -2110.6415     191.4261   -2610.9504     193.7065    0.3564    -189.0762    -172.7914 -0.901 -1.113  762 
   55679.255600      63.4483     120.8546      88.0968     128.4541    0.0541     112.2777      83.8053  0.870  0.868  762 
   55924.445900     -65.4425      99.2090    -369.9441     113.4224    0.0775      71.4649      46.9508 -0.155  1.233  762 
   55925.376900    -683.3031     129.2074    -979.5936     137.9287    0.2747     293.0809     219.0281  1.354  2.221  762 
   55926.310300    -485.9521     100.6618    -341.5990     113.2186    0.2363     -88.3892     -56.1719 -1.073 -1.223  762 
   55927.352700    -475.3987     132.4161    -681.7531     140.4445    0.2598    -206.2206    -156.0573 -1.343 -1.621  762 
   55969.118500     243.6161     124.7487    -127.4261     130.0507    0.0137      79.1603      65.1360 -0.807  0.438  762 
   56045.163000   -1191.5542     152.3351   -1468.8912     157.8062    0.4473    -241.7208    -196.7700 -1.820 -2.243  762 
   56215.481000     373.4133     123.9819     356.8712     132.3957    0.1640     109.9378      82.3663  0.939  1.108  762 
   56217.473300    2628.9573     188.8427    2270.4609     191.3858    0.2152    -955.5684    -886.6453 -2.738 -3.462  762 
   56301.279200     598.8182     149.7803     580.0646     155.2584    0.1178    -229.5734    -193.8419 -0.879 -1.078  762 
