   54533.217500    1333.8955     117.5618    1360.8391     119.7865    0.3081      41.4992      37.4183  0.051  0.188  762 
   54534.351500    -136.1494     125.9608    -247.6866     128.0689    0.0237     157.2574     144.0360  0.001  0.660  762 
   54535.302200     697.1478     108.9279     617.7716     113.1812    0.1584     -43.8127     -36.9890 -0.240 -0.233  762 
   54536.153800    -250.3459     115.0610    -394.3872     117.3228    0.1115    -130.1771    -116.3579 -0.722 -0.729  762 
   54537.405900    1224.3643     103.4568    1516.7970     108.3637    0.3660      60.5110      49.3790  0.445  0.445  762 
   54538.193800      90.6678     166.3075      49.3495     167.5365    0.0464     140.9252     132.2316  0.758  0.696  762 
   54590.208800     959.7252      93.3886    1552.2933      99.7426    0.4204    -149.2823    -113.3409 -0.973 -1.261  762 
   54792.430900     712.8435     103.0512     685.9263     104.1264    0.1905     555.3332     505.9530  3.169  4.073  762 
   54793.510600     -94.8801     124.0020    -177.2023     127.9200    0.0193     131.4240     112.6843  0.199  0.789  762 
   54794.490600     834.4578     131.4270     987.0333     134.6940    0.2114     -96.6128     -83.3518 -0.919 -0.615  762 
   54860.202700     262.5589     111.4172     195.8844     115.8885    0.0447     -77.4500     -64.1395 -0.482 -0.505  762 
   54861.129900      63.7029     125.8425     -19.7208     127.8141    0.0226     -92.8965     -83.2886 -1.195 -0.559  762 
   54912.161700     506.1969     104.1928     393.0363     108.8174    0.1730     151.8345     123.9413  1.149  1.006  762 
   55126.499300     328.9051     106.5018     490.3812     111.5995    0.2276      16.5120      13.3017  0.093  0.142  762 
   55208.320800     498.0979      88.8321     709.5904      99.2294    0.2979     -81.9181     -57.2306 -0.722 -0.864  762 
   55273.273000    -514.8389     113.4077    -427.1281     118.7178    0.1163      22.4682      18.1367  0.246  0.130  762 
   55536.300000      24.1059      97.0838      23.4346     103.8311    0.0276    -138.4125    -104.4343 -1.616 -1.256  762 
   55538.337000       6.9491      87.0648     338.4276      98.4752    0.1415      17.1746      11.9561  0.031  0.234  762 
   55540.344900     523.4177     143.6396     451.9752     145.8117    0.1492     273.3999     249.3544  1.230  1.130  762 
   55599.209300     821.5174     122.8995     638.8658     125.5450    0.1040    -195.5707    -175.9308 -1.202 -0.809  762 
   55603.167400    1407.0868     172.8069    1498.9813     173.8937    0.1964    -369.9643    -345.7954 -1.649 -2.335  762 
   55679.255600     260.7744     106.4292     377.7488     112.4800    0.0891     -81.2060     -63.4682 -0.453 -0.625  762 
   55924.445900    -641.4568      84.7928    -365.2152     101.2665    0.0827     -19.8461     -13.6039 -0.353 -0.326  762 
   55925.376900     -56.9708     111.6849     -73.9216     118.5024    0.0442     -48.2563     -37.5964 -0.472 -0.373  762 
   55926.310300      68.1292      83.0045     145.6033      98.0219    0.0595     -34.3814     -22.5802 -0.722 -0.480  762 
   55927.352700     -68.6923     115.0749     -50.6544     121.5075    0.0577     220.5722     174.5389  1.646  1.764  762 
   55969.118500     442.1829     106.9270     332.1446     110.7695    0.1205     101.2410      85.0613  0.332  0.589  762 
   56045.163000      90.5734     139.1851      96.3713     143.0496    0.0163     -52.1137     -44.4546 -0.598 -0.480  762 
   56215.481000    -146.6349     106.5069    -463.7752     114.7766    0.1765      -2.1936      -1.6751  0.579 -0.023  762 
   56217.473300     743.3336     165.4363     642.9415     167.0213    0.2041     499.0079     469.1538  1.197  1.903  762 
   56301.279200     807.8939     127.9749     782.2633     131.9032    0.2260    -270.8110    -234.2170 -1.388 -1.321  762 
