   54533.217500    -138.4180      92.6564    -257.6113      92.7656    0.0459     103.2938     102.6782  0.227  0.513  762 
   54534.351500     526.4754      98.9752     462.1811      99.0379    0.1147    -145.9229    -145.7801 -0.358 -0.689  762 
   54535.302200     237.2810      78.0060     144.4924      78.1192    0.0453     -19.2005     -19.0492 -0.352 -0.122  762 
   54536.153800     221.3603      91.9992     128.8987      92.0526    0.0653    -385.4101    -384.3563 -2.859 -2.401  762 
   54537.405900    -311.3793      75.2111    -380.9989      75.3182    0.1138      83.9265      82.3343  0.878  0.742  762 
   54538.193800     336.0379     144.4259     284.4499     144.4570    0.1168     127.3858     127.0884 -0.158  0.673  762 
   54590.208800     -36.6062      60.9056    -119.3807      61.0634    0.0369      32.6095      31.8801  0.351  0.353  762 
   54792.430900     157.3135      87.6131      86.0107      87.6382    0.0683    -421.7298    -419.5965 -2.805 -3.489  762 
   54793.510600    -200.9078      92.8682    -283.3451      92.9497    0.0105     250.9666     249.1607  1.734  1.800  762 
   54794.490600     -75.0776     102.2730    -132.7844     102.3285    0.0563     -52.4619     -52.0931  0.303 -0.396  762 
   54860.202700     -16.0524      80.3079     -72.6872      80.3803    0.0593     -87.4302     -86.3999  0.015 -0.703  762 
   54861.129900     342.4468     103.6631     262.8402     103.7107    0.0904      97.0137      96.6293  0.688  0.646  762 
   54912.161700    -388.2975      73.7602    -471.8966      73.8682    0.1307      91.8639      90.7183  0.816  0.761  762 
   55126.499300      92.9076      75.7378      73.6814      75.7783    0.0266     -19.2937     -19.0916 -0.193 -0.207  762 
   55208.320800    -297.6980      53.6728    -318.3914      53.8252    0.2006      58.7251      56.7068  0.189  0.889  762 
   55273.273000    -259.6262      79.7160    -315.5939      79.8146    0.0774     146.7802     144.7561  0.446  1.070  762 
   55536.300000     198.2688      63.7891     153.9379      63.8687    0.0239     -97.7734     -96.0363 -0.102 -1.202  762 
   55538.337000     115.7767      50.7975      76.8763      50.9865    0.0219     -40.9905     -39.4358 -0.645 -0.843  762 
   55540.344900    -283.1560     118.9366    -370.1580     119.0043    0.0369     506.7268     504.5561  1.887  2.300  762 
   55599.209300    -444.0412      97.5461    -541.9376      97.6349    0.1731     -48.1899     -47.9090 -0.577 -0.222  762 
   55603.167400    -586.4179     154.6950    -647.3571     154.7278    0.0782     279.9908     278.7474  1.408  1.863  762 
   55679.255600    -377.8083      73.6608    -452.2886      73.7889    0.1159     120.6839     118.9609  0.738  1.219  762 
   55924.445900    -365.4016      48.7754    -386.7604      49.0578    0.1411      56.2586      53.6135  0.587  1.416  762 
   55925.376900    -304.3316      75.8857    -339.9764      75.9727    0.0516     230.4355     226.3296  2.254  2.312  762 
   55926.310300    -104.7294      46.1429    -127.5163      46.4111    0.1028       1.5235       1.4601 -0.095  0.033  762 
   55927.352700     123.2383      79.9485      78.0653      80.0378    0.0376       3.5471       3.4890  0.101  0.036  762 
   55969.118500    -633.6836      79.8013    -701.7634      79.8838    0.3177    -284.7341    -281.6183 -1.220 -1.946  762 
   56045.163000    -165.3732     107.6620    -202.9718     107.7060    0.0228     277.7021     275.8522  2.980  3.110  762 
   56215.481000       8.3746      70.6899     -10.8317      70.7455    0.0184      44.6170      43.9598  0.822  0.615  762 
   56217.473300     357.3784     143.7841     252.7278     143.8517    0.1289     300.2436     299.5316  1.457  1.198  762 
   56301.279200    -126.7433      97.4335    -166.0180      97.5043    0.0272     111.3012     110.4578  0.617  0.623  762 
