   54533.217500     -40.3039     133.3113    -162.7472     133.6818    0.1572    -613.4126    -593.9760 -2.876 -2.909  762 
   54534.351500    -358.4436     136.7619    -453.2242     137.0891    0.1864    -402.6444    -393.0734 -2.044 -1.886  762 
   54535.302200      47.0054     115.4629     -67.0542     116.0417    0.0162     140.8893     135.2311  1.088  0.855  762 
   54536.153800   -1208.5448     120.2360   -1346.0518     120.5672    0.2687     -86.5316     -84.2514 -0.728 -0.514  762 
   54537.405900    -348.9110     104.4323    -402.8118     105.1591    0.1227    -108.6535    -103.3651 -2.265 -0.903  762 
   54538.193800    -523.0443     172.9029    -552.2786     173.0798    0.1009     151.6916     149.0842  0.316  0.783  762 
   54590.208800    -514.3140      91.5538    -636.1924      92.6658    0.2104    -129.9547    -120.8301 -2.103 -1.287  762 
   54792.430900     631.3313     100.5190     507.6957     100.7062    0.0138    -436.6238    -426.3973 -3.291 -3.546  762 
   54793.510600     600.4410     123.0133     546.5546     123.5854    0.0339    -448.4096    -433.2692 -2.726 -3.149  762 
   54794.490600     999.8354     130.0507     959.5481     130.5471    0.1915    -196.5947    -189.9641 -1.946 -1.446  762 
   54860.202700     379.6854     109.8478     343.4019     110.5265    0.0287    -263.9804    -252.7047 -0.996 -2.063  762 
   54861.129900     337.7536     129.9132     215.3169     130.2006    0.0629     121.7516     118.7771 -0.060  0.778  762 
   54912.161700    -272.4920     103.5806    -353.6347     104.2335    0.1672    -200.2919    -189.6836 -1.252 -1.595  762 
   55126.499300    -636.7951     102.3812    -626.1390     103.1516    0.2450      35.3666      33.5653  0.227  0.354  762 
   55208.320800     -14.7502      80.0422      27.1683      82.1222    0.0063     -42.8595     -38.8134 -1.199 -0.592  762 
   55273.273000     120.6032     113.6647      48.0086     114.4612    0.0498     142.6749     136.3134  0.977  1.007  762 
   55536.300000      89.5237      89.2966      59.7893      90.3372    0.0524      98.1249      91.4519  0.999  1.126  762 
   55538.337000      68.6887      73.9063      76.7058      76.6571    0.0306     -10.5898      -9.3506 -1.355 -0.197  762 
   55540.344900     916.9758     158.0274     773.2657     158.3655    0.0013    -797.8236    -779.3625 -3.111 -3.523  762 
   55599.209300    -214.7841     138.2255    -404.2897     138.6561    0.1693    -479.9230    -467.0561 -2.004 -2.154  762 
   55603.167400    -116.3735     178.6093    -230.7552     178.8091    0.0169     333.0086     327.2941  1.980  2.124  762 
   55679.255600    -540.2927     101.8153    -553.3512     102.7670    0.1569     -16.2385     -15.1471 -0.960 -0.155  762 
   55924.445900    -388.7650      72.0964    -489.7962      76.7236    0.1283       8.9507       7.6942 -0.714  0.201  762 
   55925.376900    -260.5509     106.7260    -274.1280     107.8063    0.0890     -11.3013     -10.6733 -0.838 -0.108  762 
   55926.310300    -185.5545      71.6595    -188.9502      75.3818    0.1556     -36.6226     -31.8983 -1.168 -0.697  762 
   55927.352700    -448.4245     109.7382    -448.2092     110.7953    0.1710     -94.6893     -89.4281 -0.661 -0.925  762 
   55969.118500    -484.1916     112.7936    -524.9338     113.2333    0.0809     189.3023     182.4909  0.758  1.227  762 
   56045.163000     314.3354     130.4914     303.8957     131.1248    0.0437    -141.4984    -135.2244 -1.549 -1.524  762 
   56215.481000     124.1414      98.1455     115.2721      99.4478    0.1090     133.2952     125.2468  1.870  1.682  762 
   56217.473300     982.9467     189.0565     871.6847     189.3238    0.0790    -450.8909    -443.3449 -1.047 -1.734  762 
   56301.279200     251.2740     140.0887     191.6451     140.5579    0.0683      15.7160      15.2103 -0.099  0.084  762 
