   54533.217500   -1483.5482     118.4810   -1561.1206     119.1745    0.4173    -135.2084    -126.7327 -0.661 -0.628  762 
   54534.351500   -2201.5025     123.9317   -2260.5047     124.5857    0.4960     -83.2690     -78.6381 -1.018 -0.378  762 
   54535.302200   -1027.6690     106.1669   -1177.7879     107.2505    0.3044       6.9489       6.2965  0.396  0.040  762 
   54536.153800   -2484.1753     112.5750   -2534.4034     113.0936    0.5045     -16.0555     -15.0906  0.396 -0.094  762 
   54537.405900   -1745.7649      99.9391   -1860.0804     101.2413    0.3776     230.0632     204.5079  1.174  1.814  762 
   54538.193800   -1677.2175     163.5151   -1734.7185     163.8463    0.3847      51.9658      50.0079  0.658  0.265  762 
   54590.208800   -1321.8112      88.1637   -1462.2714      89.6352    0.3993     -61.2138     -52.8896 -0.352 -0.575  762 
   54792.430900   -1844.6062      98.6670   -1935.9001      98.9490    0.4205    -488.6030    -462.1163 -4.339 -3.889  762 
   54793.510600   -1275.8584     117.5969   -1341.9046     118.4925    0.3794    -176.2795    -161.3529 -1.154 -1.185  762 
   54794.490600    -898.9988     125.2546    -909.5271     126.0210    0.2728     -21.3799     -19.6336 -0.189 -0.151  762 
   54860.202700     -32.4282     104.7144    -184.1080     105.7184    0.0920    -138.9272    -124.4950 -0.388 -1.027  762 
   54861.129900     389.7348     122.5901     349.8918     122.9831    0.0641     -66.3286     -62.7791 -0.889 -0.417  762 
   54912.161700   -1018.3065      98.8040   -1041.2172      99.9231    0.3560    -221.4023    -196.9131 -2.138 -1.676  762 
   55126.499300   -1728.9830     100.6759   -1792.2865     101.7671    0.6269     -66.3977     -58.7318 -0.669 -0.633  762 
   55208.320800    -632.2960      80.9519    -707.8671      82.9277    0.3892    -136.8930    -113.2745 -1.777 -1.780  762 
   55273.273000    -248.4901     106.9259    -256.2367     108.0067    0.1419    -256.3431    -228.6969 -1.253 -1.708  762 
   55536.300000     385.3873      88.2007     260.0834      89.5219    0.0578     -96.8800     -82.7049 -2.056 -1.043  762 
   55538.337000     457.5239      75.3372     342.2362      77.4842    0.1084    -101.3426     -83.2708 -1.434 -1.832  762 
   55540.344900      23.5859     143.4920    -136.9203     144.1361    0.0975    -300.7438    -284.5654 -1.960 -1.298  762 
   55599.209300    -604.5684     123.2735    -710.7866     123.9660    0.3149    -579.0258    -544.4478 -2.782 -2.527  762 
   55603.167400   -2159.2521     172.9805   -2308.7257     173.3023    0.3378      87.8617      84.2753  0.525  0.555  762 
   55679.255600     497.5150      97.3498     504.5102      98.4516    0.1446     -68.1920     -59.9322 -1.053 -0.622  762 
   55924.445900     239.8579      72.4224      -0.4711      75.5579    0.0050     -20.8699     -17.5108 -0.133 -0.476  762 
   55925.376900    -565.4851     103.7567    -619.5103     105.1051    0.2062      -3.1856      -2.7856 -0.099 -0.029  762 
   55926.310300    -250.8846      73.6144    -250.8186      76.1202    0.1509     -33.0851     -26.7394 -0.478 -0.616  762 
   55927.352700    -165.2511     106.4767    -140.3341     107.5968    0.1102    -156.1453    -138.0644 -1.193 -1.452  762 
   55969.118500    1061.3934     103.6970     913.0091     104.5653    0.1915    -233.4322    -212.3604 -0.422 -1.453  762 
   56045.163000    -487.6679     128.1133    -476.8866     128.7642    0.1256      30.3793      27.9848 -0.188  0.320  762 
   56215.481000    -118.9716      97.8086    -139.8916      99.1130    0.0131     192.2345     167.7961  1.741  2.332  762 
   56217.473300     476.2084     170.0845     314.4041     170.5753    0.0593      -5.5914      -5.3893 -0.024 -0.021  762 
   56301.279200    -685.0875     127.4732    -735.2979     128.4751    0.2416     179.9289     165.3170  0.616  0.927  762 
