   54533.217500    1413.4094     105.5436    1200.9219     106.6039    0.2183    -390.5527    -364.3552 -1.216 -1.844  762 
   54534.351500    1060.1755     113.3229     904.7653     114.1899    0.2320     136.3053     129.3963  0.687  0.600  762 
   54535.302200     454.3563      95.4941     326.2966      97.2102    0.1470      89.6220      80.2293  0.219  0.512  762 
   54536.153800     525.1711     103.5595     503.3615     104.2825    0.1555     153.3093     143.3060  0.914  0.903  762 
   54537.405900     381.7506      91.5226     351.2597      93.2203    0.1665     198.8160     175.6243  1.468  1.588  762 
   54538.193800       0.0000       5.2385       0.0000       5.2385       nan       0.0000       0.0000  0.000  0.000  762 
   54590.208800     668.1300      79.8534     530.2936      82.3860    0.2560      29.8109      24.9794  0.516  0.281  762 
   54792.430900       0.0000       4.1282       0.0000       4.1282       nan       0.0000       0.0000  0.000  0.000  762 
   54793.510600     696.6438     110.0875     655.4540     111.3464    0.2549      39.7667      36.3288  0.371  0.254  762 
   54794.490600    1016.0374     118.9866     874.3079     120.1652    0.2162     -96.7320     -88.6530  0.161 -0.656  762 
   54860.202700       0.0000       4.1669       0.0000       4.1669       nan       0.0000       0.0000  0.000  0.000  762 
   54861.129900       0.0000       4.5860       0.0000       4.5860       nan       0.0000       0.0000  0.000  0.000  762 
   54912.161700      95.0807      91.5711     -32.2603      93.2605    0.0572     227.9224     200.7420  1.522  1.637  762 
   55126.499300     531.4291      93.2574     480.5153      94.9208    0.2360      13.3520      11.7638  0.289  0.126  762 
   55208.320800     423.0407      75.5563     346.1790      78.8497    0.2182      13.5851      10.8601  0.120  0.163  762 
   55273.273000     408.8940      98.7456     258.1953     100.7824    0.0777     -36.6251     -32.0123 -0.162 -0.231  762 
   55536.300000     138.5023      83.7308     141.5273      85.7992    0.0351     -57.6492     -48.6671 -0.413 -0.586  762 
   55538.337000    -213.2201      74.1245    -205.7432      77.4260    0.0796      46.6078      37.0025 -0.032  0.732  762 
   55540.344900    1035.6765     131.5161     877.4016     132.3648    0.2125       0.0000       0.0000  0.212  0.000  762 
   55599.209300    1078.6060     110.8973     839.8279     112.0178    0.2158      26.8829      25.1412  0.683  0.115  762 
   55603.167400    1469.0760     164.5861    1428.9262     164.8946    0.2822      32.8230      31.6615 -0.031  0.210  762 
   55679.255600     547.4590      92.1363     448.5133      94.1372    0.1611      19.6961      16.9262 -0.357  0.170  762 
   55924.445900     369.1682      72.2095     276.3836      76.7538    0.1037      73.2249      57.5343  0.675  1.388  762 
   55925.376900     386.0354      96.9090     295.4827      99.1555    0.0819    -107.4342     -92.1910 -0.957 -0.917  762 
   55926.310300     -95.4889      71.0208    -277.1922      75.5729    0.1335      23.5934      17.9285  0.291  0.380  762 
   55927.352700     -35.9464     101.0248     -88.0290     103.0286    0.0401     233.0345     201.6737  1.481  2.034  762 
   55969.118500     248.7709      94.8068     144.7412      96.1799    0.0549      43.7364      39.2826 -0.053  0.271  762 
   56045.163000     -98.5654     125.5876    -206.9198     126.6969    0.0403      65.5570      59.6431  1.366  0.651  762 
   56215.481000     339.8442      91.3648     321.1850      93.6310    0.1442     -16.6694     -14.2232 -0.372 -0.197  762 
   56217.473300     427.9715     155.1482     205.2783     155.8632    0.0959     220.6426     211.9405  1.120  0.856  762 
   56301.279200     168.5849     114.0874      30.7647     115.7241    0.0311      43.9262      39.9080 -0.166  0.227  762 
