   54533.217500      38.1358     108.3582    -118.3652     110.1424    0.0294     297.1524     265.9247  1.737  1.329  762 
   54534.351500    -192.5527     114.5052    -246.3773     116.1569    0.0351     113.9276     103.5646  0.166  0.496  762 
   54535.302200     510.8949      99.3001     530.8384     102.1080    0.1960     607.0439     506.9137  3.331  3.266  762 
   54536.153800       0.0000       4.6793       0.0000       4.6793       nan       0.0000       0.0000  0.607  0.000  762 
   54537.405900    -370.4381      99.5610    -388.2107     103.3525    0.0529     222.4368     179.5893  0.850  1.570  762 
   54538.193800       0.0000       5.1879       0.0000       5.1879       nan       0.0000       0.0000  0.000  0.000  762 
   54590.208800    -702.8197      89.0837    -869.9370      93.7813    0.1618     254.0566     188.6901  2.239  2.060  762 
   54792.430900       0.0000       4.0746       0.0000       4.0746       nan       0.0000       0.0000  0.000  0.000  762 
   54793.510600    -133.3052     114.8510    -186.9244     117.5628    0.0154     296.4953     252.5058  1.260  1.822  762 
   54794.490600    -925.7332     125.6043    -964.1393     128.1462    0.2450     -74.2224     -63.5074 -1.401 -0.476  762 
   54860.202700       0.0000       4.1031       0.0000       4.1031       nan       0.0000       0.0000  0.000  0.000  762 
   54861.129900       0.0000       4.6348       0.0000       4.6348       nan       0.0000       0.0000  0.000  0.000  762 
   54912.161700    -785.1182      97.1235    -801.7929     100.3494    0.1660     397.6460     321.7086  2.376  2.685  762 
   55126.499300     553.7313     101.1192     577.5734     104.4022    0.2286     -32.4063     -26.0707 -0.264 -0.276  762 
   55208.320800    -637.7549      87.6453    -734.5132      94.7679    0.2416     135.2673      89.9632  0.677  1.352  762 
   55273.273000       0.5274       4.4346     158.9468      15.7745    0.0932       0.0000       0.0000 -0.390  0.000  762 
   55536.300000     407.8178      91.2529     167.7547      96.1149    0.0619     -11.4792      -8.5779  0.419 -0.104  762 
   55538.337000    -379.3105      85.7716    -497.9920      93.8208    0.1876     -25.5658     -16.4103  0.139 -0.342  762 
   55540.344900       0.0000       5.9063       0.0000       5.9063       nan       0.0000       0.0000 -0.048  0.000  762 
   55599.209300      50.0701     113.5639    -154.6079     115.5908    0.0331     319.7704     286.9139  0.898  1.313  762 
   55603.167400    -660.8451     172.1609    -758.1406     172.9171    0.1186      93.6150      87.9817  0.615  0.560  762 
   55679.255600      72.6920      99.1870    -263.3367     104.0018    0.0176     253.3013     193.7728  1.424  1.998  762 
   55924.445900    2114.4997      85.2889     864.7551      96.9063    0.1384      76.5956      46.8443  1.149  1.188  762 
   55925.376900    -441.0087     105.7977    -735.4178     110.8548    0.2241     154.2377     117.8069  0.902  1.178  762 
   55926.310300     -47.8937      84.6818    -300.9681      94.5940    0.1699     -27.8615     -16.6705  0.383 -0.358  762 
   55927.352700      20.1147     109.3908      50.9590     113.6366    0.0433     111.2521      86.9709  0.487  0.884  762 
   55969.118500    1238.0416      99.0698    1137.7682     101.6254    0.3162     -36.3318     -30.9048 -0.396 -0.208  762 
   56045.163000     434.3650     131.6965     293.7229     134.4036    0.0502    -141.9580    -120.6644 -1.190 -1.354  762 
   56215.481000     497.0059     101.7166     538.4827     106.4945    0.2399     -39.4223     -30.0213 -0.190 -0.412  762 
   56217.473300     226.3925     158.7237      25.8699     159.8440    0.0046      -5.1138      -4.8279 -0.834 -0.019  762 
   56301.279200     380.7797     118.5420     343.9389     121.3813    0.2311     184.0753     158.8665  0.819  0.894  762 
