   54533.217500    -696.0670     112.8221    -782.6442     113.4932    0.0807     501.9071     476.9341  2.030  2.367  762 
   54534.351500    -512.3553     119.1494    -612.9152     119.7637    0.0649     382.8932     367.7549  2.138  1.716  762 
   54535.302200    -728.3503     101.2711    -907.1567     102.6570    0.2369     116.4044     106.5529  0.105  0.671  762 
   54536.153800    -296.4507     108.2055    -351.1203     108.7755    0.0316     234.8224     222.6318  1.056  1.379  762 
   54537.405900     618.6025      93.1881     546.2696      94.8398    0.2910     394.7884     355.1253  2.888  3.225  762 
   54538.193800    -798.8971     160.5636    -859.5787     160.9144    0.0591     672.9066     651.5108  3.167  3.423  762 
   54590.208800     343.2881      82.0639     120.9031      84.4633    0.1125     248.0126     213.9052  2.328  2.362  762 
   54792.430900     659.9604      96.4691     576.5930      96.7698    0.1086      -1.6536      -1.5791  0.118 -0.013  762 
   54793.510600     862.7451     112.6573     841.7846     113.7071    0.3128     171.2714     158.6368  0.589  1.139  762 
   54794.490600    1148.0739     119.8532    1128.6491     120.7669    0.3055     126.7251     117.7857  1.261  0.897  762 
   54860.202700     -35.2257     100.4098    -138.8973     101.8064    0.0347     278.4948     251.8197  1.280  2.039  762 
   54861.129900     490.9382     117.8286     378.8496     118.3531    0.0353    -216.8539    -205.3146 -1.389 -1.391  762 
   54912.161700    1434.7029      92.8164    1439.8599      93.9883    0.3858     -77.9650     -70.6413  0.121 -0.589  762 
   55126.499300    -135.7617      95.2903    -194.0509      96.9063    0.0525     105.8339      94.0507  0.697  1.020  762 
   55208.320800     905.1365      74.7423     863.9861      78.3360    0.4703      43.9265      36.2667  1.051  0.573  762 
   55273.273000    -726.1835     102.6688    -802.7425     104.3643    0.1668     245.5899     220.1932  1.601  1.619  762 
   55536.300000     546.3851      83.8448     510.1564      85.9752    0.2412     132.1801     113.0536  1.254  1.419  762 
   55538.337000    -138.6445      73.2683    -282.4633      77.4099    0.1345      53.1078      42.4471  0.970  0.896  762 
   55540.344900     803.3164     137.9687     692.6639     138.5611    0.2442     417.9671     399.9184  2.210  1.820  762 
   55599.209300     193.9496     117.0771      79.7897     117.7825    0.0580     177.6514     168.6456  0.368  0.784  762 
   55603.167400     652.7530     165.1300     616.0187     165.4277    0.1213     -45.4371     -43.9175 -0.565 -0.301  762 
   55679.255600     741.9591      94.1323     628.3371      96.0960    0.2189      12.9822      11.4565 -0.256  0.115  762 
   55924.445900    1526.3804      68.2963    1486.1407      74.3814    0.4824      22.3815      18.4362  0.973  0.485  762 
   55925.376900     741.5397      98.0797     702.4369     100.1725    0.3109      83.1398      72.9415  0.281  0.746  762 
   55926.310300     171.5884      68.9237     -50.7014      74.5053    0.0253      15.7565      12.3295  0.197  0.284  762 
   55927.352700    -139.0262     102.0354    -186.9661     104.0503    0.0503      69.6808      61.3466  0.640  0.643  762 
   55969.118500    -499.1639      98.8219    -531.5500      99.8864    0.1698      31.7218      29.0405 -0.287  0.202  762 
   56045.163000      87.9343     126.1645     -13.7328     127.3564    0.0133      59.0610      54.3911  0.781  0.607  762 
   56215.481000     -22.9890      93.3994      43.2490      95.5911    0.0111     -20.0458     -17.4060 -0.628 -0.242  762 
   56217.473300     378.8754     162.5348     227.3359     162.9787    0.1081     384.6844     373.4905  1.383  1.511  762 
   56301.279200     172.9243     120.5754     152.8623     121.6227    0.1154     131.2310     122.3163  0.536  0.686  762 
