   54533.217500    -236.7231     158.0898    -707.1710     162.4220    0.2314    -813.4622    -732.5735 -2.908 -3.664  762 
   54534.351500   -2427.1171     168.9189   -2181.9088     172.6079    0.3266    -332.8614    -304.1009 -1.369 -1.419  762 
   54535.302200    -488.3067     147.6398    -649.0628     152.2310    0.0970     110.1941      96.1386  0.593  0.610  762 
   54536.153800   -2520.3094     144.0570   -2630.9758     146.8250    0.4513      22.6076      20.5670  0.317  0.128  762 
   54537.405900   -1254.4990     134.5066   -1185.1446     138.2759    0.1514      26.2902      22.2706  0.943  0.200  762 
   54538.193800    -567.3102     198.8244    -470.9585     201.0662    0.1253     -95.9070     -89.4638 -0.675 -0.472  762 
   54590.208800     203.2474     120.2559     -20.9300     124.0682    0.0185     -99.7533     -83.0531 -0.364 -0.918  762 
   54792.430900     363.9024     117.0397     133.4137     118.0534    0.0029    -124.3083    -114.4115 -0.414 -0.932  762 
   54793.510600    -696.2764     156.5751    -851.1229     159.9697    0.1751      54.7895      48.4805  0.082  0.343  762 
   54794.490600     271.7312     162.5119     169.1652     165.4205    0.0373    -400.8982    -353.0862 -2.084 -2.634  762 
   54860.202700    1067.1543     141.2697     857.6445     144.6966    0.2020     -67.5798     -58.3846 -0.721 -0.466  762 
   54861.129900     598.1500     153.3313     428.2281     155.7712    0.0819      54.4843      49.4220 -0.295  0.328  762 
   54912.161700     707.3397     132.8317     639.1514     136.0802    0.1764      94.8685      81.9089  0.828  0.673  762 
   55126.499300     431.7685     129.5564     482.2944     132.0903    0.2222     163.5047     141.4213  1.471  1.505  762 
   55208.320800     392.7968     109.7453     414.0382     113.1171    0.2168     174.6262     142.6538  2.105  2.160  762 
   55273.273000     903.7988     146.9893     816.2390     150.8671    0.2077      59.7341      51.0991  0.307  0.371  762 
   55536.300000     304.0935     117.1269     148.1760     119.6765    0.0367     -17.4933     -14.5774  0.581 -0.177  762 
   55538.337000    -278.6677     101.3372    -454.4925     105.0657    0.1308      28.2231      23.2081  1.418  0.467  762 
   55540.344900    1997.9722     185.4555    1796.2238     188.7142    0.1191   -1185.5451   -1087.8355 -5.590 -4.930  762 
   55599.209300    -344.1394     167.2152    -355.9623     171.1475    0.0109     263.7154     238.3578  0.287  1.096  762 
   55603.167400   -1380.0304     200.1916   -1444.5087     201.7531    0.1706     405.6023     378.8849  2.463  2.509  762 
   55679.255600     599.4001     131.2892     465.3078     134.5635    0.0828      28.7280      24.1139 -0.141  0.242  762 
   55924.445900    1087.4137      98.3861     778.0613     104.1337    0.1230      21.7441      18.0678  0.078  0.446  762 
   55925.376900     575.5495     140.2705     592.7253     143.6631    0.2238     268.9583     227.2154  2.267  2.271  762 
   55926.310300     -71.3803      99.1613     -60.0373     103.5867    0.0336     -40.5021     -32.9845 -0.501 -0.707  762 
   55927.352700     568.7186     142.5388     467.8680     145.7376    0.1290     -15.4758     -13.1711  0.832 -0.134  762 
   55969.118500    1695.7905     138.2011    1515.6677     141.5644    0.3195     171.1376     150.1463  1.182  1.029  762 
   56045.163000     464.7348     159.5752     304.7400     161.7753    0.0716      64.4757      57.1774  0.884  0.629  762 
   56215.481000     539.6345     126.9335     619.7130     129.5752    0.1987      15.1579      13.0109 -0.263  0.178  762 
   56217.473300    3418.9876     214.6097    3412.5473     217.4637    0.1542   -2574.3712   -2419.3421 -10.053 -9.685  762 
   56301.279200     793.5566     171.1694     718.2276     175.2334    0.0691    -579.3202    -514.9141 -2.845 -2.897  762 
