   54533.217500      39.1312     121.4504     -92.2825     122.3984    0.0794    -271.5808    -264.8778 -1.965 -1.292  762 
   54534.351500     -51.0567     128.1386    -191.1037     129.3376    0.1369    -397.4313    -386.3743 -2.038 -1.847  762 
   54535.302200    -361.6968     108.1746    -392.0686     109.5038    0.0120     364.6063     346.2378  1.979  2.179  762 
   54536.153800     404.9815     113.9021     272.2423     114.6373    0.0592      26.7810      25.9035  0.164  0.158  762 
   54537.405900    -181.8289      98.9159    -371.0411      99.9689    0.0857      44.4345      42.1054  0.010  0.364  762 
   54538.193800     323.1655     166.5073     292.9110     166.9647    0.1103     155.1987     152.3669  0.590  0.797  762 
   54590.208800     542.1154      85.1109     402.5210      86.2905    0.1142     -11.4123     -10.4865  0.510 -0.111  762 
   54792.430900    -419.5795      98.4876    -502.9666      98.6899    0.1548    -450.5727    -436.5060 -3.125 -3.604  762 
   54793.510600     -90.2933     118.9664    -172.2113     120.0766    0.0572     -14.6486     -13.8811 -0.602 -0.100  762 
   54794.490600     254.0057     125.7708     148.4955     126.5126    0.0256    -263.2652    -251.2148 -1.459 -1.899  762 
   54860.202700     -19.9777     104.3907     -58.3956     105.2690    0.0048      79.4674      74.8831  0.522  0.607  762 
   54861.129900     793.7981     123.6761     709.0136     124.1426    0.1608     149.5683     145.9450  1.342  0.951  762 
   54912.161700    -140.7296      97.6241    -149.0080      98.4918    0.0518     -16.1666     -15.1857 -0.926 -0.127  762 
   55126.499300    -234.0809      98.3473    -264.9537      99.2170    0.1517     -70.1047     -65.3797 -0.231 -0.684  762 
   55208.320800    -199.4529      77.8843    -240.1988      79.7675    0.1425     -24.1625     -21.3059 -0.462 -0.322  762 
   55273.273000     375.4085     107.8754     317.1632     109.0449    0.1175      61.6364      57.6473 -0.172  0.423  762 
   55536.300000    -730.9869      86.3498    -869.2507      87.6445    0.2986     -14.5679     -13.0946 -0.237 -0.160  762 
   55538.337000    -237.8623      72.4855    -407.2544      75.0700    0.1738      30.3467      26.1582  0.414  0.546  762 
   55540.344900     622.6328     149.3138     504.5104     150.2236    0.0114    -569.6358    -554.7279 -2.578 -2.500  762 
   55599.209300    -670.8490     129.0941    -877.0503     130.2859    0.2266    -358.5974    -347.8439 -2.114 -1.598  762 
   55603.167400    -345.8424     173.9369    -470.2079     174.2573    0.0338     661.4088     648.8957  4.567  4.188  762 
   55679.255600     189.0572      96.2174     102.3605      97.3045    0.0624     109.6142     101.5895  0.721  1.027  762 
   55924.445900    -371.2687      70.4295    -488.0363      74.1973    0.1270      10.2587       8.7658  0.078  0.224  762 
   55925.376900    -412.1771     102.7495    -545.0539     104.0400    0.1938     -83.2806     -76.8780 -1.384 -0.770  762 
   55926.310300    -543.9316      70.6709    -636.8734      73.8201    0.4296     -49.6588     -42.2044 -1.338 -0.913  762 
   55927.352700    -361.3925     105.6037    -393.1370     106.6840    0.1176      61.9716      57.4060  0.314  0.589  762 
   55969.118500    -727.0484     105.4468    -779.3176     106.3017    0.2201    -209.3086    -199.1990 -1.477 -1.335  762 
   56045.163000    -240.4354     127.0406    -246.0720     127.6447    0.0144     202.9127     193.0663  1.504  2.149  762 
   56215.481000     945.5610      94.8133     987.6251      95.8945    0.4245      69.9513      64.3484  0.720  0.859  762 
   56217.473300    2926.5858     177.0955    2853.4533     177.9748    0.4527    -361.6163    -357.1271 -1.418 -1.394  762 
   56301.279200    -665.1829     131.7186    -682.4613     133.0179    0.1797     182.0908     174.0501  1.144  0.959  762 
