   54533.217500     801.6393     118.2431     803.9972     118.8997    0.3782     695.2710     657.0460  3.550  3.231  762 
   54534.351500     174.6066     125.2367      86.5087     125.9309    0.1244     497.2973     473.4772  1.897  2.185  762 
   54535.302200    1042.7794     106.5565     994.9600     107.9583    0.2614    -113.4041    -103.8678 -0.606 -0.645  762 
   54536.153800     552.4209     113.4157     361.5157     114.1998    0.0835      49.2874      46.1984  0.276  0.283  762 
   54537.405900     645.1919      98.7021     671.2900     100.5536    0.2267      55.5433      49.4257  0.594  0.445  762 
   54538.193800     -11.1415     166.0877     -23.1807     166.4761    0.0581     210.9228     203.5781  0.857  1.058  762 
   54590.208800    1165.1725      87.2608    1046.0379      89.9735    0.4434     203.4118     174.1497  2.198  1.884  762 
   54792.430900     960.7499      99.4393     883.8025      99.8225    0.2647     674.1510     638.1793  5.393  5.223  762 
   54793.510600     290.8957     119.2273     232.7580     120.5965    0.0583     -20.5774     -18.8165  0.301 -0.133  762 
   54794.490600     469.9819     125.9189     454.4573     127.1327    0.0628    -216.1890    -198.1390 -0.923 -1.498  762 
   54860.202700     193.2250     106.0318     233.4189     107.4981    0.0319    -152.1129    -136.5676 -1.948 -1.092  762 
   54861.129900    -500.5117     122.1389    -593.2236     122.8840    0.0905      80.9348      75.9253  0.089  0.516  762 
   54912.161700    -142.8855      99.3172     -66.0904     100.7629    0.0449     218.4004     194.5954  1.683  1.603  762 
   55126.499300    -557.5293     100.6219    -516.9546     102.5309    0.2070      77.8429      68.4201  0.311  0.732  762 
   55208.320800     123.6222      80.6685     -15.2819      85.1392    0.0227     -31.0880     -25.0747 -0.421 -0.390  762 
   55273.273000     419.5168     108.2961     356.1749     110.2393    0.1753     225.5569     200.0991  1.126  1.454  762 
   55536.300000     253.8738      88.8643     329.9177      91.2195    0.1589      92.7607      78.7836  1.182  0.975  762 
   55538.337000      25.3325      78.2693     -82.0417      83.0005    0.0496     -11.8840      -9.4484  0.123 -0.192  762 
   55540.344900     -66.9024     144.8641    -197.2027     145.6447    0.0229      83.7716      79.5727  0.309  0.360  762 
   55599.209300     487.6627     122.8264     419.0495     123.6687    0.1800     286.1407     269.4172  1.574  1.252  762 
   55603.167400     584.1528     167.9949     594.6757     168.3663    0.1375     245.3635     235.7700  0.739  1.635  762 
   55679.255600     375.1973     100.5116     364.2992     102.7093    0.0967     -38.0687     -33.2253 -0.095 -0.326  762 
   55924.445900     614.8099      75.2395     271.0348      82.6842    0.0970      45.2989      36.1278  1.172  0.908  762 
   55925.376900     -57.1819     104.6731     -47.7671     107.1794    0.0249     128.7661     111.1317  1.835  1.122  762 
   55926.310300     218.9948      74.0407     137.8617      80.1915    0.1778     136.6430     104.8814  1.993  2.360  762 
   55927.352700     541.1271     106.9810     562.4980     109.3775    0.2649     189.8855     165.8102  0.842  1.718  762 
   55969.118500     471.2849     103.5972     371.3589     104.9444    0.1191      68.8079      62.3708  0.125  0.434  762 
   56045.163000    -145.5724     132.4199    -173.7745     133.8360    0.0195     125.9787     114.6707  0.863  1.245  762 
   56215.481000    -157.4498      99.2456    -176.3280     102.0267    0.1343    -121.9357    -104.2384 -1.775 -1.418  762 
   56217.473300    1250.3388     168.1391    1146.1100     168.6213    0.1512    -237.4581    -229.3056 -1.014 -0.934  762 
   56301.279200    -585.5728     128.4472    -678.6387     129.8482    0.3898    -383.8704    -353.3141 -1.591 -1.965  762 
