   54533.217500     -97.3496     126.0207    -247.6985     126.5995    0.0144     194.6202     184.6277  1.025  0.889  762 
   54534.351500     854.2385     129.3146     767.8469     129.8391    0.1968      -3.6947      -3.5224  0.080 -0.017  762 
   54535.302200    1210.0811     112.0825    1044.7419     112.9326    0.3616     455.2312     419.4801  2.629  2.613  762 
   54536.153800     126.0645     117.9357     -30.4177     118.4246    0.0018      22.2883      21.1241 -0.044  0.127  762 
   54537.405900   -1220.0872     105.8819   -1419.4977     106.9613    0.2812     206.7557     185.5138  1.979  1.593  762 
   54538.193800    -601.8813     170.1685    -662.0982     170.4567    0.0878     313.2665     302.6811  1.912  1.573  762 
   54590.208800   -1093.6503      93.7583   -1268.2260      95.0343    0.3062     266.9867     234.7257  1.840  2.410  762 
   54792.430900    -759.9054     100.9980    -791.1499     101.1964    0.2452    -614.4518    -586.5787 -5.018 -4.867  762 
   54793.510600    -354.8747     122.5545    -455.2104     123.3358    0.1222      30.4284      28.1139  0.277  0.204  762 
   54794.490600    -337.0429     130.1560    -443.4813     130.8542    0.2069    -303.9179    -281.3225 -2.052 -2.146  762 
   54860.202700    -612.5275     109.8764    -706.9878     110.7309    0.2327       1.8365       1.6680 -0.095  0.014  762 
   54861.129900    -605.6884     128.2248    -768.1726     128.6824    0.1245      99.9649      94.6809  1.591  0.619  762 
   54912.161700    -400.6137     103.0531    -433.9825     103.8249    0.1739    -149.7851    -135.8754 -1.259 -1.141  762 
   55126.499300     288.4157     104.0191     271.5187     104.7296    0.0431    -197.6876    -179.4551 -1.643 -1.863  762 
   55208.320800      73.3858      84.2925      42.8674      85.5933    0.0422    -144.8166    -123.8184 -1.613 -1.866  762 
   55273.273000      56.7548     113.5195    -181.1268     114.6405    0.1246    -280.9816    -252.4673 -1.905 -1.859  762 
   55536.300000      99.9063      91.3074      64.3042      92.1946    0.0107     -39.4272     -34.9239 -0.569 -0.428  762 
   55538.337000     508.6002      77.7307     556.8964      78.8739    0.2832      19.4512      16.8318 -0.025  0.350  762 
   55540.344900     522.4317     151.7159     365.6955     152.2355    0.0092    -430.4565    -411.2341 -1.740 -1.853  762 
   55599.209300     434.9093     130.7163     271.6731     131.3472    0.0356    -455.3821    -431.9361 -2.118 -1.996  762 
   55603.167400    -456.6352     177.0801    -539.0797     177.3375    0.1307    -143.1610    -138.3808 -0.773 -0.901  762 
   55679.255600    -443.2455     103.8806    -554.7954     104.8762    0.1850    -123.4712    -109.2943 -1.488 -1.093  762 
   55924.445900    -314.5249      78.3392    -463.3927      80.3210    0.1545     -69.5931     -58.2493 -0.218 -1.490  762 
   55925.376900     103.6571     108.6352      74.3843     109.6274    0.0223      -6.6925      -5.9678 -0.369 -0.060  762 
   55926.310300     -31.7660      76.7456     -10.9797      78.2627    0.0169     -12.5603     -10.6089 -0.630 -0.230  762 
   55927.352700     179.0780     111.0839     119.2086     112.0733    0.0492      21.1208      18.9292 -0.251  0.195  762 
   55969.118500     499.3128     110.1176     404.0285     110.8082    0.0211    -515.7371    -478.1353 -3.210 -3.199  762 
   56045.163000   -1223.5003     134.1261   -1283.2188     134.7674    0.3640    -122.3483    -112.8295 -1.706 -1.249  762 
   56215.481000    -462.3426     103.2406    -523.2500     104.2628    0.1877      45.2642      40.5640  0.718  0.530  762 
   56217.473300      50.7868     180.7921    -161.6418     181.2678    0.0574    -156.5213    -151.4364 -0.381 -0.591  762 
   56301.279200     -65.2010     136.1222    -141.3662     136.8856    0.0236     227.5715     212.5910  0.866  1.159  762 
