   54533.217500       0.0000       5.3936       0.0000       5.3936       nan       0.0000       0.0000  0.000  0.000  762 
   54534.351500    -217.8923      94.3352    -291.9811      94.4435    0.0234     361.7444     356.6553  1.838  1.608  762 
   54535.302200     116.0710      72.4160      20.9521      72.6647    0.0979     241.0806     232.0882  1.797  1.476  762 
   54536.153800       0.0000       4.6814       0.0000       4.6814       nan       0.0000       0.0000  0.172  0.000  762 
   54537.405900       0.0000       3.7386       0.0000       3.7386       nan       0.0000       0.0000  0.000  0.000  762 
   54538.193800       0.0000       5.2529       0.0000       5.2529       nan       0.0000       0.0000  0.000  0.000  762 
   54590.208800       0.0000       3.3385       0.0000       3.3385       nan       0.0000       0.0000  0.000  0.000  762 
   54792.430900       0.0000       4.1495       0.0000       4.1495       nan       0.0000       0.0000  0.000  0.000  762 
   54793.510600    -197.3852      91.0697    -237.9742      91.1906    0.0284     153.9411     150.2718  1.118  1.038  762 
   54794.490600       0.0000       4.3664       0.0000       4.3664       nan       0.0000       0.0000  0.000  0.000  762 
   54860.202700       0.0000       4.2000       0.0000       4.2000       nan       0.0000       0.0000  0.000  0.000  762 
   54861.129900       0.0000       4.5190       0.0000       4.5190       nan       0.0000       0.0000  0.000  0.000  762 
   54912.161700       0.0000       4.0656       0.0000       4.0656       nan       0.0000       0.0000  0.000  0.000  762 
   55126.499300       0.0000       3.4646       0.0000       3.4646       nan       0.0000       0.0000  0.000  0.000  762 
   55208.320800       0.0000       2.9019       0.0000       2.9019       nan       0.0000       0.0000  0.000  0.000  762 
   55273.273000       0.0000       4.4321       0.0000       4.4321       nan       0.0000       0.0000  0.000  0.000  762 
   55536.300000       0.0000       3.3120       0.0000       3.3120       nan       0.0000       0.0000  0.000  0.000  762 
   55538.337000     125.2028      53.1328     108.5447      53.9409    0.0583      -4.6241      -4.2486 -0.411 -0.083  762 
   55540.344900       0.0000       5.8895       0.0000       5.8895       nan       0.0000       0.0000  0.000  0.000  762 
   55599.209300     379.8344      88.5170     236.5199      88.7233    0.1909     383.6109     376.8991  1.552  1.732  762 
   55603.167400      -3.1442      10.5163    -677.4250     135.1856    0.1746       0.0000       0.0000 -2.284  0.000  762 
   55679.255600     119.6003      72.4933      71.5543      72.7844    0.0314       7.2014       6.8508 -0.471  0.068  762 
   55924.445900     351.2916      50.3190     282.9354      51.5664    0.1304      96.4443      88.4228  1.753  2.112  762 
   55925.376900     188.2610      73.8929     133.3538      74.2119    0.0208     -93.4912     -88.8495 -0.789 -0.886  762 
   55926.310300     -85.7238      47.7141     -88.6794      49.0590    0.0089      84.4142      74.6414  1.341  1.618  762 
   55927.352700     285.9193      78.7852     221.1772      79.0953    0.0662     -62.2264     -59.4086  0.085 -0.600  762 
   55969.118500    -151.2209      73.9445    -259.0815      74.1924    0.0749      59.8217      57.4089  0.566  0.405  762 
   56045.163000     243.7521     108.6272     195.1609     108.7611    0.0735      28.1898      27.5355 -0.222  0.297  762 
   56215.481000      18.2549      69.2595     -23.4960      69.6870    0.0379     -38.3591     -36.0717 -0.403 -0.512  762 
   56217.473300    -257.6075     130.9299    -343.3108     131.0230    0.1387     835.5260     827.1582  3.716  3.433  762 
   56301.279200     -47.7278      88.5799     -70.5317      88.7438    0.0527     -15.6797     -15.2412  0.071 -0.088  762 
