   54533.217500    -846.7304     165.0803   -1277.9854     168.2910    0.2719    -432.3042    -390.0630 -1.708 -1.948  762 
   54534.351500     537.1080     171.5124     345.2473     174.5307    0.0392     -67.8330     -62.6251 -0.164 -0.292  762 
   54535.302200     497.2527     152.0917     165.5114     155.8296    0.0101    -119.8894    -105.1651 -0.612 -0.666  762 
   54536.153800   -1333.9481     149.0933   -1535.9562     151.7550    0.2642     -27.5671     -24.6704 -0.221 -0.153  762 
   54537.405900    1000.8442     136.6960     597.6102     139.9541    0.0935      81.9706      70.3081  0.295  0.629  762 
   54538.193800     109.2252     202.4208      -5.4731     204.4059    0.0081      42.1182      39.2280  0.374  0.207  762 
   54590.208800    -639.0852     126.0965    -931.4680     129.3566    0.1738      13.2792      10.9956 -0.286  0.122  762 
   54792.430900     873.8471     119.5916     601.1600     120.5770    0.0477    -317.2823    -290.1536 -1.563 -2.363  762 
   54793.510600     475.6203     161.1938     126.2258     164.4431    0.0287      13.5356      11.8908 -0.459  0.084  762 
   54794.490600    1756.5740     165.4984    1602.9820     168.0330    0.3084     -10.2910      -9.1147 -0.200 -0.068  762 
   54860.202700    1374.2659     146.3234    1190.2370     149.2539    0.2647    -129.5620    -111.6587 -1.137 -0.890  762 
   54861.129900    -183.1830     158.2193    -316.0758     160.2869    0.0518       6.8898       6.2129 -0.043  0.041  762 
   54912.161700     107.8093     138.4648    -146.0644     141.5977    0.0345      -0.2825      -0.2426  0.018 -0.002  762 
   55126.499300     943.1318     134.9143     890.6423     137.4159    0.3343      78.9939      67.4657  0.555  0.719  762 
   55208.320800     710.0539     116.1293     605.7125     119.2128    0.2538      91.1947      73.7490  0.994  1.120  762 
   55273.273000    1883.9054     151.8303    1599.8223     155.2756    0.3587    -166.7278    -142.7390 -1.058 -1.036  762 
   55536.300000     170.1729     123.0455      89.2474     125.6750    0.0016    -114.7979     -95.3258 -1.031 -1.158  762 
   55538.337000     -97.2840     108.4914    -237.8261     111.5631    0.0527      79.9104      64.7315  0.818  1.310  762 
   55540.344900    2024.1827     190.2430    1836.8567     192.8406    0.1622    -999.4649    -917.8822 -4.332 -4.156  762 
   55599.209300    2225.8098     170.7731    1724.8844     173.9867    0.2667     -76.7785     -69.9158 -0.799 -0.321  762 
   55603.167400    -302.3270     203.5799    -456.3374     204.9775    0.0680      52.0778      48.4577 -0.736  0.321  762 
   55679.255600    2602.8345     135.3630    2255.6551     138.2243    0.3673    -165.4461    -139.3789 -1.626 -1.401  762 
   55924.445900    1493.8311     106.5986    1101.2568     110.2026    0.1693      30.7205      25.1955  0.506  0.626  762 
   55925.376900     505.5205     146.2457     294.9287     149.5761    0.0902      46.4452      38.9023  0.094  0.389  762 
   55926.310300     -33.5463     107.2707    -286.7157     110.9910    0.1007      11.1568       8.9509  0.363  0.193  762 
   55927.352700     242.4868     148.6138      60.7195     151.7387    0.0120     -19.3305     -16.2696  0.184 -0.166  762 
   55969.118500     175.2309     144.9487     110.8024     147.8644    0.0013    -119.2666    -104.2008 -1.077 -0.714  762 
   56045.163000    1897.5396     163.3673    1703.6294     165.3381    0.3447     167.4505     148.0058  1.735  1.630  762 
   56215.481000     249.4611     134.1944     327.3642     136.8927    0.0839     -83.9644     -70.8141 -0.969 -0.973  762 
   56217.473300    5328.3956     218.0166    4948.6272     220.4300    0.4999   -1702.2178   -1600.2420 -7.347 -6.398  762 
   56301.279200     264.7858     177.0231     189.0837     180.4794    0.0881    -498.2839    -443.5860 -2.839 -2.494  762 
