   54533.217500     372.5414     110.0373     269.1370     110.4604    0.1385     283.8665     272.3745  1.373  1.320  762 
   54534.351500     261.5030     116.6013     172.6779     116.9811    0.1592     432.5566     417.7166  2.073  1.901  762 
   54535.302200     156.2966      97.8824     118.8741      98.6341    0.0629     108.0170     101.1882 -0.128  0.616  762 
   54536.153800     413.5926     106.5301     301.8316     106.9489    0.1264     308.7441     295.8645  1.480  1.776  762 
   54537.405900     228.0194      91.1507     240.0642      92.1120    0.1079     117.1788     107.2161  1.457  0.951  762 
   54538.193800      51.9142     159.5965      14.9031     159.7977    0.1371     459.2674     448.1392  1.590  2.293  762 
   54590.208800     415.2301      79.6249     380.5583      81.1144    0.2211     247.9208     219.1116  2.437  2.324  762 
   54792.430900    -369.2431      96.3931    -425.6809      96.5897    0.0682     839.6253     807.3168  6.421  6.474  762 
   54793.510600    -274.1769     111.4377    -290.0451     112.1720    0.0046     325.3206     303.7889  1.550  2.113  762 
   54794.490600    -697.4032     118.9983    -682.0495     119.6129    0.2016      12.3565      11.5650  0.636  0.086  762 
   54860.202700     311.0481      97.8390     291.4699      98.6230    0.0422    -166.8497    -154.2774 -1.130 -1.209  762 
   54861.129900     664.3272     115.3103     586.3761     115.6496    0.0593    -315.4360    -301.7260 -1.865 -2.024  762 
   54912.161700     135.0882      91.4943      51.2591      92.3442    0.0303      60.4150      55.2295  0.545  0.446  762 
   55126.499300    -151.0645      93.1037    -113.4738      94.1146    0.0170      84.5503      76.8247  0.486  0.804  762 
   55208.320800      81.3672      72.8661     112.9476      75.4799    0.0545     -39.0558     -33.0004 -0.226 -0.498  762 
   55273.273000     470.5962      99.3828     413.7715     100.4325    0.2104     198.8837     181.6779  1.223  1.296  762 
   55536.300000      31.6339      81.7337      46.2271      83.1524    0.0295      49.2918      43.5045  0.371  0.523  762 
   55538.337000     174.1480      71.0322     209.9207      74.0916    0.1221      37.9009      31.8146  1.148  0.617  762 
   55540.344900     333.3056     135.7524     244.6431     136.1447    0.2083     718.3377     694.3375  2.918  3.106  762 
   55599.209300     454.5724     113.8808     346.8429     114.3515    0.1394     296.0390     283.3385  1.514  1.303  762 
   55603.167400    1731.6144     162.0480    1670.0737     162.2324    0.2295    -435.6738    -424.1938 -1.792 -2.907  762 
   55679.255600     575.5687      92.7705     579.3223      93.9424    0.2337     158.5523     143.0017  0.702  1.367  762 
   55924.445900     -92.9813      69.3588    -125.1812      74.0602    0.0300      59.1114      49.2127  1.489  1.178  762 
   55925.376900      39.8366      95.8835      33.2188      97.2958    0.0704     174.5988     155.9837  1.660  1.541  762 
   55926.310300     153.9817      66.6016     193.4933      70.8629    0.1787      45.3760      37.0053  0.805  0.791  762 
   55927.352700    -517.4153      99.2579    -516.2879     100.6615    0.0786     339.2607     305.8921  2.254  3.102  762 
   55969.118500     781.1336      95.2133     703.3853      95.9198    0.2095      34.6790      32.3246  0.503  0.221  762 
   56045.163000    -555.5022     126.3580    -633.4458     127.1234    0.1480     105.9301      98.6861  0.960  1.046  762 
   56215.481000    -263.9794      91.5645    -343.8695      93.4377    0.2301    -148.1401    -131.2871 -1.774 -1.730  762 
   56217.473300     858.4509     158.9207     733.8050     159.2027    0.1380      43.1764      42.1375  0.036  0.170  762 
   56301.279200    -303.0191     118.1956    -334.6786     118.9263    0.1157      73.2373      68.9577  0.132  0.377  762 
