   54533.217500       0.0000       5.6064       0.0000       5.6064       nan       0.0000       0.0000  0.000  0.000  762 
   54534.351500    1122.9828     112.8484    1058.5086     113.1902    0.2329    -155.6468    -154.2411 -0.664 -0.754  762 
   54535.302200     842.1097      95.0046     766.4072      95.5232    0.2423       0.0000       0.0000  0.757  0.000  762 
   54536.153800    -168.9241     106.2933    -296.8491     106.5619    0.0591      -4.8183      -4.7321 -0.588 -0.028  762 
   54537.405900    -250.2682      89.8205    -254.8887      90.1583    0.0735      24.6753      23.7419 -0.803  0.200  762 
   54538.193800      47.2836     157.8236      11.6805     157.9738    0.0519    -188.6085    -187.0972 -1.455 -0.970  762 
   54590.208800     -63.5829      76.5366     -94.3801      76.9827    0.0723    -137.4322    -131.4146 -1.243 -1.326  762 
   54792.430900    -521.2362      92.7367    -582.5101      92.8303    0.1870    -415.0769    -409.1372 -4.074 -3.456  762 
   54793.510600      48.3883     105.1078      22.2164     105.4300    0.0438    -173.6514    -169.6186 -1.132 -1.263  762 
   54794.490600     157.5631     113.3489     114.4331     113.6165    0.0074    -143.4816    -140.5328 -1.430 -1.089  762 
   54860.202700     365.3502      92.0567     335.5020      92.4242    0.1412      40.0746      39.0192 -0.168  0.324  762 
   54861.129900      60.6118     116.2443     -26.5028     116.4489    0.0108     -26.4798     -26.1694 -0.780 -0.171  762 
   54912.161700    -321.1164      86.3307    -346.1468      86.7887    0.0839     107.6130     103.8867  0.532  0.891  762 
   55126.499300    -147.6527      88.8223    -159.7746      89.1631    0.0644      20.4255      19.7857 -0.104  0.206  762 
   55208.320800    -263.3668      66.3111    -292.4353      66.9995    0.1809     -16.5279     -15.3459 -0.096 -0.237  762 
   55273.273000     217.7912      94.7140     211.8823      95.1432    0.0022    -225.0892    -218.3522 -1.013 -1.633  762 
   55536.300000     248.4755      74.9132     144.1380      75.5656    0.0522      20.9563      20.0276  0.095  0.251  762 
   55538.337000     191.3807      60.1440     186.6853      60.8785    0.1240      43.9338      40.8030  0.995  0.903  762 
   55540.344900     887.3265     137.0989     777.7890     137.4034    0.1055    -343.5460    -339.9476 -1.733 -1.537  762 
   55599.209300     615.0275     115.1690     464.9588     115.5874    0.0443    -296.3605    -292.3201 -1.243 -1.354  762 
   55603.167400     485.6480     166.8351     392.5891     166.9677    0.0690      -2.1563      -2.1415 -0.012 -0.014  762 
   55679.255600     109.4379      86.3777      82.4722      86.7083    0.0428      66.7531      63.9077  0.777  0.651  762 
   55924.445900    -489.1092      59.6146    -504.5095      60.7094    0.1417      78.6472      70.4004  2.077  1.921  762 
   55925.376900      94.9118      89.8472      65.3901      90.3098    0.0241      -9.4937      -9.1114 -0.339 -0.093  762 
   55926.310300      42.7410      57.8245      38.6861      58.8273    0.0658      53.0290      48.1132  1.299  1.094  762 
   55927.352700    -375.5388      93.1343    -385.8113      93.5380    0.1007      99.3541      95.4527  0.439  1.004  762 
   55969.118500    -349.4950      96.3342    -436.4104      96.7975    0.1682    -231.9951    -225.7088 -0.961 -1.499  762 
   56045.163000     111.8907     117.4929     131.1749     117.6294    0.0608      61.8330      60.4570 -0.058  0.684  762 
   56215.481000    -179.6664      85.9230    -230.9408      86.4363    0.1730    -170.3336    -163.7404 -2.036 -2.154  762 
   56217.473300    -223.5021     168.0234    -361.2905     168.3047    0.1397    -370.0458    -366.7932 -0.590 -1.420  762 
   56301.279200    -191.4431     119.7047    -233.1849     120.1777    0.0946      21.0943      20.6475  0.001  0.112  762 
