   54533.217500      90.9393     133.8318    -106.1359     134.6830    0.1593    -590.5826    -553.7734 -2.428 -2.756  762 
   54534.351500     933.3969     138.2663     859.0690     138.8613    0.0805    -560.9460    -534.4639 -2.136 -2.569  762 
   54535.302200     243.2229     119.6973      54.4232     120.7457    0.0116      -5.6331      -5.1605 -0.544 -0.033  762 
   54536.153800      -5.2083     122.6087    -170.1973     123.2440    0.1102    -373.7662    -351.2663 -2.300 -2.191  762 
   54537.405900   -1190.7443     110.7292   -1425.0722     112.0046    0.3612     -45.5170     -40.3795 -0.258 -0.360  762 
   54538.193800     602.4975     174.3502     559.1963     174.7015    0.0743    -242.1259    -233.3779 -0.632 -1.241  762 
   54590.208800   -1955.8928      99.4608   -2126.0936     100.7617    0.6225    -186.3800    -160.8644 -1.735 -1.760  762 
   54792.430900    -213.3484     103.7452    -291.4362     104.0063    0.1592    -656.9836    -621.9782 -5.859 -5.223  762 
   54793.510600    -557.6481     129.5051    -571.4851     130.3096    0.2336    -274.7126    -253.0870 -2.194 -1.854  762 
   54794.490600    -864.6555     137.0406    -927.6955     137.8446    0.3325    -317.0798    -291.1732 -2.149 -2.233  762 
   54860.202700     724.2024     115.9706     538.5665     116.9932    0.1439      -0.2448      -0.2211 -0.802 -0.002  762 
   54861.129900    2564.6851     132.0899    2448.5305     132.5633    0.3616    -259.5232    -245.4009 -1.722 -1.633  762 
   54912.161700     255.0100     109.4133     233.4483     110.5145    0.0536     -62.1734     -55.7146 -0.417 -0.473  762 
   55126.499300    -484.8055     109.3143    -517.4061     110.2324    0.2185      29.5125      26.3464 -0.112  0.284  762 
   55208.320800    -462.3624      89.8990    -505.3717      91.1396    0.3162     -65.9490     -55.6831 -0.875 -0.871  762 
   55273.273000    -357.6954     120.8842    -586.1072     122.1755    0.2212    -272.6209    -242.7845 -1.480 -1.811  762 
   55536.300000    1136.8558      96.6260    1029.5875      97.6933    0.3124    -116.6674    -101.7644 -0.820 -1.279  762 
   55538.337000      85.8973      83.1686      -4.0835      84.2920    0.0204     -49.1204     -41.4408 -0.658 -0.902  762 
   55540.344900    1577.0593     158.7233    1398.4207     159.3956    0.1727    -560.4583    -532.4779 -1.777 -2.431  762 
   55599.209300    -215.5643     139.5554    -322.0931     140.2891    0.1657    -559.1027    -528.8218 -3.329 -2.456  762 
   55603.167400   -1153.0163     181.5564   -1267.1223     181.9362    0.1964     250.1385     239.6734  2.056  1.580  762 
   55679.255600     501.8395     108.0479     351.1588     109.1438    0.1127      66.6519      58.4499  0.086  0.606  762 
   55924.445900   -1201.8411      82.0805   -1331.5699      83.4172    0.3207       9.3912       7.8535 -1.142  0.211  762 
   55925.376900   -1625.4562     116.0360   -1643.5867     117.2363    0.4728      77.6510      68.2187 -0.086  0.699  762 
   55926.310300   -1209.0437      82.7689   -1201.5997      84.0728    0.6028     -75.6281     -62.6201 -1.762 -1.427  762 
   55927.352700    -777.1908     118.2473    -834.3570     119.2939    0.3550    -348.6279    -308.9183 -3.048 -3.240  762 
   55969.118500    -345.9583     117.3355    -528.1036     118.3626    0.2508    -639.8179    -583.3562 -3.396 -4.000  762 
   56045.163000     745.9223     136.5003     714.8040     137.0199    0.1612    -159.4164    -146.6981 -1.508 -1.674  762 
   56215.481000    1109.2825     106.2647    1133.0695     107.2151    0.5223     201.8312     178.9001  1.779  2.485  762 
   56217.473300    1441.0065     188.0696    1292.4783     188.6099    0.0691    -972.4074    -938.9825 -4.424 -3.718  762 
   56301.279200    1253.6599     142.5342    1225.0644     143.4508    0.3501    -310.5663    -289.1426 -2.060 -1.626  762 
