   54533.217500      84.3244     107.6743     -23.3092     108.1689    0.0606     236.8951     227.3491  0.718  1.150  762 
   54534.351500     502.1391     115.4400     369.4626     115.8945    0.1963     445.1490     432.5771  1.413  2.021  762 
   54535.302200      29.6695      95.7014     -85.8581      96.6391    0.0463     237.5631     222.3756  0.683  1.425  762 
   54536.153800    -272.9584     103.8109    -365.1369     104.2501    0.0001     380.7871     364.9126  2.501  2.306  762 
   54537.405900    1036.5095      88.7274     928.1853      89.7365    0.2751      87.4847      80.9950  0.292  0.740  762 
   54538.193800     398.4970     155.9046     350.1035     156.1202    0.1579     211.6074     206.7531  1.547  1.101  762 
   54590.208800     616.8496      76.4988     582.4608      77.9580    0.2564     137.0173     122.7843  1.288  1.391  762 
   54792.430900     412.2708      94.5996     310.0808      94.8011    0.1111     307.9966     297.2300  3.199  2.449  762 
   54793.510600    1001.0438     108.6958     901.0724     109.4300    0.3117     216.3155     203.7655  1.440  1.454  762 
   54794.490600     743.3236     117.0955     659.0106     117.7302    0.2003      61.8978      58.4109  0.920  0.440  762 
   54860.202700     764.2920      96.0090     713.4875      96.8558    0.2838     182.3323     169.2612  0.931  1.364  762 
   54861.129900    -155.5065     115.3191    -221.1164     115.6799    0.0134     288.1659     275.9707  0.953  1.855  762 
   54912.161700     620.0690      89.1760     459.9498      90.1549    0.1921     136.4226     125.7287  1.029  1.044  762 
   55126.499300     183.6141      90.3517     153.0868      91.3584    0.1656     215.4980     197.2591  2.255  2.146  762 
   55208.320800     307.3874      70.7202     299.9284      72.9143    0.2258      84.5564      72.7443  1.326  1.135  762 
   55273.273000     778.0125      96.7409     697.4459      97.8082    0.3046     275.8082     254.9132  1.959  1.870  762 
   55536.300000     448.1729      79.3277     478.2626      80.4854    0.2207     125.4648     112.0510  0.646  1.390  762 
   55538.337000     -74.7346      68.2434     -20.7722      70.4596    0.0290      95.4437      80.8839  1.442  1.687  762 
   55540.344900     256.4080     134.0405      86.7822     134.5515    0.1150     415.1625     400.6788  1.967  1.830  762 
   55599.209300     393.5987     113.4628     330.9280     113.9203    0.1548     316.5456     304.8773  1.581  1.410  762 
   55603.167400     321.4290     163.6654     248.1370     163.8748    0.0553      66.7167      65.0402 -0.010  0.438  762 
   55679.255600     481.7647      89.1682     357.2095      90.4040    0.1168      30.6600      27.7385  0.259  0.283  762 
   55924.445900     597.8558      64.9595     598.2439      68.2649    0.1967     -84.2717     -72.4150 -1.199 -1.863  762 
   55925.376900     543.9246      93.2527     493.2901      94.6058    0.2547     125.1179     113.3108  1.401  1.152  762 
   55926.310300     217.7622      64.4923     132.9948      67.7739    0.0435     -81.1222     -66.9872 -1.534 -1.504  762 
   55927.352700      39.2419      97.4743     -44.4325      98.7211    0.0371     166.0347     150.5796  1.811  1.558  762 
   55969.118500     593.6945      93.5721     543.2454      94.2634    0.1922     136.7585     128.3212  0.802  0.894  762 
   56045.163000     367.8702     121.1599     323.1203     121.8032    0.1175      92.2127      87.0078  0.706  0.973  762 
   56215.481000    -162.7435      87.4931    -161.8279      89.0238    0.0997     -11.2693     -10.0937 -0.499 -0.143  762 
   56217.473300    1261.1754     158.2676    1204.5283     158.5350    0.2325    -275.3257    -270.2999 -1.319 -1.093  762 
   56301.279200     410.7923     114.8587     363.1006     115.5866    0.1483      12.1909      11.5534 -0.538  0.066  762 
