   54533.217500    -336.1319     112.5601    -451.1571     113.0086    0.0686     193.9529     186.1090  1.669  0.896  762 
   54534.351500     735.6279     114.8382     629.1792     115.2968    0.2255     222.0119     214.0685  1.032  1.037  762 
   54535.302200     515.1879      97.3453     543.5216      98.0756    0.4787    1277.1460    1198.8405  7.079  7.499  762 
   54536.153800     -79.5019     107.5257    -211.3318     107.9426    0.0132     285.9917     274.8015  0.562  1.655  762 
   54537.405900    -807.1093      94.3209    -970.2941      95.5495    0.2474     205.3077     186.4392  1.327  1.599  762 
   54538.193800     124.8002     159.1878      42.8722     159.4378    0.0079     -72.8399     -70.9932  0.752 -0.370  762 
   54590.208800    -571.7014      81.9070    -724.5357      83.3707    0.2065     134.9332     120.1424  1.445  1.238  762 
   54792.430900    -266.2966      95.3734    -369.7726      95.6034    0.2345    -927.9662    -890.4924 -7.367 -7.473  762 
   54793.510600     373.8107     109.5397     259.4576     110.3277    0.0564     -79.6439     -74.4738 -0.157 -0.549  762 
   54794.490600     -54.9187     117.9715    -158.7999     118.7155    0.0175     239.7705     224.4647  1.431  1.728  762 
   54860.202700     173.1945      97.0438     112.4474      97.9509    0.0673     116.9044     107.8660  0.718  0.889  762 
   54861.129900     341.5328     117.8843     199.9250     118.2599    0.1146     427.3746     410.8347  2.244  2.697  762 
   54912.161700     649.2610      90.3768     631.9020      91.2748    0.2398      59.8924      55.0268  1.018  0.468  762 
   55126.499300     -53.9988      93.6037     -60.5677      94.5517    0.0089      43.7761      40.1710  0.567  0.421  762 
   55208.320800    -260.5358      73.3243    -310.9981      75.6171    0.1469      91.3622      77.8949  1.105  1.198  762 
   55273.273000     277.0419      99.2065     196.0607     100.3267    0.0500     -72.8977     -66.7834 -0.700 -0.497  762 
   55536.300000      -8.6097      81.1663     -80.7330      82.5878    0.0157     136.6931     121.3227  1.191  1.511  762 
   55538.337000     261.7307      68.1666     268.2528      70.5071    0.1480       1.6695       1.4261  0.090  0.031  762 
   55540.344900      -7.2160     137.8103    -103.7889     138.2016    0.0233      -3.0956      -2.9933 -0.948 -0.014  762 
   55599.209300      98.7578     116.1990    -100.2327     116.8148    0.0384     -78.3356     -75.0947 -0.584 -0.348  762 
   55603.167400     -97.3944     168.2904    -185.5416     168.5245    0.0533     466.1587     453.9465  2.548  2.956  762 
   55679.255600    -202.8019      92.0826    -244.9041      93.3178    0.0728      36.8756      33.1868  1.050  0.337  762 
   55924.445900      12.9158      66.5438    -164.2523      70.2912    0.0599      26.6221      22.4932  0.226  0.601  762 
   55925.376900    -157.6823      95.8264    -145.2754      97.1219    0.0891     417.8062     376.2648  3.555  3.820  762 
   55926.310300    -109.1304      66.2317    -137.9332      69.3567    0.1597     -37.1621     -30.7457 -0.812 -0.690  762 
   55927.352700      74.3677      98.8905      54.5970     100.1036    0.0932     249.3957     225.6453  1.962  2.362  762 
   55969.118500      18.6306      98.1447     -75.0859      98.8513    0.0599    -140.3544    -131.2219 -1.305 -0.880  762 
   56045.163000    -205.9546     123.6231    -236.5758     124.2978    0.0933     -95.6778     -89.3590 -1.104 -1.006  762 
   56215.481000       3.7217      91.9563     -57.3613      93.3818    0.0122      33.6368      30.2506  0.528  0.401  762 
   56217.473300     426.4791     165.9391     219.7319     166.3249    0.0412     -19.6892     -19.1744  0.056 -0.075  762 
   56301.279200     -31.9248     120.6865     -32.1623     121.3192    0.0538     165.8869     157.0635  0.874  0.858  762 
