   54533.217500    -307.2351      95.5184    -428.7984      95.7224    0.0744     156.8566     151.8736  0.327  0.753  762 
   54534.351500    -817.9111     100.2047    -946.8894     100.4525    0.2487      54.2026      52.5532 -0.036  0.258  762 
   54535.302200    -320.7448      82.1729    -375.4117      82.4984    0.2861    -437.3491    -414.6013 -3.229 -2.675  762 
   54536.153800     607.0845      94.3052     518.7364      94.4381    0.1223     -75.7578     -73.8005 -0.849 -0.460  762 
   54537.405900    -808.8880      81.5629    -937.7799      82.2094    0.2732      49.7382      46.1027  0.023  0.403  762 
   54538.193800      32.2772     145.8400     -19.6478     145.9104    0.0143     -33.9418     -33.4029  0.341 -0.178  762 
   54590.208800    -496.7000      68.2007    -579.6018      68.9502    0.2204     -44.2284     -40.0753 -0.323 -0.432  762 
   54792.430900    -255.3446      88.8258    -325.8065      88.9172    0.0994    -223.2425    -218.3021 -3.227 -1.848  762 
   54793.510600     172.2467      95.5221     104.1883      95.8564    0.0443      21.2264      20.2634 -0.632  0.151  762 
   54794.490600     -56.0385     105.9671    -147.1183     106.3108    0.0588     -34.1104     -32.5438  0.208 -0.251  762 
   54860.202700     -77.3916      84.0563    -134.3896      84.4953    0.0648     -30.6098     -28.8561 -0.023 -0.240  762 
   54861.129900     176.4312     107.8190      93.9359     107.9579    0.0072     -67.5547     -65.7942  0.080 -0.434  762 
   54912.161700     142.2638      77.4033      87.6200      77.8239    0.0200     -35.2481     -33.0740 -0.719 -0.283  762 
   55126.499300    -190.7527      81.5941    -203.7667      82.0377    0.0687      77.6291      72.8696  0.638  0.778  762 
   55208.320800    -384.7068      61.5982    -396.1574      62.9186    0.2791     -19.8135     -17.2959 -0.053 -0.267  762 
   55273.273000    -371.0458      84.2463    -425.7694      84.7826    0.2183    -162.0884    -150.6519 -1.362 -1.132  762 
   55536.300000    -840.9657      70.3566    -888.2979      71.1133    0.2488     214.9897     195.6784  2.049  2.451  762 
   55538.337000    -180.0894      58.1391    -236.6283      59.8223    0.1111      30.6848      26.5629  0.134  0.583  762 
   55540.344900    -374.7915     121.4449    -472.2725     121.6498    0.0934     157.5699     153.2516  0.586  0.700  762 
   55599.209300     333.0593      99.3090     243.2074      99.4959    0.0404    -387.1814    -376.5009 -1.990 -1.750  762 
   55603.167400     736.4865     159.8764     639.1273     159.9736    0.0533    -373.8606    -368.2406 -2.014 -2.381  762 
   55679.255600    -493.9803      78.8036    -518.9809      79.4315    0.1367     150.6692     138.0684  1.274  1.449  762 
   55924.445900    -275.2908      56.6156    -444.7163      59.2441    0.1571     -14.1355     -11.9459 -0.405 -0.324  762 
   55925.376900     -75.4316      81.9506    -157.0206      82.6971    0.0102     148.0986     135.7892  1.026  1.391  762 
   55926.310300     102.4116      54.6437      50.6823      56.9459    0.0020     -62.8663     -53.4906 -0.790 -1.198  762 
   55927.352700     139.1085      85.8363      82.6368      86.4530    0.0099     -63.1219     -58.5673 -0.647 -0.614  762 
   55969.118500    -106.6468      83.8342    -193.0978      84.1571    0.1138    -201.2389    -191.9509 -1.394 -1.299  762 
   56045.163000    -580.9202     112.0597    -615.5952     112.4023    0.1784      56.7167      54.0037  0.210  0.624  762 
   56215.481000      97.6428      78.1268      81.7269      78.8208    0.0795      95.7334      88.4745  0.956  1.211  762 
   56217.473300    -596.6599     148.2226    -691.5030     148.3520    0.0889     333.3735     328.0783  1.313  1.284  762 
   56301.279200     311.5239     101.4830     250.2408     101.7992    0.1136       1.8393       1.7623  0.516  0.010  762 
