   54533.217500    -470.3081      99.9362    -560.5034     100.1763    0.0217     505.9621     490.1234  1.415  2.438  762 
   54534.351500      -1.9633     105.5984    -122.4884     105.8461    0.0565     329.8294     321.3828  1.972  1.536  762 
   54535.302200     541.2362      86.4530     452.5244      86.8612    0.0753    -221.6309    -210.6665 -1.399 -1.346  762 
   54536.153800     657.2248      97.7163     545.4464      97.9113    0.1307      11.6981      11.3726 -0.579  0.071  762 
   54537.405900     228.5304      83.3090     188.0622      83.8277    0.1290     141.0538     132.2800  1.185  1.171  762 
   54538.193800      73.1224     149.9300      36.1252     150.0129    0.0249      51.0893      50.2841  0.239  0.267  762 
   54590.208800    -102.5735      70.9477    -179.5020      71.7396    0.0685      32.2432      29.2791  0.664  0.318  762 
   54792.430900       2.8409      91.2655     -62.8279      91.3554    0.0905    -398.1675    -388.1156 -4.313 -3.224  762 
   54793.510600     347.5636     100.5139     255.4782     100.9114    0.0414    -153.0398    -146.0729 -1.072 -1.060  762 
   54794.490600     252.1833     109.7254     187.8634     110.0355    0.0126    -150.0546    -143.7227 -0.808 -1.092  762 
   54860.202700     423.0892      87.9944     369.8025      88.3959    0.1426      49.8644      47.0825 -0.186  0.384  762 
   54861.129900    -554.3001     110.3588    -632.7671     110.5285    0.0865     257.0898     250.1500  1.137  1.659  762 
   54912.161700     251.9899      81.8133     178.7387      82.2808    0.0244    -257.6075    -241.0494 -1.744 -2.023  762 
   55126.499300     392.7513      84.1836     346.1129      84.6796    0.2107      22.3293      20.9201 -0.283  0.223  762 
   55208.320800    -253.7552      64.6723    -326.7659      66.0899    0.2199     -17.4487     -15.2676 -0.347 -0.234  762 
   55273.273000     120.8341      88.5456      68.6650      89.0883    0.0025     -79.9282     -74.8135 -0.337 -0.553  762 
   55536.300000    -140.3059      73.2915    -238.8224      74.0702    0.1020     -32.3107     -29.3836 -0.604 -0.363  762 
   55538.337000     331.3791      61.1036     206.1299      62.7752    0.0935     -48.1331     -41.9842 -0.203 -0.883  762 
   55540.344900    -179.8560     126.1370    -316.6068     126.3985    0.0276     212.9122     207.2536  1.121  0.943  762 
   55599.209300    -228.1374     104.7912    -328.9259     105.0572    0.1095     -30.1733     -29.2606 -0.067 -0.136  762 
   55603.167400    -364.4747     161.0871    -424.9139     161.1819    0.0932       7.8696       7.7304  0.008  0.051  762 
   55679.255600    -180.2021      82.6890    -269.2621      83.4272    0.0817      37.6210      34.5329  0.589  0.353  762 
   55924.445900    -233.2092      59.9284    -373.1011      62.5571    0.1286      65.3032      55.6553  1.319  1.436  762 
   55925.376900     297.0711      85.5914     247.3096      86.2752    0.1469      39.6561      36.5822  0.325  0.371  762 
   55926.310300    -337.7170      58.5627    -367.8120      60.7014    0.3113     -74.7021     -63.2575 -1.550 -1.397  762 
   55927.352700    -299.7958      90.1366    -324.5204      90.7607    0.1964     -65.5908     -60.7289 -0.532 -0.629  762 
   55969.118500      21.2877      87.1710     -84.2947      87.5689    0.0397     -35.4985     -33.7083 -0.365 -0.231  762 
   56045.163000    -104.9206     115.7231    -145.3737     116.0355    0.0075     127.7863     121.5865  1.186  1.364  762 
   56215.481000     -36.1711      81.0637     -26.7666      81.7569    0.0602     166.2966     153.3816  1.526  2.102  762 
   56217.473300    -200.8704     151.9184    -321.4654     152.0857    0.0080     362.9452     356.8110  0.899  1.414  762 
   56301.279200     734.5668     105.9081     682.2581     106.2301    0.2306    -144.9766    -139.2413 -0.669 -0.782  762 
