   54533.217500    -499.2274     105.7439    -582.2872     105.8659    0.1206     142.2881     139.5324  0.287  0.697  762 
   54534.351500     327.9783     111.7933     229.1673     111.9240    0.0395     -90.3765     -88.9458 -0.651 -0.424  762 
   54535.302200     101.3509      91.0755       5.0587      91.3112    0.0173     -61.6476     -59.9424 -0.594 -0.384  762 
   54536.153800    -374.0194     101.3130    -485.6545     101.4121    0.0684       3.9601       3.8968  0.057  0.024  762 
   54537.405900     334.7896      85.0168     285.2729      85.2288    0.1543     150.2504     145.7051  1.763  1.288  762 
   54538.193800     163.4954     153.4630     128.8191     153.5106    0.1036     223.8914     221.9344  1.473  1.179  762 
   54590.208800     439.0451      71.4088     379.5507      71.7014    0.1389     -59.7493     -57.3276  0.095 -0.623  762 
   54792.430900     106.4947      92.3378       3.1146      92.3975    0.0242     139.6091     137.5874  0.549  1.135  762 
   54793.510600     343.9248     103.6155     287.0441     103.7834    0.0738     -55.6953     -54.4754 -0.262 -0.393  762 
   54794.490600     182.0886     112.2736     149.8955     112.3772    0.0967     155.4103     152.3060  1.321  1.149  762 
   54860.202700    -240.6316      91.1588    -285.9701      91.3569    0.0057     313.0178     302.6791  1.584  2.450  762 
   54861.129900    -208.1151     113.0405    -300.2584     113.1410    0.0091     261.6177     257.5562  1.114  1.705  762 
   54912.161700     114.8303      83.9178      42.0139      84.1540    0.0859     217.5278     210.9165  1.453  1.759  762 
   55126.499300     239.7487      85.4102     223.5269      85.5737    0.1411      69.0794      66.8534  1.129  0.710  762 
   55208.320800    -192.4666      64.6117    -207.0647      65.0169    0.1065      35.8391      33.5850  0.599  0.508  762 
   55273.273000     -60.9550      91.8052    -124.1760      92.0487    0.0225     191.4707     185.3209  0.780  1.362  762 
   55536.300000     104.6064      73.9097      49.0707      74.1676    0.0354      39.0198      37.0606  0.275  0.453  762 
   55538.337000    -249.7580      60.9046    -277.8485      61.2981    0.1053      78.7978      73.4210  1.403  1.508  762 
   55540.344900     572.1844     131.6124     503.1422     131.7017    0.0456    -338.1494    -333.5507 -1.729 -1.517  762 
   55599.209300     106.0906     110.9213       0.2818     111.0658    0.0745    -279.1901    -274.6824 -1.900 -1.270  762 
   55603.167400     -31.8564     163.4400    -127.7760     163.5184    0.0291     278.8084     275.7363  2.251  1.810  762 
   55679.255600     390.4431      83.0326     339.8688      83.2483    0.1926     245.8745     236.9774  1.544  2.404  762 
   55924.445900     203.7250      58.4483      43.8745      59.2389    0.0195      10.2512       9.4638  1.124  0.237  762 
   55925.376900      45.1759      87.6125      16.0005      87.8525    0.0033      -9.2518      -8.8661 -0.438 -0.089  762 
   55926.310300     -23.0688      57.6361     -92.4864      58.2975    0.0672     -11.8794     -10.8453 -0.387 -0.234  762 
   55927.352700     561.4184      90.9793     515.9647      91.2116    0.1138    -226.2551    -218.4384 -1.572 -2.239  762 
   55969.118500      85.9423      90.6961      -0.1560      90.8490    0.0076     -27.4103     -26.6117 -0.101 -0.182  762 
   56045.163000    -170.4251     116.4470    -197.4715     116.5515    0.0464      47.6353      46.5403  0.430  0.517  762 
   56215.481000     250.9813      81.3321     230.7958      81.5612    0.0991     -30.6067     -29.3719 -1.051 -0.400  762 
   56217.473300     -49.6526     159.1415    -160.0990     159.2433    0.1546    -603.3038    -597.9331 -2.403 -2.371  762 
   56301.279200     283.2225     111.5366     242.9402     111.7004    0.0885     -34.4741     -33.6763 -0.301 -0.189  762 
