   54533.217500       0.0000       5.6398       0.0000       5.6398       nan       0.0000       0.0000  0.000  0.000  762 
   54534.351500       0.0000       5.4859       0.0000       5.4859       nan       0.0000       0.0000  0.000  0.000  762 
   54535.302200       0.0000       4.7280       0.0000       4.7280       nan       0.0000       0.0000  0.000  0.000  762 
   54536.153800     -73.7838     162.3785      52.6046     165.0522    0.1228   -1053.1024    -942.5247 -6.776 -5.586  762 
   54537.405900   -2292.0613     154.1153   -2424.6346     158.5806    0.4458    -401.2973    -330.7224 -3.419 -2.776  762 
   54538.193800    1041.7540     215.8948     972.2827     218.1864    0.0164    -958.7201    -884.7325 -4.180 -4.569  762 
   54590.208800   -2774.2369     143.2645   -3129.7996     147.6293    0.5695    -369.5398    -301.5680 -3.663 -3.012  762 
   54792.430900    -153.8058     125.6501    -349.4719     126.8942    0.1686    -813.6533    -728.8639 -5.851 -6.121  762 
   54793.510600     154.3272     172.5532     -45.1999     176.3722    0.0721    -413.6220    -354.7314 -2.901 -2.630  762 
   54794.490600    1170.2397     177.1042    1170.9474     180.3728    0.2043    -149.0741    -128.1159 -0.900 -0.988  762 
   54860.202700     257.0183     157.6253     249.1730     161.3017    0.0246    -158.7017    -133.1648 -1.596 -1.100  762 
   54861.129900    -706.2831     170.5501    -843.4785     173.0897    0.1462    -370.7492    -330.3060 -2.346 -2.152  762 
   54912.161700    1356.2382     149.1274    1304.5215     152.7569    0.2522      59.6746      49.9850  0.389  0.426  762 
   55126.499300    2001.1934     147.8915    1912.6435     150.9962    0.4137    -196.9362    -166.1300 -1.656 -1.715  762 
   55208.320800    1080.7508     127.5387    1073.1633     131.0087    0.3338      66.0279      52.4218  1.028  0.796  762 
   55273.273000    1821.0798     165.4739    1583.9708     169.7138    0.2935    -165.9392    -138.6712 -0.473 -1.031  762 
   55536.300000    -231.7354     133.3555    -485.4280     136.6129    0.0948      99.7021      81.1195  0.543  1.004  762 
   55538.337000     390.3339     116.0351     373.8852     118.8762    0.0937     -50.3578     -40.3051 -0.137 -0.867  762 
   55540.344900     208.5594     206.6462      14.8132     209.8267    0.1940   -1558.2089   -1415.3803 -7.082 -6.390  762 
   55599.209300    1992.0088     184.6412    1792.1905     188.2894    0.2299    -499.9609    -450.1964 -1.753 -2.085  762 
   55603.167400      24.2050     217.5714    -257.8047     219.4400    0.0239     105.6455      96.8101  0.027  0.624  762 
   55679.255600     580.9893     149.1844     345.5727     152.8480    0.0518     -58.6144     -48.1543 -0.369 -0.484  762 
   55924.445900       0.0000       2.2031       0.0000       2.2031       nan       0.0000       0.0000  0.000  0.000  762 
   55925.376900    -727.7976     160.4932    -735.3355     164.6058    0.1694     172.2411     140.6227  1.572  1.419  762 
   55926.310300     282.6622     116.7394     199.0728     119.9903    0.0892      32.3174      25.7266  0.157  0.568  762 
   55927.352700      91.5760     161.1454      60.1528     164.9198    0.0153    -158.0893    -129.9699 -0.986 -1.358  762 
   55969.118500     433.9357     159.7047     378.0031     163.0477    0.0187    -320.6867    -278.3043 -0.833 -1.842  762 
   56045.163000    1304.3936     175.7004    1435.6427     178.1247    0.2571    -171.6924    -147.8306 -1.342 -1.656  762 
   56215.481000    -659.9885     150.8492    -661.3974     154.1142    0.1486      68.8271      57.7885  0.629  0.745  762 
   56217.473300    3304.4294     239.5782    3109.7394     242.2256    0.0938   -2275.0621   -2128.5491 -7.523 -8.235  762 
   56301.279200     772.8627     196.4456     696.1843     200.3957    0.1454    -152.7530    -135.2719 -0.585 -0.729  762 
