   54533.217500     587.9721     100.9992     505.5656     101.4620    0.2323     352.6488     336.3342  0.872  1.674  762 
   54534.351500     203.1883     108.9940      61.0334     109.4937    0.0534     111.8224     107.0490  0.843  0.492  762 
   54535.302200     468.7270      90.0949     305.9197      91.1032    0.0228    -252.1591    -232.5176 -1.569 -1.458  762 
   54536.153800      69.8700     100.3168     -18.6169     100.7252    0.0529     242.0424     230.4407  0.259  1.430  762 
   54537.405900     591.7435      85.7750     595.8845      86.7104    0.1971      34.6333      31.3993 -0.331  0.284  762 
   54538.193800      45.8343     152.5073       6.5887     152.6999    0.0821     305.2890     297.3758  1.061  1.557  762 
   54590.208800     703.9348      74.1550     636.8732      75.6276    0.1605    -228.9784    -199.6948 -1.356 -2.210  762 
   54792.430900    -606.2590      93.5956    -656.7749      93.7759    0.0409     462.6749     444.9567  2.351  3.618  762 
   54793.510600     253.7925     104.9921     201.4748     105.7273    0.0614       3.7135       3.4593  0.441  0.024  762 
   54794.490600      26.9032     113.3280      15.9868     113.9377    0.0396    -158.1933    -148.0711 -0.849 -1.106  762 
   54860.202700      27.1170      92.4618     -22.0117      93.3309    0.0319     -73.3976     -67.3106 -0.921 -0.535  762 
   54861.129900    -325.9627     111.1562    -375.0946     111.5078    0.0919      14.3553      13.7136 -0.674  0.092  762 
   54912.161700     762.5788      85.3883     608.5362      86.3703    0.1549    -151.6953    -137.9926 -0.831 -1.131  762 
   55126.499300     135.0985      87.9339      80.1597      88.9767    0.0205     -39.6402     -35.7891 -0.375 -0.385  762 
   55208.320800      89.7100      68.6512      72.7158      71.0501    0.0298     -34.8596     -28.9573 -0.180 -0.448  762 
   55273.273000    -430.5146      93.1324    -470.6869      94.2260    0.1323     147.2882     132.6700  0.643  0.960  762 
   55536.300000      92.8237      77.3766      44.8111      78.8033    0.0157     -97.7127     -85.2054 -0.682 -1.047  762 
   55538.337000      69.6717      66.8124      74.1641      69.3509    0.0271     -28.9566     -24.1015 -0.205 -0.490  762 
   55540.344900     154.0497     127.3229      26.9509     127.7805    0.0995     412.1866     394.9126  2.181  1.790  762 
   55599.209300     -80.9882     106.1462    -246.8655     106.7453    0.0929    -132.9395    -126.2940 -0.018 -0.582  762 
   55603.167400     506.4129     159.2622     463.0744     159.4462    0.0389    -669.0994    -651.0191 -5.152 -4.436  762 
   55679.255600    -404.1569      87.6079    -409.3674      88.8469    0.1156     166.5933     147.6728  1.373  1.462  762 
   55924.445900    -449.4609      65.9461    -335.5189      69.6075    0.1595     -43.7485     -35.7076 -1.040 -0.891  762 
   55925.376900      97.0253      90.2797       6.6683      91.7836    0.0032     -15.9035     -14.0607 -0.063 -0.141  762 
   55926.310300    -248.8075      63.0785    -219.1304      66.5635    0.1246      63.3036      50.3881  0.997  1.125  762 
   55927.352700    -115.6019      94.2253    -163.0330      95.5149    0.0612      35.6039      31.7393  0.571  0.326  762 
   55969.118500     209.1414      88.9278     117.6613      89.7118    0.0899     258.5534     239.1790  1.320  1.661  762 
   56045.163000    -119.6563     120.7517    -198.5498     121.4409    0.0284     117.8307     109.6445  0.607  1.194  762 
   56215.481000     129.2946      85.2053      70.5107      86.8456    0.0065     -65.2353     -57.5602 -0.387 -0.798  762 
   56217.473300     421.7363     149.0697     310.7849     149.3788    0.2241     796.8745     776.4718  3.150  3.152  762 
   56301.279200     457.9612     108.3816     397.6584     109.1359    0.1052    -145.3613    -135.4831 -0.861 -0.761  762 
