   54533.217500     391.0849     110.9249     158.8758     111.6310    0.0273     -50.8742     -47.8248 -0.072 -0.234  762 
   54534.351500     275.8523     115.4465     197.4343     116.0157    0.0172    -273.5085    -259.5730 -0.700 -1.247  762 
   54535.302200     238.8822      98.7539     141.9870      99.8931    0.0079    -126.2601    -114.8185 -0.290 -0.726  762 
   54536.153800     114.1336     106.7811       3.5695     107.3279    0.0206      81.2068      76.6460  0.229  0.467  762 
   54537.405900    -281.5466      95.5612    -562.0256      97.2241    0.2470    -347.5669    -307.9589 -1.796 -2.660  762 
   54538.193800     412.8097     157.6981     346.8586     157.9974    0.1721     248.7051     240.3662  1.544  1.261  762 
   54590.208800    -666.1825      83.4952    -930.2086      85.6496    0.2622     143.3329     122.3485  1.253  1.292  762 
   54792.430900    -408.6076      96.2539    -466.5411      96.5278    0.1546    -421.6448    -401.1543 -3.997 -3.322  762 
   54793.510600    -486.5955     111.3665    -545.8580     112.4333    0.0708     321.0356     293.8189  1.420  2.133  762 
   54794.490600       1.4815     120.1749    -114.5542     121.1576    0.0080      90.2783      82.9404  0.639  0.628  762 
   54860.202700     528.0733      98.9238     466.7092     100.1144    0.1650      80.8914      72.7271  0.588  0.592  762 
   54861.129900     480.8977     118.6309     421.7005     119.0454    0.0792     -29.2759     -27.8880  1.026 -0.182  762 
   54912.161700     652.7760      92.4344     572.9416      93.7263    0.1060    -238.9992    -213.5887 -1.211 -1.792  762 
   55126.499300      48.9169      95.5679     -25.3690      96.9764    0.0448     -72.5075     -64.5544 -0.614 -0.676  762 
   55208.320800    -667.9245      77.3872    -720.0504      80.5076    0.4079      -1.6175      -1.3104 -0.066 -0.020  762 
   55273.273000     138.5800     100.8103     -34.5948     102.4521    0.0158      -9.3527      -8.2718 -0.318 -0.061  762 
   55536.300000      91.0466      84.0888      47.1634      85.9887    0.0513      81.1390      69.5143  0.707  0.849  762 
   55538.337000     202.5712      72.5450     117.6807      75.9623    0.0527     -18.5222     -14.9677 -0.475 -0.314  762 
   55540.344900      56.4012     136.8148    -180.9926     137.5563    0.0545     -57.4721     -54.5354 -0.237 -0.246  762 
   55599.209300     796.1474     115.6685     636.8637     116.3818    0.0368    -809.5877    -764.1408 -2.548 -3.512  762 
   55603.167400     152.5845     169.3795      42.4271     169.6897    0.0915     468.5025     452.8570  2.121  2.908  762 
   55679.255600    -340.0421      93.8925    -346.8713      95.5704    0.1314      -7.7173      -6.6941  0.060 -0.068  762 
   55924.445900    -309.5611      71.5956    -493.6566      76.4889    0.1822       6.2554       4.9537 -0.212  0.127  762 
   55925.376900    -314.6621      98.8010    -424.4112     100.8479    0.1389      69.3253      60.1570  0.932  0.603  762 
   55926.310300    -372.6540      71.1119    -472.6920      75.4629    0.3232     -14.1468     -11.0264 -0.336 -0.238  762 
   55927.352700     142.3031     101.6380     144.0917     103.3076    0.0846      80.0908      70.5855  0.716  0.725  762 
   55969.118500    -184.9492      98.8503    -263.4767      99.8266    0.1418    -197.2997    -180.0278 -1.613 -1.204  762 
   56045.163000      80.5023     125.0123      49.8207     125.9860    0.0423      81.9139      75.2851  1.046  0.843  762 
   56215.481000     208.4654      93.8223     231.8541      95.7611    0.1248      45.3835      39.5606  0.950  0.529  762 
   56217.473300      22.5895     163.5558    -150.7464     163.9740    0.0657    -218.4362    -211.7006 -1.663 -0.825  762 
   56301.279200     170.8660     119.7218     143.9770     120.7029    0.1124     121.5580     112.3355  0.282  0.620  762 
