   54533.217500     352.6056     105.8207     196.2304     106.0339    0.1703     528.0104     514.2544  2.864  2.515  762 
   54534.351500     -71.4375     113.0966    -196.8498     113.2612    0.0525     421.7018     412.2186  1.610  1.899  762 
   54535.302200     131.2118      93.2367      40.6613      93.5107    0.0360      69.9376      66.8908 -0.031  0.413  762 
   54536.153800    -697.9895     103.3644    -823.3257     103.5224    0.1465     139.7517     135.9174  0.129  0.823  762 
   54537.405900      60.5932      86.7910     -21.3958      87.0975    0.0230     -43.3056     -40.8804  0.672 -0.363  762 
   54538.193800     -28.1136     155.9869     -83.1457     156.0672    0.1133     503.5910     496.1307  2.166  2.564  762 
   54590.208800     173.1003      74.0704     114.6042      74.4243    0.0809      63.0171      58.5741  0.000  0.624  762 
   54792.430900     882.6149      93.5730     803.1292      93.6313    0.1871     201.4937     197.4258  1.163  1.594  762 
   54793.510600      60.6473     106.2752       5.2919     106.4682    0.0330      92.8159      89.2450  0.763  0.624  762 
   54794.490600     454.9606     113.6604     389.4335     113.8422    0.1491     118.6301     114.3995  0.750  0.853  762 
   54860.202700     215.0589      92.8059     167.0631      93.0067    0.0775      41.4445      39.5478 -0.562  0.312  762 
   54861.129900    -897.0314     112.6666    -939.0431     112.7700    0.1390     402.4314     392.2208  1.870  2.620  762 
   54912.161700     280.5131      86.0314     222.1623      86.2575    0.0705     -14.9094     -14.2168  0.125 -0.116  762 
   55126.499300     306.1310      87.6068     252.6096      87.8361    0.1171      -8.9326      -8.4522  0.023 -0.089  762 
   55208.320800     248.3552      66.9184     211.2479      67.3560    0.1360      14.3880      12.9914  0.390  0.195  762 
   55273.273000      86.9229      94.3286     -39.0574      94.6812    0.0540     232.4663     219.6022  1.243  1.577  762 
   55536.300000     -83.8417      76.1683    -145.6674      76.4970    0.0694     -48.3805     -45.0320 -0.655 -0.542  762 
   55538.337000     131.2403      64.6980     135.7271      65.0741    0.0853       0.2646       0.2395 -0.118  0.005  762 
   55540.344900    -112.0930     132.6042    -198.8689     132.7488    0.0444     384.8509     376.8765  0.633  1.694  762 
   55599.209300     298.3932     110.5504     215.0604     110.7052    0.0700      21.1049      20.5689  0.453  0.095  762 
   55603.167400    -297.8251     160.9890    -344.4651     161.0557    0.0963     -34.7321     -34.1587 -0.210 -0.232  762 
   55679.255600     177.6071      87.0707     123.4174      87.3453    0.0791     123.6453     116.3638  0.898  1.127  762 
   55924.445900      17.6435      63.7956       9.2245      64.2575    0.0017     -14.6272     -12.9698 -1.131 -0.311  762 
   55925.376900      28.5409      90.0053      -1.4974      90.3002    0.0146     -34.7553     -32.5940 -0.029 -0.323  762 
   55926.310300     -76.5553      61.4208    -107.6136      62.0124    0.0758      18.8973      16.5227  0.169  0.351  762 
   55927.352700     584.9251      93.1658     522.0322      93.4447    0.1111    -257.2299    -242.4220 -1.549 -2.460  762 
   55969.118500      83.4797      91.3281     -22.8684      91.5636    0.0376    -120.0845    -115.0657 -0.392 -0.787  762 
   56045.163000     104.9161     120.1435      63.7241     120.2782    0.0283      30.2726      29.1719 -0.353  0.312  762 
   56215.481000      26.7013      84.9619      -9.6998      85.2707    0.0385     -73.1830     -68.3174 -0.432 -0.905  762 
   56217.473300     404.6419     156.9867     306.6209     157.1142    0.0810      11.5920      11.4113  0.092  0.046  762 
   56301.279200     118.1002     113.1317      62.3585     113.3552    0.0113     -36.6283     -35.3177 -0.232 -0.195  762 
