   54533.217500     165.3896      98.7613      -5.7621      99.1102    0.0483    -186.6056    -179.4030 -1.498 -0.882  762 
   54534.351500     173.4264     102.6020      48.7448     102.9164    0.0431    -202.2650    -195.4455 -1.085 -0.955  762 
   54535.302200     279.7359      85.2844     210.0628      85.7940    0.1878    -693.9364    -653.4743 -4.289 -4.186  762 
   54536.153800     465.9574      97.1041     360.5851      97.3338    0.0831     -26.3223     -25.4625 -0.086 -0.157  762 
   54537.405900     316.8559      84.1111     170.5832      84.8217    0.0329     -87.1014     -80.7953 -0.776 -0.690  762 
   54538.193800    -179.6975     148.4276    -221.7532     148.5376    0.1453    -290.4377    -285.1155 -0.853 -1.510  762 
   54590.208800     342.0735      71.1686     178.1754      72.0501    0.0604     -34.7548     -31.2707 -0.195 -0.329  762 
   54792.430900   -1053.3079      91.1002   -1156.0191      91.2346    0.2716    -345.4602    -333.9590 -1.814 -2.788  762 
   54793.510600    -311.1427      99.1975    -421.9217      99.7210    0.1637     -37.5080     -35.4627 -0.184 -0.261  762 
   54794.490600    -325.1974     109.3824    -390.0229     109.7745    0.1955    -233.3670    -221.5664 -1.273 -1.684  762 
   54860.202700     733.6760      86.8949     647.6949      87.3984    0.1731    -151.1969    -141.2764 -1.408 -1.160  762 
   54861.129900    1100.3716     110.3406    1004.0027     110.5262    0.1568    -400.3767    -388.9455 -1.990 -2.533  762 
   54912.161700    -341.3248      81.1468    -400.4662      81.7244    0.1779     -91.2832     -84.3567 -0.644 -0.715  762 
   55126.499300     -33.8017      84.8679     -78.8425      85.4477    0.0696     -53.7808     -49.9422 -0.766 -0.523  762 
   55208.320800    -854.6413      65.7645    -941.4484      67.4363    0.5188     -58.4448     -50.3606 -0.910 -0.757  762 
   55273.273000     665.8254      86.8085     501.6997      87.6124    0.1352    -102.7871     -94.9489 -0.475 -0.706  762 
   55536.300000     448.6046      73.0862     341.4662      73.9389    0.0511    -214.6449    -192.9522 -1.898 -2.363  762 
   55538.337000    -334.3687      61.5961    -376.0662      63.4217    0.1677      35.7635      30.7200  0.075  0.654  762 
   55540.344900     213.6875     124.3759     119.0720     124.6330    0.0684    -371.2374    -360.4721 -1.099 -1.635  762 
   55599.209300     413.1027     102.8552     250.4850     103.2350    0.0621    -499.8861    -482.4796 -2.234 -2.225  762 
   55603.167400      22.8141     163.3879    -111.9180     163.5353    0.0180       5.0414       4.9411 -0.890  0.031  762 
   55679.255600      69.3431      81.8787     -58.5834      82.7073    0.0783    -158.8009    -144.0596 -1.909 -1.487  762 
   55924.445900     438.5961      58.8891     406.8635      61.5199    0.1140    -126.1556    -108.8234 -2.581 -2.821  762 
   55925.376900     565.3218      85.4089     487.7577      86.2168    0.1117    -266.0101    -242.7214 -2.621 -2.441  762 
   55926.310300     321.8613      58.1409     295.8302      60.5190    0.1988     -13.2679     -11.1996 -0.280 -0.242  762 
   55927.352700      39.7504      89.5834       7.7215      90.3261    0.0019      -3.9261      -3.6134 -0.645 -0.037  762 
   55969.118500     381.9868      86.9031     275.0714      87.3440    0.0009    -288.7833    -272.4020 -1.425 -1.816  762 
   56045.163000     -55.7164     115.1060    -113.7079     115.5208    0.0831    -170.9479    -161.9576 -2.135 -1.833  762 
   56215.481000      99.9709      81.8841     100.0140      82.7197    0.0718      11.0437      10.0731  0.231  0.135  762 
   56217.473300    1631.0058     150.6141    1487.4086     150.8044    0.2594    -260.3902    -256.1243 -0.823 -0.994  762 
   56301.279200     264.9970     105.1236     199.7225     105.5832    0.1353     134.3396     127.7817  0.461  0.709  762 
