   54533.217500     -93.3050      91.8795    -226.8197      92.0554    0.0799     -58.6264     -57.3695 -0.881 -0.283  762 
   54534.351500     163.3586      95.9009      40.3479      96.0503    0.0062     -63.5539     -62.4267 -0.599 -0.306  762 
   54535.302200    -271.5079      78.3108    -319.3538      78.5255    0.2788    -389.2006    -374.2268 -2.520 -2.405  762 
   54536.153800     549.7165      91.7730     457.1578      91.8752    0.1291      62.9990      62.0035  0.075  0.384  762 
   54537.405900    -754.4787      78.5414    -801.0127      78.8091    0.2790      91.1693      86.6016  0.312  0.743  762 
   54538.193800     709.8170     143.1922     680.7301     143.2252    0.1706    -183.0416    -181.3854 -0.295 -0.964  762 
   54590.208800      53.9938      64.0672      -2.5785      64.3631    0.0068      22.9657      21.5384  0.366  0.228  762 
   54792.430900    -769.1110      87.9541    -830.5893      88.0013    0.1561      -5.7732      -5.6757 -0.985 -0.048  762 
   54793.510600    -333.1637      92.7455    -407.2034      92.9518    0.1272      12.0193      11.6330 -0.112  0.086  762 
   54794.490600     140.0612     103.0290      69.0381     103.1828    0.0180    -129.4509    -125.6595 -1.266 -0.957  762 
   54860.202700      84.2968      80.7861      35.8195      80.9727    0.0669    -238.4141    -229.2496 -1.956 -1.888  762 
   54861.129900     520.9578     105.7273     434.9730     105.8166    0.0414    -268.4307    -264.2378 -1.062 -1.728  762 
   54912.161700      -9.7820      74.1312     -73.6442      74.3671    0.0426     -52.9601     -50.7234 -0.291 -0.430  762 
   55126.499300      80.9790      78.5029      60.2153      78.7171    0.0473      20.2763      19.4674 -0.116  0.204  762 
   55208.320800    -180.4585      57.8713    -211.1051      58.5632    0.2091     -97.3817     -88.5316 -1.281 -1.333  762 
   55273.273000    -198.9460      80.2295    -266.4542      80.5540    0.1741    -184.2820    -175.3708 -1.430 -1.306  762 
   55536.300000      76.8146      66.7011     -18.8114      67.1587    0.0650    -155.0886    -145.5274 -2.467 -1.786  762 
   55538.337000     258.2245      54.0685     247.8108      54.8174    0.0972     -58.3709     -53.2740 -1.376 -1.133  762 
   55540.344900     -27.1365     117.7357    -111.9668     117.8549    0.0136     161.4069     158.9992  0.533  0.723  762 
   55599.209300     -55.5159      96.0160    -183.9897      96.1905    0.1149    -225.1543    -220.6953 -1.261 -1.020  762 
   55603.167400    -168.3749     159.2376    -244.0333     159.2944    0.0016     237.7799     235.1429  1.002  1.498  762 
   55679.255600    -356.6760      75.4048    -390.6133      75.7014    0.1351      44.9994      42.3200 -0.050  0.438  762 
   55924.445900    -340.3392      53.4698    -352.8173      54.7780    0.1516     -33.4145     -29.4041  0.002 -0.764  762 
   55925.376900      18.2832      78.3104     -18.6043      78.6489    0.0753    -156.2083    -147.8994 -1.589 -1.491  762 
   55926.310300     -46.4047      51.1051     -27.3224      52.2305    0.0259      -6.0973      -5.4352 -0.188 -0.117  762 
   55927.352700      95.0918      82.4020      52.2600      82.7085    0.0417      45.0528      42.8462  0.186  0.442  762 
   55969.118500      97.1376      80.5450       2.0095      80.7510    0.0991    -285.9184    -276.5580 -1.612 -1.850  762 
   56045.163000    -348.9843     109.6437    -364.7526     109.7772    0.1965    -295.8524    -287.1860 -3.724 -3.262  762 
   56215.481000    -170.7817      75.0247    -200.4898      75.4263    0.0898      62.2200      58.9259  1.253  0.791  762 
   56217.473300    -478.3315     145.2953    -603.8609     145.4116    0.0770     266.8648     263.7544  0.853  1.026  762 
   56301.279200    -299.1442      97.8408    -338.0044      98.0152    0.0694     202.9494     197.0285  1.068  1.095  762 
