   54533.217500     730.9357     100.6177     662.9959     101.0164    0.1876     -98.5738     -94.3576 -0.662 -0.469  762 
   54534.351500     -76.9844     108.2089    -156.2951     108.6181    0.0713     430.2446     414.3570  0.966  1.917  762 
   54535.302200     576.9013      89.4031     512.5947      90.1525    0.1431    -139.9558    -129.6751 -0.559 -0.816  762 
   54536.153800     746.4320      99.7180     585.8843     100.0948    0.0753    -297.4670    -283.7515 -1.394 -1.759  762 
   54537.405900     406.6836      85.7230     294.0619      86.7188    0.1484     155.2180     141.2133  0.709  1.263  762 
   54538.193800     102.8211     151.8538      53.9309     152.0368    0.0417      87.0501      84.9024  1.006  0.445  762 
   54590.208800     130.9963      73.3630     149.8582      74.5399    0.1919     252.4529     223.7300  2.251  2.463  762 
   54792.430900     982.1634      92.6665     926.1049      92.8063    0.1840     -21.7076     -21.0499  0.589 -0.171  762 
   54793.510600     190.0181     104.4396      56.6418     105.1263    0.0186       4.5894       4.2852 -0.388  0.030  762 
   54794.490600     827.6907     112.2534     775.2145     112.7721    0.2533      66.1931      62.4608  0.076  0.465  762 
   54860.202700     452.9562      91.5742     344.6090      92.3469    0.0804    -114.2192    -105.5340 -1.492 -0.839  762 
   54861.129900     237.4070     111.1491     136.3572     111.4664    0.0429      41.4422      39.7358  0.464  0.264  762 
   54912.161700      71.3210      84.8535      27.5414      85.5564    0.0547     147.5574     135.5923  1.413  1.113  762 
   55126.499300    -133.3218      87.3965    -196.1976      88.2507    0.0799      47.4706      43.3264  0.262  0.462  762 
   55208.320800     126.0081      67.5410     144.6825      69.4202    0.0963     -14.4825     -12.3748  0.113 -0.189  762 
   55273.273000     373.4947      91.7833     308.4171      92.7176    0.1320      28.6882      26.1729  0.069  0.190  762 
   55536.300000     211.1592      75.9337     148.2384      77.0582    0.0450     -25.4619     -22.7528 -1.100 -0.277  762 
   55538.337000     258.7306      64.7133     257.3015      66.8328    0.1161     -63.4961     -54.6345 -0.524 -1.109  762 
   55540.344900     352.6834     126.7931     229.6368     127.1805    0.1381     361.7250     348.2581  1.471  1.575  762 
   55599.209300     530.9833     105.7183     357.6010     106.2823    0.0702     -91.5686     -87.2491 -0.676 -0.401  762 
   55603.167400     663.4246     160.1033     583.5819     160.2825    0.1263      18.0883      17.6327  0.479  0.118  762 
   55679.255600      25.9756      86.0893     -43.5418      87.1473    0.0348     139.0013     124.7270  0.413  1.242  762 
   55924.445900    -295.1837      63.7231    -272.4093      67.0928    0.1082       1.8591       1.5655 -0.106  0.039  762 
   55925.376900     230.9371      89.1581     188.5869      90.2621    0.1381     168.3458     151.3456  1.202  1.514  762 
   55926.310300      64.6591      61.0598      64.5808      63.9707    0.0169    -106.6234     -88.9268 -1.265 -1.948  762 
   55927.352700     357.0115      93.1630     290.9627      94.1891    0.1459     100.1131      90.3852  0.451  0.922  762 
   55969.118500    -569.8167      89.3417    -623.9658      89.9507    0.1537     209.6754     194.1830  1.393  1.336  762 
   56045.163000    -201.3233     119.3620    -245.5187     119.9090    0.0210     191.6130     180.3547  1.432  1.970  762 
   56215.481000    -277.0888      84.2031    -313.8594      85.4499    0.0941     169.6263     152.2929  1.986  2.098  762 
   56217.473300     345.5105     149.9055     278.3282     150.1575    0.2461     645.3485     629.5770  1.808  2.528  762 
   56301.279200    -105.4598     108.3605    -148.6815     109.0314    0.1119    -120.1545    -112.6647 -0.447 -0.632  762 
