   54533.217500       0.0000       5.6427       0.0000       5.6427       nan       0.0000       0.0000  0.000  0.000  762 
   54534.351500  -30312.0255     290.4360  -26462.8797     303.5265    0.8344   -2109.4775   -1821.3454 -8.612 -8.908  762 
   54535.302200       0.0000       4.7271       0.0000       4.7271       nan       0.0000       0.0000  0.000  0.000  762 
   54536.153800   -5970.5518     241.9335   -6039.9115     251.9636    0.5751   -2324.6500   -2018.3961 -15.931 -11.985  762 
   54537.405900  -13830.0718     230.9075  -14016.5169     239.5925    0.6968   -1055.4786    -865.1495 -11.775 -7.203  762 
   54538.193800   -5998.8211     309.5488   -5721.1271     320.2940    0.6815   -2617.3487   -2315.1448 -15.134 -11.966  762 
   54590.208800  -14174.8822     217.9561  -14350.7626     226.3399    0.6682    -842.7175    -673.3734 -11.260 -6.702  762 
   54792.430900   -6785.2078     173.5043   -7203.4445     177.7135    0.5257   -1140.4653    -982.4942 -8.573 -8.210  762 
   54793.510600   -4321.2544     261.5683   -4323.2623     271.6510    0.5655    -914.1394    -759.9159 -5.945 -5.627  762 
   54794.490600   -1752.9762     262.9365   -2199.1282     272.1012    0.3426   -1319.6324   -1093.9981 -7.989 -8.388  762 
   54860.202700   -2662.1998     240.0086   -2854.4120     249.4363    0.4735    -876.4211    -714.5147 -5.261 -5.879  762 
   54861.129900   -7721.0616     249.8605   -7791.4354     259.1714    0.4405    -128.2663    -109.8095  0.799 -0.713  762 
   54912.161700   -1128.0618     229.0336   -1531.0951     239.0096    0.2270    -597.6028    -487.0321 -4.740 -4.131  762 
   55126.499300   -2820.1701     222.8942   -2457.6384     230.7475    0.4567    -201.9676    -164.3597 -1.935 -1.684  762 
   55208.320800   -1879.5128     193.2265   -2162.4086     198.7215    0.4115    -138.7321    -108.4894 -2.271 -1.622  762 
   55273.273000   -7390.6645     258.0508   -7018.5709     268.3897    0.5696    -230.7177    -187.3858  0.489 -1.389  762 
   55536.300000    -704.4182     199.6820   -1247.8099     205.8077    0.1684     -69.6168     -55.9170 -0.041 -0.684  762 
   55538.337000    -691.8780     170.4106   -1107.9430     173.9911    0.1384     -42.2990     -34.2620  0.165 -0.723  762 
   55540.344900    5204.1243     316.3669    3585.5003     329.6010    0.0056   -4010.4061   -3482.6360 -16.254 -15.706  762 
   55599.209300     187.6442     290.9568    -737.1586     304.7526    0.1347    -805.4171    -692.3948 -2.549 -3.200  762 
   55603.167400    -984.5980     297.5786   -2110.9487     305.7803    0.1696      62.2689      55.0642  0.089  0.352  762 
   55679.255600   -8670.7910     225.8459   -7314.3433     232.6271    0.4205      27.2285      21.6779  0.745  0.217  762 
   55924.445900      -0.0164       2.2289     -17.5077       2.9078    0.0073       0.0000       0.0000  0.265  0.000  762 
   55925.376900   -1405.5882     241.5458   -1472.4031     249.9252    0.2692    -177.4326    -142.7316 -1.541 -1.430  762 
   55926.310300   -1152.2588     174.4948   -1245.3412     178.3911    0.2233     -56.0434     -45.2510 -1.455 -0.973  762 
   55927.352700   -1639.5976     240.9407   -1472.7942     248.4639    0.2489    -284.7404    -229.1666 -2.302 -2.373  762 
   55969.118500    3174.2066     247.3043    3298.8367     259.8588    0.3945     280.6965     233.7862  0.968  1.540  762 
   56045.163000     276.6367     246.6634     248.1437     251.9651    0.0247     -62.2784     -52.0776 -1.135 -0.580  762 
   56215.481000    2254.7936     224.1091    2480.8159     231.6569    0.3569     179.1553     148.4997  1.624  1.897  762 
   56217.473300   14451.1909     364.0650   12480.7700     379.3105    0.2766   -4973.2138   -4457.5389 -14.932 -17.202  762 
   56301.279200    3899.0671     309.5866    3401.4293     324.9790    0.3601    -980.2618    -827.3315 -4.108 -4.451  762 
