   54533.217500       0.5628     112.8848     -88.4108     113.6939    0.0129      37.9467      35.7646  0.440  0.180  762 
   54534.351500    1032.6999     119.6635     885.8913     120.4813    0.2096      26.8105      25.5935  0.322  0.121  762 
   54535.302200     976.1816     100.5348     944.5270     102.0314    0.3241     170.1730     155.3818  1.104  0.995  762 
   54536.153800    1498.8041     107.7992    1406.1836     108.5568    0.3441     -45.1889     -42.6169 -0.619 -0.269  762 
   54537.405900    -269.1229      96.1069    -439.5762      98.3512    0.0861     190.0918     167.9576  1.791  1.502  762 
   54538.193800    -299.4347     160.5480    -361.0792     160.9869    0.0318     258.8375     250.0796  1.754  1.332  762 
   54590.208800      29.7044      84.0972     -33.8743      86.9509    0.0012      44.7243      37.8050 -0.492  0.417  762 
   54792.430900    -683.9151      98.3989    -760.7263      98.8183    0.1272      75.4743      71.4207  0.606  0.584  762 
   54793.510600     -10.8670     114.9614    -123.7223     116.5150    0.0227      51.8667      47.5500  0.672  0.339  762 
   54794.490600      24.1499     123.2627     -78.4723     124.6845    0.0071      59.6373      54.7368  1.383  0.409  762 
   54860.202700    2473.9781     100.6536    2439.8040     102.2482    0.6601     200.0869     180.3848  1.546  1.446  762 
   54861.129900    3292.9651     118.5479    3253.5787     119.1182    0.6307      85.6887      81.2150  1.343  0.541  762 
   54912.161700     476.8595      95.0080     427.5815      96.7979    0.2301     230.4494     204.9911  0.919  1.692  762 
   55126.499300     -90.7918      97.1849     -80.0079      99.2375    0.0142     123.6446     108.7853  1.164  1.159  762 
   55208.320800     191.4624      78.5106      83.7276      83.4522    0.0730      59.6013      47.7429  1.132  0.719  762 
   55273.273000    -331.4380     104.0565    -512.0460     106.4016    0.1512     -15.5319     -13.7141  0.203 -0.100  762 
   55536.300000    -310.1548      87.2368    -461.1014      90.2243    0.1708       0.5879       0.4917  0.148  0.006  762 
   55538.337000       3.6919      75.9053     -65.6739      81.5260    0.0237     141.2186     111.2945  1.387  2.226  762 
   55540.344900     530.7332     138.4863     442.8141     139.2358    0.2289     594.6457     565.7912  2.001  2.577  762 
   55599.209300     275.7380     118.5101      -2.8096     119.6006    0.0077     -31.4716     -29.6652 -0.390 -0.137  762 
   55603.167400     -19.8453     169.4434    -162.7178     169.9141    0.0482    -116.7574    -112.3159  0.092 -0.746  762 
   55679.255600     172.3525      96.2006      -1.4221      98.9431    0.0238     -80.4578     -69.0593 -0.391 -0.694  762 
   55924.445900     735.9850      72.8368     823.3699      80.7366    0.2568     106.9377      84.7951  1.634  2.067  762 
   55925.376900     527.9874     100.6157     541.2539     103.2230    0.2176      55.7099      48.1605  0.769  0.482  762 
   55926.310300     351.4711      72.5283     437.3684      79.4251    0.2544       0.0217       0.0165  0.086  0.000  762 
   55927.352700     527.1795     104.2785     522.7478     106.7579    0.1862       9.2759       8.0976 -0.457  0.082  762 
   55969.118500     323.7296      99.6011     231.7651     101.0299    0.0987     129.2290     117.1781  0.455  0.808  762 
   56045.163000      64.3253     128.4126      61.7827     129.8906    0.0043     -83.4869     -76.1332 -0.393 -0.837  762 
   56215.481000    -533.4688      95.9018    -541.2283      99.2144    0.2635      12.7960      10.8489 -0.961  0.148  762 
   56217.473300    -409.7259     164.4287    -463.1292     164.9554    0.1538    -144.8831    -140.2608 -1.058 -0.562  762 
   56301.279200     837.8925     120.5586     874.2547     121.8654    0.3512     -15.4409     -14.2782  0.336 -0.081  762 
