   54533.217500    1797.9659     142.9432    1720.5346     144.4169    0.3282    -248.3440    -234.0451 -1.806 -1.160  762 
   54534.351500    1074.2229     151.8252     905.3672     153.4668    0.1620    -106.8612    -101.8874  0.011 -0.468  762 
   54535.302200     915.8936     130.9371     788.0399     133.5084    0.1145    -332.8212    -305.3140 -1.886 -1.902  762 
   54536.153800     -36.2358     131.8875    -119.6812     133.4075    0.0394     342.9952     320.1217  2.000  1.973  762 
   54537.405900    2373.4113     115.5280    2391.8947     118.3113    0.4379    -287.1063    -256.6374 -2.194 -2.319  762 
   54538.193800    -759.4899     186.5086    -784.8452     187.4687    0.2120     -80.8420     -77.6589 -0.289 -0.405  762 
   54590.208800    2373.0503     104.4099    2366.7866     107.9716    0.5749    -154.3866    -132.1870 -1.252 -1.442  762 
   54792.430900     572.5891     109.3278     523.1443     110.0711    0.2055     802.4292     753.8289  6.200  6.125  762 
   54793.510600    -536.2434     141.8287    -606.0598     144.3199    0.1644    -142.1996    -129.6442 -1.128 -0.911  762 
   54794.490600     910.9589     145.5727    1048.2106     147.5424    0.1710    -185.4163    -169.9790 -1.072 -1.275  762 
   54860.202700    -507.4782     126.7000    -684.0033     129.4130    0.1657      90.9680      81.1114  0.496  0.644  762 
   54861.129900   -2241.9102     139.8725   -2192.2464     141.2044    0.3092     348.0089     322.7714  0.568  2.193  762 
   54912.161700     781.0252     118.5920     509.7299     121.3160    0.1042     -90.9638     -80.9661 -0.417 -0.662  762 
   55126.499300    -468.4922     117.4485    -525.5839     120.4429    0.1552     126.0475     109.4819  0.953  1.170  762 
   55208.320800     993.2333      96.6980     862.9046     102.2029    0.3523      59.7024      48.2943  0.206  0.742  762 
   55273.273000     522.8268     131.0569     344.8551     134.1838    0.1214     120.3132     107.1041  0.695  0.774  762 
   55536.300000    -183.1205     106.0077    -120.7877     109.4059    0.0249      40.2655      33.7533  0.670  0.413  762 
   55538.337000    -175.6808      93.7027    -280.6851      99.7682    0.1043     -30.3914     -23.9786  0.159 -0.478  762 
   55540.344900     691.9078     170.9491     617.2389     172.4885    0.0880    -149.2933    -141.3604 -0.596 -0.640  762 
   55599.209300    1034.5084     149.3839    1107.1164     151.0017    0.2311     356.9855     336.8185  1.593  1.562  762 
   55603.167400    1212.5035     183.4855    1344.1591     184.2009    0.1518    -243.4978    -232.3793 -1.239 -1.607  762 
   55679.255600     429.7955     118.4098     363.4104     121.6467    0.1317     240.2457     208.5563  1.766  2.036  762 
   55924.445900    1323.7073      90.2035    1054.9970      98.5902    0.2493      28.5966      22.7090  1.309  0.556  762 
   55925.376900    1302.0329     123.9052    1197.9122     127.7181    0.3363      93.3818      80.7890  0.308  0.810  762 
   55926.310300    1091.6251      89.1942    1042.3982      96.8685    0.5229      75.2799      58.1315  1.599  1.279  762 
   55927.352700     841.2789     126.5337     840.6935     130.0381    0.2437     -31.3647     -27.2795 -0.424 -0.280  762 
   55969.118500    -942.3774     124.9480   -1117.0111     127.2795    0.1810     424.1745     381.8052  1.742  2.659  762 
   56045.163000     109.5722     148.3456     -40.4875     150.7328    0.0570     274.5362     246.6287  2.694  2.659  762 
   56215.481000    -794.3088     116.8558    -877.1384     121.1341    0.3602     -76.5321     -64.5687 -1.347 -0.879  762 
   56217.473300     278.8185     197.8987     286.9909     199.0332    0.1306   -1337.6497   -1282.9163 -4.027 -5.242  762 
   56301.279200     203.1286     154.9027      91.5126     157.3394    0.0265    -185.6246    -171.1968 -0.208 -0.957  762 
