   54533.217500       0.0000       5.6180       0.0000       5.6180       nan       0.0000       0.0000  0.000  0.000  762 
   54534.351500       0.0000       5.4772       0.0000       5.4772       nan       0.0000       0.0000  0.000  0.000  762 
   54535.302200       0.0000       4.7169       0.0000       4.7169       nan       0.0000       0.0000  0.000  0.000  762 
   54536.153800     685.9552     114.6472     564.0381     114.9450    0.0257    -435.2464    -423.0204 -3.315 -2.504  762 
   54537.405900      18.5753      99.3388     -57.5719      99.8341    0.1198    -345.3875    -326.9232 -3.506 -2.778  762 
   54538.193800     609.4175     166.5946     575.3489     166.7580    0.0225    -501.1125    -492.7640 -2.210 -2.548  762 
   54590.208800    -411.0280      87.0710    -524.1963      87.8048    0.2444    -133.9747    -123.8781 -1.369 -1.249  762 
   54792.430900     -26.4325      97.0960     -82.3374      97.2115    0.1137    -541.0667    -527.0075 -5.573 -4.443  762 
   54793.510600     913.8708     115.5237     846.1847     115.9524    0.1672    -268.4409    -256.3562 -2.378 -1.899  762 
   54794.490600     811.2351     123.0236     712.3631     123.4102    0.0612    -500.2315    -478.8481 -2.235 -3.710  762 
   54860.202700    1077.8347     102.1457     915.6614     102.6560    0.2263     -39.0869     -36.8498 -0.134 -0.305  762 
   54861.129900     942.2142     123.4920     784.5930     123.7416    0.2116     361.0215     350.3428  1.669  2.286  762 
   54912.161700     632.0752      95.8947     563.2417      96.4086    0.2089     154.2615     145.1456  0.977  1.239  762 
   55126.499300     872.9263      97.8958     830.3004      98.3561    0.2503    -232.3892    -218.0552 -1.451 -2.259  762 
   55208.320800     208.0761      76.5739     123.3856      77.8319    0.0665       0.3198       0.2846  0.544  0.004  762 
   55273.273000     211.0533     106.4514     164.4556     106.9787    0.0568      29.3191      27.6215 -0.069  0.206  762 
   55536.300000     116.8216      84.8169       9.5669      85.6119    0.0020     -16.3850     -14.9394  0.183 -0.186  762 
   55538.337000     -79.2982      71.0231    -129.1833      72.5901    0.0644      -2.8152      -2.4661 -0.327 -0.053  762 
   55540.344900      95.1962     149.0819     -23.1438     149.4216    0.0659    -281.9686    -274.5985 -1.156 -1.239  762 
   55599.209300     389.7885     126.9866     290.0870     127.3939    0.1007     107.4374     104.3009  0.702  0.484  762 
   55603.167400      26.2510     173.6063     -45.1422     173.7468    0.0517     309.7476     304.0343  1.710  1.969  762 
   55679.255600     389.3182      96.1939     326.6054      96.7981    0.1043      20.7791      19.3449  0.327  0.196  762 
   55924.445900       0.0000       2.1835       0.0000       2.1835       nan       0.0000       0.0000  0.000  0.000  762 
   55925.376900     499.5380     100.8078     469.9688     101.4258    0.2018     -18.1158     -16.8841  0.484 -0.171  762 
   55926.310300     301.1518      68.6925     288.7345      70.6006    0.1955     -36.7131     -31.9330 -0.298 -0.708  762 
   55927.352700     288.9817     103.4528     253.1355     104.0796    0.0647     -46.3780     -43.2671  0.050 -0.454  762 
   55969.118500     279.7196     105.7407     199.5946     106.1299    0.0535    -432.4138    -413.7373 -2.841 -2.742  762 
   56045.163000     670.1113     126.0424     639.9027     126.3990    0.1221    -209.7650    -199.8873 -1.254 -2.259  762 
   56215.481000    -367.7830      97.0224    -370.7867      97.6919    0.1004     115.3258     106.9854  0.728  1.383  762 
   56217.473300     991.3939     178.8842     833.2922     179.1964    0.2114     318.3746     313.4527  0.767  1.213  762 
   56301.279200    -143.7134     132.6524    -180.6843     133.1195    0.0940     -96.8200     -93.1727 -0.397 -0.502  762 
