   54533.217500      32.3416     106.4242     -85.9556     106.6354    0.0595    -136.1604    -133.0003 -1.254 -0.652  762 
   54534.351500     632.9566     110.5763     514.0006     110.7687    0.1131     -68.2679     -66.8140 -0.948 -0.323  762 
   54535.302200     328.6656      91.5795     196.6046      91.9425    0.1543     341.1313     326.5286  1.873  2.071  762 
   54536.153800     761.8847     102.2746     620.7390     102.4657    0.0265    -512.1491    -499.5265 -1.863 -3.065  762 
   54537.405900    -583.5161      87.7962    -700.8845      88.2973    0.1375     191.4986     179.7330  0.896  1.570  762 
   54538.193800    -259.9713     154.5005    -316.9056     154.5896    0.0364     189.1657     186.3323  0.637  0.982  762 
   54590.208800    -244.6338      74.5293    -338.3027      75.1681    0.0871      86.2079      79.5237  0.541  0.842  762 
   54792.430900    -251.3765      92.3489    -341.9631      92.4427    0.1202    -296.9570    -290.6327 -2.045 -2.434  762 
   54793.510600     342.6446     103.9026     265.6157     104.2076    0.0171    -214.5436    -206.1793 -1.546 -1.510  762 
   54794.490600     305.0657     112.4823     228.1302     112.7401    0.0242    -137.8988    -132.9045 -0.705 -1.020  762 
   54860.202700     194.5551      91.1298     145.5829      91.4635    0.0547      20.5744      19.6271 -0.020  0.161  762 
   54861.129900     639.9445     113.5445     494.2746     113.7163    0.0074    -468.8485    -457.6810 -1.637 -3.024  762 
   54912.161700    -448.1816      85.0588    -471.4105      85.3762    0.1284      66.0863      62.6217 -0.374  0.531  762 
   55126.499300    -282.3452      87.3722    -284.6388      87.7448    0.1321      22.4379      21.2100  0.027  0.225  762 
   55208.320800    -536.8438      67.0471    -551.9504      68.2270    0.3153      -1.9268      -1.7088 -0.488 -0.026  762 
   55273.273000    -400.3710      93.1901    -475.2048      93.6916    0.1656     -21.7648     -20.5223  0.185 -0.153  762 
   55536.300000     -70.1784      75.1062    -131.7236      75.7929    0.0952    -128.0276    -118.4129 -2.334 -1.475  762 
   55538.337000     -16.9615      62.1660      -1.2951      63.5204    0.0029      -3.3581      -2.9950  0.207 -0.064  762 
   55540.344900      29.1675     132.3484     -99.3501     132.5364    0.0633    -208.7349    -204.8973 -1.018 -0.931  762 
   55599.209300      -9.9406     111.1687    -166.1658     111.4269    0.1747    -588.2438    -574.5450 -2.712 -2.668  762 
   55603.167400    -747.2070     164.3660    -848.1561     164.4890    0.0941     383.4431     377.0900  0.737  2.473  762 
   55679.255600    -328.7029      85.7980    -366.7388      86.2929    0.1390     -45.4752     -42.2306 -0.044 -0.431  762 
   55924.445900    -458.8508      61.6563    -618.1421      64.2576    0.2126      -6.2299      -5.3259  0.420 -0.140  762 
   55925.376900     138.6788      88.7812      75.2877      89.3851    0.0059     -63.7290     -59.6346 -1.042 -0.606  762 
   55926.310300    -215.4910      59.4709    -246.2475      61.4845    0.2304     -17.4341     -15.1057 -0.331 -0.338  762 
   55927.352700     -60.5792      92.6671     -80.0898      93.1655    0.1206    -198.8269    -186.2438 -1.632 -1.942  762 
   55969.118500    -363.6164      92.0461    -476.3084      92.3753    0.2039    -239.8791    -230.1938 -1.928 -1.563  762 
   56045.163000     -90.9406     117.7276    -140.7451     118.0393    0.0632     -86.4323     -82.8505 -0.812 -0.933  762 
   56215.481000     342.6882      83.6315     312.2549      84.2705    0.1575      39.7738      37.1518  0.315  0.503  762 
   56217.473300     529.9713     159.8543     385.0345     159.9860    0.0324    -566.2702    -560.8008 -2.100 -2.206  762 
   56301.279200    -131.6520     113.3447    -180.7170     113.5982    0.1012     -79.6383     -77.0852 -0.807 -0.428  762 
