   54533.217500    1640.3059     102.9937    1533.5389     103.2976    0.3787     -61.2312     -59.1743  0.313 -0.286  762 
   54534.351500    2123.6743     105.0730    2062.5097     105.3579    0.5454      -0.7355      -0.7105  0.319 -0.004  762 
   54535.302200    2621.7264      87.8028    2585.1534      88.2330    0.7579     461.8137     437.0427  2.361  2.782  762 
   54536.153800    2318.8330     100.0390    2223.1924     100.2416    0.4960     220.9500     214.8724  2.098  1.303  762 
   54537.405900    1717.7240      86.6815    1622.3039      87.1320    0.5406     107.3495     100.4749  0.743  0.853  762 
   54538.193800    2215.6581     151.2630    2148.7510     151.3974    0.5281     125.3151     123.0089  0.322  0.649  762 
   54590.208800    1279.7715      74.0460    1134.8739      74.7517    0.4003      79.7500      72.9802  0.087  0.745  762 
   54792.430900    1648.2338      90.9882    1570.9220      91.0924    0.1962    -570.6188    -555.2365 -5.005 -4.736  762 
   54793.510600    1355.0967     101.4183    1270.8263     101.8611    0.3996     -36.3691     -34.2680 -0.265 -0.257  762 
   54794.490600    1032.6294     111.1309     940.1660     111.5132    0.2006    -253.8223    -240.7118 -1.977 -1.876  762 
   54860.202700    1271.3931      89.3286    1226.7733      89.7796    0.4748     123.8599     115.5650  0.635  0.970  762 
   54861.129900    1134.2556     113.1046    1015.6066     113.3184    0.1570    -217.0856    -210.5682 -2.358 -1.378  762 
   54912.161700    1066.0036      83.1668    1031.0673      83.6078    0.3328     -68.9616     -64.2069 -0.335 -0.556  762 
   55126.499300   -1514.4615      89.6477   -1541.4361      90.2376    0.5714       2.1921       2.0121 -0.250  0.021  762 
   55208.320800    -160.8263      68.9023    -198.9014      69.9921    0.1392     -17.8006     -15.1725 -0.556 -0.233  762 
   55273.273000    1476.3199      90.4874    1388.0170      91.0999    0.4281     -48.0504     -44.3507 -0.986 -0.335  762 
   55536.300000    -305.8148      75.8900    -342.3410      76.6616    0.1257      19.4245      17.4711 -0.187  0.219  762 
   55538.337000     264.7020      64.2025     219.9803      65.2873    0.0963     -43.8484     -36.9845 -0.247 -0.825  762 
   55540.344900     875.2066     129.6065     742.2875     129.8907    0.0064    -736.0151    -712.5649 -1.903 -3.249  762 
   55599.209300     415.8867     107.7456     362.3369     108.0729    0.0279    -284.2913    -273.5079 -1.203 -1.277  762 
   55603.167400     -60.9655     166.2058    -130.0418     166.3154    0.0779    -301.3904    -295.3505 -2.303 -1.889  762 
   55679.255600     873.4499      84.6584     741.0351      85.3311    0.1811    -201.7624    -184.0446 -1.161 -1.911  762 
   55924.445900     644.3042      63.6063     509.4088      65.1389    0.2061      33.3593      27.1721  0.517  0.742  762 
   55925.376900     408.7443      89.0958     344.9624      89.8179    0.2024     219.2439     199.0939  1.459  2.034  762 
   55926.310300     667.8483      62.1464     678.0359      63.3853    0.4319     -79.2676     -65.2056 -1.568 -1.465  762 
   55927.352700     207.4428      92.7261     197.3643      93.3280    0.1360     124.5631     113.7754  1.472  1.197  762 
   55969.118500     177.3957      91.4391      85.2750      91.9173    0.0452      72.6544      68.4845  0.173  0.457  762 
   56045.163000     592.9245     116.9402     531.3767     117.2583    0.1544     -68.1079     -64.4646  0.126 -0.740  762 
   56215.481000    -780.6620      87.5068    -809.7243      88.3267    0.3108     142.2485     128.1128  1.448  1.700  762 
   56217.473300    -275.9886     158.7565    -398.7818     159.0076    0.1117    -103.2447    -100.8920 -0.237 -0.391  762 
   56301.279200    2145.0042     110.7609    2081.5885     111.2087    0.6003    -173.4205    -165.1325 -0.877 -0.907  762 
