   54533.217500    -683.9978     124.9190    -818.0893     126.3072    0.2288    -292.9608    -289.6163 -1.301 -1.419  762 
   54534.351500    -623.1898     129.2012    -685.8202     130.5271    0.1833    -109.3342    -108.3336 -0.664 -0.520  762 
   54535.302200    -355.7696     107.3421    -296.3771     108.9185    0.0103     258.6979     253.7586  1.840  1.604  762 
   54536.153800     643.0642     114.3051     471.7108     115.2272    0.0933      24.7939      24.4044 -0.268  0.150  762 
   54537.405900    -357.3085      96.0363    -389.7640      97.2851    0.0719      77.4441      76.6687 -0.547  0.661  762 
   54538.193800     479.7762     167.2023     464.7822     167.7669    0.1248      15.0393      14.9366  0.722  0.078  762 
   54590.208800     174.7326      81.8500     172.8605      83.4162    0.0709      88.1754      86.0293  1.175  0.906  762 
   54792.430900     536.5416      96.9653     469.8551      97.2204    0.0131    -388.4303    -388.2872 -3.426 -3.208  762 
   54793.510600      69.7899     116.2399      61.5034     117.2794    0.0193      10.0987       9.9635 -0.568  0.073  762 
   54794.490600     252.4300     123.0181     210.7517     123.8507    0.0016    -218.3973    -217.2475 -1.407 -1.642  762 
   54860.202700     175.6041     101.9779      80.2144     103.2255    0.0103     -44.4854     -43.8716 -0.281 -0.356  762 
   54861.129900     999.6166     123.9571     870.8412     124.7017    0.1698      -5.5750      -5.5347  0.304 -0.036  762 
   54912.161700    -286.5438      94.9960    -293.5654      96.2199    0.1292    -179.9431    -178.1872 -1.732 -1.491  762 
   55126.499300     -49.3473      94.3862    -105.7177      95.3098    0.0443       3.4310       3.3952  0.322  0.035  762 
   55208.320800    -757.9347      70.8592    -774.9134      72.0304    0.4133     -21.8169     -21.4315 -0.257 -0.322  762 
   55273.273000    -133.7273     105.2530     -63.0749     106.4360    0.0644     287.6080     283.2119  1.456  2.082  762 
   55536.300000     -33.7593      80.5401    -159.5578      81.5117    0.0450      19.8354      19.6246  0.382  0.239  762 
   55538.337000     348.9399      62.4532     359.1961      63.3715    0.1824      43.7379      43.7780  0.684  0.903  762 
   55540.344900     340.1544     150.3827     204.2977     151.4205    0.0095    -247.7254    -245.5993 -1.654 -1.111  762 
   55599.209300    -382.9660     129.7613    -573.2822     131.1472    0.1778    -440.8913    -438.1058 -1.842 -2.019  762 
   55603.167400      82.9522     173.4358      -8.3283     173.8360    0.1020     588.7668     587.5951  3.658  3.803  762 
   55679.255600      24.0097      92.6134     105.7958      93.5508    0.0033     -94.7292     -93.5497 -0.812 -0.944  762 
   55924.445900    -590.4868      60.7351    -536.9625      62.1198    0.1378     -24.7714     -24.4833  0.138 -0.618  762 
   55925.376900     -38.8657      97.8231    -116.4045      99.0887    0.0506     -50.1516     -49.3075 -1.115 -0.493  762 
   55926.310300    -194.1345      59.9983    -174.9225      61.1632    0.1538     -78.5540     -78.1472 -2.011 -1.671  762 
   55927.352700    -352.2468     101.0841    -313.4801     102.0719    0.1057     -15.4516     -15.2147 -0.325 -0.156  762 
   55969.118500     -36.7280     105.2494    -124.6528     106.4870    0.1027    -283.9517    -279.3242 -0.841 -1.878  762 
   56045.163000    -363.0803     123.7872    -281.7091     124.2913    0.0449     111.9681     110.8660  1.193  1.232  762 
   56215.481000      26.2264      89.1875     -14.9725      90.1236    0.0152      54.2004      53.8054  1.107  0.715  762 
   56217.473300    2207.6019     180.2999    2163.7535     181.1942    0.2931    -647.3268    -644.6960 -2.605 -2.523  762 
   56301.279200    -790.4440     131.9434    -798.2023     133.3433    0.2266     107.4273     105.7667  0.840  0.585  762 
