   54533.217500       0.0000       5.5979       0.0000       5.5979       nan       0.0000       0.0000  0.000  0.000  762 
   54534.351500       0.0000       5.7194       0.0000       5.7194       nan       0.0000       0.0000 -1.070  0.000  762 
   54535.302200       0.0000       4.8001       0.0000       4.8001       nan       0.0000       0.0000  0.000  0.000  762 
   54536.153800    2364.1133     130.7501    2242.1715     131.8531    0.4361     274.4470     260.7364  1.880  1.565  762 
   54537.405900    1193.5266     115.4465    1299.1384     117.3747    0.2435    -108.3148     -98.4128 -0.845 -0.876  762 
   54538.193800    1169.2991     186.7427    1065.7929     187.6104    0.1447    -427.5153    -412.0686 -2.208 -2.107  762 
   54590.208800    1182.2279     102.8230    1330.7631     105.0233    0.3285     -44.3524     -39.8672 -0.569 -0.421  762 
   54792.430900    1214.9880     107.2822    1273.7470     107.6295    0.3824    1534.1376    1469.7710 11.527 11.891  762 
   54793.510600     966.8819     137.8485     951.4045     139.4131    0.2915     277.7869     260.0782  1.462  1.827  762 
   54794.490600    2550.4526     141.9398    2495.9218     143.2613    0.4688       0.0000       0.0000  1.870  0.000  762 
   54860.202700    1161.9497     123.1268     887.6329     124.9609    0.1642    -133.1839    -121.5984 -1.604 -0.961  762 
   54861.129900    3057.2578     135.6353    2742.6324     136.6739    0.4198     127.7110     120.8834  0.074  0.820  762 
   54912.161700     -54.3711     115.4244    -215.1922     117.0476    0.0355     398.8548     365.3289  2.812  2.976  762 
   55126.499300    -266.8510     113.5953    -266.6733     115.2572    0.0762      61.6558      55.9514  1.008  0.590  762 
   55208.320800       0.0000       2.8890       0.0000       2.8890       nan       0.0000       0.0000  0.000  0.000  762 
   55273.273000     882.1242     128.4854     754.0183     130.4925    0.1637      87.4599      80.1028  0.373  0.575  762 
   55536.300000     911.2336      99.5000    1002.3715     101.2149    0.2471     -42.3331     -37.7227 -0.942 -0.460  762 
   55538.337000    -152.1200      86.2096    -311.6359      89.8703    0.0770      88.6796      75.8290  1.438  1.505  762 
   55540.344900    5284.9908     167.7328    4964.9349     169.0337    0.6611     123.5990     118.3647  0.429  0.531  762 
   55599.209300    2997.8788     147.8060    2699.0947     149.5115    0.4648     355.2532     335.0320  1.623  1.551  762 
   55603.167400    4097.8979     179.3079    3941.6282     179.8620    0.4783     -40.7098     -39.2801 -0.871 -0.273  762 
   55679.255600    1072.2497     114.9987    1033.1255     116.8787    0.2735     362.9501     330.9228  2.776  3.164  762 
   55924.445900       0.0000       2.2980       0.0000       2.2980       nan       0.0000       0.0000  0.000  0.000  762 
   55925.376900    1940.6604     119.4252    1934.4709     121.6318    0.3767     351.3506     315.8484  3.083  3.154  762 
   55926.310300    -254.5588      82.1707     104.8132      85.9024    0.0309      -5.3130      -4.5064  0.155 -0.100  762 
   55927.352700    -313.0360     122.8917    -323.3608     125.0668    0.0806      52.9346      47.6961  0.270  0.490  762 
   55969.118500    1177.7522     121.0845    1211.7336     122.4165    0.3870     596.7415     555.0532  3.334  3.824  762 
   56045.163000    -709.9097     145.7260    -793.9221     147.0636    0.1151      93.7024      87.0669  1.946  0.928  762 
   56215.481000     460.2863     111.0235     318.2711     113.3841    0.0683    -142.3991    -127.9295 -1.931 -1.695  762 
   56217.473300    6398.7541     193.8567    6036.3520     195.0061    0.6096    -733.7578    -710.7788 -3.083 -2.885  762 
   56301.279200     168.2711     153.8931      14.0793     155.6545    0.0911    -307.2049    -287.7750 -1.625 -1.574  762 
