   54533.217500       0.0000       5.5960       0.0000       5.5960       nan       0.0000       0.0000  0.000  0.000  762 
   54534.351500       0.0000       5.7209       0.0000       5.7209       nan       0.0000       0.0000  0.000  0.000  762 
   54535.302200       0.0000       4.8067       0.0000       4.8067       nan       0.0000       0.0000  0.000  0.000  762 
   54536.153800    1161.3894     121.2772    1161.3817     121.6411    0.3106     273.9482     263.6097  2.313  1.569  762 
   54537.405900    1723.5896     104.1764    1758.9655     104.9112    0.4333      52.1810      48.6319  1.389  0.432  762 
   54538.193800     300.4186     176.0211     238.5000     176.3092    0.0286    -132.0113    -128.7469 -0.055 -0.655  762 
   54590.208800     584.7467      92.3241     700.0180      93.2567    0.2642      87.2577      80.2250  1.555  0.844  762 
   54792.430900       2.2670       4.9569     926.1967      57.0037    0.1867       0.0000       0.0000  5.704  0.000  762 
   54793.510600     457.8854     128.0820     470.0589     128.7239    0.1711     223.3844     210.4827  2.295  1.467  762 
   54794.490600       0.0000       4.3152       0.0000       4.3152       nan       0.0000       0.0000  2.865  0.000  762 
   54860.202700     298.4350     112.7233     287.8234     113.3841    0.0822      50.3937      47.1391  0.768  0.370  762 
   54861.129900    -653.0312     127.4869    -686.3664     127.8300    0.1350     -61.9337     -59.5473 -0.915 -0.402  762 
   54912.161700     419.4674     105.4008     370.3362     106.1249    0.1725     280.7956     262.3952  2.796  2.123  762 
   55126.499300    1048.0596     103.8462    1102.3629     104.5952    0.4600     231.0522     214.4166  2.370  2.242  762 
   55208.320800       0.0000       2.9038       0.0000       2.9038       nan       0.0000       0.0000  0.000  0.000  762 
   55273.273000    -860.4107     118.0941    -849.9638     118.9960    0.1371     381.3926     353.8918  2.910  2.528  762 
   55536.300000      78.0689      91.3060     156.2324      92.4040    0.1147     271.6420     247.7446  3.252  2.990  762 
   55538.337000     404.7738      78.6561     528.0813      81.2427    0.2277      91.0180      80.2308  1.320  1.558  762 
   55540.344900     191.5720     157.0515     175.8245     157.4539    0.1543     501.0886     485.6745  2.171  2.170  762 
   55599.209300    -224.8626     135.8988    -266.7178     136.4315    0.0010     283.6759     271.9030  1.095  1.256  762 
   55603.167400    2304.8075     171.5147    2286.6464     171.6978    0.3481     -32.9239     -32.1105 -0.687 -0.223  762 
   55679.255600      -3.2481     105.9657       5.3760     106.9369    0.1609     543.6743     501.2713  5.073  4.761  762 
   55924.445900       0.0000       2.3162       0.0000       2.3162       nan       0.0000       0.0000  0.000  0.000  762 
   55925.376900     333.4617     110.0672     343.8336     111.1391    0.2255     488.8561     447.6905  5.297  4.437  762 
   55926.310300     336.7657      74.5176     366.0248      78.3248    0.3372     205.5299     177.7829  3.564  3.831  762 
   55927.352700     855.5254     112.1840     829.8203     113.2311    0.2477     -46.3353     -42.6348 -0.666 -0.435  762 
   55969.118500     194.9599     110.8801     137.4452     111.4899    0.1383     410.5081     388.3075  3.139  2.658  762 
   56045.163000     337.4633     136.0670     288.6963     136.7187    0.0944     168.8410     159.2817  2.369  1.688  762 
   56215.481000    -542.3894     103.7089    -695.4401     105.3182    0.3881    -399.2984    -363.0049 -4.360 -4.744  762 
   56217.473300    -670.2225     183.0259    -790.4769     183.4157    0.2460    -822.3732    -802.2379 -3.625 -3.254  762 
   56301.279200    -614.7531     141.0624    -639.3219     141.7574    0.2982    -336.7301    -320.4186 -1.899 -1.741  762 
