   54533.217500    -147.5992     107.5931    -237.9360     107.8130    0.0589      35.6381      34.8816  0.498  0.170  762 
   54534.351500     924.2892     110.3966     812.6564     110.6285    0.1623    -176.5693    -173.4760 -1.211 -0.852  762 
   54535.302200     350.9182      91.8394     313.4012      92.1806    0.4217     967.2680     932.9607  6.036  5.944  762 
   54536.153800    -985.3718     103.4416   -1128.5809     103.6542    0.2027     142.6940     139.3757  0.545  0.852  762 
   54537.405900    -258.0027      88.5664    -413.2594      89.1973    0.1182      24.7654      23.2635  0.051  0.202  762 
   54538.193800    -531.5764     154.7927    -564.8563     154.8801    0.1924    -102.2858    -100.9990 -0.568 -0.533  762 
   54590.208800    -462.5953      75.5882    -603.4158      76.2970    0.3240    -216.2495    -200.0749 -1.783 -2.110  762 
   54792.430900    -250.7942      91.8931    -360.2048      92.0169    0.1276    -353.9085    -345.2074 -4.350 -2.948  762 
   54793.510600    -463.6130     104.3398    -528.9347     104.6900    0.1967     -99.1818     -95.1922 -0.983 -0.712  762 
   54794.490600    -257.4576     113.1033    -334.3374     113.4323    0.1483    -197.9533    -189.8027 -1.473 -1.481  762 
   54860.202700     -11.1275      91.5481     -62.9999      91.9760    0.0454     -45.8872     -43.5643 -0.139 -0.365  762 
   54861.129900      32.7651     114.1186     -27.1907     114.2483    0.0533     280.2368     274.1350  1.397  1.811  762 
   54912.161700    -207.1400      85.5425    -323.3601      86.0730    0.1716    -217.3230    -204.5284 -2.283 -1.768  762 
   55126.499300     -79.2683      87.7215     -90.7981      88.1363    0.0231      48.1582      45.5988 -0.033  0.487  762 
   55208.320800    -363.7557      67.2837    -450.9893      68.4814    0.3085     -89.8023     -79.7892 -0.905 -1.255  762 
   55273.273000      83.2073      93.3749     -69.8651      93.9565    0.0300     -29.9859     -28.2487 -0.599 -0.214  762 
   55536.300000    -211.1772      75.3538    -273.1168      76.0272    0.0620     110.4281     101.3942  0.950  1.291  762 
   55538.337000    -304.3065      62.3613    -343.4542      63.6819    0.1813      19.2213      16.8566 -0.035  0.382  762 
   55540.344900    -389.4315     133.7622    -478.4468     133.9747    0.1386     -75.6098     -74.0477 -1.089 -0.338  762 
   55599.209300      63.8055     112.1676     -24.8375     112.4130    0.1123    -380.1391    -371.9434 -1.641 -1.734  762 
   55603.167400      44.0920     165.1021     -20.4481     165.1982    0.0705     395.0199     389.3375  2.100  2.534  762 
   55679.255600     205.5770      84.9171      88.2021      85.5668    0.0517      69.8935      65.4184 -0.182  0.685  762 
   55924.445900     -49.8856      60.0037    -321.9945      62.2226    0.1344      -7.5613      -6.5755 -0.258 -0.185  762 
   55925.376900    -197.8716      89.6001    -275.5187      90.2599    0.1089       6.0579       5.6438 -0.482  0.058  762 
   55926.310300      81.8572      59.6305     -49.9785      61.4553    0.0389       2.3335       1.9978  0.515  0.046  762 
   55927.352700      -0.1925      92.6686     -34.5817      93.1902    0.0131       1.6994       1.5912 -0.300  0.017  762 
   55969.118500     231.7626      92.7900     143.1969      93.1264    0.0144    -202.8025    -195.4224 -1.195 -1.319  762 
   56045.163000       1.2827     116.5279     -18.4284     116.7984    0.0531    -131.7285    -126.5851 -1.492 -1.469  762 
   56215.481000     249.6908      84.7128     255.4287      85.2602    0.1223       1.3078       1.2223 -0.367  0.017  762 
   56217.473300    -365.4750     162.3785    -468.4100     162.5414    0.0536     206.0123     203.7477  0.728  0.796  762 
   56301.279200      -3.4285     115.0160     -44.2502     115.3403    0.0702     225.3891     218.1260  0.868  1.206  762 
