   54533.217500      -0.3715       5.7778    -150.6133      24.8918    0.0574       0.0000       0.0000  0.225  0.000  762 
   54534.351500     348.6631     108.4014     225.9264     108.5494    0.1492     362.9017     356.7878  2.076  1.738  762 
   54535.302200     636.2401      89.4495     518.1846      89.6825    0.4278    1218.3513    1180.1365  7.690  7.389  762 
   54536.153800     -55.5181     102.1761    -164.4558     102.3009    0.0370     336.9806     331.5774  1.468  2.002  762 
   54537.405900    -516.0665      86.6601    -576.8230      86.9398    0.1285     178.2605     169.5506  1.738  1.454  762 
   54538.193800    -345.1584     154.4403    -406.7381     154.5117    0.0191     338.0506     333.9384  1.751  1.744  762 
   54590.208800    -653.4841      73.8809    -757.2583      74.2930    0.1589     239.9481     224.0405  1.401  2.300  762 
   54792.430900    -879.0073      91.9904    -945.6242      92.0631    0.3254    -621.3200    -608.7401 -4.828 -5.116  762 
   54793.510600     132.1092     101.8102      86.0993     101.9879    0.0801     162.5025     157.6596  0.865  1.166  762 
   54794.490600     151.3644     110.6058      97.6091     110.7774    0.0286      -2.3825      -2.3107  0.026 -0.018  762 
   54860.202700     380.0228      89.0188     326.0913      89.2483    0.0996     -45.1955     -43.5826 -0.241 -0.360  762 
   54861.129900    -471.8876     112.9461    -589.2092     113.0728    0.0606     275.8499     270.6030  1.119  1.784  762 
   54912.161700     226.6440      82.9440     174.6102      83.1573    0.0260    -267.2753    -257.1164 -1.644 -2.185  762 
   55126.499300    -410.7220      86.5551    -437.4032      86.8456    0.2042      72.1021      68.8303  0.773  0.718  762 
   55208.320800    -186.4074      64.7350    -174.6153      65.4561    0.0727      60.9190      55.4010  0.453  0.843  762 
   55273.273000     -13.6706      90.8042     -48.5077      91.0901    0.0239     124.1521     119.1286  0.428  0.887  762 
   55536.300000      37.0155      73.2259     -26.8630      73.6855    0.0047      41.4903      39.0134  0.709  0.483  762 
   55538.337000     235.6545      60.1354     229.4964      61.1212    0.1272       7.7910       7.1034  0.147  0.151  762 
   55540.344900     -88.4286     131.6952    -228.4386     131.8539    0.0177     317.1941     311.9390  0.499  1.415  762 
   55599.209300       0.9457     109.5649     -98.0019     109.7087    0.0600    -124.9655    -122.5335 -0.941 -0.570  762 
   55603.167400     -77.7750     163.5587    -125.0555     163.6057    0.0146     197.4525     195.4671  0.916  1.277  762 
   55679.255600      55.7528      84.0961      15.4366      84.4174    0.0097     -46.0317     -43.5520  0.120 -0.441  762 
   55924.445900    -591.1480      59.7515    -558.7441      61.1715    0.1770     101.0907      88.8614  1.667  2.338  762 
   55925.376900    -697.1917      87.6788    -701.4720      88.0429    0.1810     274.3843     258.7609  2.944  2.622  762 
   55926.310300    -133.2825      57.8076     -72.0035      58.9760    0.0715     -16.8444     -14.9668 -0.864 -0.328  762 
   55927.352700    -487.1032      90.8527    -539.9954      91.2505    0.1454     149.5031     141.4170  1.411  1.479  762 
   55969.118500      12.0428      90.8987     -85.3381      91.1146    0.0658    -146.3042    -141.9387 -1.240 -0.952  762 
   56045.163000      50.1362     116.3223      19.7780     116.4987    0.0398     133.0972     128.6338  1.683  1.447  762 
   56215.481000      93.2304      83.5566      24.5679      84.0448    0.0037     -17.2389     -16.2990  0.491 -0.213  762 
   56217.473300     -90.1219     160.2485    -218.4887     160.3663    0.0243     338.0696     334.0319  1.273  1.303  762 
   56301.279200      14.9935     112.7526     -33.8917     112.9306    0.0513     150.2967     146.5588  1.208  0.800  762 
