   54533.217500   -1549.7099     139.6340   -1668.8858     141.1613    0.3716    -276.5968    -251.5502 -1.451 -1.251  762 
   54534.351500   -1316.6347     146.3199   -1271.3806     147.6359    0.2662      69.6059      64.2638 -0.100  0.302  762 
   54535.302200    -625.6905     129.0110    -684.3560     130.7974    0.1901    -130.2085    -114.7573 -1.112 -0.727  762 
   54536.153800   -1326.8530     129.8640   -1443.2675     130.9761    0.2986    -352.6953    -321.8449 -2.221 -2.002  762 
   54537.405900   -1955.8896     119.4708   -2025.7139     121.3092    0.4093    -120.7545    -103.7290 -1.628 -0.921  762 
   54538.193800   -1207.1019     181.9277   -1198.3884     182.6800    0.2915     -60.0775     -56.5870 -0.739 -0.299  762 
   54590.208800    -758.1922     107.6909    -885.4897     109.7244    0.2257    -127.9074    -106.8743 -1.017 -1.165  762 
   54792.430900    -146.6032     108.8142    -301.1235     109.3046    0.1244    -453.1586    -419.8355 -3.488 -3.446  762 
   54793.510600    -443.4427     139.3600    -578.8217     140.9668    0.1204      70.5728      62.6422 -0.024  0.449  762 
   54794.490600    -568.0084     145.6269    -679.8536     147.0709    0.1659     -22.4548     -19.9525 -0.428 -0.150  762 
   54860.202700     527.4853     125.2699     416.1395     126.8250    0.1035      11.3868       9.9073  0.719  0.080  762 
   54861.129900    -558.3667     139.5259    -668.5342     140.4964    0.1671    -240.3589    -219.7421 -0.303 -1.462  762 
   54912.161700    -636.3981     118.5851    -648.9570     120.2385    0.1868    -102.8631     -89.0549 -1.491 -0.738  762 
   55126.499300    -224.6416     117.6529    -227.1460     119.0981    0.1003     -23.1771     -20.0522 -0.025 -0.213  762 
   55208.320800    -488.5503      99.5810    -536.7860     101.8312    0.2702     -49.9396     -40.5556 -0.710 -0.617  762 
   55273.273000    -580.2206     130.0504    -708.5545     132.0838    0.2179    -174.0600    -149.5500 -1.029 -1.093  762 
   55536.300000    -136.3005     105.6784    -229.0793     107.3527    0.1027    -123.4993    -103.7352 -0.989 -1.266  762 
   55538.337000     -11.6218      92.7948    -150.7872      95.1990    0.0549      27.5582      22.5139  0.422  0.458  762 
   55540.344900     263.6381     164.6639      79.2502     166.0107    0.0230      45.9981      42.4763 -0.750  0.193  762 
   55599.209300     428.9118     145.0895     232.7133     146.6969    0.0317    -402.5093    -367.5042 -2.048 -1.696  762 
   55603.167400    -963.7146     186.5517   -1090.0448     187.1971    0.1895     -12.9147     -12.1369  0.408 -0.081  762 
   55679.255600     247.6214     117.6234     286.7857     119.3121    0.0010    -332.4413    -282.3291 -3.344 -2.837  762 
   55924.445900     626.3129      91.2406     330.4819      94.7119    0.0752     -27.4941     -22.5926 -0.561 -0.566  762 
   55925.376900     -87.9129     125.3008    -108.8812     127.2126    0.0158      68.1408      57.8116  0.334  0.581  762 
   55926.310300     -74.2703      91.3868    -211.3471      94.4067    0.1332     -21.0821     -16.9127 -0.768 -0.366  762 
   55927.352700     -53.2234     127.7913     -70.2823     129.5491    0.0449     -77.1783     -65.9678 -0.914 -0.677  762 
   55969.118500    -973.7614     124.1668   -1149.5083     125.8525    0.3152    -350.2839    -308.0079 -1.989 -2.110  762 
   56045.163000    -261.9250     146.9941    -325.7409     148.1418    0.0539     108.0882      96.3512  0.808  1.065  762 
   56215.481000     240.0560     116.3460     272.0853     118.0329    0.0928     -30.0026     -25.6748  0.585 -0.349  762 
   56217.473300    1193.8669     191.2359    1015.0976     192.3081    0.0174    -978.8570    -924.7703 -3.743 -3.684  762 
   56301.279200     502.4000     150.5783     440.8578     152.3068    0.0510    -335.8103    -300.7143 -1.172 -1.684  762 
