   54533.217500    -792.6040     123.9345   -1740.3960     125.7415    0.0967     571.3341     529.9861  3.004  2.600  762 
   54534.351500    -685.8644     130.1687    -790.2404     131.3193    0.0962     400.7534     376.7829  1.157  1.744  762 
   54535.302200     484.3955     112.6573     340.7080     114.9980    0.0068    -409.2788    -363.9708 -2.003 -2.259  762 
   54536.153800     454.6223     117.2457     223.8105     118.5581    0.0846     199.0574     183.9566  0.483  1.125  762 
   54537.405900     334.6788     104.2443     399.1502     107.3567    0.1882     243.0858     208.5181  1.784  1.865  762 
   54538.193800    -423.7922     169.8914    -504.3448     170.6117    0.0408     352.9256     336.9321  1.450  1.751  762 
   54590.208800     554.2681      93.3681     385.5860      97.6383    0.2167     210.2067     172.1457  2.612  1.858  762 
   54792.430900    -363.0275     102.6972    -473.8113     103.4040    0.0101     444.4988     412.1788  3.478  3.369  762 
   54793.510600     555.0006     124.2547     454.9122     126.5711    0.1286     -62.6988     -56.0196 -0.486 -0.398  762 
   54794.490600    1183.1166     130.7434    1177.5797     132.8809    0.2742    -125.9714    -112.8640 -0.300 -0.850  762 
   54860.202700     684.1743     111.0736     585.3932     113.6665    0.1395    -112.6821     -98.1623 -0.705 -0.785  762 
   54861.129900      85.2010     126.1554      58.4032     127.3132    0.0440     168.5534     156.0865  1.077  1.051  762 
   54912.161700     464.1513     104.4308     426.4091     107.0295    0.1463      94.5843      81.5634 -0.384  0.672  762 
   55126.499300     549.1949     105.5393     595.6943     108.6467    0.2473      -3.2550      -2.7725  0.271 -0.030  762 
   55208.320800     623.2691      86.4173     591.3417      93.2570    0.3395       5.1232       3.9257  0.424  0.061  762 
   55273.273000      44.8987     114.4158       7.1916     117.5958    0.0011      -4.7917      -4.1219 -0.195 -0.030  762 
   55536.300000     839.7272      94.5756     676.5801      98.9230    0.2245       0.1551       0.1253  0.212  0.002  762 
   55538.337000     -80.0659      84.2984      -9.5195      91.9479    0.0150     -23.0499     -17.2988 -0.383 -0.352  762 
   55540.344900     699.8154     149.1898     571.8619     150.3930    0.1202     -54.0505     -50.8395  0.070 -0.230  762 
   55599.209300     615.0186     128.1327     392.2965     129.6350    0.0474    -190.2667    -176.4999 -0.267 -0.817  762 
   55603.167400     651.4162     172.6904     629.5079     173.3918    0.1722     262.5384     249.2966  1.572  1.703  762 
   55679.255600      50.8061     106.3885     159.0410     109.8668    0.0604      32.8425      27.4095  0.463  0.270  762 
   55924.445900    -551.3786      82.2730    -456.4774      93.3485    0.1080     138.7839     102.8081  0.784  2.588  762 
   55925.376900     465.1778     110.8467     337.3992     115.1185    0.0741    -167.8281    -139.1651 -0.710 -1.401  762 
   55926.310300     -11.7273      80.5986    -105.4199      90.6385    0.0281      90.7108      65.0560  1.297  1.446  762 
   55927.352700     237.8817     113.7273     287.0621     117.5015    0.0801     -87.0516     -72.9809 -0.790 -0.754  762 
   55969.118500     544.0735     109.0000     313.1008     111.2652    0.0073    -322.2829    -285.2771 -2.175 -1.968  762 
   56045.163000    -356.6957     137.8167    -397.7497     140.2796    0.1101       3.6902       3.2598  0.208  0.036  762 
   56215.481000       4.6092     105.4730     -91.2343     110.3777    0.0582     -53.8092     -44.2218 -0.550 -0.598  762 
   56217.473300    -144.4711     174.1754    -257.7824     175.0370    0.0697    -113.5618    -108.6626 -0.267 -0.438  762 
   56301.279200     266.1903     133.3722     292.6475     135.4126    0.1362      48.0342      43.5665  0.236  0.241  762 
