   54533.217500    1303.9493      84.1334    1236.1765      84.2256    0.4283       0.0000       0.0000  1.451  0.000  762 
   54534.351500    1426.0732      92.6717    1338.3059      92.7764    0.4200       0.0000       0.0000  1.052  0.000  762 
   54535.302200     972.6765      71.4759     926.3947      71.6181    0.4080       0.0000       0.0000  0.892  0.000  762 
   54536.153800       0.0000       4.6706       0.0000       4.6706       nan       0.0000       0.0000  0.000  0.000  762 
   54537.405900       0.0000       3.7684       0.0000       3.7684       nan       0.0000       0.0000  0.000  0.000  762 
   54538.193800       0.0000       5.2194       0.0000       5.2194       nan       0.0000       0.0000  0.000  0.000  762 
   54590.208800     441.7089      57.2101     404.3405      57.4347    0.2250       0.0000       0.0000  1.517  0.000  762 
   54792.430900       0.0000       4.1169       0.0000       4.1169       nan       0.0000       0.0000  0.000  0.000  762 
   54793.510600     802.4005      89.2917     732.0151      89.4242    0.2765       0.0000       0.0000 -0.289  0.000  762 
   54794.490600       0.0000       4.3420       0.0000       4.3420       nan       0.0000       0.0000  0.000  0.000  762 
   54860.202700       0.0000       4.1585       0.0000       4.1585       nan       0.0000       0.0000  0.000  0.000  762 
   54861.129900       0.0000       4.5670       0.0000       4.5670       nan       0.0000       0.0000  0.000  0.000  762 
   54912.161700       0.0000       4.0321       0.0000       4.0321       nan       0.0000       0.0000  0.000  0.000  762 
   55126.499300     615.6757      73.1936     598.4979      73.3110    0.3578       0.0000       0.0000  0.449  0.000  762 
   55208.320800     321.6135      52.0513     300.6278      52.5089    0.2560       0.0000       0.0000  0.222  0.000  762 
   55273.273000       0.0000       4.3970       0.0000       4.3970       nan       0.0000       0.0000  0.000  0.000  762 
   55536.300000       0.0000       3.3013       0.0000       3.3013       nan       0.0000       0.0000  0.000  0.000  762 
   55538.337000     147.4829      44.6879     183.5575      51.6547    0.1238       0.0000       0.0000 -0.285  0.000  762 
   55540.344900       0.0000       5.8967       0.0000       5.8967       nan       0.0000       0.0000  0.000  0.000  762 
   55599.209300       0.0000       5.7993       0.0000       5.7993       nan       0.0000       0.0000 -0.053  0.000  762 
   55603.167400       0.0000       4.5932       0.0000       4.5932       nan       0.0000       0.0000  0.000  0.000  762 
   55679.255600     280.6291      71.0649     219.9892      71.3199    0.0978       0.0000       0.0000  0.757  0.000  762 
   55924.445900     476.7576      48.6914     515.0907      49.5001    0.2184       0.0000       0.0000  0.889  0.000  762 
   55925.376900     407.7959      72.8630     373.0206      73.0722    0.1977       0.0000       0.0000  0.198  0.000  762 
   55926.310300     116.6127      46.1905     131.8618      46.9333    0.1068       0.0000       0.0000 -0.642  0.000  762 
   55927.352700     107.7789      78.3099      55.3158      78.5184    0.0251       0.0000       0.0000  0.223  0.000  762 
   55969.118500     863.9640      73.5644     799.3312      73.6983    0.3072       0.0000       0.0000 -0.676  0.000  762 
   56045.163000     657.3005     106.7109     613.0868     106.8067    0.2129       0.0000       0.0000  0.970  0.000  762 
   56215.481000     -51.7608      68.8988    -104.5318      69.1984    0.0627       0.0000       0.0000  0.610  0.000  762 
   56217.473300    1584.9094     133.4365    1524.3891     133.5009    0.4331       0.0000       0.0000  1.153  0.000  762 
   56301.279200     868.6072      88.6179     837.3377      88.7460    0.4107       0.0000       0.0000  0.477  0.000  762 
