   54533.217500       0.0000       5.6014       0.0000       5.6014       nan       0.0000       0.0000  0.000  0.000  762 
   54534.351500       0.0000       5.6782       0.0000       5.6782       nan       0.0000       0.0000 -0.515  0.000  762 
   54535.302200       0.0000       4.7907       0.0000       4.7907       nan       0.0000       0.0000  0.000  0.000  762 
   54536.153800      28.2966     105.6475     -62.5662     105.7544    0.1262     694.5100     680.7435  3.916  4.049  762 
   54537.405900    -407.9878      88.5609    -472.3615      88.8809    0.0175     443.7642     421.5755  2.736  3.693  762 
   54538.193800      55.6670     159.3432      -3.1940     159.4101    0.0040      18.5552      18.3240  0.392  0.093  762 
   54590.208800     154.5725      76.0781      99.5096      76.4592    0.0654      71.4541      67.2564  1.323  0.699  762 
   54792.430900    -409.5616      94.4673    -483.2120      94.5263    0.0178     590.7062     578.5811  4.755  4.685  762 
   54793.510600    -169.8124     108.2400    -224.7061     108.4486    0.0553      35.2963      34.1580  0.544  0.241  762 
   54794.490600     381.9278     114.8973     329.3350     115.0815    0.0675    -126.9084    -122.8960 -0.600 -0.921  762 
   54860.202700    -624.7741      94.8274    -708.9574      95.1103    0.1470     195.2451     186.8259  0.669  1.480  762 
   54861.129900    -238.0930     113.9538    -339.8609     114.0784    0.0340     185.8766     181.3517  1.117  1.212  762 
   54912.161700     -35.2394      87.8131     -80.6923      88.0417    0.0805     314.7159     300.9785  1.993  2.459  762 
   55126.499300    -195.3275      89.3866    -236.6689      89.6734    0.0549     114.4251     108.5339  1.414  1.133  762 
   55208.320800    -394.7624      67.6060    -394.7715      68.2749    0.1342     187.2984     170.9240  1.842  2.599  762 
   55273.273000    -362.1270      97.0126    -433.6668      97.3264    0.1180      68.1741      64.9186  0.459  0.467  762 
   55536.300000    -142.5954      76.9076    -191.4989      77.3114    0.0665      26.8145      25.0936  0.677  0.305  762 
   55538.337000    -196.6891      64.9388    -251.1980      65.7506    0.1361       0.9737       0.8847 -0.067  0.018  762 
   55540.344900      43.6369     136.0323     -67.6778     136.1629    0.1370     719.6080     707.7716  2.830  3.164  762 
   55599.209300      85.2980     113.9718      -4.6007     114.1141    0.0098     -31.7399     -31.0468 -0.225 -0.143  762 
   55603.167400    -283.6395     161.2604    -350.6613     161.3210    0.0205     237.5731     234.3494  1.412  1.600  762 
   55679.255600    -393.3400      89.2925    -425.5674      89.6203    0.0241     374.6101     355.0961  2.315  3.405  762 
   55924.445900       0.0000       2.2945       0.0000       2.2945       nan       0.0000       0.0000  0.000  0.000  762 
   55925.376900     169.2437      90.9687     154.7163      91.3080    0.1542     272.2214     257.7396  1.934  2.563  762 
   55926.310300     484.3359      59.5893     577.3228      60.2596    0.4188     119.5638     108.0889  2.143  2.361  762 
   55927.352700    -297.2193      94.8128    -355.7683      95.1875    0.1265       2.5799       2.4352 -0.923  0.025  762 
   55969.118500       6.9206      93.6177     -84.8924      93.8470    0.0100     121.3632     117.1976 -0.180  0.797  762 
   56045.163000    -437.1880     122.1342    -485.7854     122.3094    0.1749    -137.4292    -132.4918 -0.361 -1.415  762 
   56215.481000    -424.2979      86.8010    -482.6207      87.2902    0.2552    -111.1742    -104.7178 -1.853 -1.372  762 
   56217.473300      18.9098     161.3458    -104.5754     161.4683    0.0641    -221.4987    -218.4324 -0.647 -0.874  762 
   56301.279200     -17.4655     117.3618     -76.3958     117.5681    0.0242      19.7336      19.1480 -0.262  0.104  762 
