   54533.217500       0.0000       5.6273       0.0000       5.6273       nan       0.0000       0.0000  0.000  0.000  762 
   54534.351500       0.0000       5.7400       0.0000       5.7400       nan       0.0000       0.0000 -0.298  0.000  762 
   54535.302200       0.0000       4.8132       0.0000       4.8132       nan       0.0000       0.0000  0.000  0.000  762 
   54536.153800    1835.0995     121.1935    1710.0441     122.3924    0.3564     120.5595     115.1832  0.389  0.694  762 
   54537.405900      82.3098     107.7669     -43.1307     109.7325    0.0492    -218.2155    -194.6118 -1.227 -1.737  762 
   54538.193800     243.2758     177.5182      95.2862     178.5284    0.1056    -557.4138    -537.3403 -2.479 -2.761  762 
   54590.208800     256.3964      95.3767     125.2696      97.5496    0.0573      91.4806      79.9755  1.104  0.844  762 
   54792.430900    1270.3314     102.8163    1299.9338     103.1257    0.3699    1258.0528    1208.0193 11.358  9.795  762 
   54793.510600     239.9034     127.7020      82.4544     129.2584    0.0570     143.2309     133.1948  0.912  0.936  762 
   54794.490600    1307.2252     132.8267    1238.7313     134.0475    0.2974     131.4271     122.3810  1.541  0.920  762 
   54860.202700    1958.2317     112.1619    1822.8019     113.7147    0.4283    -147.5596    -135.8241 -0.880 -1.076  762 
   54861.129900    4421.9396     126.6622    4272.9487     127.6737    0.6184    -352.8858    -336.1407 -2.175 -2.289  762 
   54912.161700    1322.6115     105.1977    1003.8092     106.8951    0.2334      -8.6538      -7.9025  0.445 -0.064  762 
   55126.499300     782.3612     104.4160     734.0485     105.5775    0.3388     127.2086     116.1013  1.436  1.222  762 
   55208.320800       0.0000       2.9019       0.0000       2.9019       nan       0.0000       0.0000  0.000  0.000  762 
   55273.273000     665.3192     117.7679     288.4307     119.8266    0.0797      84.6936      76.4219  0.892  0.550  762 
   55536.300000     569.3560      91.6823     664.4591      92.8087    0.1903       0.4523       0.4057 -0.065  0.005  762 
   55538.337000      52.4138      78.8963     -79.4830      81.3242    0.0092      63.5621      54.7922  1.156  1.076  762 
   55540.344900    3789.4570     155.9858    3698.7925     157.4881    0.5972     319.8669     305.9491  1.097  1.377  762 
   55599.209300    4711.6291     133.9730    4422.3906     136.1444    0.6375    -214.1463    -202.6005 -0.908 -0.942  762 
   55603.167400    4293.2288     171.6298    4262.1385     172.1146    0.5554     -58.3401     -56.6886 -1.662 -0.396  762 
   55679.255600    -111.7488     108.2869    -364.1097     109.9511    0.0424     176.4990     156.1109  2.049  1.492  762 
   55924.445900       0.0000       2.3145       0.0000       2.3145       nan       0.0000       0.0000  0.000  0.000  762 
   55925.376900    2231.5238     108.6706    2195.1998     110.0671    0.4620     282.7801     255.9572  3.412  2.555  762 
   55926.310300    -283.3453      74.3406     -12.6224      76.9128    0.0028       6.7181       5.7619  0.412  0.126  762 
   55927.352700    -278.6856     113.1814    -342.9681     114.6888    0.0907      56.0514      50.5914 -0.078  0.519  762 
   55969.118500     151.8228     111.2585     112.1767     112.7840    0.1194     409.9157     379.3052  3.080  2.624  762 
   56045.163000    1074.5394     137.8260     746.5516     138.8747    0.1007    -130.9364    -121.5091 -0.596 -1.292  762 
   56215.481000     389.3313     101.9166     286.0553     103.2868    0.0791     -87.4663     -79.2958 -1.445 -1.046  762 
   56217.473300    6837.2195     180.3331    6679.0671     181.7968    0.6686   -1009.2953    -980.7744 -3.781 -3.997  762 
   56301.279200     774.9946     139.8191     648.8503     141.7885    0.1195    -341.8538    -319.3903 -1.807 -1.754  762 
