   54533.217500     -14.0734      91.1264    -137.0987      91.2657    0.0345     259.7836     254.7910  0.960  1.276  762 
   54534.351500    -153.3182      99.6904    -260.5008      99.7993    0.0181     327.7616     323.1409  1.666  1.464  762 
   54535.302200     431.2987      77.7587     312.4826      78.0048    0.2423     363.6573     352.5375  1.940  2.202  762 
   54536.153800    -182.6702      92.0174    -264.8605      92.1232    0.0247     356.5214     350.5262  2.093  2.177  762 
   54537.405900       0.0000       3.7812       0.0000       3.7812       nan       0.0000       0.0000  0.000  0.000  762 
   54538.193800     235.7712     145.5434     193.5093     145.5835    0.0284    -289.5684    -286.9539 -1.196 -1.500  762 
   54590.208800     159.4815      62.0744     127.8734      62.4040    0.0544       0.0000       0.0000  0.106  0.000  762 
   54792.430900       0.0000       4.1551       0.0000       4.1551       nan       0.0000       0.0000  0.000  0.000  762 
   54793.510600    -237.6609      95.3494    -312.2408      95.5233    0.1491    -148.0069    -144.0618 -0.890 -0.994  762 
   54794.490600       0.0000       4.3567       0.0000       4.3567       nan       0.0000       0.0000  0.000  0.000  762 
   54860.202700     442.2082      81.9162     345.4442      82.1103    0.0590    -165.1735    -159.7202 -0.873 -1.248  762 
   54861.129900    -752.7433     103.3046    -886.3295     103.4344    0.1735      42.6728      41.8710 -0.506  0.284  762 
   54912.161700     459.6585      74.8082     379.2620      74.9961    0.1685     107.5243     103.9168  0.301  0.837  762 
   55126.499300     -79.8008      77.7140    -109.7525      77.9281    0.0689     -31.5399     -30.2691 -0.391 -0.323  762 
   55208.320800       0.0000       2.9147       0.0000       2.9147       nan       0.0000       0.0000  0.000  0.000  762 
   55273.273000       3.1955      80.9683     -65.4802      81.2294    0.0222     125.4789     120.4189  0.530  0.859  762 
   55536.300000    -137.5631      66.9157    -146.8006      67.1959    0.0662      -8.0469      -7.6060 -0.394 -0.091  762 
   55538.337000    -174.7385      56.3106    -140.1900      56.9526    0.0913     -14.6083     -13.4033  0.123 -0.258  762 
   55540.344900     157.0066     117.1666      75.4659     117.2572    0.1971     645.3105     636.2231  3.005  2.881  762 
   55599.209300    -342.8926      95.2450    -474.7920      95.4146    0.0009     480.8359     471.7269  2.019  2.175  762 
   55603.167400     412.1148     151.7653     354.3918     151.8065    0.0582    -647.1203    -641.6290 -3.931 -4.422  762 
   55679.255600    -643.6362      77.4225    -693.5453      77.7262    0.2743       1.1622       1.1003 -0.274  0.011  762 
   55924.445900    -434.3161      54.4021    -515.3193      55.9050    0.1971      19.7013      17.8384  0.276  0.422  762 
   55925.376900    -204.7977      78.3783    -260.1990      78.7487    0.0965      57.2117      54.0721  0.955  0.536  762 
   55926.310300    -217.4795      50.9484    -265.7262      52.2592    0.1974     -26.9470     -24.0455 -0.652 -0.513  762 
   55927.352700    -364.2527      82.9707    -407.1805      83.2767    0.2029     -39.8780     -37.9184 -0.711 -0.383  762 
   55969.118500    -145.8383      78.7203    -254.3662      78.9213    0.0446     115.9657     111.7947  1.154  0.779  762 
   56045.163000     223.9042     111.9727     175.0658     112.1045    0.0255     -98.5204     -96.0749 -0.935 -1.025  762 
   56215.481000     474.9654      72.7833     441.6857      73.1569    0.2776      73.5770      69.8233  0.402  0.955  762 
   56217.473300     332.5773     138.5762     235.1349     138.6597    0.1933     552.2466     547.2141  1.550  2.256  762 
   56301.279200    -253.7623      96.0116    -273.9088      96.1379    0.2124    -140.9919    -137.3974 -0.864 -0.773  762 
