   54533.217500     242.6197     104.1891     154.8324     104.2625    0.1542     392.3764     389.3636  1.668  1.900  762 
   54534.351500    -259.2320     111.9574    -381.3055     112.0526    0.0283     266.0866     263.5235  1.213  1.207  762 
   54535.302200      87.7358      90.7923     -15.2981      90.9317    0.1064    -331.9888    -326.5103 -1.623 -2.006  762 
   54536.153800     270.0941     101.0978     172.1874     101.1624    0.0082    -139.0410    -137.8042 -1.141 -0.833  762 
   54537.405900    -291.6485      83.1694    -358.8943      83.3017    0.0984      35.8415      34.7503  1.224  0.312  762 
   54538.193800    -313.0540     155.0640    -353.8013     155.0985    0.0987      49.7253      49.4066  0.297  0.255  762 
   54590.208800    -125.7830      69.8540    -144.4606      69.9941    0.0511     278.0699     268.1582  2.835  2.881  762 
   54792.430900     285.5567      92.1637     193.5797      92.2029    0.1017     382.1963     377.9742  3.963  3.063  762 
   54793.510600    -166.0661     103.4492    -205.5130     103.5414    0.0174     159.2598     156.6113  0.866  1.098  762 
   54794.490600      94.8341     110.8034      64.6370     110.8602    0.0764    -313.4159    -308.5884 -2.410 -2.312  762 
   54860.202700      20.0415      89.7301     -32.6120      89.8432    0.0681    -171.9839    -168.3234 -2.287 -1.332  762 
   54861.129900     -32.7128     109.7859    -124.1260     109.8565    0.0810    -220.8215    -218.0444 -2.120 -1.473  762 
   54912.161700    -239.7887      82.7482    -294.6038      82.8547    0.0049     283.7091     279.0277  2.161  2.274  762 
   55126.499300      45.6738      83.8799      19.1232      84.0045    0.0351      54.1893      52.7282  0.411  0.557  762 
   55208.320800     168.0782      61.7509     156.1108      62.0962    0.0685     -56.6620     -53.4470 -0.575 -0.817  762 
   55273.273000     -64.3764      91.0182    -112.3923      91.1237    0.0026     107.1900     104.6248  0.787  0.753  762 
   55536.300000    -290.1037      72.2619    -320.4898      72.4660    0.1681     -56.3859     -54.1438 -0.298 -0.658  762 
   55538.337000     270.3853      59.3389     245.4182      59.7545    0.1510      -2.6844      -2.5408 -0.163 -0.050  762 
   55540.344900     232.3228     131.0698     121.3259     131.1512    0.0329      31.5688      31.3183  0.361  0.141  762 
   55599.209300    -176.2300     108.8037    -274.7510     108.8947    0.0107     237.5051     235.0770  1.054  1.087  762 
   55603.167400     256.5336     157.2777     200.7646     157.3052    0.0008    -197.7728    -196.7536 -1.480 -1.356  762 
   55679.255600    -631.9188      84.0832    -652.4246      84.2244    0.1469     282.7246     273.7954  1.600  2.653  762 
   55924.445900    -460.9220      58.6638    -560.6152      59.5568    0.1971      37.6537      34.1616  0.917  0.840  762 
   55925.376900     -94.0619      85.4459    -118.9417      85.5910    0.0449     245.4477     237.8872  1.751  2.376  762 
   55926.310300      16.5902      54.8967      23.6515      55.4946    0.0463      33.0028      30.5924  0.568  0.665  762 
   55927.352700    -252.3376      89.4831    -309.8866      89.6994    0.1495     -60.9517     -58.8105 -0.759 -0.603  762 
   55969.118500     361.4562      87.9275     290.6241      88.0216    0.1356     148.1437     145.5525  1.564  1.002  762 
   56045.163000    -432.8375     117.3553    -490.7997     117.4659    0.1250      32.7682      31.9964  0.639  0.345  762 
   56215.481000    -301.3601      80.6388    -321.1985      80.8496    0.1663      15.3878      14.8021 -0.298  0.197  762 
   56217.473300     147.9806     155.3410      21.2801     155.4292    0.0251    -146.9267    -145.9197 -0.894 -0.592  762 
   56301.279200     -76.2997     110.9338    -109.1716     111.0061    0.1911    -342.9379    -337.8143 -1.953 -1.859  762 
