   54533.217500    1323.0461     106.3919    1177.3962     106.5849    0.2078    -356.3590    -346.9362 -1.503 -1.681  762 
   54534.351500     791.7332     110.3477     704.6042     110.4944    0.0659    -487.9558    -476.3842 -2.433 -2.307  762 
   54535.302200    1502.8555      90.9379    1406.7434      91.1932    0.6082    1015.3291     972.7216  5.985  6.119  762 
   54536.153800     903.1535     102.3684     813.3014     102.4938    0.1663    -141.7441    -138.4556 -1.031 -0.836  762 
   54537.405900     -33.8246      88.4994    -158.4407      88.9049    0.0801    -116.7579    -109.7092 -1.542 -0.948  762 
   54538.193800     634.0129     154.2948     578.3128     154.3652    0.0919    -247.6845    -243.9275 -0.459 -1.276  762 
   54590.208800    -376.0989      75.6538    -464.9675      76.1720    0.1711     -61.9743     -57.3711 -0.635 -0.599  762 
   54792.430900       3.2968      92.3269     -74.5250      92.3989    0.1007    -482.8369    -472.0960 -4.678 -3.956  762 
   54793.510600    -351.1767     104.7191    -423.6006     104.9934    0.2175    -237.2491    -226.7073 -1.613 -1.664  762 
   54794.490600     728.2186     112.4391     673.9824     112.6302    0.1827     -55.7132     -53.6895 -0.836 -0.412  762 
   54860.202700     263.7748      91.5862     241.2684      91.8315    0.0375    -151.2737    -144.0888 -1.702 -1.185  762 
   54861.129900     457.6547     114.2133     345.9192     114.3539    0.0064    -324.7645    -316.4772 -1.773 -2.069  762 
   54912.161700     237.3903      85.3809     181.5183      85.6558    0.0120    -155.7192    -147.1905 -1.660 -1.248  762 
   55126.499300     298.7132      87.9400     269.4833      88.2289    0.0557    -180.4611    -171.2063 -1.559 -1.794  762 
   55208.320800     -53.0599      67.1832     -71.6445      67.9962    0.1037    -132.4722    -119.3660 -1.557 -1.823  762 
   55273.273000      55.5914      93.5110     -39.4326      93.8903    0.0664    -174.3936    -164.3327 -1.474 -1.221  762 
   55536.300000     111.9259      75.3877      47.6806      75.8598    0.0135      -9.1580      -8.5204  0.635 -0.105  762 
   55538.337000     -68.7338      62.3719    -113.4446      63.5713    0.1017     -85.4641     -77.1662 -0.924 -1.653  762 
   55540.344900     455.3488     132.6480     325.7610     132.8209    0.0015    -326.5187    -319.1248 -1.248 -1.442  762 
   55599.209300    -122.8881     111.5274    -211.6132     111.7224    0.1633    -321.8928    -312.6181 -1.477 -1.446  762 
   55603.167400    -629.9722     165.3162    -697.3671     165.3960    0.1066     104.4204     102.8363  0.785  0.665  762 
   55679.255600     177.2011      85.6023     159.1431      85.9419    0.0373     -48.2362     -45.1306 -0.803 -0.462  762 
   55924.445900    -605.5874      61.1762    -553.7590      62.8805    0.1745      19.6899      17.3484  0.023  0.461  762 
   55925.376900     -92.5862      89.5012    -123.6669      89.9425    0.0079     154.4522     144.8040  0.852  1.467  762 
   55926.310300      41.3471      59.7075      58.7659      61.1478    0.0343    -115.1381    -102.1364 -2.116 -2.248  762 
   55927.352700      55.8107      92.9134      41.0880      93.2893    0.0527    -193.0239    -181.9378 -1.582 -1.895  762 
   55969.118500     289.8991      92.7937     210.3845      93.0204    0.0712    -441.4685    -423.7384 -2.652 -2.832  762 
   56045.163000      -8.3049     117.5271     -19.6711     117.7016    0.0236     -55.3157     -53.1012 -0.885 -0.602  762 
   56215.481000      21.8202      84.9867      -2.2587      85.4753    0.0979     229.8650     216.2301  2.743  2.866  762 
   56217.473300     338.2104     160.2272     230.1625     160.3538    0.2013     695.7118     686.0503  2.288  2.669  762 
   56301.279200     243.6836     114.2058     209.0315     114.4154    0.1329     112.9473     109.1337  0.391  0.598  762 
