   54533.217500     621.3043     108.9875     505.7585     109.0668    0.2040     344.3638     342.1338  2.068  1.648  762 
   54534.351500     217.1976     112.4886     144.1154     112.5494    0.2644     783.1001     776.9882  3.391  3.742  762 
   54535.302200    -161.3934      93.3488    -231.7338      93.4448    0.2213     955.5115     938.5533  5.942  5.856  762 
   54536.153800     266.3924     104.0880     111.9251     104.1928    0.0685     240.9566     238.3460  1.261  1.435  762 
   54537.405900    -158.1097      87.0852    -226.6201      87.1879    0.0516     410.5532     399.8662  3.565  3.442  762 
   54538.193800    -520.9659     156.4712    -561.9564     156.5015    0.1250    1034.7938    1028.6620  5.529  5.349  762 
   54590.208800     490.8803      73.1031     425.3272      73.2584    0.2679     300.4399     291.6691  2.291  3.014  762 
   54792.430900     -54.6666      92.3142    -141.4988      92.3515    0.1587    -739.1561    -730.6972 -5.697 -6.111  762 
   54793.510600     430.5611     103.9164     384.9512     103.9871    0.1644      57.8910      56.9754  0.670  0.418  762 
   54794.490600     393.6858     111.9822     325.8257     112.0577    0.1049      70.6394      69.5701  0.278  0.534  762 
   54860.202700     317.7962      90.7089     227.4615      90.8340    0.1050     150.2756     147.3018  1.894  1.209  762 
   54861.129900     105.7919     114.1172     -11.5693     114.1924    0.0510     277.0845     273.8428  1.030  1.802  762 
   54912.161700     707.8946      84.1495     662.8200      84.2320    0.1753    -197.3978    -193.4267 -0.931 -1.637  762 
   55126.499300    -281.5443      86.8349    -305.0289      86.9269    0.1564     -53.6978     -52.3689 -0.717 -0.549  762 
   55208.320800      47.7254      63.8712      51.0842      64.0661    0.0079     -39.4950     -37.6678 -0.869 -0.579  762 
   55273.273000     227.9767      93.3800     182.6839      93.4750    0.0369    -288.4234    -281.2939 -1.997 -2.085  762 
   55536.300000     -46.5692      73.5468     -95.7946      73.6893    0.0940    -170.8599    -164.7240 -2.219 -2.047  762 
   55538.337000     -16.7804      59.4342     -44.2854      59.7637    0.0429     -38.8300     -36.6123 -0.977 -0.784  762 
   55540.344900     392.5647     135.4328     294.1045     135.5023    0.0180    -374.8198    -372.5515 -1.353 -1.685  762 
   55599.209300     768.6381     113.3312     633.4864     113.4351    0.0504    -425.9709    -422.6914 -2.520 -1.958  762 
   55603.167400     304.4805     164.1715     243.4593     164.2013    0.0132    -172.3495    -171.4999 -0.373 -1.124  762 
   55679.255600     326.5546      84.5503     261.4144      84.6851    0.0705     -49.0337     -47.6276 -0.354 -0.480  762 
   55924.445900      51.2516      57.0239      13.9141      57.5520    0.0011     -12.0047     -11.3072 -0.620 -0.299  762 
   55925.376900     570.7547      87.5182     515.7063      87.6708    0.1769     -62.4039     -60.6742 -1.308 -0.615  762 
   55926.310300     119.9904      55.9104      88.1858      56.4261    0.0555     -23.4539     -21.9747 -0.473 -0.491  762 
   55927.352700     409.3504      90.6826     360.3944      90.8226    0.1672      81.1245      78.9632  1.287  0.825  762 
   55969.118500     245.2398      92.9537     164.4924      93.0385    0.1075    -561.8653    -553.8824 -3.745 -3.725  762 
   56045.163000    -174.7712     116.7395    -212.8823     116.8196    0.0648     -11.8385     -11.6203 -0.228 -0.130  762 
   56215.481000    -127.9077      83.1065    -171.9294      83.2643    0.0283      98.8522      95.9974  1.294  1.270  762 
   56217.473300     108.8843     164.2511     -14.2499     164.3289    0.0152     -62.6008     -62.3511  0.063 -0.244  762 
   56301.279200     504.6860     115.6471     457.2155     115.7196    0.3256     438.4377     433.4004  2.487  2.368  762 
