   54533.217500    -730.7912     102.4314    -913.6499     102.9456    0.1507     307.8500     293.8084  1.090  1.441  762 
   54534.351500    -176.5681     105.5326    -215.4381     105.9008    0.0230     147.7359     142.1766  0.629  0.698  762 
   54535.302200      65.8244      89.0621     -14.3615      89.9058    0.1654    -417.9726    -387.8195 -2.802 -2.486  762 
   54536.153800      18.1934      99.8057     -88.6317     100.1751    0.0211     179.1112     171.8936  0.820  1.057  762 
   54537.405900    -457.4424      87.2876    -614.1761      88.4878    0.1412     216.2140     196.3748  1.755  1.702  762 
   54538.193800    -320.7122     150.8672    -376.1075     151.0690    0.0662     155.1305     151.2668  0.360  0.802  762 
   54590.208800    -481.1473      74.7465    -647.2203      76.2477    0.2461      83.5611      73.7225  0.190  0.781  762 
   54792.430900   -1724.4005      92.0628   -1819.4727      92.2881    0.3265    -139.2782    -133.4719 -2.410 -1.134  762 
   54793.510600     -33.9891     101.6218    -139.9921     102.4050    0.0125     107.0957     100.1602  0.420  0.747  762 
   54794.490600    -228.5668     111.3756    -282.5059     111.9962    0.0574      92.3481      86.5878 -0.447  0.671  762 
   54860.202700     215.1355      90.1356      73.9020      91.1009    0.0099     -47.4444     -43.3757 -0.724 -0.362  762 
   54861.129900     836.4750     112.1454     716.2930     112.4629    0.1029    -241.9011    -233.2095 -1.104 -1.533  762 
   54912.161700    -294.4069      83.9914    -383.4684      84.9841    0.1361     -24.1703     -21.9609 -0.180 -0.189  762 
   55126.499300     -50.0725      87.4261     -69.9272      88.3588    0.0371      -3.5836      -3.2737 -0.267 -0.035  762 
   55208.320800    -293.5417      67.8379    -443.2311      70.4797    0.2597      23.8093      19.8908  0.290  0.310  762 
   55273.273000    -213.8439      90.7660    -292.3377      91.9195    0.0790      90.9952      82.5767  0.139  0.622  762 
   55536.300000    -236.6025      75.7650    -328.2025      77.3297    0.0954     118.5649     104.0908  0.874  1.315  762 
   55538.337000     128.8694      63.4917     -30.0542      66.4895    0.0243     -19.7479     -16.3069  0.127 -0.366  762 
   55540.344900    1077.7749     126.8200     958.3313     127.1855    0.2276      42.9936      41.5279 -0.021  0.189  762 
   55599.209300     231.6356     106.2383     131.8890     106.7016    0.1281    -631.2959    -605.5982 -2.068 -2.813  762 
   55603.167400    -483.5766     164.3008    -540.7969     164.4748    0.0463     330.7692     322.7104  2.469  2.079  762 
   55679.255600     196.7627      84.4038      60.4935      85.7656    0.0424      71.6888      64.0538  0.582  0.671  762 
   55924.445900     156.8671      61.3086     -76.3336      65.6560    0.0179      31.7830      26.2678  1.103  0.727  762 
   55925.376900     142.9207      88.6392      28.5843      90.1188    0.0015     -28.0089     -25.0189 -0.325 -0.257  762 
   55926.310300     -87.9997      61.1872    -131.5063      64.8333    0.1515     -77.2277     -62.0574 -1.531 -1.423  762 
   55927.352700    -297.2452      92.6754    -295.2518      93.8938    0.1127      41.7505      37.5456  0.501  0.396  762 
   55969.118500     380.8921      89.7261     306.8916      90.3654    0.0697     -65.3541     -61.1975 -1.180 -0.412  762 
   56045.163000     194.3847     116.6631     130.2731     117.3632    0.0560      41.9920      39.3367  0.389  0.455  762 
   56215.481000     189.1186      84.8230     213.7168      86.1462    0.1413      78.5241      70.2327  1.641  0.961  762 
   56217.473300    1108.8420     154.3246     947.5230     154.5838    0.1210    -310.1673    -303.5646 -0.863 -1.184  762 
   56301.279200      10.8380     109.4106       8.4053     110.0530    0.0767     168.6565     159.1125  0.988  0.884  762 
