   54533.217500   -3262.8315     147.8763   -3855.3723     150.8106    0.5046    -106.4100     -96.2416 -0.947 -0.469  762 
   54534.351500   -1945.7502     151.0407   -2146.5941     154.0195    0.3558    -105.3842     -95.3703 -0.542 -0.473  762 
   54535.302200   -1987.0689     137.7494   -2267.9889     141.8102    0.5019    -617.3280    -524.8159 -3.761 -3.361  762 
   54536.153800     153.8884     135.5554      -6.3721     137.8001    0.0313    -207.3375    -186.6892 -1.507 -1.141  762 
   54537.405900   -2572.7409     129.0321   -3332.4441     133.0563    0.4439      69.5730      57.0724 -0.022  0.491  762 
   54538.193800   -1481.8683     187.4837   -1362.0144     188.9948    0.3728    -374.2632    -348.2776 -1.924 -1.846  762 
   54590.208800   -2688.5176     117.9279   -3423.8653     121.8237    0.5562     -85.2932     -67.9330 -0.683 -0.710  762 
   54792.430900   -1598.4896     112.2232   -1820.2483     113.1559    0.3084    -199.3963    -179.3198 -1.678 -1.531  762 
   54793.510600    -861.5672     146.0186   -1049.0802     149.4043    0.2228     170.9313     144.9476  0.882  1.087  762 
   54794.490600   -1064.5439     153.5258   -1471.3440     156.5493    0.2667     -56.8890     -48.3688 -0.388 -0.376  762 
   54860.202700     -38.5038     132.9433    -120.4247     136.1494    0.0466     -66.9186     -55.3234  0.076 -0.464  762 
   54861.129900    1927.5021     146.1213    1544.6712     148.0939    0.2169     -17.9810     -16.2278 -0.624 -0.106  762 
   54912.161700    -274.1081     125.2753    -420.9024     128.4694    0.0446     289.4550     239.4778  1.352  2.073  762 
   55126.499300     140.0878     126.9466     -47.9561     129.7514    0.0086      27.5508      22.7158  0.369  0.240  762 
   55208.320800   -1345.8744     111.0083   -1649.1226     114.2762    0.5135      36.7473      27.2780  0.027  0.423  762 
   55273.273000     737.6427     137.8527     124.8333     142.2122    0.0131    -234.6537    -191.0039 -0.971 -1.445  762 
   55536.300000    -206.9907     113.6160    -202.1009     116.2581    0.1010    -167.2639    -133.1482 -1.188 -1.680  762 
   55538.337000    -283.6869     101.1608    -515.7583     103.6845    0.2059     -28.3128     -21.1904 -1.030 -0.477  762 
   55540.344900    1267.0168     172.6813     972.8483     175.2668    0.0407    -844.8284    -767.9734 -4.078 -3.500  762 
   55599.209300     227.8954     153.0378    -113.0039     156.0325    0.1568    -771.7040    -695.2002 -3.711 -3.237  762 
   55603.167400   -1140.9102     196.8503   -1595.0928     198.2632    0.2178    -128.4799    -118.9816 -1.101 -0.761  762 
   55679.255600     146.4824     125.3615    -375.1984     128.6003    0.1223    -195.9953    -156.5324 -1.865 -1.646  762 
   55924.445900      74.8396     102.1354    -989.6795     105.0431    0.1788     -40.9354     -29.7732 -0.493 -0.828  762 
   55925.376900    -553.7526     135.6563    -905.2808     139.4860    0.1914     120.2359      95.5523  0.367  0.981  762 
   55926.310300    -375.2917     102.8051    -463.7802     105.5840    0.2421      23.0763      16.8396  0.102  0.382  762 
   55927.352700     673.1797     137.1227     531.2131     140.4664    0.1383    -112.7021     -90.6892 -0.922 -0.958  762 
   55969.118500      44.9329     132.9000    -160.7860     135.9811    0.0222      71.6287      61.4796  0.419  0.411  762 
   56045.163000     551.1119     152.7967     258.9074     154.8094    0.1001     216.6595     185.5243  2.147  2.155  762 
   56215.481000     432.1861     128.4065     568.7226     131.1607    0.2263     112.0774      91.0250  1.259  1.228  762 
   56217.473300    3287.3796     201.7711    3077.6825     203.7122    0.3771    -599.6042    -563.9528 -1.949 -2.188  762 
   56301.279200     249.4418     161.7593     315.8100     165.2288    0.0441    -204.2861    -178.5480 -1.234 -0.986  762 
