   54533.217500    -153.9918     102.2474    -288.3623     102.5487    0.0756      19.6886      18.9591  0.028  0.093  762 
   54534.351500      32.8429     106.3603     -31.3039     106.5808    0.0056      14.8787      14.4228  0.367  0.070  762 
   54535.302200      65.6505      88.6753     -36.9500      89.2090    0.0255     116.0072     109.0946  0.582  0.691  762 
   54536.153800     553.7981      99.5013     453.8783      99.7384    0.1315      20.6238      19.9355  0.852  0.122  762 
   54537.405900    -227.5055      85.9969    -311.1817      86.6864    0.1035      54.5250      50.5009  0.734  0.441  762 
   54538.193800     312.1162     151.0285     263.4233     151.1404    0.1054     104.0262     102.0471  0.865  0.537  762 
   54590.208800    -292.1000      73.4007    -403.3450      74.3923    0.1780     -19.1707     -17.2907 -0.619 -0.183  762 
   54792.430900    -476.5582      91.7087    -510.2408      91.8102    0.1843    -435.7566    -423.1728 -4.780 -3.540  762 
   54793.510600    -210.7332     101.8670    -268.4646     102.3342    0.1075     -64.0817     -60.6944 -0.847 -0.444  762 
   54794.490600    -208.5382     111.2054    -266.3793     111.6113    0.0968     -32.7333     -31.0190  0.158 -0.237  762 
   54860.202700       4.7380      89.7300     -41.6391      90.2173    0.0067      66.9815      62.4416 -0.257  0.513  762 
   54861.129900    -528.8214     112.1455    -631.8591     112.3772    0.1492     -63.4793     -61.3792 -0.510 -0.403  762 
   54912.161700       3.3425      83.2800     -22.3312      83.8043    0.0061       4.9143       4.5642  0.208  0.039  762 
   55126.499300     -81.7595      86.6550    -113.0118      87.2808    0.0757     -27.4873     -25.4898  0.195 -0.269  762 
   55208.320800    -265.0483      66.6067    -256.1562      68.2427    0.1618       4.6139       3.9853 -0.136  0.061  762 
   55273.273000     -54.6636      90.4955    -115.2746      91.2188    0.1216    -186.2127    -172.6265 -1.282 -1.281  762 
   55536.300000    -107.5068      74.8626    -208.0292      75.9150    0.0657      25.5891      23.0252 -0.538  0.285  762 
   55538.337000     209.3724      62.5773      71.5499      64.8934    0.0334     -12.0521     -10.3458  0.149 -0.221  762 
   55540.344900     337.1058     127.8121     187.4214     128.0956    0.0314     -50.5503     -49.0450  0.432 -0.222  762 
   55599.209300    -516.2741     107.0920    -628.3668     107.4267    0.3634    -610.7298    -587.6858 -3.117 -2.718  762 
   55603.167400    -232.3408     162.8330    -346.6104     162.9738    0.0007     358.1362     350.9307  1.678  2.281  762 
   55679.255600    -397.5440      84.3111    -477.2719      85.2287    0.1393      94.7912      86.4620  1.083  0.887  762 
   55924.445900    -213.4116      60.7279    -253.4071      64.1008    0.1100      25.1843      21.4006  1.425  0.567  762 
   55925.376900    -280.5339      87.8436    -324.0988      88.7697    0.0655     160.6380     146.8815  1.485  1.490  762 
   55926.310300    -243.2053      60.2580    -235.7920      62.9957    0.2199     -22.8227     -19.0366 -0.723 -0.421  762 
   55927.352700    -166.6000      91.6550    -281.1169      92.6493    0.1136       5.3527       4.9018  0.432  0.051  762 
   55969.118500     -67.0774      89.5373    -196.0552      90.0265    0.0542       5.9185       5.5806 -0.694  0.038  762 
   56045.163000      -8.5248     116.3281      -1.9208     116.7390    0.0397     121.4080     115.4569  0.830  1.309  762 
   56215.481000      -9.6067      83.9434      -4.7557      84.8768    0.0477     106.2246      96.9986  0.807  1.303  762 
   56217.473300    -806.2180     155.0093    -901.4541     155.1789    0.1106     444.6384     435.9696  1.078  1.705  762 
   56301.279200     -78.7686     109.5013    -108.8137     109.9034    0.0546      -2.9540      -2.8125  0.378 -0.016  762 
