   54533.217500    -517.7969     108.5319    -775.3441     109.0682    0.2016    -173.1847    -165.6214 -1.483 -0.801  762 
   54534.351500    -395.4407     111.7265    -510.8502     112.1942    0.1991    -208.4350    -200.2749 -0.999 -0.976  762 
   54535.302200     212.4134      94.8348     147.1088      95.5754    0.0915    -433.7700    -403.9139 -2.303 -2.550  762 
   54536.153800     433.1950     104.1060     323.4334     104.4658    0.0412    -154.6128    -148.3795 -0.733 -0.896  762 
   54537.405900    -690.8032      92.2282    -850.8565      93.3571    0.2389      41.8332      38.1276 -0.082  0.323  762 
   54538.193800     201.0782     155.2547     162.8181     155.4288    0.0156    -222.2759    -216.9209 -1.411 -1.135  762 
   54590.208800    -210.4156      79.3669    -463.1013      80.9308    0.1873      -4.6368      -4.0969 -0.124 -0.042  762 
   54792.430900     410.6960      93.7340     310.8143      93.9361    0.0001    -323.4652    -311.4250 -3.335 -2.596  762 
   54793.510600     415.3859     106.4042     329.4144     107.1034    0.1228      83.4628      78.0426  0.516  0.573  762 
   54794.490600     469.7398     115.7738     347.5160     116.4421    0.0783     -71.2590     -66.8249  0.110 -0.509  762 
   54860.202700       3.7051      94.9986     -55.8389      95.8504    0.0912    -214.3101    -196.8210 -1.147 -1.614  762 
   54861.129900    1070.2985     115.9935     930.6054     116.3258    0.1968      83.4655      80.4817  0.586  0.520  762 
   54912.161700    1371.9649      87.2161    1313.2900      88.0096    0.4074     135.5395     124.4188  0.790  1.053  762 
   55126.499300    -438.4382      92.0604    -489.3119      93.0161    0.2823     -52.9905     -48.3050  0.175 -0.501  762 
   55208.320800    -401.1977      72.0185    -423.5235      74.4391    0.2713      -5.2230      -4.4417 -0.488 -0.067  762 
   55273.273000     777.0893      95.5146     723.8931      96.5291    0.1829    -245.7184    -225.6712 -1.304 -1.672  762 
   55536.300000    -332.8453      80.0905    -397.5004      81.4564    0.1663     -79.2434     -69.6860 -0.632 -0.853  762 
   55538.337000    -158.9466      67.5346    -280.5538      70.5560    0.1302      -5.5070      -4.6062 -0.300 -0.098  762 
   55540.344900     111.4349     133.6999     -33.1646     134.1368    0.0219     -56.6564     -54.6830 -0.512 -0.247  762 
   55599.209300    -375.5597     112.8496    -527.7344     113.3211    0.1735    -200.4504    -192.0422 -1.022 -0.883  762 
   55603.167400    -210.6506     168.4724    -337.4938     168.6678    0.0767    -154.4943    -150.7381 -0.466 -0.954  762 
   55679.255600    -276.4203      89.3381    -368.4792      90.6691    0.1337       2.0964       1.8741 -0.396  0.019  762 
   55924.445900     274.5183      65.1060      38.4952      69.7695    0.0161       3.3470       2.7997  0.784  0.073  762 
   55925.376900    -163.7608      93.6316    -251.5655      95.0310    0.0783      34.2212      30.8056  0.224  0.309  762 
   55926.310300     -35.5333      65.2302     -82.8439      68.9364    0.0905     -42.2297     -34.4992 -1.288 -0.747  762 
   55927.352700    -177.0483      97.3254    -204.2290      98.5991    0.1130     -67.9473     -61.4080 -0.331 -0.632  762 
   55969.118500     673.7909      94.9409     591.3034      95.5261    0.0649    -393.7896    -369.2397 -2.387 -2.441  762 
   56045.163000      -7.1903     121.1708     -65.7888     121.8824    0.0341     -44.2500     -41.3343 -0.522 -0.465  762 
   56215.481000     364.8867      89.1655     369.3012      90.5055    0.2214      98.8145      88.8189  1.512  1.174  762 
   56217.473300     606.2941     161.5790     485.1684     161.8290    0.1029     -32.3019     -31.6052  0.003 -0.122  762 
   56301.279200     286.0694     116.2798     245.6050     116.8645    0.0622    -103.9736     -98.2380 -0.303 -0.537  762 
