   54533.217500   -1712.8095     127.6123   -1884.7127     129.2612    0.3362     358.4439     341.5128  1.056  1.631  762 
   54534.351500      89.1457     131.5131      38.5139     133.3851    0.0115     -99.8176     -95.0742 -0.356 -0.463  762 
   54535.302200    1225.7645     113.8423    1201.9832     116.0140    0.3641     425.6123     392.9096  1.850  2.449  762 
   54536.153800    -219.1126     119.0476    -289.9144     120.1629    0.0239     179.1464     171.6286  0.540  1.021  762 
   54537.405900     581.9956     107.4072     443.0554     109.4639    0.0835    -100.1055     -89.4867 -1.086 -0.753  762 
   54538.193800     681.4346     171.6610     633.1136     172.5050    0.0798    -314.7499    -305.0632 -1.645 -1.582  762 
   54590.208800      84.8132      92.9418     -94.5646      94.9860    0.0191      36.8831      32.8885 -0.030  0.333  762 
   54792.430900    -753.3800     101.0988    -912.4631     101.5138    0.2753    -796.5176    -759.9425 -4.841 -6.340  762 
   54793.510600   -1541.4013     123.8996   -1587.9856     125.5083    0.3814      -9.4834      -8.8257  0.074 -0.065  762 
   54794.490600   -2367.8839     132.5642   -2320.4445     133.8695    0.5019       1.2844       1.1867  0.011  0.009  762 
   54860.202700   -1000.8178     110.2269   -1011.4102     111.7719    0.2790      12.3114      11.2271 -0.248  0.092  762 
   54861.129900   -2043.2267     130.1716   -2126.6413     131.0190    0.3294     199.1656     189.5786  1.779  1.224  762 
   54912.161700    -300.9284     103.2366    -309.7124     104.7967    0.0811       2.2776       2.0684  0.356  0.018  762 
   55126.499300      53.2593     103.8984     102.7609     105.1436    0.0695      94.0711      86.3355  0.835  0.889  762 
   55208.320800     330.3030      83.3444     319.6479      85.9944    0.1769      79.5211      68.0177  1.282  1.020  762 
   55273.273000    -335.3843     114.2199    -484.9973     116.2834    0.1064      55.5416      50.2056  0.558  0.371  762 
   55536.300000     346.6525      90.6779     299.3365      92.3917    0.0921     -17.9972     -15.8417 -0.477 -0.194  762 
   55538.337000     769.6597      76.1098     743.8613      79.4341    0.2706       8.1093       6.8498 -0.618  0.145  762 
   55540.344900       7.7022     154.3856     -79.5307     155.7361    0.0661    -267.7137    -255.9388 -1.302 -1.151  762 
   55599.209300    -133.4376     134.0938    -311.1404     136.0847    0.1104    -232.0266    -219.3054 -1.380 -1.010  762 
   55603.167400    -510.6687     180.2339    -560.3512     180.7378    0.0846      96.9903      93.8791  2.041  0.597  762 
   55679.255600     991.1010     102.0931     819.0111     103.8874    0.2039     -81.3461     -72.9111 -1.082 -0.738  762 
   55924.445900     225.7143      74.3821    -152.6540      79.9116    0.0382      10.2246       8.6637 -0.212  0.226  762 
   55925.376900    -327.0237     109.0213    -287.8010     110.8588    0.0316     204.7646     183.4772  1.675  1.839  762 
   55926.310300     191.5380      74.9877      33.9962      79.3606    0.0419      33.0498      27.4556  0.303  0.593  762 
   55927.352700    -149.2269     111.2131    -202.6908     112.9782    0.0329     327.6726     295.1452  2.367  3.048  762 
   55969.118500    1229.6720     110.2542    1193.4754     111.6148    0.3027     115.2817     107.8973  0.375  0.710  762 
   56045.163000     736.7800     132.1316     614.8620     133.2038    0.1290    -173.9749    -161.9779 -1.548 -1.815  762 
   56215.481000   -1045.5553     103.5632   -1012.8603     105.3093    0.3723      64.4909      57.9390  0.219  0.751  762 
   56217.473300   -1099.7124     185.9287   -1111.6730     187.1685    0.2234    -171.2106    -165.6293 -0.099 -0.638  762 
   56301.279200     781.9843     138.1786     746.9767     140.0238    0.3195     242.0934     227.2717  1.920  1.229  762 
