   54533.217500    -162.7597     114.7592    -324.0718     115.2353    0.0177     419.4069     403.9033  1.738  1.993  762 
   54534.351500     390.4652     120.9895     237.3462     121.4193    0.1557     428.9079     415.6976  1.541  1.933  762 
   54535.302200     342.2594     101.8930     216.5564     102.7418    0.0475     -85.0833     -79.6135 -1.316 -0.498  762 
   54536.153800     530.2130     108.9694     427.4771     109.3768    0.1005      19.3142      18.5268 -2.845  0.114  762 
   54537.405900     683.7913      93.1374     588.6376      94.3490    0.1917      26.4105      24.2448 -0.037  0.220  762 
   54538.193800    -453.9387     162.0857    -503.8184     162.3017    0.0718     230.3012     224.9573  0.877  1.176  762 
   54590.208800     718.5465      81.2092     605.6373      82.8620    0.2968     151.7379     135.4877  0.677  1.484  762 
   54792.430900     748.6320      96.2090     757.7059      96.3714    0.2232     465.1639     449.4180  2.881  3.715  762 
   54793.510600     965.6599     113.0354     991.3740     113.6566    0.3197      41.3818      39.0464 -0.282  0.280  762 
   54794.490600    1628.8588     119.6043    1601.4912     120.2262    0.4303      39.5075      37.3230  0.461  0.284  762 
   54860.202700    -351.8542     100.5751    -457.2066     101.5598    0.1205      49.6618      45.9690 -0.657  0.371  762 
   54861.129900      78.7236     118.1450     -12.7076     118.5294    0.0383    -169.3433    -162.1242 -0.445 -1.100  762 
   54912.161700     946.8169      93.1345     853.5132      94.0438    0.2362    -145.4348    -134.2982 -0.766 -1.117  762 
   55126.499300     312.6062      94.3164     327.4768      95.3507    0.1919     104.7271      95.3721  0.918  1.030  762 
   55208.320800    1183.7105      73.2458    1242.0881      75.8148    0.6534       1.8032       1.5440  0.144  0.024  762 
   55273.273000     982.3520     102.0224     919.1829     103.0828    0.3466     157.6219     145.1739  1.397  1.064  762 
   55536.300000    -135.8154      83.2899    -119.3320      84.8181    0.0035     144.8990     127.4376  1.578  1.594  762 
   55538.337000    -145.8037      71.9086    -147.2236      74.9714    0.0638      31.6716      26.2224  0.128  0.549  762 
   55540.344900     395.7027     140.6799     318.9167     141.0599    0.0982      71.1566      68.9927  0.624  0.313  762 
   55599.209300     834.6874     119.1016     719.0441     119.5656    0.1195    -241.1514    -232.2802 -0.885 -1.080  762 
   55603.167400     466.2466     164.9260     407.2314     165.1375    0.0756     -26.6740     -25.9728  0.505 -0.179  762 
   55679.255600      65.9945      94.4306      88.3981      95.6412    0.0205     -30.3562     -27.4743 -0.044 -0.274  762 
   55924.445900     574.1419      68.5479     474.6273      73.4173    0.1662     -58.9622     -49.1396 -1.218 -1.283  762 
   55925.376900     -33.1990      98.0947     -79.7931      99.6564    0.0090      64.4830      57.9323  0.636  0.591  762 
   55926.310300     -60.8467      67.7560     -91.9285      72.0319    0.0786     -28.6075     -23.1761 -0.554 -0.532  762 
   55927.352700     313.1666     100.8655     307.1709     102.2176    0.1394      65.0730      58.8714  0.549  0.616  762 
   55969.118500     366.4149      98.6197     294.8201      99.3537    0.1269     135.2420     126.6522  0.973  0.881  762 
   56045.163000    -205.7896     125.9596    -232.0941     126.7618    0.0201     181.7245     169.6282  1.398  1.880  762 
   56215.481000      98.0824      92.1598      75.6745      93.9716    0.0534      39.9417      35.6355  0.405  0.491  762 
   56217.473300     595.2682     165.6305     506.9779     165.9042    0.0543    -275.9673    -270.3823 -0.598 -1.095  762 
   56301.279200    -263.1495     122.9041    -307.7584     123.6181    0.1665     -84.9792     -80.4757 -0.322 -0.449  762 
