   54533.217500     827.8023     125.2309     634.8328     127.5075    0.1842     119.3788     115.0248  0.016  0.552  762 
   54534.351500    2107.8649     124.4303    2056.3637     126.3237    0.3703    -415.6648    -406.5062 -2.130 -1.990  762 
   54535.302200    1340.5750     105.8549    1483.5310     107.9040    0.4474     527.8669     503.4441  2.321  3.160  762 
   54536.153800     921.4400     115.7205     794.0131     117.0734    0.0847    -401.3806    -386.6611 -3.203 -2.324  762 
   54537.405900     849.0447      99.4838     685.5159     101.2727    0.1552    -100.3756     -94.2981 -1.392 -0.797  762 
   54538.193800    -132.2282     167.4524    -139.5919     168.3552    0.0675    -140.6025    -138.1192 -0.757 -0.720  762 
   54590.208800    -476.9403      87.5620    -687.2901      89.9108    0.2139     -22.3907     -20.5182  0.003 -0.209  762 
   54792.430900    -660.1639      98.1288    -819.6225      98.5348    0.2153    -538.3453    -521.3756 -4.322 -4.386  762 
   54793.510600     364.2457     115.8074     301.1252     117.3080    0.0471    -128.5422    -122.2821 -0.595 -0.907  762 
   54794.490600    -332.6181     124.1123    -560.3191     125.4540    0.1892    -254.7492    -242.8073 -1.599 -1.869  762 
   54860.202700     269.9801     103.0269     161.2312     104.7134    0.0372     -33.9057     -31.8413 -0.398 -0.263  762 
   54861.129900    1322.1489     125.4384    1119.6685     126.5319    0.1450    -303.9241    -294.4706 -1.642 -1.918  762 
   54912.161700     686.7058      95.6807     644.3673      97.3313    0.1304    -176.1935    -165.3413 -0.804 -1.412  762 
   55126.499300    -253.7446      98.0824    -225.9290      99.3708    0.0909      -5.1706      -4.8386  0.444 -0.050  762 
   55208.320800    -375.8177      76.4963    -486.0649      78.7823    0.1649     153.1434     134.3350  1.812  2.046  762 
   55273.273000    1495.3749     105.2438    1326.2453     107.2485    0.2887    -131.6451    -123.7427 -1.097 -0.923  762 
   55536.300000    -406.0868      84.9797    -497.5258      86.6422    0.1650      23.4411      21.3468 -0.014  0.265  762 
   55538.337000     128.8442      70.6547      93.0783      72.9968    0.0403      10.8762       9.3346  0.345  0.203  762 
   55540.344900     482.5779     148.9207     489.8961     150.2642    0.1128     108.2958     106.1363 -0.314  0.480  762 
   55599.209300    1172.3784     127.6859     934.3881     129.7958    0.0974    -442.0751    -429.3413 -2.073 -1.987  762 
   55603.167400     696.7935     175.2971     468.7394     175.9204    0.1174     237.1907     232.9598  0.373  1.492  762 
   55679.255600      97.6231      96.3436    -131.9395      98.1648    0.0225      49.2096      45.3250  0.198  0.463  762 
   55924.445900     450.2701      68.8156     124.4337      72.3876    0.0332      -8.0262      -6.7969 -0.892 -0.181  762 
   55925.376900     354.8060     100.6115     279.1783     102.4338    0.1004      33.4672      30.9991  0.453  0.314  762 
   55926.310300     247.8203      68.7181     122.5167      71.8229    0.0507     -59.2176     -49.5132 -0.900 -1.098  762 
   55927.352700     309.0551     103.6503     242.3666     105.3122    0.1048      77.5828      72.0348  0.314  0.752  762 
   55969.118500     613.4018     105.7488     560.1868     107.4603    0.1200     -63.7704     -60.8290 -0.280 -0.404  762 
   56045.163000     499.9678     126.5009     389.1232     127.4734    0.0816    -130.5619    -124.3357 -1.720 -1.405  762 
   56215.481000    -332.7948      95.3549    -349.2230      96.8459    0.1319      45.8365      42.2451 -0.036  0.556  762 
   56217.473300    1408.3508     179.7660    1298.5087     181.1865    0.2202      10.2812      10.1555 -0.857  0.039  762 
   56301.279200     201.6185     130.9871     243.3887     132.9151    0.1366     120.2763     116.1499  0.671  0.633  762 
