   54533.217500      41.3628      92.9881    -131.0917      93.2656    0.0539     -72.6998     -70.3147 -1.013 -0.353  762 
   54534.351500     564.7555      99.5055     456.0149      99.6864    0.1818     216.7383     211.9290  0.457  0.995  762 
   54535.302200     -15.0579      80.5478    -105.7690      80.9459    0.0310      26.1227      24.6910 -0.013  0.158  762 
   54536.153800     135.1090      93.0756      58.9411      93.2392    0.0875     251.1732     244.1047  0.774  1.527  762 
   54537.405900    -426.1457      79.3827    -486.5930      79.8335    0.0788     276.5486     257.4716  1.851  2.300  762 
   54538.193800     135.1534     145.4554      84.2533     145.5388    0.0545      93.5396      92.0249  0.469  0.488  762 
   54590.208800    -290.9677      66.2331    -331.0738      66.8983    0.0821     123.5780     112.3370  1.019  1.239  762 
   54792.430900      -0.0095       4.8006     -36.9014      45.7611    0.0109       0.0000       0.0000  1.512  0.000  762 
   54793.510600     395.0644      95.8205     357.4965      96.0610    0.1386      74.0530      71.1233  0.844  0.504  762 
   54794.490600     224.2606     105.8077     163.3809     106.0317    0.1251     288.8539     277.2696  1.312  2.070  762 
   54860.202700     378.1094      83.9461     309.2715      84.3173    0.0808     -99.7923     -94.4817 -0.675 -0.755  762 
   54861.129900     201.1399     105.9315      86.3954     106.0821    0.0716     266.5499     260.0043  0.379  1.720  762 
   54912.161700     446.6236      76.9946     359.5873      77.3721    0.1661     159.7663     150.0315  1.309  1.236  762 
   55126.499300     226.1897      80.2842     220.8430      80.6128    0.1471      52.9700      49.8564  0.233  0.530  762 
   55208.320800     290.1233      60.1652     266.5090      61.1432    0.1936      85.7234      75.6689  0.777  1.141  762 
   55273.273000     400.2056      83.0087     344.7654      83.4440    0.0771    -152.9251    -143.2877 -1.020 -1.042  762 
   55536.300000     564.0894      69.0132     516.0069      69.5325    0.1795     -90.0616     -83.2930 -0.916 -1.009  762 
   55538.337000     375.0565      57.9681     325.7346      59.0523    0.1882     -16.4003     -14.6149 -0.412 -0.295  762 
   55540.344900     454.7554     119.1341     341.9818     119.3364    0.0601    -137.4162    -133.8993 -1.050 -0.608  762 
   55599.209300     396.4097      97.7055     257.2569      97.9623    0.0588    -457.7131    -443.9035 -1.339 -2.043  762 
   55603.167400     343.1419     157.1351     283.8127     157.2001    0.0057    -316.4846    -311.5351 -1.168 -2.053  762 
   55679.255600      54.6873      78.4802      -8.4581      78.9895    0.0187     -46.6094     -43.0462 -0.414 -0.433  762 
   55924.445900    -474.2294      58.0828    -652.0016      59.9995    0.2268     -23.7449     -20.2185  0.424 -0.497  762 
   55925.376900      98.4029      81.1667      73.9717      81.6711    0.0399      26.4759      24.4993 -0.307  0.245  762 
   55926.310300     -92.4224      54.5539    -183.1355      56.2631    0.1367     -48.3207     -41.6619 -0.487 -0.891  762 
   55927.352700    -124.1527      85.9360    -187.9737      86.4544    0.0803     -35.4611     -32.9153 -0.269 -0.334  762 
   55969.118500     -50.3335      81.6550    -153.1733      82.0131    0.0840    -101.8586     -96.7459 -0.921 -0.663  762 
   56045.163000    -166.7216     113.0698    -221.8630     113.3188    0.0154     174.2038     166.6641  1.644  1.834  762 
   56215.481000    -325.9446      76.8836    -340.6652      77.4605    0.1530      87.5109      80.9421  0.439  1.111  762 
   56217.473300     537.5674     143.0807     448.3047     143.2174    0.1183     -27.3675     -26.9681 -0.951 -0.108  762 
   56301.279200     670.8691      98.1559     605.7475      98.4688    0.2096    -137.8587    -132.2184 -0.999 -0.747  762 
