   54116.301000    5646.8880     347.0519    5508.1541     347.2608    0.0638   -4980.2686   -4918.8562 -15.158 -15.704  762 
   54127.317100    -336.5357     341.5305    -373.1692     341.6796    0.2362   -2468.0763   -2429.0468 -16.474 -15.412  762 
   54127.352800      29.5800     332.7451      -1.0515     332.9000    0.2687   -3272.2214   -3224.1954 -18.487 -18.718  762 
   54149.238000     706.9570     199.0475     673.4982     200.5003    0.2708   -3031.2354   -2800.8584 -18.753 -18.930  762 
   54149.257400    2561.6006     276.0691    2449.2463     276.3461    0.0749   -3304.4713   -3233.2706 -13.244 -13.143  762 
   54150.328600     528.9771     186.0435     597.8080     187.5313    0.1104     175.5479     161.2599 -0.339  1.332  762 
   54152.336000     414.7567     172.0745     390.7997     174.0964    0.1422   -1412.7019   -1275.2329 -12.780 -12.803  762 
   54152.342500     272.4210     180.7184     301.9029     182.3212    0.1721   -1534.7402   -1405.7573 -11.814 -12.536  762 
   54156.154700    -443.4346     200.8840    -372.4541     202.4293    0.1487   -1250.4045   -1172.2232 -24.802 -24.802  762 
   54174.142000     520.2772     158.2203     561.5525     160.4277    0.0406    -897.1199    -808.0185 -9.491 -10.245  762 
   54174.149600     679.5605     145.7168     702.1150     148.7835    0.0102    -725.0356    -645.4438 -10.821 -10.003  762 
   54176.305700    1134.3432     185.8820    1115.7714     187.4527    0.1365   -2210.9498   -2027.6846 -16.768 -17.021  762 
   54179.173100    1113.8519     164.4238    1271.6238     166.7425    0.0444   -1133.1670   -1009.2454 -10.848 -11.190  762 
   54201.218300    -912.6414     175.4258    -667.5151     177.1923    0.2302    -873.9710    -790.2923 -7.255 -7.493  762 
   54201.228100    -695.5733     203.5425    -697.1307     204.6047    0.2819   -1365.0417   -1279.5988 -8.179 -8.538  762 
   54201.243600     333.2908     243.5080     268.4879     244.1310    0.1543   -1590.5911   -1530.9284 -7.127 -7.336  762 
   54205.179300    1318.1985     141.5965    1661.8079     144.6262    0.2245    -365.7168    -318.5698 -4.360 -5.173  762 
   54210.346400     746.9217     165.1353     625.8384     167.2581    0.1119   -1739.5398   -1561.8359 -18.651 -18.207  762 
   54212.180600    -536.3545     221.7934    -523.7527     222.5578    0.3979   -2895.3231   -2742.4940 -22.017 -22.896  762 
   54213.208300      73.1929     219.3954      43.3671     220.2661    0.2807   -2554.7863   -2409.1917 -28.408 -28.680  762 
   54230.223800     768.3440     162.6127     759.9434     164.9024    0.0350    -625.5432    -557.0186 -8.947 -7.212  762 
   54231.221900    1527.3128     232.8464    1529.1003     233.5454    0.0201   -1438.4919   -1371.6327 -8.115 -8.109  762 
   54240.235600    1557.7604     186.8513    1660.2649     188.0056    0.0375   -1448.5110   -1344.6431 -13.071 -14.114  762 
   54260.157900    1005.2101     179.7677    1123.3308     181.4344    0.0784    -613.4312    -560.6578 -7.338 -7.533  762 
   54260.162700    1265.5183     167.0741    1313.1718     169.0496    0.1244    -304.6581    -275.6379 -4.582 -3.635  762 
   54260.175900     870.7285     154.0066     938.1669     156.5244    0.1093    -403.1671    -356.7554 -5.005 -5.214  762 
   54261.162600    1494.5565     189.4257    1541.3250     190.4956    0.1120    -714.8472    -665.9531 -7.862 -6.691  762 
   54261.174500    1350.0502     175.0559    1375.6615     176.7550    0.0830    -839.0546    -763.9364 -9.773 -8.778  762 
   54264.164600     297.1497     159.7368     341.7645     161.8883    0.0396    -652.9383    -587.3727 -8.656 -9.167  762 
   54264.180400     314.2656     157.7853     101.1416     159.5518    0.0184    -230.5077    -209.3114 -3.605 -2.940  762 
   54265.184200    1279.8668     203.8869    1151.3735     204.6531    0.0423    -827.8771    -781.8297 -7.069 -6.376  762 
   54265.195400    1416.5439     180.6917    1508.1295     181.7493    0.0802    -959.2410    -891.3495 -7.724 -9.303  762 
   54275.170700    -181.3124     327.5260    -274.6781     327.7568    0.0370    -218.4050    -213.5404 -3.678 -1.653  762 
   54275.178200      18.8248     304.6539     -21.0695     304.9340    0.0080     -73.4648     -71.5354 -1.825 -0.637  762 
   54384.470800     178.2980     213.5183     200.2219     214.5553    0.1841   -1791.3605   -1679.3556 -12.170 -11.014  762 
   54384.481300     787.7367     197.0865     878.8828     198.3701    0.1038   -1844.8652   -1705.9562 -12.447 -12.984  762 
   54385.508300     660.1479     189.0751     890.3895     190.5109    0.0597   -1393.3272   -1277.9845 -13.917 -13.953  762 
   54386.497100    2070.1103     205.0444    2095.0162     206.0656    0.0324   -1933.4717   -1810.9443 -12.970 -12.576  762 
   54386.502700     423.1016     211.9492     494.2479     212.8264    0.1574   -1959.1103   -1848.3814 -12.183 -12.347  762 
   54388.451200     432.8730     148.4244     774.0801     151.5600    0.0291    -634.7780    -552.3330 -10.235 -10.913  762 
   54533.213700    3469.9551     273.0798    3558.2495     274.2537    0.4444    -242.3707    -228.2157 -1.304 -1.580  762 
   54534.352300    3060.3806     293.3044    3121.9293     294.1995    0.5083    -119.1316    -114.1598 -0.842 -0.614  762 
   54535.298300    3168.1379     223.2697    3179.9458     226.4575    0.6372     489.7931     436.8715  5.378  4.581  762 
   54536.149900    3407.2244     259.6941    3520.8436     260.7166    0.4648    1238.8002    1165.6659 12.110 11.920  762 
   54537.401500    3631.9619     185.7258    4006.1924     190.2589    0.6559     197.1218     173.4114  3.289  3.236  762 
   54538.182200    2960.1202     401.7992    2958.1239     402.2730    0.1620   -1456.1494   -1417.4159 -7.252 -7.334  762 
   54538.197200    1889.1808     340.7394    1929.3792     341.5400    0.1950    -390.8966    -374.2242 -3.447 -2.654  762 
   54590.205000    1999.8076     195.4065    2492.8096     199.5785    0.3884    -396.0448    -345.8124 -5.487 -5.591  762 
   54792.348600    -472.9427     225.6616    -489.5894     226.7177    0.2359    2510.7090    2358.2066 33.222 34.378  762 
   54792.505800    4301.9261     323.6119    4285.0653     323.8368    0.4492    3297.9722    3220.6354 31.284 31.321  762 
   54793.506900    3912.7317     325.2149    3899.3401     325.4417    0.7049   24920.7714   24359.1247 177.373 176.542  762 
   54794.486000    1401.8618     243.5628    1440.1981     246.7391    0.2525       0.0000       0.0000  0.407  0.000  762 
   54860.203100    1135.1257     299.0015     992.3845     300.8435    0.1080    -495.6417    -460.1086 -2.861 -3.085  762 
   54861.126100     681.1622     308.4738     670.3836     309.5489    0.1455     428.5621     404.8330  2.591  3.176  762 
   54862.262500    2404.4724     313.4780    2288.4659     314.8045    0.3739    -234.5881    -221.6577 -0.889 -1.255  762 
   54912.158000    4098.0481     293.7060    3981.9968     293.9045    0.6687   28696.8500   28015.6634 215.895 215.092  762 
   54914.124500   40549.1541     746.9658   40457.2160     747.0304    0.6425  -22296.2020  -22280.8124 -39.113 -38.577  762 
   55126.484100    -673.9511     274.6716    -838.3868     276.3543    0.0089     968.8897     900.4142  8.442  8.853  762 
   55126.506900     529.4629     267.0242     478.8433     268.8057    0.2352     751.1202     697.0112  6.786  7.224  762 
   55208.301900       0.0000       3.4485       0.0000       3.4485       nan       0.0000       0.0000  0.000  0.000  762 
   55208.332500       0.0000       3.4612       0.0000       3.4612       nan       0.0000       0.0000  0.011  0.000  762 
   55273.269300    1442.9695     263.2846    1313.4692     265.4479    0.2498     460.1151     421.9089  3.046  3.205  762 
   55536.296400     537.4908     250.4170     517.0169     252.6922    0.0860    -145.9176    -132.7693 -0.471 -1.342  762 
   55538.328200    -128.6294     206.3502    -146.7566     211.5686    0.0024     154.0025     132.8771  3.027  2.303  762 
   55540.341300    2253.6588     368.0920    2163.1108     368.8758    0.2623     -78.6744     -75.9274 -0.797 -0.355  762 
   55599.206500    3507.1077     343.3811    3499.9894     343.9562    0.3945     620.7572     600.8728  3.571  2.998  762 
   55603.163800    2844.0763     298.9136    2988.8615     300.2564    0.4427      40.0597      37.5337  0.254  0.446  762 
   55679.251900     980.3048     228.9420     665.0552     232.6398    0.1752     341.9419     302.7476  3.752  3.789  762 
   55884.433200     980.3048     228.9420     665.0552     232.6398    0.1752     341.9419     302.7476  3.752  3.789  762 
   55889.434300    1391.7945     283.0972    1242.5251     285.0534    0.2536     276.0006     255.4874  2.052  2.103  762 
   55924.442100    2328.1477     200.1237    2276.9709     206.2881    0.4399     503.9618     437.5200  7.879  8.309  762 
   55925.373000    1092.8951     251.4429     921.5486     254.1976    0.3412     650.4745     590.9472  6.289  6.134  762 
   55926.306500    -222.2497     208.8818    -838.6256     214.1761    0.0632     542.0256     473.9674  7.330  7.532  762 
   55927.348900     515.2573     260.6571     325.6909     263.3419    0.1915     648.8267     588.8817  6.059  6.418  762 
   55969.114700    -247.3393     305.1268    -271.4500     306.2157    0.0786     856.5473     813.3756  4.556  5.498  762 
   56045.159200    2654.7627     331.8478    2573.3697     332.9795    0.5388     939.0236     889.0734  8.805  7.907  762 
   56215.477100    3132.3353     252.0953    3700.4916     254.9867    0.2279   -1614.0286   -1456.9247 -21.273 -20.428  762 
   56217.469400    4618.7056     475.5858    4682.8379     476.0399    0.1074   -3826.5619   -3738.8443 -15.500 -16.580  762 
   56301.275300    2663.8513     297.4187    3012.1610     299.1148    0.0303   -2982.3292   -2775.4467 -19.081 -20.011  762 
