   54116.301000    3092.0315     364.6529    2971.0073     364.9356    0.0659   -3675.3653   -3624.6894 -11.005 -11.641  762 
   54127.317100   -3290.0356     342.5174   -3450.9748     342.8151    0.3457   -1115.3448   -1091.1695 -10.032 -7.247  762 
   54127.352800   -2110.7357     335.3390   -2187.2979     335.6080    0.2762    -841.6683    -825.4047 -7.550 -4.986  762 
   54149.238000    -772.2677     212.9252    -835.4310     215.0684    0.3520   -1019.7193    -933.5315 -6.838 -6.384  762 
   54149.257400    1402.5885     287.0906    1247.1916     287.5142    0.2574   -3845.4375   -3748.2816 -16.079 -15.438  762 
   54150.328600      81.6198     198.3193     225.2392     200.5413    0.0928     286.3808     260.3214  2.084  2.164  762 
   54152.336000      31.9354     180.8199     -48.1129     184.2547    0.0865    -500.3055    -443.2037 -4.963 -4.703  762 
   54152.342500    -107.1615     189.7434    -277.5936     192.5279    0.1062    -410.3940    -369.1011 -3.953 -3.478  762 
   54156.154700    3067.8927     210.7219    3224.5979     213.2197    0.2591    -178.4247    -165.6332 -4.962 -3.369  762 
   54174.142000   -1406.3405     167.8469   -1918.5401     171.9206    0.3153      94.0673      82.7681  0.782  1.089  762 
   54174.149600    -336.4294     155.7544    -871.6494     161.1856    0.1437      60.9185      52.9643 -0.056  0.837  762 
   54176.305700      25.9365     195.1151    -118.1777     197.7571    0.1114    -591.0690    -533.4102 -5.028 -4.724  762 
   54179.173100   -1289.0426     175.0466   -1475.2296     179.0752    0.3355    -614.1354    -535.0348 -5.583 -6.145  762 
   54201.218300     597.1131     187.6011     892.0650     190.1865    0.1141    -351.7589    -314.7609 -3.029 -2.970  762 
   54201.228100     937.5299     216.5190    1049.2125     217.9708    0.1330    -370.5137    -345.2969 -2.575 -2.304  762 
   54201.243600     514.0117     257.9379     525.5205     258.7849    0.0296    -749.9870    -718.7495 -4.162 -3.469  762 
   54205.179300    1381.3418     149.3765     785.9745     155.1657    0.0414    -624.9285    -531.0528 -7.685 -9.081  762 
   54210.346400     883.4677     176.0608     725.6093     179.3106    0.2813    1080.1225     952.2679 10.737 11.063  762 
   54212.180600    -637.9976     228.2210    -861.2409     229.6446    0.0733     369.1659     344.5695  3.766  3.014  762 
   54213.208300    1353.5409     224.3516    1248.4153     225.9076    0.0768    -793.8221    -738.3708 -8.221 -9.096  762 
   54230.223800     504.9104     171.8304     481.1021     175.4420    0.0484    -250.7490    -218.9054 -3.394 -2.906  762 
   54231.221900     735.0842     244.8355     645.1838     245.9323    0.0074    -738.5256    -698.4456 -4.061 -4.175  762 
   54240.235600       8.3748     198.4471     207.7197     200.1876    0.0119    -331.1171    -302.7840 -0.751 -3.122  762 
   54260.157900    -424.8724     192.6466    -201.7451     195.1065    0.0004     221.1416     199.2972  2.135  2.574  762 
   54260.162700   -1339.7528     181.1337   -1102.8251     183.9362    0.1206     231.7694     205.8991  2.001  2.600  762 
   54260.175900     452.1156     162.7469     347.7850     166.9212    0.0460    -113.6709     -98.4797 -1.427 -1.479  762 
   54261.162600    -520.0128     205.0023    -216.8344     206.3894    0.0463    -131.8367    -121.8115 -1.438 -1.151  762 
   54261.174500    -653.8964     187.7883    -616.9439     190.2820    0.1427    -398.8383    -357.8066 -4.627 -4.006  762 
   54264.164600     887.6898     168.6435     808.5866     172.1904    0.1604      12.1286      10.7097  1.335  0.168  762 
   54264.180400    1720.5768     163.1495    1481.1875     166.3531    0.2631      25.0779      22.3050 -0.512  0.334  762 
   54265.184200     670.9844     210.7059     608.1500     211.9395    0.1281     304.4034     284.1043  1.399  2.394  762 
   54265.195400     794.9415     189.6285     719.8418     191.3577    0.1126     107.4050      98.4035  2.302  1.033  762 
   54275.170700     224.9504     336.1382     185.4937     336.4774    0.0095     -91.1982     -88.7340 -1.145 -0.680  762 
   54275.178200     479.2337     311.0982     404.4784     311.5679    0.0284     -93.8987     -90.7676  0.724 -0.811  762 
   54384.470800   -1738.9004     226.8790   -1818.4040     228.4587    0.1176    1134.2455    1053.4624  7.107  6.955  762 
   54384.481300   -1595.2302     209.7858   -1712.2777     211.8277    0.2038     550.9381     502.6151  4.387  3.865  762 
   54385.508300   -1672.7983     200.0287   -1828.7878     202.5727    0.1934     817.1814     735.6590  9.733  8.084  762 
   54386.497100    -166.8851     217.1578    -203.6386     218.7693    0.0463     494.8925     458.3409  4.368  3.242  762 
   54386.502700   -1933.6861     222.8159   -1942.7040     224.2610    0.2082     682.1834     636.2969  3.740  4.374  762 
   54388.451200    1284.1141     160.6493    1495.1602     165.2530    0.2533     381.4309     327.3353  6.456  6.125  762 
   54533.213700    -609.6030     291.9726    -555.7846     293.7430    0.1937    -631.5170    -589.0041 -4.624 -4.067  762 
   54534.352300    -846.7405     312.3834   -1009.7205     313.8662    0.3815   -1379.3823   -1309.9419 -7.537 -7.230  762 
   54535.298300   -1167.2450     242.7401   -1093.3510     247.5549    0.3526    -812.3300    -712.4259 -7.537 -7.485  762 
   54536.149900    -460.1192     276.8246    -349.5925     278.4458    0.1706    -883.5457    -823.1581 -8.657 -8.124  762 
   54537.401500    -992.2613     205.2587   -1279.8005     212.6264    0.2652     -89.2594     -76.6605  0.054 -1.350  762 
   54538.182200   -1511.9021     422.8371   -1549.1279     423.5661    0.2704    -499.4394    -483.8727 -2.989 -2.473  762 
   54538.197200   -1754.2883     357.7481   -1868.4308     359.0935    0.3392    -201.6030    -191.3829 -2.674 -1.350  762 
   54590.205000   -1454.9403     211.7654   -1546.6908     218.8206    0.4287    -615.2987    -524.3369 -7.895 -8.387  762 
   54792.348600    -454.9672     236.8013    -660.5482     238.6053    0.0623     195.0779     180.9903  1.810  2.578  762 
   54792.505800   -1240.4058     331.3243   -1252.5133     331.7340    0.1310    -725.4316    -702.5560 -7.465 -6.827  762 
   54793.506900    1857.5906     334.2820    1783.3604     334.6986    0.0463   -1311.8518   -1274.4911 -8.458 -9.390  762 
   54794.486000    -863.9198     260.4900    -677.2204     265.5329    0.1465    -199.5367    -175.7437 -1.999 -2.357  762 
   54860.203100    -260.1938     319.9661     -79.1509     322.4184    0.0987    -500.5839    -461.7296 -3.092 -3.082  762 
   54861.126100   -1000.2033     326.2576    -826.3277     327.7754    0.1510    -213.7489    -200.5411 -1.585 -1.554  762 
   54862.262500   -1259.8823     335.2588   -1379.4781     337.1722    0.3967    -695.9484    -653.4275 -3.825 -3.712  762 
   54912.158000    2323.0967     300.8419    2403.1341     301.1521    0.0723   -1401.4836   -1360.7197 -9.103 -10.618  762 
   54914.124500   24315.8850     791.5950   24223.2653     791.6507    0.0413  -25320.3710  -25294.7300 -42.941 -43.895  762 
   55126.484100   -1286.9776     290.1642   -1238.3144     292.6180    0.1358     595.6708     547.4317  3.335  5.380  762 
   55126.506900   -1884.8401     284.0227   -1782.3122     286.7201    0.2438     529.8493     485.6580  5.174  4.980  762 
   55208.301900   -1232.6091     243.2193   -1173.1682     247.9583    0.0688     996.7775     874.6230  9.073  9.799  762 
   55208.332500    -505.5411     252.2517    -354.6871     257.5394    0.0191     300.9389     262.6200  4.190  2.944  762 
   55273.269300    -245.6647     282.7247    -285.8847     285.8181    0.0640     -14.1510     -12.8383 -0.170 -0.098  762 
   55536.296400    -955.8578     267.3949    -993.7208     270.8580    0.2962    -522.3852    -468.6253 -5.037 -4.720  762 
   55538.328200   -1658.2689     220.7423   -1697.8701     229.0700    0.3451    -184.9461    -155.6833 -2.603 -2.730  762 
   55540.341300     761.7409     390.5520     628.3233     391.7011    0.0504   -1033.6287    -992.8250 -4.058 -4.650  762 
   55599.206500      81.6547     363.5572      42.9247     364.4473    0.0283    -312.7050    -301.2346 -2.561 -1.499  762 
   55603.163800   -2139.6214     318.5716   -2138.1081     320.8559    0.4230    -381.1622    -352.1154 -2.618 -4.035  762 
   55679.251900     -51.1488     242.8913    -239.9776     248.5665    0.0335     112.7000      97.7263  1.099  1.254  762 
   55884.433200     -51.1488     242.8913    -239.9776     248.5665    0.0335     112.7000      97.7263  1.099  1.254  762 
   55889.434300   -1479.8720     300.2430   -1458.3157     303.2012    0.2702      89.2761      81.5803  0.431  0.683  762 
   55924.442100    -921.8531     214.6163    -835.6731     224.5101    0.1553    -168.7316    -142.6441 -1.746 -2.764  762 
   55925.373000    -985.3123     266.5347    -925.0967     270.8241    0.1275     408.2535     364.8609  4.188  3.889  762 
   55926.306500   -1500.2467     222.5557   -1936.2256     230.9959    0.3588     156.8805     134.4832  1.801  2.195  762 
   55927.348900    -781.4762     274.9906    -864.5660     279.3050    0.1886      -5.8953      -5.2648 -1.105 -0.059  762 
   55969.114700   -1206.6017     322.6305   -1193.2197     324.2117    0.1417     347.8467     327.6674  2.946  2.226  762 
   56045.159200    -324.6371     344.3563    -396.7650     346.2724    0.0396     210.2006     196.3873  1.753  1.792  762 
   56215.477100   -2123.2193     278.2219   -2819.7408     283.5597    0.4640    -400.5144    -354.9808 -5.244 -4.591  762 
   56217.469400    -491.9213     505.3940    -633.3390     506.1642    0.2361   -1232.4998   -1199.4296 -4.257 -5.191  762 
   56301.275300   -2071.3984     326.6328   -2394.3359     329.4279    0.5631   -1056.4779    -974.9643 -6.417 -6.698  762 
