   54116.301000    -153.5922     441.8007    -261.4579     441.9479    0.3459   -4389.5650   -4350.2061 -13.691 -14.019  762 
   54127.317100    1845.5274     363.8668    1945.7110     364.0039    0.2117     827.5714     814.5336  4.284  5.627  762 
   54127.352800    1979.9602     359.8808    2044.7897     360.0164    0.2514    1257.7286    1239.6312  6.424  7.834  762 
   54149.238000    -409.4573     258.4928    -509.8888     259.2982    0.0642      57.0017      54.1114 -1.011  0.371  762 
   54149.257400   -1717.0931     337.6992   -1756.9652     337.8956    0.0726     957.3441     941.5291  2.090  3.894  762 
   54150.328600    -658.3644     233.0128    -596.0231     233.8459    0.0779      85.1928      80.3068 -0.666  0.681  762 
   54152.336000    1400.6016     212.0965    1524.9125     213.3783    0.3159     580.0941     537.3205  6.486  5.777  762 
   54152.342500    2124.1853     223.0282    2248.0684     224.0675    0.3713     798.1463     747.8408  6.805  7.131  762 
   54156.154700   -5747.1344     221.3630   -5922.8994     222.2983    0.3951    -262.6603    -246.7058 -7.474 -5.298  762 
   54174.142000   -2920.9419     192.3573   -2804.8340     193.6033    0.3895     320.4740     295.4361  3.816  4.073  762 
   54174.149600   -2602.2061     176.7774   -2386.5475     178.2459    0.3231     291.8706     266.9147  4.923  4.496  762 
   54176.305700   -1544.9558     230.4515   -1546.2086     231.4807    0.2074     -48.4482     -45.4307  0.114 -0.405  762 
   54179.173100    -120.5326     203.1547    -100.3624     204.4610    0.0227     245.3648     225.5000  4.353  2.655  762 
   54201.218300    -210.5130     220.5538    -255.4673     221.5714    0.1420    1115.7243    1043.0020  9.539  9.844  762 
   54201.228100    -503.8092     260.8001    -684.8608     261.4199    0.0859    1399.1999    1341.0548  7.755  8.828  762 
   54201.243600    2117.8851     311.7278    2098.3793     312.0785    0.3863     911.0781     888.1302  3.527  4.319  762 
   54205.179300   -1358.9218     170.8942   -1087.2736     172.4596    0.1333     196.6110     177.5422  1.723  3.141  762 
   54210.346400     323.6666     200.6211     158.0342     201.8023    0.0176     -32.6109     -30.1942  0.239 -0.358  762 
   54212.180600    2942.3958     253.6860    3035.7894     254.2560    0.3837     253.6781     242.5128  2.527  2.204  762 
   54213.208300    2008.1915     243.5286    2091.0339     244.1284    0.3542     546.1362     519.4303  6.718  6.487  762 
   54230.223800     316.5952     196.5597     318.1049     197.8078    0.1116     437.8988     403.1148  5.819  5.338  762 
   54231.221900    1727.2771     286.1822    1783.1463     286.6281    0.2746     558.5222     539.4610  4.170  3.271  762 
   54240.235600    2060.0577     222.0703    2017.1695     222.7875    0.3185     389.1195     367.9046  3.356  3.812  762 
   54260.157900   -2696.6959     212.8442   -3128.8685     213.9381    0.3084     234.8184     219.0459  0.628  2.905  762 
   54260.162700   -2701.3129     206.6185   -3231.2997     207.8245    0.2842     409.2395     380.3193  5.304  4.731  762 
   54260.175900     657.7583     183.7351     503.8177     185.2056    0.0587     -73.1098     -66.9950 -0.264 -1.022  762 
   54261.162600     138.7182     228.8369     -10.0286     229.5336    0.0186    -152.3364    -144.5734  0.094 -1.423  762 
   54261.174500   -1218.4799     212.1007   -1517.1696     213.1188    0.2190    -341.7141    -319.1334 -3.645 -3.604  762 
   54264.164600     -42.2832     186.4178    -144.1968     187.6861    0.0134     253.0437     233.9386  2.512  3.748  762 
   54264.180400    1572.7529     184.2063    1495.8471     185.3224    0.2053     -18.6230     -17.3131  0.396 -0.261  762 
   54265.184200    1883.1585     239.9371    1784.3975     240.4527    0.2200      44.4140      42.5359  1.686  0.355  762 
   54265.195400    1675.5486     214.2353    1640.6726     214.9057    0.1845     319.3067     302.8118  1.230  3.154  762 
   54275.170700      78.2262     356.1511     -26.1775     356.3456    0.0752     966.3686     946.8434  7.034  7.272  762 
   54275.178200    -897.0323     331.8578    -966.9191     332.0868    0.0126    1130.7324    1103.3500  8.985  9.730  762 
   54384.470800    -151.0442     268.1713    -277.5399     268.8056    0.0272     534.5901     510.4928  2.497  3.424  762 
   54384.481300    -594.6524     244.0990    -633.9281     244.9022    0.0263     465.4687     439.8964  1.635  3.488  762 
   54385.508300    -625.9896     223.8452    -675.0037     224.7810    0.0568     276.5260     257.8095  4.079  2.950  762 
   54386.497100     648.0942     254.3195     679.7598     254.9527    0.1244     329.9510     314.8506  1.703  2.290  762 
   54386.502700    1011.9790     258.5572    1046.2410     259.1274    0.1780     397.3196     380.3304  2.858  2.721  762 
   54388.451200   -7342.7470     178.9319   -7707.6951     180.6583    0.5485    -121.4518    -109.2096 -2.543 -2.134  762 
   54533.213700   -2645.7619     345.6190   -2696.5673     346.4042    0.2907     110.3267     105.7202  1.245  0.733  762 
   54534.352300     354.9502     376.8983     391.1009     377.4736    0.2025     687.5203     666.9352  3.940  3.781  762 
   54535.298300   -1007.0183     286.0987   -1032.6649     287.8354    0.3740   -1832.5286   -1696.9463 -18.774 -18.310  762 
   54536.149900   -1995.0017     310.3288   -2025.7600     311.0593    0.0041    2167.1977    2063.1311 21.299 20.224  762 
   54537.401500    -339.2237     232.8853    -586.4243     235.4012    0.0134     763.1631     697.9779 13.336 12.448  762 
   54538.182200   -1410.0220     484.9270   -1468.2884     485.2819    0.1197    2562.6307    2509.6211 11.662 12.850  762 
   54538.197200   -2975.6680     400.8160   -2990.8836     401.4505    0.2886    1036.6581     999.3631  6.537  7.253  762 
   54590.205000    2506.5777     240.7441    2320.2391     243.0333    0.4612    1096.3729    1000.0767 15.583 16.096  762 
   54792.348600   -2369.0124     249.2461   -2365.5567     249.9126    0.1552     889.2694     841.9858 13.331 12.609  762 
   54792.505800    -581.7356     345.4227    -625.4694     345.6230    0.1519    2884.8740    2816.1379 27.194 27.602  762 
   54793.506900    4650.6588     351.5736    4571.9852     351.7744    0.3758     466.1230     456.7321  1.630  3.492  762 
   54794.486000    1444.1384     291.9302    1311.7547     293.6744    0.2627     523.4237     483.4996  5.343  6.593  762 
   54860.203100   -2256.1522     382.8627   -2347.7941     383.8661    0.4236    -566.9376    -540.0333 -3.174 -3.597  762 
   54861.126100    -756.7055     364.9872    -910.5942     365.7831    0.1884    -581.4890    -555.7302 -3.994 -4.484  762 
   54862.262500   -1114.5710     399.1430   -1131.6758     399.9427    0.2488    -413.8429    -398.0464 -3.151 -2.334  762 
   54912.158000    2940.9753     326.1236    2724.3161     326.2992    0.1944     667.1320     653.5733  5.224  4.969  762 
   54914.124500   23153.9701    1014.6508   23085.8332    1014.6871    0.7506  -51084.4142  -51043.6321 -87.527 -86.801  762 
   55126.484100    2964.6841     327.0679    2953.2997     328.0126    0.5036     831.6735     788.4022  8.007  7.886  762 
   55126.506900    3117.0471     319.5388    3113.2707     320.5216    0.5683    1463.7880    1386.7643 15.283 14.506  762 
   55208.301900   -3403.3178     284.9149   -3582.2587     286.6257    0.4875    -300.3119    -277.6708 -2.124 -3.156  762 
   55208.332500   -2327.9445     295.0773   -2729.7962     296.9942    0.4332    -788.5563    -726.2663 -10.215 -8.134  762 
   55273.269300    -752.9884     341.5536    -832.2399     342.7498    0.1903    -545.9067    -515.9953 -4.940 -3.928  762 
   55536.296400     176.2471     303.7580     116.0677     305.0154    0.1470   -1187.0218   -1108.1202 -10.318 -11.467  762 
   55538.328200    -853.1891     249.1466    -883.6083     251.5965    0.1621    -259.2318    -232.7251 -4.855 -4.113  762 
   55540.341300    2626.1248     462.0245    2621.1771     462.4841    0.0518   -3152.2832   -3074.9270 -14.434 -14.820  762 
   55599.206500    4059.1989     423.7706    4035.6622     424.1609    0.3965    -119.5825    -116.7851  0.182 -0.595  762 
   55603.163800    -456.8560     345.4057    -455.1463     346.3460    0.1429    -508.5158    -481.3686 -4.156 -5.680  762 
   55679.251900    3080.8483     277.6447    3090.2085     279.4143    0.4663    -449.6718    -412.9819 -5.547 -5.299  762 
   55884.433200    3080.8483     277.6447    3090.2085     279.4143    0.4663    -449.6718    -412.9819 -5.547 -5.299  762 
   55889.434300    -182.7655     347.1143    -165.0656     348.2343    0.0675     642.5967     607.6858  4.834  5.218  762 
   55924.442100   -1317.1381     244.9874   -1361.7892     247.9773    0.2298      36.0335      32.3961  0.588  0.638  762 
   55925.373000    -817.7757     307.0263    -822.9858     308.5701    0.1593      45.8918      42.7435 -0.203  0.470  762 
   55926.306500   -1541.4935     253.9403   -1377.3619     256.3156    0.2055     120.2738     109.0223  1.343  1.846  762 
   55927.348900    -370.8473     312.6621    -424.7998     314.2578    0.0525     163.2122     151.4512  0.635  1.743  762 
   55969.114700     861.2451     369.8928     982.4098     370.5257    0.2401     822.6625     792.4157  5.842  5.587  762 
   56045.159200    5363.3469     384.5800    5345.1858     385.3784    0.6279    -663.7437    -635.0492 -7.598 -5.782  762 
   56215.477100   -3883.8613     327.5642   -3990.2523     329.0107    0.5639     421.6138     393.7831  4.462  4.625  762 
   56217.469400     147.0702     596.1184      55.9959     596.4487    0.0921    -913.9257    -898.9559 -4.000 -3.795  762 
   56301.275300    -942.0880     399.6950   -1015.6974     400.5688    0.2529    -451.2102    -432.8188 -3.532 -2.831  762 
