   54116.301000  -44903.0736     432.5172  -47421.4294     440.4900    0.8255   -9326.3825   -8664.1945 -29.429 -28.240  762 
   54127.317100  -39631.9632     385.5345  -30699.4327     393.6108    0.2821    1120.1591     979.1815  6.134  7.890  762 
   54127.352800  -49968.7444     383.6229  -43164.8854     391.3173    0.4188    2091.1027    1851.6526 12.088 13.156  762 
   54149.238000  -33191.9885     306.8393  -46189.6418     338.5963    0.5229     781.5899     557.7376  3.429  3.908  762 
   54149.257400  -21666.5601     344.5413  -27548.5153     355.5415    0.5280   -6492.6829   -5706.5168 -24.693 -24.416  762 
   54150.328600  -43490.2935     293.4151  -49986.8010     323.5830    0.6895    -385.8667    -269.5619 -2.800 -2.238  762 
   54152.336000  -26457.5143     264.3817   -1281.4934     298.9540    0.0048    2957.3166    1838.6204 23.982 24.054  762 
   54152.342500  -24771.7659     271.6417    4219.7933     302.1529    0.0529    3157.9954    2042.6136 23.953 23.989  762 
   54156.154700  -95950.0538     328.7093 -141085.5192     358.3234    0.6166    -125.7114     -89.7461 -3.268 -1.512  762 
   54174.142000  -27308.6000     257.6545  -26322.0221     296.1324    0.3189    3959.2002    2467.6534 36.195 36.545  762 
   54174.149600  -29598.3058     252.7355  -48088.3475     298.2336    0.4851    3695.3326    2196.9183 34.129 35.867  762 
   54176.305700   -7567.9521     275.5359   12820.7076     307.0857    0.1510    4387.1162    2879.8224 31.784 31.287  762 
   54179.173100  -18616.0622     264.5290  -26137.0907     305.8047    0.3641    5972.9615    3642.3386 46.257 46.387  762 
   54201.218300  -24127.3598     284.3131  -44985.8683     318.7623    0.5470    5751.5000    3863.1163 34.921 34.808  762 
   54201.228100  -18415.9390     304.8005  -27774.4536     328.7751    0.4236    5729.1226    4344.1397 27.882 28.518  762 
   54201.243600   -7925.9203     335.6039  -10653.6103     352.6833    0.1917    3016.9619    2512.2196 11.321 12.277  762 
   54205.179300  -30125.5188     232.2763  -15588.4079     276.4218    0.1888    2042.8215    1172.2645 23.788 23.523  762 
   54210.346400  -16088.6235     270.5933  -37765.5998     306.1603    0.3726    4913.8340    3196.6610 34.265 35.411  762 
   54212.180600   -4630.9493     300.2271    9910.3998     322.2252    0.1194    3144.3024    2319.3880 24.663 24.041  762 
   54213.208300  -28438.0805     301.2803  -33751.3247     326.2430    0.4973    1910.0062    1400.2558 19.442 19.030  762 
   54230.223800  -24237.5822     260.8834  -51025.9785     302.2137    0.5297    3276.2200    2044.5587 28.849 28.771  762 
   54231.221900   -8185.3454     323.9213   -6915.3050     342.9751    0.1207    2387.9483    1891.7867 12.186 11.562  762 
   54240.235600  -38043.9194     291.8585  -67604.6870     319.4622    0.5743    6096.1513    4383.8788 40.950 40.963  762 
   54260.157900  -33250.6003     297.3829  -80269.7295     329.4314    0.5452    4360.4734    3097.4528 31.509 33.049  762 
   54260.162700  -18970.1620     283.2779  -79893.2434     319.3236    0.4739    4395.0344    3049.7139 32.199 31.735  762 
   54260.175900  -29156.6882     253.8345  -36793.9557     293.1537    0.7279    3199.4951    1932.6299 30.900 30.882  762 
   54261.162600  -29820.3526     308.8625  -82392.1248     332.9325    0.4670    5448.2854    4247.8123 30.470 31.129  762 
   54261.174500  -27470.7291     287.1308  -64549.3193     319.4557    0.5437    4392.6714    3035.1134 28.013 29.864  762 
   54264.164600  -21550.8320     260.8190  -41637.7934     297.2367    0.5845    3016.6024    1929.0291 28.917 29.226  762 
   54264.180400  -15393.9562     237.6702    7306.3481     269.9491    0.0962    2869.6747    1807.5247 33.894 33.920  762 
   54265.184200   -4699.6405     278.4860  -13221.8973     301.0595    0.1169    5128.0912    3802.0409 34.550 35.924  762 
   54265.195400  -24516.0766     270.6472  -44677.7595     296.6709    0.4822    4482.7789    3199.7323 31.379 33.689  762 
   54275.170700  -26830.3456     408.4461  -39546.7304     417.4120    0.3209    6919.1292    6097.8986 45.402 43.747  762 
   54275.178200  -14223.1154     377.8457  -21108.2820     388.7116    0.2303    6644.2292    5674.4693 49.006 50.231  762 
   54384.470800  -17930.5416     316.9211  -20975.8124     340.7238    0.6699    2381.6152    1786.2591 12.338 11.843  762 
   54384.481300  -15663.9342     300.9346  -23506.6080     329.2359    0.3223    3935.3773    2797.8386 21.805 21.820  762 
   54385.508300  -22280.1538     296.4018  -41719.0030     328.8046    0.4946    2772.9574    1882.9081 20.244 20.427  762 
   54386.497100  -17655.5342     305.1310  -20849.7846     329.7788    0.3100    1764.0195    1295.3587  9.199  9.602  762 
   54386.502700  -16637.9974     305.9870  -14395.5862     328.9593    0.2578    1058.2769     783.3991  6.533  5.901  762 
   54388.451200  -41141.8627     274.0228 -109287.9478     315.7644    0.4577    1965.6810    1241.3561 20.022 18.510  762 
   54533.213700  -19850.6105     410.2840  -32499.5850     440.1964    0.4095    3660.0963    2811.2781 20.331 18.852  762 
   54534.352300       0.0000       4.7974       0.0000       4.7974       nan       0.0000       0.0000  0.000  0.000  762 
   54535.298300  -14055.4267     376.0152  -29619.5061     429.2961    0.4368    1002.9458     646.3277  6.807  6.613  762 
   54536.149900       0.0000       3.9412       0.0000       3.9412       nan       0.0000       0.0000  0.000  0.000  762 
   54537.401500   24268.2595     335.3900  -53184.7919     404.1505    0.2712    1473.5767     986.4457 13.966 13.145  762 
   54538.182200       0.0000       5.5780       0.0000       5.5780       nan       0.0000       0.0000  0.000  0.000  762 
   54538.197200       0.0000       4.5044       0.0000       4.5044       nan       0.0000       0.0000  0.000  0.000  762 
   54590.205000   30774.4484     332.0094  -17538.5290     397.8598    0.1532    1719.0429    1063.3558 15.338 15.611  762 
   54792.348600   65550.9277     329.6280   57465.7947     349.9877    0.6227     719.9106     557.2529  7.744  6.867  762 
   54792.505800   70207.3980     392.6167   59123.1522     401.9171    0.4230    -554.5782    -486.4362 -6.597 -4.547  762 
   54793.506900   48287.6548     396.3367   42018.0949     407.1240    0.4332  -18760.6906  -16314.1295 -125.252 -124.776  762 
   54794.486000   75737.6840     382.2577   58726.6937     434.2189    0.5732   -1774.8980   -1208.5524 -16.583 -15.176  762 
   54860.203100   45711.9174     443.3371   21309.4925     484.6659    0.2241   -4575.2663   -3424.6960 -22.229 -21.945  762 
   54861.126100   37475.1422     446.5339   35545.9964     470.1289    0.6249   -1672.5346   -1326.1282 -9.888 -9.476  762 
   54862.262500   66411.3277     445.0914   70729.8374     470.4086    0.7073   -4167.5825   -3342.5856 -18.477 -18.774  762 
   54912.158000  -16303.4772     359.4064  -29265.4644     370.5453    0.5495  -15680.9305  -13217.6999 -108.774 -108.724  762 
   54914.124500  263705.5358     803.7625  262271.0453     805.2571    0.9185  -86976.9976  -86296.5888 -158.551 -154.561  762 
   55126.484100    -322.4237     417.5605   -4630.2936     451.1751    0.0919   -3661.8400   -2692.1608 -25.947 -25.666  762 
   55126.506900  -12053.3975     417.0468  -25190.3954     454.0716    0.4038   -3473.2102   -2538.2956 -25.356 -24.137  762 
   55208.301900   -4169.3381     372.7025  -11326.5807     424.2494    0.1623   -5709.1952   -3709.3869 -42.554 -42.369  762 
   55208.332500  -11696.9867     390.4068  -37203.1629     449.2786    0.4125   -6408.3903   -4125.2507 -44.923 -44.503  762 
   55273.269300   -1092.9287     413.0489   -7413.4525     454.0927    0.3071   -7453.3958   -5207.2708 -40.025 -40.121  762 
   55536.296400  -11727.5510     402.6201  -24958.5398     444.6454    0.4078   -8154.1569   -5572.6487 -53.621 -53.253  762 
   55538.328200  -21891.8657     357.0203  -54443.8652     428.3411    0.5711   -5524.6792   -3172.5738 -54.582 -54.816  762 
   55540.341300    4056.4005     506.9326     760.2901     528.8847    0.3497  -19697.4739  -16698.7979 -76.381 -76.859  762 
   55599.206500   28178.3607     467.1477   24988.7499     484.2092    0.2642  -14523.2738  -12492.7948 -62.131 -60.220  762 
   55603.163800    1390.7875     463.5769  -28355.7127     497.7840    0.3116   -8853.3133   -6735.5886 -64.456 -64.285  762 
   55679.251900   17436.6899     366.5059    1256.6061     423.9179    0.1154  -10233.7381   -6258.1502 -85.439 -85.141  762 
   55884.433200   17436.6899     366.5059    1256.6061     423.9179    0.1154  -10233.7381   -6258.1502 -85.439 -85.141  762 
   55889.434300   80817.8595     412.7008   87960.4514     448.9972    0.9110   -1869.9304   -1348.4273 -11.798 -11.795  762 
   55924.442100   72174.5648     325.5104   85135.4081     393.1302    0.8492    -134.2280     -81.4797 -8.141 -1.595  762 
   55925.373000   83909.8840     375.8088   96938.3443     419.3613    0.9226   -1651.2347   -1119.9725 -12.650 -12.830  762 
   55926.306500   58394.3136     339.5196   79129.4843     399.1994    0.7264    -914.7215    -552.8476 -9.608 -9.550  762 
   55927.348900   79880.5834     388.3977   88425.2761     432.6817    0.9258   -1446.0415    -972.4847 -12.236 -11.629  762 
   55969.114700  109414.4162     424.3311  120308.1705     445.4505    0.9217   -2170.9712   -1732.6132 -12.704 -11.770  762 
   56045.159200   69824.0161     449.0088   77866.5236     477.0052    0.8901   -3812.6155   -2886.7334 -28.601 -28.415  762 
   56215.477100   77291.3494     424.3087   50199.1264     470.0436    0.4934   11150.4885    8394.8081 79.056 78.142  762 
   56217.469400   79915.8785     623.5577   75232.9195     636.6340    0.8954   14249.3086   13031.6713 50.656 50.611  762 
   56301.275300   88248.4189     460.5534   78891.7919     490.5574    0.8437   16009.3008   13038.7582 73.466 73.390  762 
