   54116.301000    6834.2829     403.2591    6781.2336     403.8115    0.1789   -4648.1762   -4580.1290 -15.198 -14.963  762 
   54127.317100   -8674.6685     329.3462   -8733.3278     329.7550    0.5494    -226.5563    -221.0786 -0.316 -1.759  762 
   54127.352800  -11371.5211     328.1815  -11390.1024     328.6200    0.5998     798.3212     780.9844  5.756  5.541  762 
   54149.238000   -3375.3383     237.3099   -3217.7907     238.9430    0.4209    -250.7874    -234.2565 -1.268 -1.649  762 
   54149.257400    5091.1474     308.9768    5089.5625     309.5127    0.2926   -1907.8140   -1863.8650 -6.615 -7.970  762 
   54150.328600   -2003.4688     217.0430   -1769.8957     218.5663    0.1927      13.6834      12.7576 -0.004  0.109  762 
   54152.336000    1633.1748     184.8782    2145.9951     187.1555    0.1367   -1001.6686    -906.5402 -10.434 -11.568  762 
   54152.342500     826.6462     194.4235    1081.7724     196.5942    0.0059   -1124.2112   -1025.6257 -11.198 -11.687  762 
   54156.154700   -6525.7019     226.7078   -7150.5831     228.0360    0.4352     702.5271     663.4337 15.056 12.350  762 
   54174.142000   -1401.5732     172.2818   -1292.9298     174.4662    0.1633      46.9867      42.8997  1.488  0.655  762 
   54174.149600   -1750.2976     162.0891   -1807.2325     164.8329    0.1848     228.4992     207.4276  4.187  3.634  762 
   54176.305700   -3307.1527     202.1676   -3190.3168     204.2784    0.4078    -749.6750    -683.0957 -6.919 -7.163  762 
   54179.173100    -996.0598     182.7391    -863.5379     184.8966    0.2234   -1072.3871    -970.1365 -12.293 -12.516  762 
   54201.218300    -120.7589     207.8697      59.3128     209.4994    0.0727    -802.7831    -744.4585 -6.951 -6.862  762 
   54201.228100   -1129.8849     243.3079    -811.2640     244.4807    0.1271    -425.7467    -404.7936 -2.342 -2.655  762 
   54201.243600     894.0180     287.3086     957.7874     288.2909    0.0456   -1377.1916   -1329.1311 -6.392 -6.549  762 
   54205.179300    -919.4527     149.3865    -972.5049     152.6362    0.1289    -405.4002    -364.5258 -5.554 -7.448  762 
   54210.346400    4979.2437     188.7461    4847.5594     190.3936    0.5516    -160.7326    -148.5458 -2.525 -1.720  762 
   54212.180600    2428.3607     227.5891    2527.1268     228.7534    0.2667     178.1216     167.8760  3.452  1.739  762 
   54213.208300    2787.8861     223.7693    2962.5568     224.7256    0.4777     898.3149     850.8868  8.208 11.626  762 
   54230.223800    6521.8659     177.9471    6953.0607     179.6623    0.6689    -219.0134    -201.3011 -3.318 -2.839  762 
   54231.221900    7235.1402     263.8330    7360.4291     264.7959    0.5969   -1058.5275   -1014.3852 -6.989 -6.287  762 
   54240.235600    5486.4277     215.5061    5654.5981     216.4585    0.5642    -234.1997    -221.9248 -3.446 -2.157  762 
   54260.157900    3713.8033     211.7318    4090.8074     212.6862    0.3167    -979.7056    -926.8354 -9.576 -10.742  762 
   54260.162700     936.5835     204.2251    1172.0982     205.3807    0.0579    -752.6317    -707.3788 -6.280 -7.701  762 
   54260.175900    1817.4235     167.2249    1902.9503     169.4503    0.2021    -561.3526    -510.5135 -7.809 -8.326  762 
   54261.162600    4357.3273     233.4678    4760.1482     234.1400    0.3214    -869.1124    -836.9397 -8.016 -6.776  762 
   54261.174500    2189.3940     206.1398    2317.9558     207.2858    0.1620   -1052.3707    -988.5161 -8.967 -10.239  762 
   54264.164600    4783.6024     175.7672    4940.1443     177.4547    0.4801    -720.8916    -664.9539 -9.900 -10.586  762 
   54264.180400    3723.7850     160.1412    3702.1610     162.2941    0.4647    -432.0251    -394.9764 -7.808 -7.219  762 
   54265.184200    6729.1691     216.0919    6668.1014     216.9908    0.6009    -739.6601    -703.0495 -6.635 -6.453  762 
   54265.195400    6960.2739     200.4425    6944.9591     201.4800    0.6114    -679.2517    -641.7129 -5.821 -6.779  762 
   54275.170700    5180.9220     351.6512    5220.7081     351.8876    0.2477   -2245.0933   -2204.4155 -14.721 -16.283  762 
   54275.178200    3595.8348     320.9727    3515.0082     321.2982    0.1544   -1940.3983   -1893.7128 -17.489 -16.800  762 
   54384.470800    2593.9262     247.8949    2726.7335     249.0571    0.1627   -1400.9560   -1328.7670 -9.534 -8.976  762 
   54384.481300    1774.9341     225.1561    2087.0898     226.4769    0.1024   -1148.8370   -1079.4174 -8.287 -8.689  762 
   54385.508300     171.8436     210.5365     303.6403     211.9387    0.0554    -849.8051    -789.1019 -9.733 -9.024  762 
   54386.497100   -1794.9894     233.2778   -1543.6385     234.5225    0.2675   -1031.0189    -972.9816 -6.432 -7.351  762 
   54386.502700   -2220.3492     234.3178   -2092.9176     235.5484    0.2961    -726.7865    -686.8586 -4.255 -5.263  762 
   54388.451200   -7731.7727     179.9696   -8215.3776     182.1427    0.5925    -288.5403    -263.8310 -3.644 -4.314  762 
   54533.213700    1219.9818     323.0075    1703.4805     324.3263    0.0178   -1948.0164   -1862.3102 -13.179 -12.733  762 
   54534.352300     232.1001     339.3768     122.2324     341.2067    0.3178   -2164.3846   -2066.1616 -12.853 -12.499  762 
   54535.298300    4607.3019     264.7690    4986.0768     267.5147    0.6688    3632.3420    3319.3792 36.319 35.467  762 
   54536.149900   -5883.2715     309.5017   -5694.1944     310.5443    0.6415   -1788.8124   -1709.2477 -14.552 -15.083  762 
   54537.401500     441.3395     237.0224     624.1131     240.3428    0.0247    -498.1769    -453.9616 -8.627 -6.683  762 
   54538.182200   -2145.0774     469.0518   -2063.4097     469.8603    0.4715   -2462.6960   -2405.4963 -11.066 -11.783  762 
   54538.197200   -2852.2318     385.8131   -2685.2749     386.9585    0.5297   -2127.0947   -2041.8238 -15.227 -14.375  762 
   54590.205000   -1075.7465     230.4144    -812.4287     233.5705    0.1972    -688.9655    -623.9395 -11.476 -9.605  762 
   54792.348600   -3447.5310     250.0010   -3553.0022     250.8615    0.2290     108.1039     102.8207 -1.030  1.400  762 
   54792.505800    -903.8979     340.9720    -940.1766     341.2414    0.1206   -1062.3499   -1037.6202 -12.296 -10.034  762 
   54793.506900   -1933.4983     338.0438   -2005.9273     338.4081    0.3022    6944.8081    6789.4862 51.880 53.582  762 
   54794.486000   -7058.1270     282.7116   -7230.2248     285.4409    0.4593     600.0736     549.4309  6.864  7.270  762 
   54860.203100  -10405.7732     361.9720  -10977.4834     364.0633    0.6301    -345.2923    -326.0889 -4.382 -2.126  762 
   54861.126100   -9018.6611     356.0738   -9384.9270     357.5842    0.5613     851.3508     810.1384  2.062  6.182  762 
   54862.262500   -8939.6716     373.5009   -9875.2468     375.5676    0.5783   -1418.1661   -1347.6387 -11.575 -7.862  762 
   54912.158000    1803.9797     309.4597    1879.4463     309.6826    0.1982    2163.5729    2118.3185 15.860 16.920  762 
   54914.124500   87163.2455     904.3635   86963.7623     904.5170    0.8478  -33427.7795  -33369.1357 -55.657 -57.257  762 
   55126.484100   -5996.3339     312.4497   -6327.6524     314.1329    0.5214     518.2127     487.8502  1.490  4.821  762 
   55126.506900   -5890.6273     310.2148   -6193.8223     311.8898    0.5215     595.2581     561.8035  0.751  5.616  762 
   55208.301900  -11021.9424     265.1396  -11407.5125     268.1237    0.8143     246.0115     224.1743  0.331  2.624  762 
   55208.332500   -8961.0153     280.4329   -9046.6690     283.2998    0.8403    -284.5751    -259.2279 -3.748 -2.874  762 
   55273.269300     -17.4659     314.7833      25.7537     316.9246    0.0002     -28.6828     -26.8122 -1.445 -0.207  762 
   55536.296400   -2381.7249     289.0529   -2685.9924     291.0923    0.1761    1118.4167    1035.9667  4.848 10.443  762 
   55538.328200   -3444.9564     232.4483   -4056.2598     236.8102    0.2951    1031.8128     912.9544  9.673 16.433  762 
   55540.341300    3858.7010     431.9864    3551.5350     433.2945    0.3829     -18.7195     -18.0946 -0.659 -0.086  762 
   55599.206500    1550.0405     402.7835    1392.4055     403.8946    0.0868    -615.3310    -596.3839 -4.838 -2.974  762 
   55603.163800     513.0487     349.2515     482.4270     350.6019    0.1820    1384.8332    1312.3833  8.847 13.663  762 
   55679.251900    1368.7888     254.1412    1037.8363     257.3320    0.1927     142.8955     129.0819 -0.119  1.768  762 
   55884.433200    1368.7888     254.1412    1037.8363     257.3320    0.1927     142.8955     129.0819 -0.119  1.768  762 
   55889.434300   -3190.8022     320.9314   -3107.0759     323.0070    0.4217    -113.6526    -106.1208  0.885 -0.948  762 
   55924.442100   -3334.4148     224.9148   -3801.4639     230.0945    0.3011    -102.3242     -91.7596 -1.208 -1.880  762 
   55925.373000   -3929.1284     280.8704   -4022.7930     283.6680    0.5083     354.4418     325.2782  3.513  3.821  762 
   55926.306500   -5808.7290     231.7266   -6297.3094     236.5173    0.5806     228.7371     204.6015  3.549  3.703  762 
   55927.348900   -4702.0599     287.8656   -4866.0496     290.6508    0.6601    -185.3444    -169.6548 -1.527 -2.081  762 
   55969.114700   -4039.0849     347.9891   -4081.6459     349.3877    0.3998     378.4739     361.9787  3.120  2.555  762 
   56045.159200   -6055.4455     356.9194   -6364.1660     358.4570    0.2527     411.0403     390.2619  4.521  3.811  762 
   56215.477100  -20057.7200     342.7255  -21351.2309     345.1013    0.5734   -1291.7174   -1220.2436 -11.031 -11.556  762 
   56217.469400  -19734.8978     588.6501  -20450.4869     589.7066    0.7399   -3519.9948   -3454.2424 -15.240 -13.571  762 
   56301.275300  -12059.6728     398.3252  -12677.0818     400.2526    0.6782   -1701.0650   -1634.0212 -9.919 -9.362  762 
