   54116.301000   14661.1784     463.2259   14455.0631     463.6222    0.1811  -11971.1543  -11867.7984 -42.179 -38.202  762 
   54127.317100    2312.8416     370.0039    2586.9486     370.3632    0.1011    -280.7968    -279.0307 -3.131 -1.950  762 
   54127.352800    3557.6826     366.4739    3882.7482     366.8706    0.1315    -503.8067    -501.6865  0.920 -3.212  762 
   54149.238000    2491.3616     268.2663    2366.4275     269.2274    0.0749   -1678.4037   -1647.3141 -13.184 -11.231  762 
   54149.257400   10118.6700     351.8358    9930.7097     352.2451    0.4583   -2262.3332   -2239.5547 -6.383 -9.228  762 
   54150.328600     238.3083     236.9371     360.7432     237.7832    0.0998     492.6116     484.3089 11.982  4.120  762 
   54152.336000   -2149.0336     216.0272   -2574.3109     217.4337    0.1972    -206.6842    -201.3376  6.110 -2.163  762 
   54152.342500    -899.0560     229.2481   -1269.4910     230.7061    0.0590     209.6263     204.8601  7.084  1.954  762 
   54156.154700  -10504.3049     214.8648  -11163.2543     215.4941    0.1793     -70.8155     -69.2795 20.948 -1.507  762 
   54174.142000     256.9722     187.1178     499.8678     187.9500    0.0293    -907.6627    -893.7282 -11.294 -12.482  762 
   54174.149600    -156.5920     168.4031     107.4039     169.3177    0.0162    -436.9331    -428.9402 -5.249 -7.359  762 
   54176.305700    4695.8828     236.8511    4560.1037     238.2192    0.1721   -2063.8790   -2019.7184 -14.132 -17.976  762 
   54179.173100     878.4327     201.7739    1016.7998     202.7202    0.0150    -898.7560    -880.8932 -7.513 -10.409  762 
   54201.218300    1305.1267     223.9984    1225.6593     224.9170    0.0828    -532.8216    -522.5440 -1.704 -4.905  762 
   54201.228100    3069.6954     271.6343    2767.7080     272.5397    0.2330     -97.9071     -96.4363  0.272 -0.629  762 
   54201.243600    5058.6999     328.2085    4997.0298     328.9613    0.3983   -1567.9789   -1544.3413 -6.167 -7.494  762 
   54205.179300     570.4086     162.9883    1025.8589     163.7642    0.0326    -200.9237    -196.1137  6.907 -3.492  762 
   54210.346400    6036.5832     198.0001    6098.8564     198.8144    0.4712    -859.7959    -847.1204 -6.766 -10.049  762 
   54212.180600    6154.1650     256.8320    6423.3878     257.5183    0.2463   -1821.4480   -1798.4797 -11.513 -16.486  762 
   54213.208300     940.3253     242.7435    1096.3490     243.1782    0.0313    -793.4222    -784.5622 -5.474 -9.787  762 
   54230.223800    1465.6396     194.5292    1362.6727     195.4387    0.1160    -207.3128    -203.5640 -1.271 -2.677  762 
   54231.221900       0.0000       4.9055       0.0000       4.9055       nan       0.0000       0.0000 -4.821  0.000  762 
   54240.235600    5188.2582     223.3652    5235.2974     223.9668    0.2593   -1953.5285   -1930.6211 -18.149 -19.915  762 
   54260.157900    4236.0328     208.3983    4027.7513     209.1124    0.1236   -1061.6733   -1049.6446 -26.346 -13.961  762 
   54260.162700    4096.1016     204.5481    3814.5153     205.3782    0.1186    -726.7026    -717.2500 -23.191 -8.834  762 
   54260.175900    1760.0722     179.5184    1726.0155     180.4431    0.0944    -668.7030    -655.7691 -10.649 -9.978  762 
   54261.162600    1879.7346     229.4373    1709.3243     230.1340    0.0647    -819.3660    -809.7912 -14.950 -8.044  762 
   54261.174500    5609.8322     210.7108    5563.6990     211.4487    0.2574   -1911.0904   -1887.7487 -22.041 -21.257  762 
   54264.164600    2260.7390     181.4419    2236.1526     182.2193    0.1523    -464.3189    -456.7503 -4.162 -7.320  762 
   54264.180400    2180.7099     180.9030    2413.2525     181.6142    0.1011    -732.7116    -721.3602 -6.185 -10.817  762 
   54265.184200    2207.3515     244.2997    2241.6258     244.8304    0.0086   -2174.9752   -2152.8207 -14.720 -17.814  762 
   54265.195400    3945.3463     215.8908    4001.8970     216.4666    0.1973   -1883.0766   -1860.1180 -21.969 -19.213  762 
   54275.170700    7279.4736     359.0394    7317.5241     359.2424    0.3646    -945.0575    -941.8993 -10.697 -7.212  762 
   54275.178200    4604.2730     334.5207    4708.2613     334.7141    0.2632    -446.8740    -444.8178 -3.751 -3.887  762 
   54384.470800    7019.4206     276.1980    7058.4441     276.9590    0.3832   -1770.2054   -1741.5737 -17.438 -11.666  762 
   54384.481300    2789.4941     249.0834    2884.2681     249.9601    0.0593   -2207.9614   -2168.9681 -17.597 -17.300  762 
   54385.508300     -26.6293     221.8049      -5.8913     222.4576    0.1039   -1083.9524   -1062.8284 -16.026 -12.242  762 
   54386.497100    1725.5654     261.7901    1777.8434     262.6344    0.0220   -1553.8854   -1525.5179 -11.042 -11.141  762 
   54386.502700    2706.4045     265.6804    2851.5555     266.5198    0.1094   -1558.9729   -1531.9075 -13.403 -11.062  762 
   54388.451200   -5731.9812     170.4388   -6323.1878     171.4536    0.1360      80.6799      77.7705  8.337  1.532  762 
   54533.213700       0.0000       4.4992       0.0000       4.4992       nan       0.0000       0.0000  0.000  0.000  762 
   54534.352300       0.0000       4.9668       0.0000       4.9668       nan       0.0000       0.0000  0.000  0.000  762 
   54535.298300       0.0000       3.5162       0.0000       3.5162       nan       0.0000       0.0000  0.000  0.000  762 
   54536.149900    1189.7650     314.0834    1167.1899     314.7834    0.2720    2925.7220    2886.2756 27.683 28.040  762 
   54537.401500    3327.1731     225.8344    3272.1962     227.2395    0.2722     356.0421     349.1305  5.566  6.192  762 
   54538.182200    5022.0267     501.8068    4973.7394     502.4852    0.4763    -122.0032    -120.9919 -1.650 -0.617  762 
   54538.197200    1997.4290     408.3798    2055.4326     409.1682    0.2386     216.1128     213.7720  4.909  1.558  762 
   54590.205000    1367.0732     235.4901    1307.8577     236.9118    0.1264     865.1968     845.6652  6.688 13.535  762 
   54792.348600   -2482.5502     243.9198   -2658.7983     244.3474    0.0069    2821.5582    2781.5989 36.766 42.028  762 
   54792.505800     367.1853     346.8267     175.9472     346.9980    0.1389    2582.0001    2564.4035 32.498 25.027  762 
   54793.506900    9848.9256     352.6404    9764.7712     352.9066    0.6649   18727.0304   18629.7075 147.496 143.576  762 
   54794.486000    -571.5666     272.9201    -856.6904     289.9054    0.0517       0.0000       0.0000  1.186  0.000  762 
   54860.203100    2465.1107     395.0757    2194.8336     396.2026    0.1962     370.5976     363.9595 -1.570  2.409  762 
   54861.126100    6077.6115     369.9740    5935.3068     370.8739    0.4347     706.2644     695.9021  1.873  5.645  762 
   54862.262500    4835.1653     413.6170    5046.5290     414.6880    0.3378    -846.0295    -831.6101  0.125 -4.898  762 
   54912.158000    8159.2339     329.9015    7760.5522     330.0990    0.5879   22279.9767   22165.3835 166.477 166.061  762 
   54914.124500  176178.4625    1059.6103  175877.9087    1059.8811    0.6984 -117020.7786 -116930.6293 -121.146 -196.891  762 
   55126.484100     146.3590     329.4379     264.8383     330.3402    0.1903    2115.8993    2088.4733 16.137 20.925  762 
   55126.506900    1436.1170     320.3925    1436.6748     321.2934    0.3227    2705.1848    2673.5364 23.585 28.035  762 
   55208.301900       0.0000       3.4047       0.0000       3.4047       nan       0.0000       0.0000  0.000  0.000  762 
   55208.332500       0.0000       3.4732       0.0000       3.4732       nan       0.0000       0.0000  0.000  0.000  762 
   55273.269300    1908.5723     351.9250    1717.9546     353.2533    0.2198     411.1023     403.5331  4.171  3.049  762 
   55536.296400    1517.6444     301.9129    1473.7197     302.8658    0.2244     694.6882     683.4147  4.611  7.097  762 
   55538.328200   -3181.3810     241.8486   -3641.0474     243.5173    0.1761     554.2285     536.4969  4.258  9.410  762 
   55540.341300    8403.4119     479.5671    8336.9910     480.4300    0.5607    -916.2681    -905.2571 -3.913 -4.384  762 
   55599.206500    2151.3937     442.9072    2180.5003     443.7592    0.1220    -485.7467    -478.8077 -0.019 -2.442  762 
   55603.163800    1018.2151     342.6045    1011.8270     343.2382    0.1317     720.0332     709.6321  5.909  8.395  762 
   55679.251900    1546.8568     275.4659    1248.6854     276.8112    0.1226     230.0606     224.7835  7.701  2.863  762 
   55884.433200    1546.8568     275.4659    1248.6854     276.8112    0.1226     230.0606     224.7835  7.701  2.863  762 
   55889.434300   -1437.5659     352.2429   -1507.4819     353.3609    0.0444    1074.2133    1056.5772 10.496  9.106  762 
   55924.442100       0.0000       2.5870       0.0000       2.5870       nan       0.0000       0.0000  0.000  0.000  762 
   55925.373000    5944.2336     305.1993    6594.5567     306.1646    0.2507     498.2099     490.6001  2.929  5.425  762 
   55926.306500   -3389.1483     245.4382   -3453.8771     246.9762    0.2338     386.0096     377.0312  2.056  6.421  762 
   55927.348900    3445.0658     311.6610    3890.3393     312.7315    0.2289     539.7637     529.2154  8.292  6.107  762 
   55969.114700   -1972.9512     379.5428   -1621.9962     380.5352    0.0777     642.2448     635.1138 13.974  4.517  762 
   56045.159200    1390.1834     394.1443    1307.7933     395.1672    0.1040     -13.8488     -13.6151  3.577 -0.123  762 
   56215.477100   -2584.9494     329.2140   -2802.4876     330.2215    0.3058   -1074.2405   -1060.9954 -14.022 -12.029  762 
   56217.469400    5738.3333     624.2394    5577.0822     624.8957    0.1695   -7378.8964   -7312.7374 -33.527 -30.508  762 
   56301.275300   -2963.0762     417.5374   -3104.7328     418.7319    0.5998   -3448.7256   -3407.2562 -21.816 -21.839  762 
