   54116.301000    7238.2699     495.6543    7144.6742     495.8431    0.0391   -7733.4513   -7656.8262 -24.034 -24.680  762 
   54127.317100    8255.8648     384.0487    8502.7856     384.2788    0.5322    1464.4938    1434.9608 10.642 10.217  762 
   54127.352800    8056.7032     382.5196    8303.1759     382.7232    0.4909    1439.4954    1413.8798  7.999  9.192  762 
   54149.238000     281.6894     298.1361      -8.0955     299.3078    0.1345    1257.2307    1187.8284  7.778  8.118  762 
   54149.257400    2801.3086     375.2993    2601.5582     375.6091    0.3031    1877.8726    1841.0578  6.485  7.618  762 
   54150.328600    6390.7674     265.2612    6660.1798     266.3750    0.6425    1171.6859    1101.8780  8.177  9.358  762 
   54152.336000     956.7681     242.1885    1014.0564     243.9968    0.2834    1555.9732    1429.7687 15.250 15.721  762 
   54152.342500    2918.7938     253.7940    3176.0018     255.1865    0.4294    1822.5545    1697.3445 16.938 16.589  762 
   54156.154700  -12340.1498     244.5800  -13825.6983     246.8159    0.4810     518.2889     476.0652 12.226 10.052  762 
   54174.142000    1386.7506     218.8331    1912.7195     220.8200    0.2639     333.5535     304.7016  5.387  4.309  762 
   54174.149600     206.2741     202.7796     467.6500     205.4695    0.0784     435.7203     392.2029  7.266  6.740  762 
   54176.305700    3244.4960     261.4225    3436.7568     262.7342    0.4575    1445.0446    1349.2094 13.886 12.275  762 
   54179.173100     968.2913     232.8532     843.7260     234.9457    0.2168     966.7276     879.8968 11.641 10.516  762 
   54201.218300   -1160.0704     254.4058   -1437.3274     255.9381    0.0629    1067.5181     990.9412  9.014  9.240  762 
   54201.228100   -3933.9641     299.9354   -4261.0814     300.8534    0.2075    2237.2750    2133.5279 11.962 13.869  762 
   54201.243600    1592.8071     355.4938    1465.7701     356.0351    0.2365     753.8717     731.8876  4.330  3.552  762 
   54205.179300      65.5727     195.9703     737.0886     198.5773    0.0995     446.2334     396.6233  6.450  7.192  762 
   54210.346400   -1801.9583     230.0831   -2153.5221     231.9863    0.1968     737.4533     673.4241  6.917  7.933  762 
   54212.180600    4664.5168     280.3632    4936.1220     281.2306    0.4617     471.9103     447.0368  5.558  4.169  762 
   54213.208300    -297.9823     266.9050    -415.8112     268.0873    0.0034     470.3066     441.1226  4.706  5.564  762 
   54230.223800   -2161.7975     225.0647   -2606.2318     227.2191    0.2044     813.3228     737.9168  9.187  9.770  762 
   54231.221900       0.0000       4.8941       0.0000       4.8941       nan       0.0000       0.0000 -4.188  0.000  762 
   54240.235600    -154.7882     250.9120    -843.3389     252.2302    0.0347     484.1576     452.4109  5.235  4.605  762 
   54260.157900   -6769.7318     241.8589   -8546.7009     244.0038    0.4739     231.8617     212.8293  1.954  2.761  762 
   54260.162700   -7361.1997     238.6534   -9596.0711     240.9391    0.4503     137.2996     125.7285  1.352  1.511  762 
   54260.175900   -1379.9541     210.1280   -2057.8067     212.6549    0.2274     193.7438     174.7375  2.615  2.678  762 
   54261.162600   -4454.4411     260.8596   -5245.1529     262.1060    0.4244      37.3749      35.0933  0.700  0.337  762 
   54261.174500   -3094.5767     242.0994   -4084.5251     243.8667    0.3665    -289.6316    -267.3179 -4.802 -2.960  762 
   54264.164600   -2796.7819     211.8391   -3545.9624     214.1569    0.3603     403.3989     365.9371  4.816  5.833  762 
   54264.180400   -1521.8690     208.0634   -1203.2350     209.8146    0.1359     339.7536     311.0431  3.458  4.787  762 
   54265.184200    -620.6602     267.7267    -639.1263     268.5635    0.0977    -167.0345    -158.3677 -0.329 -1.326  762 
   54265.195400   -1472.6759     241.8389   -1842.5915     243.0248    0.2196    -266.9299    -249.6778 -0.139 -2.576  762 
   54275.170700     211.0162     379.5118     -68.0899     379.8809    0.1674    2650.8004    2581.0122 19.317 19.589  762 
   54275.178200     993.6618     353.7753     910.5591     354.1923    0.2471    2450.2523    2375.4845 21.687 20.718  762 
   54384.470800    1563.6073     305.3672    1168.9687     306.3835    0.1318     385.7030     366.5432  3.365  2.452  762 
   54384.481300     394.9712     278.0859     106.8451     279.3465    0.1120    1122.6147    1053.7280  6.551  8.401  762 
   54385.508300    -341.8301     252.6037    -728.4424     254.3179    0.0543     312.0610     287.5406  4.809  3.301  762 
   54386.497100     236.6190     289.1227     157.1246     290.1168    0.1069     919.0853     871.2777  5.306  6.382  762 
   54386.502700    2781.8939     291.5265    2929.9795     292.3898    0.4411    1662.9262    1583.0259 10.223 11.520  762 
   54388.451200   -9681.1382     206.2574  -11531.6854     209.5965    0.5114     211.7563     187.5740  3.940  3.565  762 
   54533.213700       0.0000       4.5031       0.0000       4.5031       nan       0.0000       0.0000  0.000  0.000  762 
   54534.352300       0.0000       4.9365       0.0000       4.9365       nan       0.0000       0.0000  0.000  0.000  762 
   54535.298300       0.0000       3.5195       0.0000       3.5195       nan       0.0000       0.0000  0.000  0.000  762 
   54536.149900   -2194.9499     348.4556   -2676.8185     349.7226    0.1181    1355.8315    1281.0976 12.029 12.196  762 
   54537.401500    -940.5083     272.1393   -2281.4703     276.2570    0.1689     697.4859     630.6967 10.945 10.811  762 
   54538.182200    2035.5942     539.6889    1921.8769     540.2357    0.3330    1292.4881    1262.1962  5.763  6.381  762 
   54538.197200     314.9551     444.7901     252.8229     445.7689    0.1715    1279.4496    1226.0820  7.798  8.875  762 
   54590.205000   -1491.9803     280.3008   -3159.5357     284.5145    0.1386    1435.1524    1289.6231 19.834 20.417  762 
   54792.348600   -2362.2216     273.0385   -2622.7062     274.3986    0.2326     356.3467     332.9895  5.036  4.940  762 
   54792.505800    -288.6150     365.1116    -738.8986     365.5751    0.0636    1915.1349    1853.5318 18.114 18.002  762 
   54793.506900    4467.0165     374.4582    4160.9380     374.8673    0.1327   -6362.4473   -6190.2432 -45.688 -47.794  762 
   54794.486000   -1362.4991     333.2056   -2062.9990     336.3722    0.1388     715.7033     653.6396  8.346  8.821  762 
   54860.203100    -207.7498     439.0815    -644.0395     440.6108    0.2238   -1142.6600   -1083.7237 -7.096 -7.131  762 
   54861.126100   -1304.8739     408.2054   -1750.5284     409.5090    0.2113    -397.5763    -377.4258 -3.646 -3.028  762 
   54862.262500    7628.5427     453.5754    7751.3809     454.5933    0.7246   -1183.4323   -1136.7056 -7.607 -6.677  762 
   54912.158000    1308.2973     348.6096     524.6308     349.0029    0.2447   -6684.3831   -6505.3985 -50.087 -48.931  762 
   54914.124500   49821.9964    1163.5694   49616.2681    1163.6628    0.2266  -55369.6451  -55269.3235 -93.258 -92.675  762 
   55126.484100    1792.6131     369.0038    1763.2398     370.5641    0.3284     834.3238     784.6693  7.982  7.826  762 
   55126.506900    1351.3015     361.9144    1256.9280     363.6253    0.3378    1504.7084    1413.5057 14.843 14.678  762 
   55208.301900    3028.8907     326.0217    2637.9665     328.5825    0.2083    -359.9808    -332.1003 -1.849 -3.780  762 
   55208.332500    2295.2800     338.8743    1351.3368     341.8877    0.0191   -1224.0737   -1122.9108 -13.711 -12.442  762 
   55273.269300    1198.1889     394.3566    1003.2060     396.0449    0.0690   -1566.4364   -1473.2780 -10.079 -11.126  762 
   55536.296400    2135.4756     344.8431    2024.9969     346.8765    0.2215    -224.3594    -207.9375 -2.398 -2.145  762 
   55538.328200    -565.4810     286.2226   -1507.3078     290.5942    0.1895     -54.2411     -48.1223 -1.761 -0.843  762 
   55540.341300    5701.5186     521.8379    5643.9012     522.5530    0.2573   -3388.7018   -3294.4708 -14.610 -15.897  762 
   55599.206500    1003.7853     477.8876     810.6570     478.5523    0.1374   -2504.7946   -2434.1014 -13.554 -12.352  762 
   55603.163800   -1104.1043     384.6573   -1703.4137     386.5007    0.2282    -630.1499    -590.1075 -7.932 -6.822  762 
   55679.251900     287.4036     318.7905    -144.4880     321.8615    0.1163    -790.3027    -714.7951 -9.508 -9.166  762 
   55884.433200     287.4036     318.7905    -144.4880     321.8615    0.1163    -790.3027    -714.7951 -9.508 -9.166  762 
   55889.434300    4119.9489     393.4043    4167.2293     395.0642    0.4174    -493.2160    -463.4097 -3.366 -4.007  762 
   55924.442100       0.0000       2.5821       0.0000       2.5821       nan       0.0000       0.0000  0.000  0.000  762 
   55925.373000    7166.7878     347.4368    7652.4485     349.4805    0.5786    -671.1932    -622.9726 -7.724 -6.943  762 
   55926.306500    2064.4240     289.7790    3197.2201     293.1586    0.2330    -474.5806    -429.9744 -6.933 -7.370  762 
   55927.348900    1927.0750     353.1464    2183.6425     355.4914    0.1811    -412.8632    -381.0401 -3.815 -4.428  762 
   55969.114700    9512.7100     415.1160    9818.1714     415.9833    0.6496     -49.9542     -47.9892 -0.302 -0.340  762 
   56045.159200    3678.2961     426.2696    3762.7145     427.5100    0.2382   -1682.6904   -1597.1973 -14.123 -14.551  762 
   56215.477100   -1418.1291     381.2847   -1569.9453     383.4564    0.0276    1464.5774    1366.3614 15.754 14.913  762 
   56217.469400    2979.4880     670.3001    2952.4379     670.7502    0.2650    -234.1561    -230.1363 -2.517 -0.948  762 
   56301.275300     957.6469     466.9813     823.3244     468.2003    0.2060     786.0721     753.4696  3.945  4.715  762 
