   54116.301000    8767.5585     362.6128    8403.6321     363.5676    0.5245   -1104.3669   -1074.2498 -2.169 -3.494  762 
   54127.317100    2375.6646     326.9111    2089.7094     328.1931    0.1873    1884.6025    1793.9760 11.693 13.844  762 
   54127.352800    1423.1727     322.5493    1049.7141     323.6952    0.1567    2450.0395    2343.3670 16.212 16.138  762 
   54149.238000    2566.5073     221.7922     893.8019     228.7729    0.1414    1649.1274    1414.9781  9.889  9.866  762 
   54149.257400    5688.6632     285.8582    5087.1192     287.3397    0.3750    1338.8100    1275.4811  4.972  5.429  762 
   54150.328600    3204.7646     209.5127    1673.6340     216.6871    0.2241    1892.7462    1606.5583 13.898 13.417  762 
   54152.336000    5750.8561     184.8235    7129.1217     196.0270    0.3794     247.9104     197.4072  2.533  2.424  762 
   54152.342500    5970.2403     192.0429    7689.2749     201.3615    0.3804     376.1544     306.2168  2.107  3.371  762 
   54156.154700   10884.9993     236.4665    5085.4873     243.6596    0.1475    1315.1678    1171.2096 21.666 20.604  762 
   54174.142000    8781.7386     176.1853    9038.1851     188.5964    0.4350     544.0201     435.3224  5.840  6.272  762 
   54174.149600    6676.6674     169.2358    5361.8099     184.7633    0.3141     670.6584     522.4612  9.138  8.526  762 
   54176.305700    1784.1010     198.9136    1477.8950     208.3013    0.0706    -124.9230    -101.6051 -0.651 -1.037  762 
   54179.173100    4018.4312     184.3872    2033.1221     196.9708    0.1263      72.8036      57.2232  1.049  0.709  762 
   54201.218300    5448.8457     201.8189    3735.7197     209.6038    0.2319     416.1176     348.7358  2.751  3.169  762 
   54201.228100    1939.1905     227.6776    1770.3188     232.0020    0.2232     930.9206     828.8364  5.605  5.436  762 
   54201.243600    2660.1882     263.1563    2029.5175     266.1046    0.2255     608.9461     563.4110  2.309  2.761  762 
   54205.179300    5034.0467     157.5696    6680.8326     174.6017    0.4044     485.6485     366.7547  7.011  7.003  762 
   54210.346400    -485.0650     193.4218   -2789.6543     202.7698    0.2431      80.7023      65.2870 -0.757  0.732  762 
   54212.180600    5963.9632     228.2269    5724.0278     233.6185    0.4293    1244.2470    1086.4270 10.723 10.834  762 
   54213.208300    3422.3707     231.5295    3453.2667     236.7427    0.3870     690.1375     605.1898  7.678  7.974  762 
   54230.223800    1353.8533     184.7030    1119.8636     195.0719    0.1676     299.0905     238.8818  3.313  3.269  762 
   54231.221900    -641.1466     252.0031    -878.6020     255.6287    0.1485    -239.3195    -215.7985 -0.327 -1.320  762 
   54240.235600   -2371.7625     216.8285   -3188.6402     221.8283    0.3040     232.6061     202.1285  2.115  1.930  762 
   54260.157900     156.1443     216.8180    -895.7687     222.6972    0.1003    -143.7396    -123.4535 -2.113 -1.389  762 
   54260.162700     596.5987     204.6068   -1458.0319     211.3171    0.0902     152.9861     130.0190  1.469  1.402  762 
   54260.175900    4385.1823     175.1342    2089.6645     187.7887    0.1341    -166.6936    -130.9171 -1.915 -2.043  762 
   54261.162600     198.1254     230.2184    -103.3343     233.3196    0.0159    -113.1929    -102.2586 -1.387 -0.810  762 
   54261.174500     580.9687     208.2473   -1103.9294     214.7839    0.1303    -364.0814    -307.7263 -1.795 -3.120  762 
   54264.164600     914.1507     186.3734    -551.8821     196.3135    0.0841    -470.1106    -379.6243 -5.760 -5.775  762 
   54264.180400     572.9063     171.0477    1534.3269     182.0938    0.1541    -403.1417    -318.8310 -6.078 -5.549  762 
   54265.184200   -1390.6763     216.0941   -1442.6686     220.4078    0.3028    -652.8511    -571.6908 -5.488 -5.183  762 
   54265.195400    1064.8766     202.1641     484.9488     207.2604    0.0028    -589.2150    -509.2428 -5.281 -5.300  762 
   54275.170700   -3705.5123     351.2498   -4159.3251     352.3144    0.3411    -573.6129    -547.8569 -5.888 -4.007  762 
   54275.178200   -4195.6681     323.0020   -5059.0118     324.6485    0.3520    -358.8357    -337.4664 -5.084 -2.969  762 
   54384.470800    4247.3178     235.6244    3749.2332     240.3969    0.2318    -179.3284    -158.6302 -0.504 -1.058  762 
   54384.481300    4939.3789     218.2781    4160.9275     224.5351    0.2610     289.9076     249.4185  1.498  1.959  762 
   54385.508300    5869.5791     212.8837    3838.1050     220.7028    0.2157     309.8135     261.2041  2.280  2.875  762 
   54386.497100    3733.2972     224.0167    2601.3897     229.4695    0.1808     448.3741     391.7752  3.206  2.902  762 
   54386.502700    3306.4997     226.2460    2688.2687     231.3567    0.2241     549.2257     481.5150  4.465  3.591  762 
   54388.451200   12248.2100     182.6846    4129.0501     194.5983    0.1085     353.2322     291.7679  5.530  4.569  762 
   54533.213700    2898.9842     307.5695    2614.3684     312.6717    0.2461    -139.0726    -124.2317 -0.328 -0.844  762 
   54534.352300     898.5725     315.0157    1767.8774     319.8011    0.1926      -7.3779      -6.6559  0.253 -0.040  762 
   54535.298300     996.6180     263.9131     664.8073     277.3229    0.1855   -2324.9279   -1868.1884 -19.116 -19.361  762 
   54536.149900   -2178.7905     304.9894   -5242.2912     310.0009    0.2733   -1118.7430   -1005.2939 -7.329 -8.810  762 
   54537.401500     183.3521     240.3562       3.9853     254.8231    0.0638     533.2131     431.3639  6.217  6.145  762 
   54538.182200   -1363.2904     442.0711   -1972.2760     444.3146    0.3029   -1496.6504   -1421.9061 -7.339 -6.960  762 
   54538.197200     696.4447     373.7160      98.8098     377.7428    0.0348    -561.3003    -515.3365 -3.977 -3.561  762 
   54590.205000    -491.3157     237.9448   -2492.4664     255.0910    0.2622     181.6274     141.2015  1.642  2.099  762 
   54792.348600    5269.9464     259.6369    3498.4802     264.6877    0.1874     658.4253     585.4720  8.797  7.585  762 
   54792.505800    2147.5685     345.2562    1116.4169     346.7427    0.1298    1486.1115    1407.8882 15.163 13.301  762 
   54793.506900    3101.9660     337.7276    2939.2851     339.1790    0.5549    8809.3229    8353.3300 64.020 63.989  762 
   54794.486000    3874.7389     286.6457    1306.6856     301.2211    0.1325     876.5601     716.5553  9.305  9.145  762 
   54860.203100    7084.3688     337.8999    5894.4567     345.4940    0.4253    -142.0855    -125.0443 -0.955 -0.810  762 
   54861.126100    4863.4313     345.6985    2879.6801     350.9646    0.1810     785.2504     709.2787  4.986  5.281  762 
   54862.262500    5269.1418     346.1362    4243.5527     352.1317    0.3808     692.2272     621.1432  3.288  3.558  762 
   54912.158000    6414.7993     306.7498    6286.2677     307.9439    0.5947    6237.3879    5898.4044 49.579 47.059  762 
   54914.124500   67137.7506     775.7316   66951.4813     775.8796    0.8372  -23283.8600  -23208.0099 -40.326 -39.625  762 
   55126.484100    2226.2840     311.4427    1577.9412     319.0291    0.1684     570.5603     493.9662  5.295  4.755  762 
   55126.506900    1241.3437     308.3763      33.9693     316.4676    0.0699     910.2195     788.2226  7.512  7.672  762 
   55208.301900    1149.6917     263.6199     -47.5668     278.0772    0.0779    1339.7955    1070.6885 11.614 12.140  762 
   55208.332500    -344.0205     278.2485   -2398.4817     293.5481    0.1864     325.6834     259.9644  2.379  2.814  762 
   55273.269300     413.6332     302.0131      56.3910     311.2985    0.0262     239.9604     202.0850  2.427  1.549  762 
   55536.296400    1077.2368     290.1216   -1450.5338     301.0796    0.0814     546.2712     454.0649  4.347  4.434  762 
   55538.328200    2037.9094     244.1626   -1021.7319     266.7776    0.0702     185.5930     140.4997  3.420  2.406  762 
   55540.341300    3816.5764     400.4807    3480.3097     404.1202    0.3640    -793.9953    -738.3102 -3.240 -3.468  762 
   55599.206500    2597.0316     376.4278    1862.3669     379.3444    0.0766   -1079.6852   -1011.2953 -2.407 -4.989  762 
   55603.163800   -1530.2783     353.7112   -3643.9560     360.3355    0.1971     689.6126     610.9144  5.700  6.175  762 
   55679.251900   -4554.3434     266.2703   -5888.6023     282.7356    0.2220     920.5510     705.3187  8.595  9.330  762 
   55884.433200   -4554.3434     266.2703   -5888.6023     282.7356    0.2220     920.5510     705.3187  8.595  9.330  762 
   55889.434300     634.2307     315.8695     652.8365     325.2311    0.0988     469.0678     397.0488  3.158  3.453  762 
   55924.442100   -5400.0435     243.0645   -4083.8854     267.7586    0.1698     553.8009     409.1016  7.741  7.890  762 
   55925.373000   -2143.8453     283.7567   -1835.6435     296.7908    0.1290     593.7791     480.8835  4.734  5.426  762 
   55926.306500   -5151.5969     247.3450   -3299.8328     269.8849    0.1442     495.7112     369.8993  6.733  6.279  762 
   55927.348900   -1402.1673     293.6782   -1397.1825     306.6539    0.1385      30.1229      24.4057  0.489  0.288  762 
   55969.114700    2436.8730     335.9488    2702.7345     341.0053    0.3286     677.6755     607.5414  4.698  4.184  762 
   56045.159200     751.3588     357.8764    1822.2313     363.6549    0.1285     256.4230     225.6415  2.144  2.163  762 
   56215.477100     404.0545     328.7669    1794.1850     336.8364    0.0947     153.5874     132.8637  0.595  1.288  762 
   56217.469400    6245.6539     537.6371    6154.6654     539.3460    0.5152    -744.0023    -716.8920 -3.610 -2.846  762 
   56301.275300    -512.0825     363.2708       1.2572     368.5275    0.0516    -634.6639    -574.6949 -3.289 -3.353  762 
