   54116.301000    4431.2107     357.5142    4340.8542     357.6677    0.3840    -648.1947    -640.6402 -1.944 -2.085  762 
   54127.317100   -6897.3073     314.6730   -7164.2468     314.9644    0.3809    1588.1250    1550.7842  8.811 11.963  762 
   54127.352800   -5688.0957     310.6517   -5934.9916     310.9070    0.2633    2174.8859    2130.3404 13.224 14.669  762 
   54149.238000   -1862.2755     204.1405   -2088.1804     205.6085    0.2396     736.8309     684.2459  5.598  4.777  762 
   54149.257400     362.1824     277.9724     270.4631     278.2239    0.1229     925.8184     906.1442  5.028  3.849  762 
   54150.328600   -1201.3594     190.5676   -1329.3059     192.0968    0.0720     975.5219     901.8785  7.276  7.590  762 
   54152.336000    -291.7555     163.3474    -236.8716     166.3250    0.0544     -96.5597     -85.8707 -1.396 -1.065  762 
   54152.342500     678.8676     171.0835     482.6146     173.5882    0.0047    -499.2830    -450.1393 -5.411 -4.989  762 
   54156.154700   -2195.6123     216.3607   -2901.1068     217.9222    0.1765    1035.8617     973.2676 15.798 17.676  762 
   54174.142000    1741.3717     154.7819    1837.1312     158.0885    0.2997       0.4083       0.3630 -0.532  0.005  762 
   54174.149600     203.0031     147.3075     292.1469     151.4934    0.0704     180.4566     157.6302  2.268  2.621  762 
   54176.305700    2347.9257     176.5939    1968.6093     178.9210    0.2543    -620.7466    -561.5590 -6.668 -5.762  762 
   54179.173100   -1101.4612     162.3685   -1423.9876     165.6306    0.3126    -166.1253    -146.5007 -1.942 -1.833  762 
   54201.218300    -264.8637     182.0960    -264.5923     183.7254    0.0522     -97.4544     -89.6411 -0.930 -0.821  762 
   54201.228100    -357.3287     211.6013    -312.3772     212.4317    0.0127     240.5648     228.2396  1.913  1.497  762 
   54201.243600     -85.4616     251.0311    -107.1895     251.5439    0.0830    -435.8075    -421.2913 -1.225 -2.064  762 
   54205.179300    -780.5303     135.7230   -1068.1648     141.2340    0.1504     106.5976      91.7093  2.900  1.782  762 
   54210.346400     845.3821     170.3851     813.3315     172.4388    0.0864    -281.7017    -255.3863 -3.892 -2.905  762 
   54212.180600   -1367.5765     209.3328   -1635.9189     210.6059    0.1383     710.9914     665.6812  6.648  6.681  762 
   54213.208300    -488.9107     211.1644    -435.0550     212.3055    0.0658     933.1692     877.1362 10.089 11.694  762 
   54230.223800    2388.9342     160.8102    2604.3699     163.2809    0.3730    -293.8753    -264.4534 -2.036 -3.662  762 
   54231.221900      26.7925     236.0124      80.6481     236.6784    0.0712    -528.7533    -505.3424 -2.818 -3.101  762 
   54240.235600    3066.0312     196.3853    3277.2218     197.2907    0.4147     123.6977     116.4548  1.191  1.124  762 
   54260.157900    4226.6675     193.7818    4464.0165     194.8874    0.5113    -581.8215    -545.0958 -5.586 -6.237  762 
   54260.162700    4384.7697     182.1956    4662.0545     183.3870    0.5160    -423.8736    -395.1923 -4.845 -4.311  762 
   54260.175900    3118.9240     151.3439    3206.2337     154.4128    0.5117    -197.0485    -175.2055 -3.585 -2.781  762 
   54261.162600    6780.1808     210.6614    7113.9745     211.1004    0.5405    -868.7922    -834.5051 -5.993 -6.707  762 
   54261.174500    4001.9664     185.9634    4257.9002     187.1729    0.4899    -650.9783    -605.2837 -5.640 -6.217  762 
   54264.164600    2535.6883     162.1487    2923.8109     164.3699    0.4142    -207.8705    -188.4164 -5.440 -2.927  762 
   54264.180400    2037.5419     147.4605    2136.0055     150.3887    0.3545    -313.0124    -279.3023 -6.032 -4.930  762 
   54265.184200    3201.9870     197.4931    3340.8798     198.3071    0.3413    -908.4358    -858.3035 -7.370 -7.790  762 
   54265.195400    3847.2466     182.4968    4050.7961     183.4592    0.4633    -604.0027    -567.0330 -5.291 -5.943  762 
   54275.170700    3040.3707     337.3488    3054.5012     337.5076    0.2044    -880.6378    -864.8164 -6.577 -6.357  762 
   54275.178200    1425.6830     307.8017    1423.1076     308.0669    0.0197   -1258.6138   -1227.3195 -10.043 -10.837  762 
   54384.470800    2877.6565     218.1637    2881.1784     219.0589    0.2710   -1128.1261   -1065.6002 -7.038 -7.122  762 
   54384.481300    2723.5428     199.1352    2767.3091     200.3627    0.2865   -1049.6095    -976.7132 -7.771 -7.724  762 
   54385.508300     797.1961     191.5451     850.7530     193.1895    0.0076    -874.6235    -803.7503 -7.805 -8.950  762 
   54386.497100    1053.5094     205.7846     985.2091     206.8353    0.0611    -632.3232    -593.1609 -4.460 -4.406  762 
   54386.502700     168.6844     208.1808     137.2955     209.2060    0.0485    -446.6516    -419.7054 -3.266 -3.139  762 
   54388.451200    -636.5812     162.3158   -1389.7801     165.0044    0.1943    -631.6453    -569.2631 -7.774 -9.175  762 
   54533.213700     -94.3902     285.1585     105.3614     286.0521    0.1088    -787.5923    -749.1600 -4.760 -5.102  762 
   54534.352300   -1567.7204     294.3969   -1612.2111     295.4243    0.4889    -763.9089    -728.2334 -4.624 -4.336  762 
   54535.298300    1758.8002     230.8188    2116.8827     233.7836    0.5168     710.2853     641.4846  7.317  6.725  762 
   54536.149900   -1203.5412     281.8484   -1299.1954     282.6753    0.3037   -1194.9608   -1140.2694 -10.891 -10.098  762 
   54537.401500    2397.2213     207.2913    3107.7431     210.4812    0.3904    -195.6498    -178.0854 -3.446 -2.608  762 
   54538.182200     761.5704     425.0957     743.6109     425.4522    0.2544   -2721.8074   -2664.1084 -12.044 -13.056  762 
   54538.197200      41.8466     351.1456      42.6918     351.8595    0.1790   -1242.0712   -1195.4778 -7.903 -8.310  762 
   54590.205000    5030.6906     202.8594    5574.6556     206.6607    0.7129    -352.6513    -314.4062 -4.967 -4.771  762 
   54792.348600    1080.4294     238.1501     878.6204     239.2022    0.1249     168.2109     158.7448 -0.275  2.103  762 
   54792.505800    2947.5252     330.5065    2902.3642     330.7399    0.1459   -1064.7259   -1040.2783 -11.354 -9.936  762 
   54793.506900    4660.5734     323.0732    4599.9106     323.3298    0.6120    6734.8029    6586.3803 50.593 50.937  762 
   54794.486000    2875.4861     253.2691    2730.1432     256.5949    0.4704     390.5738     354.3427  4.277  4.599  762 
   54860.203100    4127.1417     313.5536    4078.1366     314.9452    0.6594     -32.1974     -30.3760 -0.637 -0.197  762 
   54861.126100    3009.8569     321.2376    2910.6258     322.1302    0.4314     429.2843     409.8436  2.884  3.081  762 
   54862.262500     604.2922     324.6658     261.3154     325.9294    0.0961     337.1499     320.2785  1.587  1.841  762 
   54912.158000     633.8523     295.2907     645.8115     295.4854    0.2072    2516.2781    2457.2999 18.231 19.564  762 
   54914.124500   25825.1004     795.3482   25728.2107     795.3989    0.5558  -14921.9165  -14899.9639 -26.426 -25.660  762 
   55126.484100   -1970.7279     283.6164   -2173.7734     285.3567    0.2702     634.8615     592.0692  5.016  5.752  762 
   55126.506900   -2291.6974     280.7469   -2563.5222     282.5737    0.3439     547.1568     510.5157  4.733  5.026  762 
   55208.301900   -1891.6419     232.6257   -2495.2465     236.4866    0.3270     518.1247     462.6957  5.506  5.296  762 
   55208.332500    -816.1876     245.9168    -976.4678     249.5121    0.1788     137.2743     123.0648  1.997  1.346  762 
   55273.269300    -854.2747     274.0276    -937.4091     276.0589    0.2155    -213.8053    -197.6025 -1.667 -1.519  762 
   55536.296400   -1618.3908     260.6624   -2070.0672     263.1965    0.2570     432.9968     395.2583  3.378  3.906  762 
   55538.328200   -1132.0195     210.3673   -1796.4736     216.7849    0.2333     310.4654     267.7862  5.705  4.701  762 
   55540.341300    2484.6619     382.2335    2412.8641     382.8871    0.3142    -268.5779    -260.1603 -0.086 -1.226  762 
   55599.206500    1724.4319     359.4560    1609.0826     359.9601    0.1994      46.5190      45.2057 -0.034  0.224  762 
   55603.163800   -1162.2626     324.0898   -1248.9624     325.3369    0.0510     945.5320     894.2754  8.650  9.202  762 
   55679.251900     819.5368     228.9870     402.6863     233.3343    0.0760     -14.3565     -12.7102 -0.203 -0.171  762 
   55884.433200     819.5368     228.9870     402.6863     233.3343    0.0760     -14.3565     -12.7102 -0.203 -0.171  762 
   55889.434300     569.0702     285.3260     324.2902     287.5400    0.0950     206.2051     190.8683  0.053  1.670  762 
   55924.442100      91.6989     203.0315   -1028.9787     211.3513    0.0919      92.5981      80.2231  1.118  1.593  762 
   55925.373000   -2388.4338     250.4764   -2861.2296     254.0329    0.4310     229.0228     207.0127  3.176  2.361  762 
   55926.306500   -3750.8132     210.4424   -4695.3918     218.0692    0.5866     222.9904     191.9584  4.222  3.329  762 
   55927.348900   -1933.7396     259.2496   -2442.5343     262.7953    0.3652     323.1797     291.8891  3.002  3.483  762 
   55969.114700    1742.9621     311.5647    1600.5424     312.6334    0.3373     526.4110     500.5443  3.967  3.467  762 
   56045.159200      -4.5536     328.4589    -174.2345     329.8688    0.0679    -301.9802    -285.2316 -2.401 -2.752  762 
   56215.477100   -1966.8757     298.5423   -1912.7813     300.4880    0.2585    -129.5816    -121.0219 -0.349 -1.181  762 
   56217.469400    -451.5131     525.2684    -517.2172     525.5923    0.0332     245.0571     241.0537  1.261  0.957  762 
   56301.275300    3002.7951     338.4415    3079.7245     339.4214    0.3875    -730.8406    -700.5191 -3.873 -4.092  762 
