   54116.301000      -0.0576       7.5841    -186.2677      12.0616    0.0217       0.0000       0.0000 -10.484  0.000  762 
   54127.317100   39819.9450     371.5013   41295.5548     372.2492    0.7654     973.5075     936.2488  5.590  6.647  762 
   54127.352800   38552.9826     366.5972   39976.0447     367.3174    0.7652    2064.5845    1990.2877 11.945 12.954  762 
   54149.238000       0.0000       4.5398       0.0000       4.5398       nan       0.0000       0.0000  0.000  0.000  762 
   54149.257400       0.0000       6.3707       0.0000       6.3707       nan       0.0000       0.0000  0.000  0.000  762 
   54150.328600   24397.5162     253.1653   25344.0949     258.4079    0.8792    1319.0396    1142.4666  9.474  9.844  762 
   54152.336000       0.4620       3.6070    1797.5394      61.5048    0.2154       0.0000       0.0000 -1.611  0.000  762 
   54152.342500    5405.3072     107.7064   30873.7635     249.4393    0.7934       0.0000       0.0000 -3.821  0.000  762 
   54156.154700  -14554.1835     251.2273  -17797.8007     258.3900    0.2020    -486.6243    -404.7714 -12.110 -9.176  762 
   54174.142000   13708.6125     218.9471   19192.5539     225.7635    0.5220   -1888.5545   -1557.6681 -21.535 -22.334  762 
   54174.149600   10543.6922     205.4610   16149.9055     214.2685    0.3899   -1420.0367   -1135.5186 -19.678 -20.136  762 
   54176.305700   21736.6782     252.5300   22546.7114     257.8884    0.7400   -3030.8558   -2616.3773 -23.470 -23.631  762 
   54179.173100       0.0000       3.3099       0.0000       3.3099       nan       0.0000       0.0000  0.000  0.000  762 
   54201.218300   13457.2413     245.5837   13316.4224     251.9759    0.7765   -1581.2331   -1340.7242 -13.800 -12.717  762 
   54201.228100   10302.3247     281.7888    8489.9770     286.1284    0.4155   -2073.4661   -1857.0941 -12.096 -12.151  762 
   54201.243600   16777.2832     325.2083   17022.0977     327.6547    0.8149   -1165.7974   -1087.4203 -6.122 -5.307  762 
   54205.179300   14830.6321     200.7468   21691.9393     208.8441    0.4933    -516.5513    -403.8058 -10.529 -7.415  762 
   54210.346400   15271.4976     225.9537   15679.3701     233.3155    0.8852   -1436.4515   -1186.5802 -13.695 -14.324  762 
   54212.180600   21557.2778     272.9146   23609.3468     276.2912    0.7004   -2355.8413   -2105.7039 -18.131 -19.673  762 
   54213.208300   10270.9393     267.5723   11995.4107     271.7324    0.5663   -1015.2897    -894.0031 -21.177 -11.367  762 
   54230.223800    1544.8659     121.4515    4803.7769     234.0488    0.3819       0.0000       0.0000 -7.294  0.000  762 
   54231.221900       0.0000       4.8824       0.0000       4.8824       nan       0.0000       0.0000  0.000  0.000  762 
   54240.235600   11164.3810     245.3989   10086.8927     250.6252    0.4905   -2398.3436   -2076.4660 -18.881 -21.692  762 
   54260.157900       5.1021       8.3660    -552.4651     234.1507    0.0166       0.0000       0.0000 -7.838  0.000  762 
   54260.162700      -0.0698       3.2534    -274.1224      20.1590    0.0555       0.0000       0.0000 -6.878  0.000  762 
   54260.175900       0.0000       2.8874       0.0000       2.8874       nan       0.0000       0.0000 -4.814  0.000  762 
   54261.162600      -0.2230       3.8282    -900.7173      82.5614    0.1433       0.0000       0.0000 -11.999  0.000  762 
   54261.174500      -0.4551       3.7914   -2230.0427     108.6477    0.1950       0.0000       0.0000 -15.535  0.000  762 
   54264.164600    7541.8537     213.4177    7164.1460     221.7853    0.4866    -981.8230    -805.0818 -12.752 -13.229  762 
   54264.180400    8597.2202     211.1681   11492.2599     217.4860    0.5399    -907.3812    -758.8214 -11.899 -11.625  762 
   54265.184200    8523.6986     261.5081    9032.9613     265.0033    0.4875   -2608.6889   -2326.5174 -19.383 -19.403  762 
   54265.195400    9654.5865     238.1158    9470.9777     242.8421    0.5097   -2785.0797   -2421.0873 -23.249 -25.273  762 
   54275.170700   11236.4375     370.4224   10091.5102     372.0110    0.3267   -1896.6083   -1794.9888 -15.523 -13.847  762 
   54275.178200   12022.3992     348.6645   11022.8805     350.5912    0.3880   -1548.8635   -1452.3722 -14.842 -12.783  762 
   54384.470800    9283.8954     288.5557    8481.2364     293.0805    0.4903   -1949.8172   -1730.6490 -11.098 -11.706  762 
   54384.481300    9139.3379     266.5215    8762.2848     271.9539    0.4044   -2097.2416   -1813.8985 -14.146 -14.667  762 
   54385.508300    4632.7483     250.7397    4791.1046     257.6905    0.2806   -1379.2692   -1153.4225 -13.847 -13.563  762 
   54386.497100       0.0000       4.3055       0.0000       4.3055       nan       0.0000       0.0000 -3.318  0.000  762 
   54386.502700       0.0000       4.3234       0.0000       4.3234       nan       0.0000       0.0000 -4.929  0.000  762 
   54388.451200  -15904.3291     196.7029  -25134.3906     226.9899    0.3648       0.0000       0.0000 -10.467  0.000  762 
   54533.213700       0.0000       4.4820       0.0000       4.4820       nan       0.0000       0.0000  0.000  0.000  762 
   54534.352300       0.0000       4.9381       0.0000       4.9381       nan       0.0000       0.0000  0.000  0.000  762 
   54535.298300       0.0000       3.4876       0.0000       3.4876       nan       0.0000       0.0000  0.000  0.000  762 
   54536.149900   -8444.4074     342.4589   -9609.9982     347.8788    0.3149    4557.1375    4015.4077 39.851 39.318  762 
   54537.401500   -1864.9420     273.6694   -4074.9903     288.8169    0.2105     407.2049     328.2486  5.290  5.950  762 
   54538.182200     811.6212     505.2899     661.7342     507.9385    0.1247     596.6242     563.6834  2.156  2.887  762 
   54538.197200   -3505.3505     427.5441   -2893.6008     431.9923    0.1701    1080.9601     980.7530  7.281  7.233  762 
   54590.205000       0.0000       2.8367       0.0000       2.8367       nan       0.0000       0.0000  0.000  0.000  762 
   54792.348600   -8975.4747     276.2600   -9836.9611     282.0693    0.3479    3437.3177    2957.1902 46.066 45.867  762 
   54792.505800       0.0000       3.7275       0.0000       3.7275       nan       0.0000       0.0000  0.000  0.000  762 
   54793.506900       0.0000       4.1448       0.0000       4.1448       nan       0.0000       0.0000  0.000  0.000  762 
   54794.486000       0.0000       3.0864       0.0000       3.0864       nan       0.0000       0.0000  0.000  0.000  762 
   54860.203100    8859.6736     412.9221    7017.4340     420.1343    0.4662     242.2336     213.8001  1.132  1.425  762 
   54861.126100   13558.7983     390.6450   12247.0583     396.1673    0.5686    1070.2660     953.6206  8.899  7.853  762 
   54862.262500       0.0000       4.9809       0.0000       4.9809       nan       0.0000       0.0000 -1.186  0.000  762 
   54912.158000   20031.8845     338.8575   16217.5612     340.5668    0.5988   36365.2937   34370.2575 257.437 259.054  762 
   54914.124500  154647.3756     972.2052  153774.5052     972.5377    0.8704  -46231.0697  -46039.9524 -75.899 -79.486  762 
   55126.484100    5684.9433     362.2323    5731.7966     369.0188    0.5016    3188.3490    2778.2887 27.698 28.224  762 
   55126.506900    6392.4766     354.2809    5166.4674     362.1937    0.4746    3574.9177    3108.5737 33.806 33.056  762 
   55208.301900       0.0000       3.3781       0.0000       3.3781       nan       0.0000       0.0000  0.000  0.000  762 
   55208.332500       0.0000       3.4484       0.0000       3.4484       nan       0.0000       0.0000  0.000  0.000  762 
   55273.269300    6782.4241     375.7807    6238.3398     383.6490    0.4367     491.6307     425.7482  2.258  3.241  762 
   55536.296400  -12401.4736     343.2998  -14154.8658     353.2315    0.7886     735.4042     611.6113  6.816  6.453  762 
   55538.328200  -19414.5394     299.3468  -25290.8075     317.6647    0.7403     840.1992     635.0186 10.656 11.433  762 
   55540.341300   -5019.6735     481.8793   -5172.1483     485.8214    0.3688     614.9684     570.9410  3.744  2.790  762 
   55599.206500   -7149.2592     444.3756   -6978.3175     447.5168    0.4663     958.0931     893.6882  3.184  4.595  762 
   55603.163800  -12093.1789     383.1943  -13366.1232     391.0163    0.6669    1962.5690    1690.5135 18.437 20.349  762 
   55679.251900    -997.3371     320.4719   -3118.0578     333.5902    0.2025     -35.7408     -28.6452 -0.431 -0.372  762 
   55884.433200    -997.3371     320.4719   -3118.0578     333.5902    0.2025     -35.7408     -28.6452 -0.431 -0.372  762 
   55889.434300   10479.2377     379.6796   10987.9283     387.1892    0.7912    2045.8071    1774.7260 16.084 15.508  762 
   55924.442100       0.0000       2.5469       0.0000       2.5469       nan       0.0000       0.0000  0.000  0.000  762 
   55925.373000    4700.5872     344.2189    4904.7600     354.2842    0.4614     545.0664     456.9954  4.745  5.152  762 
   55926.306500    -649.6556     298.1334     996.0526     312.7645    0.1065     694.3988     546.5075  9.076  9.581  762 
   55927.348900    3884.7487     351.1392    3561.2943     361.6264    0.5177    1249.2681    1038.7929 12.520 12.235  762 
   55969.114700    4835.9591     396.3454    5796.3226     400.8919    0.4395    1936.2355    1747.9635 12.095 12.589  762 
   56045.159200   -1806.5618     421.0475   -2384.9726     426.9331    0.1334     396.2655     352.1294  2.583  3.219  762 
   56215.477100  -11735.8518     379.8902  -13000.4334     390.0212    0.7075   -1854.0425   -1567.6395 -18.631 -17.643  762 
   56217.469400    1127.2113     618.2880     838.3158     620.6749    0.1509   -3204.5483   -3064.3072 -13.638 -12.760  762 
   56301.275300  -12380.8732     440.5581  -13297.5516     447.1628    0.8804   -5808.2399   -5197.3025 -32.605 -33.158  762 
