   54116.301000   13648.8166     450.4063   14001.1561     450.7777    0.3718   -6416.0483   -6381.6329 -18.319 -20.510  762 
   54127.317100    5726.1202     363.6971    5823.0436     363.8334    0.3223    -319.4390    -316.1147 -4.493 -2.198  762 
   54127.352800    1882.1629     359.4135    1922.8571     359.5603    0.1188     352.0249     349.4296  0.332  2.227  762 
   54149.238000    5316.2773     260.6771    5123.2885     261.3328    0.3212   -1852.8518   -1788.0667 -7.621 -12.119  762 
   54149.257400    9606.1697     342.4216    9699.1276     342.6760    0.5876    1907.4240    1887.2824 15.217  7.758  762 
   54150.328600    3153.6542     232.9089    3176.9462     233.5403    0.4094    1137.8884    1093.3223 12.714  9.234  762 
   54152.336000    2194.2365     211.1140    2089.8416     212.0133    0.2179     200.8011     190.8882  5.827  2.032  762 
   54152.342500    4321.2248     222.2228    4262.5844     222.9409    0.3059      13.3012      12.7748  6.486  0.121  762 
   54156.154700   -6153.8468     221.1700   -6688.0064     222.1784    0.2445    -834.6462    -787.5330 -11.443 -16.695  762 
   54174.142000   -1757.1814     190.3397   -1348.9603     191.1871    0.2231    -860.1438    -814.4671 -2.403 -11.181  762 
   54174.149600    -531.1077     173.7482     258.3768     174.8131    0.0384    -790.3991    -742.5777  1.309 -12.450  762 
   54176.305700    -211.5843     229.9655    -254.4006     230.6783    0.0674    -524.9063    -503.4042  7.851 -4.453  762 
   54179.173100   -1547.0890     202.4239   -1289.6385     203.3577    0.2031    -422.7508    -398.6778  6.765 -4.647  762 
   54201.218300    -760.6904     221.4322    -740.7600     222.1499    0.1482    -518.8198    -495.5645  7.767 -4.612  762 
   54201.228100   -1449.1397     264.8178   -1603.3579     265.3520    0.1678    -139.6309    -135.5242  7.741 -0.879  762 
   54201.243600    1190.0582     317.0139    1352.4186     317.3929    0.2141     603.4603     593.1699 13.367  2.873  762 
   54205.179300    2150.5908     167.8638    2954.3111     168.9347    0.2202    -145.4483    -135.5147 17.378 -2.356  762 
   54210.346400    -340.2112     199.3679    -300.0366     200.2179    0.0259     512.3042     486.4837 20.991  5.693  762 
   54212.180600    5223.0874     252.7486    5298.9406     253.1461    0.3793    -613.0593    -594.9694  8.254 -5.417  762 
   54213.208300     194.7424     243.7537     302.1119     244.1822    0.0502     143.2285     138.3611 16.178  1.702  762 
   54230.223800    1234.3242     195.7846    1010.3647     196.7927    0.1318     228.9222     216.2432 13.732  2.800  762 
   54231.221900       0.0000       4.9238       0.0000       4.9238       nan       0.0000       0.0000  0.000  0.000  762 
   54240.235600   -2494.8205     223.0519   -2533.1101     223.6104    0.2850    -471.6832    -453.6125  4.701 -4.634  762 
   54260.157900   -1956.2492     211.3652   -2513.7845     212.3024    0.2465   -1129.0564   -1077.5290 -9.857 -14.126  762 
   54260.162700   -4518.5577     206.9089   -5196.6792     207.9341    0.3839   -1090.9479   -1037.5671 -8.770 -12.606  762 
   54260.175900     372.4354     182.3193     282.6946     183.4865    0.0612    -948.8654    -894.5509 -11.165 -13.370  762 
   54261.162600   -2283.2793     227.9859   -2677.8331     228.5693    0.3050   -1433.6010   -1382.7906 -9.566 -13.626  762 
   54261.174500      38.1108     211.1168    -273.4343     211.9010    0.1763   -1679.3872   -1605.2370 -14.420 -17.863  762 
   54264.164600     283.0241     185.1764     292.6250     186.2059    0.0071    -365.1371    -345.4637  0.142 -5.433  762 
   54264.180400     436.8694     183.7347     685.5939     184.4626    0.0223    -506.4183    -482.7045 -1.104 -7.109  762 
   54265.184200   -1982.0072     241.9992   -1940.1113     242.3555    0.2915   -1068.5685   -1039.5988 -6.970 -8.531  762 
   54265.195400     432.8759     215.3255     427.6157     215.8166    0.0534   -1006.6928    -970.9460 -8.352 -9.922  762 
   54275.170700     918.5265     357.6306     776.0106     357.7726    0.0401    -162.1488    -160.0999  1.501 -1.218  762 
   54275.178200   -3652.5193     334.6810   -3772.4336     334.8638    0.2520     115.7752     113.8862  1.381  0.986  762 
   54384.470800    5800.4313     269.2520    5731.1228     269.7380    0.2303   -3081.1468   -2993.7912 -37.657 -19.957  762 
   54384.481300    3659.8529     243.1476    3632.2815     243.7015    0.0939   -2560.9133   -2470.4643 -39.828 -19.588  762 
   54385.508300    1603.9773     222.3707    1611.0636     223.0454    0.0547   -2231.3179   -2125.3074 -45.317 -24.157  762 
   54386.497100    2852.5603     255.0253    2785.1745     255.5313    0.0323   -3323.7227   -3219.9780 -38.893 -23.419  762 
   54386.502700    4056.8379     258.6181    4119.9207     259.0541    0.1257   -2572.0303   -2498.7580 -36.609 -17.969  762 
   54388.451200   -6270.5912     177.1746   -7210.9845     178.9886    0.3204    -935.5885    -853.7815 -54.890 -16.429  762 
   54533.213700       0.0000       4.5178       0.0000       4.5178       nan       0.0000       0.0000  0.000  0.000  762 
   54534.352300       0.0000       4.9829       0.0000       4.9829       nan       0.0000       0.0000  0.000  0.000  762 
   54535.298300       0.0000       3.5396       0.0000       3.5396       nan       0.0000       0.0000  0.000  0.000  762 
   54536.149900    3973.0668     310.5253    3774.9864     311.0450    0.3853    1543.5132    1493.9544 -4.838 14.402  762 
   54537.401500    1986.2387     230.8047    1623.8895     232.8670    0.1511     -39.9953     -37.5490 -30.018 -0.654  762 
   54538.182200    8194.6011     489.8224    8108.1763     490.2165    0.4758   -1714.6795   -1693.8862 -16.560 -8.629  762 
   54538.197200    2728.3952     401.7884    2784.6933     402.2721    0.1997   -1267.6332   -1235.6885 -20.237 -8.961  762 
   54590.205000    -649.8648     240.5524   -1158.5993     242.6538    0.0913     355.2056     332.1504 -10.055  5.218  762 
   54792.348600    -724.5469     247.2436    -782.9143     247.8213    0.1567    3002.7859    2881.3135 36.587 42.765  762 
   54792.505800       0.0081       3.7869      56.6615      21.8306    0.0042       0.0000       0.0000 16.772  0.000  762 
   54793.506900   10813.8822     350.3867   10739.7072     350.5690    0.6738   23927.2093   23551.4028 177.297 180.633  762 
   54794.486000       0.0000       3.1455       0.0000       3.1455       nan       0.0000       0.0000  1.671  0.000  762 
   54860.203100    4018.2123     385.5694    3912.5962     386.3486    0.3932    1669.1362    1615.4060 23.163 10.639  762 
   54861.126100    3955.6095     363.1722    3890.5993     363.7387    0.3499    1747.6307    1694.3021 20.572 13.672  762 
   54862.262500    5721.7336     400.6021    5953.5068     401.2104    0.6020    1453.5290    1416.8926 23.386  8.316  762 
   54912.158000    4948.8598     328.4676    4508.9894     328.6409    0.5191   27162.2908   26750.5858 203.964 199.231  762 
   54914.124500  154196.0246    1028.5632  155725.8214    1029.0707    0.8959   -4065.0286   -4051.3035 35.855 -6.802  762 
   55126.484100    4690.3722     325.3428    4651.9789     326.0225    0.4931    2548.4914    2460.9056 18.808 24.417  762 
   55126.506900    4168.6665     319.4366    3921.7571     320.2592    0.4681    3146.3960    3027.6536 24.584 31.413  762 
   55208.301900       0.0000       3.4277       0.0000       3.4277       nan       0.0000       0.0000  0.000  0.000  762 
   55208.332500       0.0000       3.4994       0.0000       3.4994       nan       0.0000       0.0000  0.000  0.000  762 
   55273.269300     210.0429     344.3922     196.9254     345.2614    0.1859    1303.6670    1255.6759 11.371  9.425  762 
   55536.296400    2574.1921     301.2134    2477.2064     302.1589    0.2906     705.6685     673.2109 -1.342  6.909  762 
   55538.328200   -1096.8536     247.1935   -1612.1704     249.6438    0.0897     696.7088     640.7437  1.140 11.009  762 
   55540.341300    5940.9991     466.1298    6074.4790     466.6473    0.4569     897.4098     882.1489  8.762  4.263  762 
   55599.206500   10145.0143     427.9138   10063.4039     428.3581    0.5525   -1219.2903   -1198.7161 -10.884 -6.103  762 
   55603.163800    7631.8200     343.0321    7449.5761     343.7156    0.5213     531.1055     510.9659 -11.238  5.973  762 
   55679.251900    2327.7590     277.2185    2108.3172     278.7467    0.3015     116.6328     109.8167 -34.362  1.377  762 
   55884.433200    2327.7590     277.2185    2108.3172     278.7467    0.3015     116.6328     109.8167 -34.362  1.377  762 
   55889.434300    3910.7439     346.4047    3819.9064     347.2324    0.4659    1430.4414    1377.5484 -6.680 11.786  762 
   55924.442100       0.0000       2.6181       0.0000       2.6181       nan       0.0000       0.0000  0.000  0.000  762 
   55925.373000     -10.3299     306.6410     -71.1792     307.8238    0.1224     982.2589     933.0452 -4.945 10.200  762 
   55926.306500   -1032.9409     250.9535   -1043.8462     253.0429    0.0851     325.9163     303.0408 -10.551  5.059  762 
   55927.348900     467.8992     311.5345     169.6843     312.8199    0.1242     875.7415     829.4527  4.402  9.462  762 
   55969.114700    5346.9073     368.6555    5471.1981     369.1479    0.5178     997.0809     974.0843  5.059  6.898  762 
   56045.159200    3815.9251     386.5769    3632.7985     387.1887    0.3637     357.0317     346.3942  2.283  3.108  762 
   56215.477100   -4553.0720     332.2349   -4879.7656     333.3548    0.5823   -1960.8575   -1872.6787 -23.180 -20.902  762 
   56217.469400    2768.9146     609.0408    2815.9515     609.4830    0.1454   -4484.8407   -4442.1184 -19.022 -18.495  762 
   56301.275300   -1592.4649     407.6273   -1529.9644     408.3116    0.5516   -4597.3271   -4485.1013 -27.905 -28.597  762 
