   54116.301000   10594.1905     389.5430   10073.9155     390.8963    0.5002   -3434.4242   -3326.7208 -11.392 -10.672  762 
   54127.317100   -2271.1730     364.6719   -2522.8736     366.0115    0.2046    -368.1851    -350.7336 -4.625 -2.334  762 
   54127.352800    -864.8230     357.5870   -1120.2585     358.8837    0.1277    -705.4018    -674.6257 -4.979 -4.087  762 
   54149.238000    -261.1867     248.8431    -735.6255     256.3592    0.2409    -848.7385    -716.7113 -5.468 -4.882  762 
   54149.257400    6133.5945     310.1026    5611.6366     312.0089    0.1489   -4135.5571   -3912.1859 -16.144 -16.076  762 
   54150.328600   -1760.0378     233.3705   -1551.3469     241.0090    0.2806    -220.7213    -183.5310 -1.551 -1.524  762 
   54152.336000       9.4823     217.2526     -36.3483     227.7077    0.0282    -199.8828    -159.6115 -1.092 -1.686  762 
   54152.342500   -1147.8430     225.9469   -1413.9140     234.8822    0.1769    -270.4698    -221.3325 -1.919 -2.077  762 
   54156.154700    4949.1161     238.6937    4202.8712     246.9001    0.2007      91.3829      79.2844  0.769  1.609  762 
   54174.142000     458.0267     202.9417    -959.7780     214.3890    0.0884     280.5124     223.2830  2.950  2.938  762 
   54174.149600     508.9988     190.4636    -888.9072     204.5025    0.0581     422.8625     330.9579  5.331  5.238  762 
   54176.305700    1574.9318     230.7200    1723.1504     239.1593    0.2380     126.9844     104.6171  0.542  0.922  762 
   54179.173100    -314.8672     211.3875    -600.6939     222.7737    0.1036    -316.1830    -247.0680 -2.383 -2.830  762 
   54201.218300   -2149.0362     223.3614   -2015.7788     232.0487    0.2053     414.6974     336.0670  2.981  3.155  762 
   54201.228100   -3575.1447     250.3766   -3924.4950     256.0733    0.3929     704.9769     611.7058  3.275  4.057  762 
   54201.243600    -627.2575     288.4537    -810.8948     292.0870    0.1104     -94.4888     -86.3988 -0.655 -0.416  762 
   54205.179300   -1275.9508     185.9584   -2887.2693     200.5670    0.3302    -454.0084    -339.7242 -3.795 -5.788  762 
   54210.346400   -2337.9177     210.9567   -3327.6370     220.9103    0.3617     390.1105     308.3407  3.608  3.572  762 
   54212.180600       6.2027     259.9295    -680.6631     265.2016    0.2027   -1103.0520    -960.7670 -8.520 -8.405  762 
   54213.208300   -3170.5253     255.1324   -3669.8375     260.7838    0.5139    -708.3214    -612.1265 -7.635 -7.506  762 
   54230.223800   -4902.9055     207.9409   -5461.5686     218.7659    0.6224     377.3527     294.0154  2.375  3.873  762 
   54231.221900   -2494.8086     276.0436   -2495.1704     280.4214    0.3758    -691.8498    -616.3537 -3.873 -3.679  762 
   54240.235600   -3097.9543     229.4454   -3852.2350     236.0353    0.4545       6.9896       5.8686  0.049  0.060  762 
   54260.157900   -1258.4436     225.4431   -1098.6785     233.4791    0.1181     173.6842     142.6130  0.402  1.839  762 
   54260.162700   -5128.0260     216.0819   -5594.9189     225.1464    0.5284      51.1573      41.0693  0.027  0.515  762 
   54260.175900   -3456.8529     198.2327   -3318.9201     209.7543    0.4217     274.5178     211.4422  1.086  3.159  762 
   54261.162600   -4354.2180     236.7294   -4575.0061     242.2471    0.4036     144.6733     123.3146  0.907  1.168  762 
   54261.174500   -1880.4675     220.7622   -2588.7748     229.0345    0.3296    -364.9026    -297.4869 -2.797 -3.318  762 
   54264.164600   -2570.2422     201.4620   -3892.4939     212.1490    0.4024     312.3244     247.5931  3.023  3.858  762 
   54264.180400     805.9599     196.1098     763.1627     205.3696    0.1140     112.6290      90.4743  1.155  1.345  762 
   54265.184200    -589.1848     240.0743    -532.6339     244.5921    0.0849    -126.6580    -110.2696 -0.773 -0.923  762 
   54265.195400   -2557.3596     220.1650   -3103.9766     226.2908    0.3590     471.7182     397.5360  5.052  4.146  762 
   54275.170700   -2448.2905     358.1099   -2721.1464     359.6892    0.2993    -993.7541    -934.3135 -3.575 -7.130  762 
   54275.178200   -2616.2852     334.5161   -2785.3195     336.5523    0.2042     240.5571     223.4055  1.662  1.982  762 
   54384.470800    2739.0750     259.8774    1770.9810     265.7841    0.2151      18.2247      15.7840  0.055  0.104  762 
   54384.481300    1268.9442     243.5517     856.7479     250.6207    0.1545     248.6943     209.4205  1.459  1.611  762 
   54385.508300     109.2374     234.0797    -536.6821     242.2798    0.0555     194.0148     159.4891  3.308  1.753  762 
   54386.497100    2542.3291     250.2683    2227.6316     256.1885    0.3532     485.0732     418.0058  3.089  2.955  762 
   54386.502700    1285.4919     255.0322    1217.6856     260.3727    0.2093     417.7684     364.3793  2.236  2.508  762 
   54388.451200    5916.2911     193.5813    4468.7347     206.8398    0.2933     397.9872     306.6604  5.307  5.727  762 
   54533.213700   -1391.6702     335.6397   -1892.1550     342.6748    0.3320    -608.5730    -529.1903 -3.783 -3.639  762 
   54534.352300   -1023.7574     356.2509   -1318.1488     362.0400    0.3383   -1690.1379   -1520.6965 -7.986 -8.393  762 
   54535.298300   -1386.9992     294.4512   -1630.1549     309.0907    0.3536   -1845.4801   -1449.6824 -14.474 -15.217  762 
   54536.149900   -1116.2708     315.0717   -1441.3997     321.3454    0.2038    -860.8850    -746.8742 -7.707 -7.330  762 
   54537.401500   -3706.0000     252.6312   -5644.9377     272.4583    0.3930      37.7364      28.7848 -0.663  0.504  762 
   54538.182200    1281.5674     460.3328     868.1298     463.6317    0.0984   -1738.0798   -1623.8817 -8.144 -8.274  762 
   54538.197200    -684.1779     398.3291   -1308.0454     403.7619    0.2469    -758.5152    -680.9198 -4.104 -4.804  762 
   54590.205000   -3443.6192     259.9184   -4077.4350     278.6608    0.5714    -393.1997    -297.0954 -4.532 -4.721  762 
   54792.348600    1569.2304     266.2618    1559.6304     272.1691    0.1310    -410.9258    -356.2430 -4.533 -5.080  762 
   54792.505800     252.2945     352.0589     -42.2520     353.8735    0.1419   -1876.7318   -1753.8317 -14.209 -16.973  762 
   54793.506900    4910.8524     356.8432    4534.0530     358.7104    0.0900   -6141.9146   -5765.7196 -41.046 -42.493  762 
   54794.486000      65.1589     309.1883    -138.9110     324.3547    0.0341    -128.1903    -101.9276 -1.545 -1.361  762 
   54860.203100    3375.2915     367.8898    3493.5826     376.8946    0.3767   -1474.4214   -1262.6803 -8.057 -8.389  762 
   54861.126100    1110.4156     367.7900    1083.8885     374.0539    0.0391    -909.2278    -799.7895 -5.792 -6.209  762 
   54862.262500    2395.8662     380.5418    2050.1991     387.7881    0.0194   -2208.7463   -1951.0491 -10.511 -11.097  762 
   54912.158000   11213.7854     321.6814   11274.4738     323.0637    0.2305   -7175.5745   -6736.4070 -52.369 -52.073  762 
   54914.124500   92304.3301     816.0711   91937.1244     816.2766    0.8230  -38214.3448  -38099.3773 -65.702 -65.543  762 
   55126.484100     728.6327     335.6236     578.5799     344.1979    0.0734    -188.8011    -160.5975 -1.024 -1.576  762 
   55126.506900     783.8378     329.1765     758.4386     338.3823    0.1726     211.6764     179.4302  1.015  1.837  762 
   55208.301900   -1278.7174     293.9688    -893.0297     307.7671    0.0609     648.2916     513.3258  5.241  5.732  762 
   55208.332500     255.4847     302.7399      44.9232     318.3268    0.0403     219.0292     171.5917  1.889  1.912  762 
   55273.269300    1729.6760     332.5520    1398.7747     342.9805    0.0751   -1073.0522    -892.3813 -6.269 -6.790  762 
   55536.296400    1197.1542     313.5964    1062.8255     324.6237    0.0325   -1038.8418    -850.8821 -7.368 -8.563  762 
   55538.328200     807.5868     268.3074     446.1713     289.4117    0.0413    -276.2942    -207.7558 -5.177 -3.615  762 
   55540.341300    5548.0922     431.7373    4818.8974     436.6022    0.2460   -2831.9053   -2602.5933 -13.033 -12.203  762 
   55599.206500    4184.8796     400.1549    3718.0832     404.0743    0.3395    -293.2652    -270.8663 -2.856 -1.348  762 
   55603.163800   -2934.3577     361.7720   -3634.1646     370.2335    0.3981     188.7355     161.8322  0.255  1.853  762 
   55679.251900    1246.6526     292.2635     774.8030     308.1899    0.0526    -620.7822    -480.0057 -5.805 -6.113  762 
   55884.433200    1246.6526     292.2635     774.8030     308.1899    0.0526    -620.7822    -480.0057 -5.805 -6.113  762 
   55889.434300    2533.2994     348.6892    2360.2482     358.7876    0.3542    -365.6910    -308.2094 -2.601 -2.579  762 
   55924.442100   -1732.1012     264.6573   -1764.0071     288.5976    0.1207      77.1150      57.7698 -0.177  1.111  762 
   55925.373000    -834.4114     317.1210    -546.7753     330.2924    0.0781      94.4329      76.7226  0.002  0.817  762 
   55926.306500     386.6318     271.8805     275.0246     292.7888    0.0314     -55.1012     -42.4378 -1.114 -0.691  762 
   55927.348900     299.6030     324.8443     205.2966     338.0971    0.0597     127.3131     103.2646  0.458  1.153  762 
   55969.114700    1070.1230     365.3880    1156.8670     371.4960    0.1429      13.1330      11.6553 -0.663  0.079  762 
   56045.159200    2207.1191     388.6966    2073.9390     395.7468    0.2766      -3.0823      -2.6944 -0.603 -0.024  762 
   56215.477100    -341.5188     330.9460   -2801.8069     346.5300    0.1648     765.8535     619.6823  7.370  7.861  762 
   56217.469400    4326.4558     545.6707    3884.4744     549.0126    0.4833    1219.2855    1151.4050  4.654  4.952  762 
   56301.275300   -2226.3355     379.3751   -3333.5641     389.1221    0.4129     146.1473     125.5098  1.008  0.853  762 
