   54116.301000    3213.9151     433.2543    3151.6665     433.3273    0.0496   -2591.4115   -2573.1461 -7.425 -8.299  762 
   54127.317100    2151.7755     359.2039    2160.9122     359.2924    0.2379     901.9525     890.5368  5.931  6.150  762 
   54127.352800     517.9543     355.2624     564.0928     355.3425    0.1682    1515.8327    1498.5598  6.843  9.462  762 
   54149.238000    1323.1169     250.1966    1189.5641     250.7719    0.2307     685.7085     657.5863  4.502  4.520  762 
   54149.257400    4429.6195     330.7265    4360.6109     330.8387    0.4003    1067.2327    1053.6952  4.413  4.364  762 
   54150.328600      65.8627     225.7427      26.7610     226.4053    0.0366    -284.3111    -270.8718 -2.070 -2.305  762 
   54152.336000    1173.1322     204.4639    1254.7146     205.4311    0.2820     376.9022     354.0197  5.143  3.820  762 
   54152.342500     906.0523     215.7042     960.9492     216.4667    0.2321     779.6458     739.8258  8.359  7.075  762 
   54156.154700   -4796.2608     215.5026   -5036.5395     216.5730    0.3754     136.9547     129.2334  4.035  2.803  762 
   54174.142000     702.8392     184.1969     837.1178     185.3743    0.2176     476.0163     444.4282  6.670  6.157  762 
   54174.149600     321.1599     169.0396     533.1627     170.6146    0.1637     529.7845     488.8859  8.537  8.290  762 
   54176.305700    3594.2061     221.8542    3626.2452     222.5280    0.5610     887.0557     843.9736  6.690  7.550  762 
   54179.173100    1735.7466     194.9451    1806.1045     196.0766    0.4001     626.1498     584.0576  7.084  6.914  762 
   54201.218300     730.1606     212.9624     744.8107     213.7296    0.3049     918.5909     869.4202  9.207  8.248  762 
   54201.228100     840.6048     253.3255     707.7735     253.7449    0.2580    1078.9789    1042.7633  7.370  6.891  762 
   54201.243600    1261.3704     304.5610    1294.8121     304.7689    0.3704    1628.5709    1596.2461  8.530  7.771  762 
   54205.179300    1564.6095     162.8148    1908.3905     164.3984    0.3532     244.1314     223.4190  4.176  3.987  762 
   54210.346400     373.1941     193.6599     314.8556     194.6634    0.0632     107.4526     100.6950  0.335  1.201  762 
   54212.180600     741.2996     247.5642     804.6926     247.9810    0.1882     635.4925     612.8304  4.018  5.575  762 
   54213.208300    -438.5349     237.7894    -494.8334     238.3544    0.0113     441.4128     422.8495  5.912  5.313  762 
   54230.223800    1225.9204     189.1680    1143.4244     190.3126    0.1796       7.7800       7.2525  1.322  0.097  762 
   54231.221900    3409.1050     279.1356    3436.3035     279.4257    0.4951    1064.0743    1035.2612  5.569  6.287  762 
   54240.235600    2265.9711     215.8218    2119.4904     216.4232    0.2542    -175.4728    -167.4498  1.124 -1.745  762 
   54260.157900    -659.9985     205.9620   -1067.4863     206.9602    0.0964     338.1913     318.6118  2.629  4.254  762 
   54260.162700     616.4545     198.9284     171.8454     199.9704    0.0551     302.8536     284.8816  2.907  3.576  762 
   54260.175900    2324.7957     176.2209    2248.9111     177.5594    0.3905     112.1158     104.1330  0.517  1.601  762 
   54261.162600    -730.3412     222.6646    -783.2669     223.1881    0.0715     265.1715     253.9291  3.340  2.507  762 
   54261.174500     256.6620     205.0761     105.4779     205.9132    0.0160    -235.5082    -222.5759 -1.409 -2.529  762 
   54264.164600      36.1833     179.7684     -63.3983     180.9934    0.0347     319.2647     298.5301  3.673  4.824  762 
   54264.180400     561.3418     177.5512     525.5004     178.5760    0.0914      64.5323      60.6596  1.521  0.920  762 
   54265.184200    1482.0479     233.8841    1481.0563     234.2475    0.1848    -102.9932     -99.4069  0.270 -0.833  762 
   54265.195400    2119.7815     208.0803    2053.8761     208.6284    0.2232    -118.1043    -112.9393 -2.212 -1.184  762 
   54275.170700     566.9904     351.2963     489.8610     351.4315    0.1423    1267.1485    1246.2601 10.386  9.608  762 
   54275.178200     899.1607     326.4311     861.3659     326.5997    0.2163    1322.9030    1297.6006 11.272 11.512  762 
   54384.470800    -417.6145     260.8045    -475.7789     261.2397    0.0404     817.2830     787.5436  5.966  5.293  762 
   54384.481300    -387.1547     236.9642    -380.1041     237.5410    0.0439     683.8092     652.9615  4.745  5.186  762 
   54385.508300     755.3229     216.3561     873.8430     217.1179    0.1986     441.5935     417.2154  5.903  4.794  762 
   54386.497100    2786.5460     246.8809    2838.0436     247.2925    0.4776     845.8007     814.8271  5.790  5.931  762 
   54386.502700    2644.0931     251.3739    2669.1375     251.7648    0.4642    1237.0272    1194.9136  8.131  8.547  762 
   54388.451200   -6344.1470     172.1392   -6806.2726     174.0042    0.5305      99.1611      89.7864  3.337  1.771  762 
   54533.213700    2104.8504     335.3467    2020.1993     335.8617    0.2880     116.2201     112.3795  0.109  0.781  762 
   54534.352300    2367.7672     366.9662    2404.4327     367.3154    0.6197    1302.0519    1270.8532  6.841  7.202  762 
   54535.298300    2004.6156     274.2040    2022.7516     275.5716    0.1167   -1546.8850   -1454.9171 -15.804 -15.772  762 
   54536.149900    1689.0840     301.5415    1656.8068     302.0703    0.3664    1690.3405    1625.2818 14.509 16.022  762 
   54537.401500    2078.7912     221.8369    1878.8348     224.1977    0.3369     555.8180     516.5142 10.208  9.300  762 
   54538.182200     640.5486     475.7455     616.2887     475.9648    0.2002     823.0315     809.4426  3.121  4.151  762 
   54538.197200     144.0753     391.5131     110.3002     391.9434    0.1538     954.8725     927.6042  5.440  6.742  762 
   54590.205000    1863.7051     230.5263    1673.4319     232.7941    0.3910    1032.0722     955.0469 12.762 15.521  762 
   54792.348600   -1364.7237     243.2687   -1421.7622     243.9098    0.0945     628.1694     598.6467  7.980  9.023  762 
   54792.505800     -24.3385     340.7819    -154.3454     340.9597    0.1120    1898.8876    1860.7405 18.442 18.340  762 
   54793.506900    2204.8414     347.3161    2239.6403     347.4498    0.0741   -3337.4012   -3284.5163 -25.411 -25.122  762 
   54794.486000     512.8410     281.8682     345.0766     283.5505    0.0684     109.3995     102.2410  1.536  1.405  762 
   54860.203100    -343.8561     371.7662    -445.3831     372.4861    0.1983    -749.7835    -720.6866 -5.270 -4.817  762 
   54861.126100     -80.3778     355.9684    -182.8487     356.5171    0.0414    -132.7364    -128.0133 -0.858 -1.034  762 
   54862.262500     830.0675     388.5831     819.8775     389.0967    0.0842    -397.9659    -385.8221 -2.951 -2.263  762 
   54912.158000    -321.1703     321.8032    -438.0171     321.9211    0.2587   -3936.1785   -3871.4067 -25.489 -29.591  762 
   54914.124500   11622.0808     999.2322   11544.3670     999.2698    0.8496  -46788.8759  -46765.1850 -80.764 -79.795  762 
   55126.484100   -2607.5560     319.2556   -2693.6083     320.0659    0.4032     190.3674     181.7052  1.476  1.825  762 
   55126.506900   -1896.0338     311.5320   -2016.1836     312.4437    0.2247     758.8414     723.6579  8.992  7.605  762 
   55208.301900   -2798.8010     274.2771   -3025.0080     275.7954    0.4635    -226.7763    -212.1786 -3.242 -2.425  762 
   55208.332500   -2132.3386     284.2700   -2521.8467     286.0357    0.4598    -714.9588    -666.3447 -5.517 -7.519  762 
   55273.269300     746.9789     330.4936     726.2913     331.3164    0.0821   -1270.7650   -1214.4223 -9.643 -9.284  762 
   55536.296400    -387.3181     294.2399    -362.6607     295.2591    0.1296    -506.2487    -477.6062 -4.108 -4.966  762 
   55538.328200   -1637.5072     239.2063   -1872.2096     241.8961    0.3291    -256.2317    -232.4048 -6.390 -4.151  762 
   55540.341300    2064.0020     452.4476    1997.8815     452.7591    0.1609   -3385.1205   -3316.8944 -17.793 -15.983  762 
   55599.206500    -344.7904     416.1116    -384.7198     416.3704    0.1164    -776.3077    -761.1965 -2.028 -3.876  762 
   55603.163800   -1791.7126     336.8236   -1833.8964     337.6359    0.3746    -742.3957    -708.7440 -6.999 -8.407  762 
   55679.251900    -275.2039     268.4944    -500.4841     270.3136    0.2241    -915.2604    -849.2479 -11.190 -10.987  762 
   55884.433200    -275.2039     268.4944    -500.4841     270.3136    0.2241    -915.2604    -849.2479 -11.190 -10.987  762 
   55889.434300     -26.5616     336.9019     -41.3743     337.7689    0.0851     542.2382     517.6974  4.739  4.457  762 
   55924.442100   -1735.2649     234.2134   -1745.5889     237.3684    0.3495     -86.1458     -78.3964 -1.224 -1.561  762 
   55925.373000   -1017.5157     296.5369   -1030.6622     297.8481    0.2320    -198.7103    -187.3185 -2.673 -2.068  762 
   55926.306500    -533.3196     242.9756    -387.7465     245.3729    0.0737     -59.4972     -54.6046 -1.211 -0.932  762 
   55927.348900     483.0356     301.9135     496.7609     303.2239    0.0727    -172.9169    -162.6344 -2.548 -1.879  762 
   55969.114700    2901.7509     360.7216    2904.8402     361.1657    0.4770     683.6352     662.9057  5.403  4.675  762 
   56045.159200    1351.0665     375.9516    1383.1718     376.5386    0.1381    -566.6294    -546.3847 -4.501 -4.995  762 
   56215.477100    -729.4489     315.0799    -772.5024     316.3462    0.0218     682.9973     643.7836  8.661  7.678  762 
   56217.469400    4538.9896     583.8940    4489.4728     584.0768    0.4720     -69.3817     -68.4936  1.424 -0.290  762 
   56301.275300   -3736.5998     388.7237   -3827.6817     389.4055    0.5652      94.3289      90.9363  0.804  0.599  762 
