   54116.301000   13226.3727     313.7899   13182.2162     313.9757    0.8345    -875.3266    -864.3679 -3.488 -2.807  762 
   54127.317100    6353.9877     307.7202    6274.9751     307.9375    0.4988    1442.4909    1413.3791  8.408 10.258  762 
   54127.352800    7844.8491     301.3101    7775.2065     301.5030    0.5890    2047.4864    2010.4438 12.365 13.045  762 
   54149.238000    8956.0423     173.9388    9290.3778     175.6802    0.8395    1612.8837    1473.8775  9.598 10.361  762 
   54149.257400   10894.2830     249.4178   10851.0968     249.7066    0.7794    2207.3986    2156.5260  9.693  9.120  762 
   54150.328600    7251.3996     167.2732    7461.8304     169.1474    0.7728    1463.2663    1330.2886 10.819 11.170  762 
   54152.336000    7287.2183     144.8898    7876.0352     148.3238    0.7587     779.9972     680.3759  8.141  8.170  762 
   54152.342500    8341.9826     152.0844    8745.8098     154.8133    0.7907     595.3322     528.5348  5.380  5.635  762 
   54156.154700   12643.3416     200.9210   13319.5842     202.1110    0.7220       0.0000       0.0000 13.974  0.000  762 
   54174.142000    8249.6501     137.9845    8935.4448     141.5768    0.7915     308.6111     271.1928  4.403  3.821  762 
   54174.149600    8357.8645     130.1012    9556.7602     134.5228    0.7536     143.3255     124.5871  2.789  2.018  762 
   54176.305700    7009.3840     157.4584    7351.5595     160.1129    0.6916     841.8259     746.8904  7.653  7.451  762 
   54179.173100    8430.2035     142.4752    9127.6108     145.9918    0.8291     327.2635     284.4724  3.737  3.502  762 
   54201.218300    7518.9238     158.7006    7968.6575     160.8487    0.7865    1298.4361    1166.7061 10.249 10.997  762 
   54201.228100    7200.6315     183.1363    7450.2718     184.2850    0.7413    1153.2332    1075.9839  7.187  7.268  762 
   54201.243600    6840.5882     218.4620    6855.4291     219.1510    0.7439    1076.0918    1031.0132  5.510  5.041  762 
   54205.179300    7282.5640     120.1353    8747.2253     125.5459    0.7332     554.3437     468.9187  8.631  8.933  762 
   54210.346400       0.0000       3.3785       0.0000       3.3785       nan       0.0000       0.0000  0.939  0.000  762 
   54212.180600    5940.6464     196.1496    6049.8241     197.3356    0.5347     568.2093     530.3724  6.191  5.063  762 
   54213.208300    8682.2307     198.3801    8913.3071     199.5436    0.8200     454.0439     425.9409  5.992  5.648  762 
   54230.223800    8228.8887     143.5644    8854.1326     146.6074    0.8396     630.5854     555.0878  7.213  7.849  762 
   54231.221900    9363.3458     210.5659    9421.3584     211.3948    0.8268     377.2462     358.4224  2.564  2.183  762 
   54240.235600   10531.5086     177.4792   10980.6541     178.5975    0.7645     -79.5990     -74.2622 -1.517 -0.745  762 
   54260.157900   12802.3766     174.7711   13364.3571     176.1179    0.8460     523.9984     486.4146  5.121  5.797  762 
   54260.162700   11528.5361     159.6878   12263.0490     161.2909    0.7560     459.0145     420.3222  4.632  4.973  762 
   54260.175900    9930.3921     136.1098   10472.3744     139.7472    0.9029     309.0529     269.0676  4.181  4.295  762 
   54261.162600   13131.5099     189.2615   13413.0045     189.9372    0.8002     336.3961     319.5899  3.250  2.651  762 
   54261.174500   10277.8224     166.4081   10835.6083     167.9618    0.7922     556.0764     508.2907  5.389  5.443  762 
   54264.164600    9400.2626     147.6959    9904.1339     150.3969    0.8420     273.7756     244.1691  3.361  3.857  762 
   54264.180400    8947.8886     134.8186    9303.0013     138.0559    0.7983     134.3609     118.1563  2.439  2.046  762 
   54265.184200    9965.9606     180.7893   10299.8458     181.6772    0.7187    -220.5360    -206.6883 -2.528 -1.888  762 
   54265.195400   11434.7426     165.1957   11820.2313     166.3538    0.8018    -146.2011    -135.7700 -0.438 -1.466  762 
   54275.170700   11083.1490     322.1682   11165.0969     322.3268    0.6820     128.1854     125.7462  0.267  0.946  762 
   54275.178200   10899.0711     292.0359   11016.4988     292.2873    0.6366    -336.6920    -328.2330 -3.691 -2.999  762 
   54384.470800    6352.8277     193.0371    6544.4991     194.2411    0.6525      33.1679      30.8903  0.016  0.206  762 
   54384.481300    4898.9783     178.2726    5239.6323     179.8745    0.5743     284.3944     260.1896  2.658  2.022  762 
   54385.508300    5465.6995     175.2588    5717.1093     177.1760    0.6267     216.3761     196.5395  2.459  2.163  762 
   54386.497100    4829.9454     183.8724    5027.6342     185.2300    0.6249     503.3389     465.7807  2.468  3.388  762 
   54386.502700    3556.9688     188.6181    3592.7464     189.9039    0.4303     313.5583     291.1233  2.534  2.090  762 
   54388.451200    7979.2975     143.9975    8996.1347     146.7718    0.6974     233.2832     207.2656  3.652  3.512  762 
   54533.213700    5014.5606     251.0648    5139.1836     252.4555    0.6348     171.8529     161.0388  0.619  1.111  762 
   54534.352300    6389.1707     256.4409    6396.7182     257.7893    0.8773     434.5601     411.4801  1.954  2.363  762 
   54535.298300    5554.1018     201.0442    5736.1504     205.4051    0.8861     247.3350     217.2625  2.396  2.281  762 
   54536.149900    6130.0824     254.7436    6281.2354     255.7455    0.7141     117.0529     110.7391  1.040  1.032  762 
   54537.401500    6735.4439     180.8555    7122.8650     186.1100    0.6771     312.0426     274.1911  3.478  4.320  762 
   54538.182200       0.0000       5.4646       0.0000       5.4646       nan       0.0000       0.0000  0.000  0.000  762 
   54538.197200       0.0000       4.4646       0.0000       4.4646       nan       0.0000       0.0000  0.000  0.000  762 
   54590.205000    7034.9392     179.1314    7772.3899     184.5399    0.7966      21.6561      18.7042  1.985  0.296  762 
   54792.348600       0.0000       3.1299       0.0000       3.1299       nan       0.0000       0.0000  0.000  0.000  762 
   54792.505800    9173.1905     317.8266    9211.3638     318.0529    0.5462    -768.1109    -750.5318 -6.286 -7.305  762 
   54793.506900    6204.8577     313.4027    6291.2440     313.6592    0.6455    4900.5684    4789.1321 34.157 35.990  762 
   54794.486000    6911.5511     228.1432    7612.4133     231.8674    0.6572    -270.3696    -241.5838 -3.108 -3.215  762 
   54860.203100       0.0000       4.6898       0.0000       4.6898       nan       0.0000       0.0000  0.000  0.000  762 
   54861.126100       0.0000       4.3102       0.0000       4.3102       nan       0.0000       0.0000  0.000  0.000  762 
   54862.262500    8027.1981     284.5481    7945.7325     286.0537    0.7151    -516.3775    -486.1244 -1.825 -2.744  762 
   54912.158000   10727.2289     276.3289   10844.5445     276.5405    0.7000    6966.3376    6790.8547 57.835 56.301  762 
   54914.124500   38718.0016     656.2561   38649.8830     656.2904    0.8544  -15382.8797  -15364.6351 -27.051 -27.862  762 
   55126.484100   10572.0687     254.7543   10980.8289     256.4191    0.7883      68.4265      63.5657 -0.175  0.624  762 
   55126.506900    9553.8971     251.1231   10050.0918     252.8720    0.7986      91.0330      84.5941  1.309  0.847  762 
   55208.301900    3876.1158     203.9124    4479.9842     208.3379    0.5020    -321.5570    -280.7151 -3.154 -3.237  762 
   55208.332500    3944.7753     214.8824    4899.9599     219.1829    0.4691    -382.9457    -334.8377 -3.535 -3.793  762 
   55273.269300     665.1774     237.0466     856.0828     239.9607    0.1777     255.2605     229.9631  1.875  1.802  762 
   55536.296400  -10678.7523     238.9560  -11002.5555     242.5618    0.8752     194.4881     173.3428  0.592  1.720  762 
   55538.328200   -8321.4696     192.0051   -8968.1136     201.0035    0.8008      29.9184      24.8802 -0.592  0.451  762 
   55540.341300  -10558.6658     344.3494  -10815.3042     345.5607    0.8898    -861.3156    -824.2109 -3.320 -3.819  762 
   55599.206500  -12113.7673     326.7838  -12270.3286     327.6476    0.8583    -211.7226    -203.6245 -1.020 -0.999  762 
   55603.163800  -10764.9030     303.8079  -10893.4894     305.5841    0.8143    -428.8432    -400.6298 -4.736 -4.239  762 
   55679.251900  -13790.6821     212.0121  -14770.0309     218.7363    0.8151     123.9115     104.7698  0.944  1.433  762 
   55884.433200  -13790.6821     212.0121  -14770.0309     218.7363    0.8151     123.9115     104.7698  0.944  1.433  762 
   55889.434300  -10283.9809     261.9270  -10635.9953     265.2720    0.8632    -862.0952    -776.2877 -6.085 -6.700  762 
   55924.442100   -5990.3863     184.9525   -6645.1223     195.7162    0.5770    -138.8225    -114.4875 -3.319 -2.331  762 
   55925.373000   -8441.5987     229.0535   -9056.7852     234.0275    0.8319    -235.3374    -207.3833 -2.128 -2.314  762 
   55926.306500   -6782.5931     190.2855   -7991.9909     200.4236    0.7841    -346.3660    -290.4508 -4.326 -4.992  762 
   55927.348900   -7912.4103     239.4801   -8309.3968     244.0987    0.8786    -260.5536    -229.8661 -2.900 -2.695  762 
   55969.114700   -7313.8527     286.6806   -7341.5382     288.2370    0.8322    -975.4678    -915.0087 -6.341 -6.198  762 
   56045.159200   -8899.8346     308.2118   -9124.3132     310.1897    0.8433    -422.6269    -393.1526 -4.617 -3.812  762 
   56215.477100  -23844.2040     263.0499  -23809.7277     267.3863    0.9347    -590.8718    -523.0585 -6.035 -6.122  762 
   56217.469400  -23726.0259     470.1656  -23794.4616     470.8787    0.9703   -3008.3499   -2927.4760 -12.247 -12.243  762 
   56301.275300  -23915.5904     294.1157  -24025.0501     296.8786    0.9724    -348.2852    -320.2533 -2.419 -2.060  762 
