   54116.301000    6810.6609     435.1126    6832.2307     435.3098    0.2231   -3837.4462   -3812.9594 -10.447 -12.238  762 
   54127.317100    5585.3280     364.5299    5599.0708     364.6356    0.3300   -1306.1087   -1290.1636 -9.000 -8.681  762 
   54127.352800    3331.0774     360.5436    3376.0272     360.6423    0.1630   -1104.3205   -1092.8676 -7.202 -6.732  762 
   54149.238000    2024.3552     252.8681    1909.3239     253.6506    0.0174   -1861.6423   -1781.9338 -13.555 -12.108  762 
   54149.257400    4902.4280     332.7890    4859.7459     332.9838    0.3439    -414.8524    -409.6359  1.634 -1.684  762 
   54150.328600    -146.3080     229.0484    -155.2725     229.9456    0.1231    -655.6412    -621.5496 -6.307 -5.197  762 
   54152.336000     870.8630     208.7185     991.7703     210.0288    0.0491    -701.0422    -656.2652 -8.805 -6.858  762 
   54152.342500     866.0995     219.9436     955.1331     220.9125    0.0164    -875.3051    -827.7627 -8.377 -7.687  762 
   54156.154700   -6406.9708     222.1446   -6924.1646     223.8858    0.4797    -820.7201    -766.1260 -17.579 -15.973  762 
   54174.142000    -478.1278     189.6968    -251.8083     191.2599    0.1451    -802.0995    -742.8088 -10.283 -9.887  762 
   54174.149600    -603.6970     175.0211    -280.1677     177.2052    0.1252    -691.9527    -631.5425 -11.967 -10.231  762 
   54176.305700    2280.2643     226.4836    2257.4761     227.4211    0.1136   -1494.3899   -1415.9832 -11.463 -12.337  762 
   54179.173100    1772.2631     199.8613    1838.4638     201.4362    0.2327    -657.6260    -608.5324 -7.297 -6.975  762 
   54201.218300     591.3224     216.2642     422.0267     217.4031    0.0686    -852.6571    -800.8204 -7.640 -7.501  762 
   54201.228100    -657.8448     255.3981    -777.6655     255.9811    0.1804    -577.1867    -556.4378 -4.909 -3.659  762 
   54201.243600    2063.8116     306.5032    2077.0104     306.8353    0.1678    -745.5844    -730.5669 -4.559 -3.529  762 
   54205.179300     684.5060     169.1268    1329.3611     171.2236    0.1055    -494.6214    -446.3483 -7.931 -7.585  762 
   54210.346400    1770.7549     197.6333    1501.0095     199.1176    0.0524   -1200.7623   -1114.5055 -15.091 -12.995  762 
   54212.180600    4323.6714     252.1937    4388.6849     252.7106    0.3295   -1579.5068   -1519.9477 -14.112 -13.417  762 
   54213.208300     335.4434     242.7726     276.5843     243.5505    0.0248    -478.0832    -455.3215 -7.152 -5.550  762 
   54230.223800    1864.3501     193.5690    1853.1377     195.1629    0.1293   -1078.4091    -995.5995 -14.424 -12.931  762 
   54231.221900    2754.4179     282.1086    2757.0358     282.5335    0.2703    -370.9883    -360.2236 -1.914 -2.161  762 
   54240.235600    1086.9293     219.2337     886.8146     220.1352    0.0030    -912.2883    -863.3328 -9.699 -8.885  762 
   54260.157900   -1255.9292     210.0452   -1993.4617     211.5636    0.2719    -818.0681    -762.4066 -10.676 -10.009  762 
   54260.162700   -1294.5089     202.3082   -1942.9360     203.8778    0.2713    -568.6862    -528.2985 -8.316 -6.585  762 
   54260.175900     552.2306     181.6988     614.2621     183.5814    0.0330    -456.9748    -418.6530 -8.130 -6.220  762 
   54261.162600     561.5444     225.0268     350.0030     225.7983    0.0485    -740.8021    -704.0633 -7.440 -6.908  762 
   54261.174500    2170.6286     208.3486    1855.4286     209.5691    0.1028   -1172.3001   -1096.5882 -13.572 -12.295  762 
   54264.164600     695.6375     184.7395     653.6112     186.4938    0.0206    -597.8805    -551.5619 -7.889 -8.629  762 
   54264.180400     813.4757     182.6912    1055.7397     183.9524    0.0768    -614.3728    -572.2328 -10.500 -8.337  762 
   54265.184200    1915.1508     237.5774    1907.6608     238.0755    0.0050   -1941.7692   -1866.0379 -15.210 -15.351  762 
   54265.195400    2518.5874     211.4256    2492.6702     212.1720    0.2006    -902.5314    -856.8045 -8.570 -8.842  762 
   54275.170700     -91.5422     354.3177    -167.7796     354.5010    0.0065      86.4851      84.8933  0.984  0.649  762 
   54275.178200    2570.9376     329.7772    2428.8562     330.0276    0.2251     140.7244     137.5498  0.246  1.206  762 
   54384.470800    1127.2517     263.7894    1065.9850     264.4043    0.0243    -932.4828    -897.3999 -4.715 -5.959  762 
   54384.481300    1386.8359     240.5441    1222.5842     241.3856    0.0512    -929.1820    -884.2988 -7.668 -6.893  762 
   54385.508300    -179.2541     221.4958    -269.7628     222.6784    0.1301    -567.4584    -531.6488 -5.671 -5.948  762 
   54386.497100    1049.7528     250.9830     998.9537     251.6178    0.0275    -853.1432    -819.6579 -5.210 -5.859  762 
   54386.502700    1588.8138     255.8097    1537.1866     256.3652    0.1244    -534.3505    -515.0740 -3.264 -3.601  762 
   54388.451200   -4355.5535     176.1346   -5225.0186     179.0449    0.4192     114.1080     102.0408 -0.335  1.958  762 
   54533.213700     301.7601     338.7557     126.3628     339.5244    0.0737     434.3464     418.3201  1.388  2.882  762 
   54534.352300    2421.8141     371.2450    2433.2030     371.7259    0.3564    -330.0690    -322.0350 -1.045 -1.797  762 
   54535.298300    -334.6603     280.0175    -421.3557     282.0668    0.2813   -1129.7469   -1051.1270 -11.050 -11.156  762 
   54536.149900     933.4470     304.2450     706.1010     305.0973    0.2686    1657.0221    1582.9817 17.003 15.542  762 
   54537.401500    1298.8698     226.7829    1011.9150     230.3424    0.2597     666.9110     608.8806 11.188 10.793  762 
   54538.182200    2076.7902     477.4507    2020.3107     477.7797    0.3399     631.5624     621.0596  3.539  3.176  762 
   54538.197200     466.0352     395.5289     392.4066     396.1262    0.1855     864.9175     838.1052  5.328  6.017  762 
   54590.205000     431.7606     236.7908    -123.2141     240.3111    0.0780     822.0614     748.2898 10.899 11.852  762 
   54792.348600   -1922.1701     248.4201   -2072.1274     249.4240    0.0048    2144.9370    2029.4527 28.931 29.724  762 
   54792.505800    -159.1835     344.5894    -218.1109     344.8322    0.2576    4300.3099    4205.9147 40.083 40.729  762 
   54793.506900    5332.1574     350.8252    5255.8063     351.0274    0.5871    6126.9583    6015.3809 47.003 44.985  762 
   54794.486000     140.1617     287.9315    -195.9627     290.4732    0.0611     669.7975     619.4861  8.437  8.299  762 
   54860.203100      32.9418     374.2667    -143.4012     375.3239    0.1460    1309.8609    1255.1283  8.301  8.321  762 
   54861.126100    -329.2638     360.1335    -512.7024     360.9419    0.0819    1177.5566    1132.1835  9.556  9.019  762 
   54862.262500    2290.7305     391.8521    2248.1734     392.5974    0.5356    1781.2318    1724.2769 10.769  9.988  762 
   54912.158000    2930.0190     323.2654    2641.3180     323.4509    0.3904    7468.3247    7321.5323 57.491 55.391  762 
   54914.124500   70455.4629     985.9001   70906.5586     986.1017    0.7809  -22010.6662  -21974.6497 -0.198 -37.065  762 
   55126.484100     568.1608     322.7661     579.8687     323.8463    0.3921    2013.3487    1914.9733 18.055 18.893  762 
   55126.506900    1707.1761     314.8185    1650.2968     316.0437    0.4927    2057.9792    1954.1174 20.566 20.191  762 
   55208.301900     101.4197     278.6270    -251.1975     280.7085    0.0192     130.0487     120.8548  1.555  1.349  762 
   55208.332500     -17.2211     288.4763    -543.8912     290.9837    0.0595     136.3483     126.0738  0.449  1.396  762 
   55273.269300    1397.7155     333.2430    1323.2640     334.4387    0.3320     797.6059     758.8761  6.912  5.736  762 
   55536.296400    -171.9724     299.3454    -297.2876     300.9100    0.0951     905.4445     847.7191  8.818  8.633  762 
   55538.328200      11.8912     245.1075    -401.1935     249.1643    0.0086     499.1818     448.2339  9.272  7.727  762 
   55540.341300    3105.5825     455.1675    3061.5596     455.6463    0.4066     414.1076     405.9016  3.877  1.936  762 
   55599.206500    -916.9384     418.1850    -983.2907     418.5853    0.1183    2372.4494    2325.8410 12.769 11.752  762 
   55603.163800   -1988.5195     341.7610   -2332.3369     343.0962    0.2758     183.0981     173.4593  6.268  2.027  762 
   55679.251900   -1298.3068     274.8860   -1430.0574     277.4225    0.0947     915.7061     839.5352 11.040 10.551  762 
   55884.433200   -1298.3068     274.8860   -1430.0574     277.4225    0.0947     915.7061     839.5352 11.040 10.551  762 
   55889.434300     567.2936     341.9432     523.5801     343.1467    0.2283    1251.0626    1189.7959 10.253 10.030  762 
   55924.442100    -177.0579     240.6399     -38.9793     245.2258    0.0615     447.1218     402.4717  8.422  7.673  762 
   55925.373000    -806.6094     302.4044    -778.6379     304.1910    0.0886     385.1069     360.8720  3.348  3.870  762 
   55926.306500    -612.6625     250.0048    -480.0238     253.5293    0.0189     417.8859     379.4081  8.821  6.209  762 
   55927.348900     -48.5230     308.1320    -103.8295     310.0557    0.1069     680.8698     636.1422  7.496  7.136  762 
   55969.114700    2121.3880     365.2319    2077.6564     365.8622    0.3904    1074.9108    1040.7812  8.207  7.219  762 
   56045.159200    1238.6746     380.8917    1222.2995     381.7353    0.1639    -116.0306    -111.5194 -0.208 -1.001  762 
   56215.477100   -2966.1725     317.2512   -2992.3461     319.2049    0.4887   -1139.9790   -1061.9438 -11.927 -12.876  762 
   56217.469400    -334.7408     584.4229    -373.7397     584.7784    0.4112   -3599.8421   -3551.6472 -14.390 -15.138  762 
   56301.275300   -2163.1468     388.5373   -2185.7486     389.4682    0.5755   -3227.5993   -3105.2265 -20.426 -20.684  762 
