   54116.301000    -680.7980     433.5092    -747.3595     433.7052    0.0265     399.6598     394.7220  0.638  1.285  762 
   54127.317100   -9835.3941     342.8213  -10053.0180     343.1141    0.5693     209.1037     203.3381  1.964  1.608  762 
   54127.352800   -9423.7073     342.1225   -9655.5704     342.4212    0.5437     112.4807     109.6366 -3.938  0.777  762 
   54149.238000     262.3382     256.7481     317.4060     257.5211    0.0907   -1041.6920    -981.5911 -0.996 -6.836  762 
   54149.257400   -3533.1295     329.9887   -3412.6523     330.2128    0.3117    -783.9575    -767.5544 -4.103 -3.256  762 
   54150.328600    -349.7555     233.3684    -318.2655     234.1391    0.1041    -642.1678    -601.7380 -3.749 -5.124  762 
   54152.336000   -1288.4880     201.2399   -1468.2430     202.4994    0.3478   -1549.8348   -1419.1617 -17.476 -17.644  762 
   54152.342500   -1106.7670     211.1197   -1201.7171     212.1792    0.3105   -1620.6287   -1495.0082 -18.462 -16.632  762 
   54156.154700    2834.7683     232.3443    2850.4146     232.9129    0.3115     254.2077     242.1801  3.959  4.544  762 
   54174.142000    5293.6860     185.9566    5655.9047     187.0710    0.5239    -398.3584    -364.8200 -4.514 -5.548  762 
   54174.149600    7590.3433     174.4308    8254.9232     175.6255    0.5435     -91.0897     -83.0225  1.393 -1.463  762 
   54176.305700    7342.5589     216.9582    7234.3436     217.8571    0.6336    -811.5691    -753.2670 -7.016 -7.702  762 
   54179.173100    8769.0922     196.3651    9106.1130     197.3305    0.6246   -2035.8192   -1868.1181 -17.746 -23.811  762 
   54201.218300    -978.3601     224.4865    -943.2771     225.3121    0.2599   -1182.8347   -1103.0826 -5.838 -10.083  762 
   54201.228100   -2532.8333     263.0639   -2443.2442     263.6512    0.3649    -647.2032    -617.1300  1.218 -3.998  762 
   54201.243600   -7042.9986     310.7746   -7040.6110     311.2522    0.7139    -227.5675    -219.9279 -0.766 -1.078  762 
   54205.179300    -770.0903     163.3443    -961.6679     165.3059    0.1808   -1191.6949   -1076.1223 -16.755 -21.570  762 
   54210.346400     890.6480     204.4093     737.0252     205.3956    0.0324   -1085.2985    -999.2301 -15.313 -11.535  762 
   54212.180600    -214.4622     242.2042    -344.7140     242.8722    0.0670    -196.4156    -185.1878 -1.967 -1.899  762 
   54213.208300    2617.6307     236.2809    2705.1239     236.8106    0.2747    -527.2181    -499.8999 -7.916 -6.710  762 
   54230.223800     610.8607     194.1912     695.9972     195.1932    0.0997   -1526.9875   -1402.6680 -19.260 -19.376  762 
   54231.221900       0.0000       4.8369       0.0000       4.8369       nan       0.0000       0.0000  0.000  0.000  762 
   54240.235600    -384.9769     229.9321    -405.5819     230.5107    0.1668   -1117.2005   -1055.1569 -10.244 -10.219  762 
   54260.157900    -741.9345     225.0985    -741.3116     225.7724    0.2330   -1447.4183   -1359.9505 -17.092 -15.916  762 
   54260.162700   -3451.8579     219.9352   -3571.8363     220.7071    0.5445   -1564.5572   -1463.1714 -15.756 -15.875  762 
   54260.175900   -3099.1962     182.2888   -3410.7588     183.6488    0.5305   -1010.7753    -917.7696 -16.249 -14.700  762 
   54261.162600    3933.5696     247.2306    4057.0063     247.6725    0.1522   -2393.5165   -2287.9692 -13.095 -18.926  762 
   54261.174500    1121.1196     221.0327     985.1536     221.7942    0.0555   -1571.6141   -1468.5170 -13.882 -15.212  762 
   54264.164600    -322.1387     189.2726    -370.4725     190.2966    0.1653   -1061.7875    -976.8749 -16.628 -15.400  762 
   54264.180400   -2335.3632     174.9117   -2931.7497     176.2586    0.4325    -879.6563    -804.5141 -18.965 -14.207  762 
   54265.184200     791.7962     232.8348     640.7282     233.3998    0.0932   -1480.2953   -1400.6119 -12.919 -12.580  762 
   54265.195400    -926.9694     215.5179   -1058.6502     216.1287    0.2205    -854.8298    -804.6472 -9.558 -8.371  762 
   54275.170700    5242.6933     362.3707    5165.5329     362.5403    0.2730   -1619.4593   -1584.3319 -11.135 -11.678  762 
   54275.178200    1902.1691     332.7171    1874.0720     332.9133    0.0972    -789.2801    -768.1956 -7.190 -6.720  762 
   54384.470800    -438.1854     267.5927    -415.0519     268.2522    0.0910    -398.2512    -377.6259  5.136 -2.538  762 
   54384.481300    1118.3934     242.6836    1337.3964     243.3949    0.0942    -524.3946    -492.8098  3.616 -3.968  762 
   54385.508300     575.9023     224.4071     884.3917     225.1783    0.0575    -386.8673    -359.8543  1.363 -4.120  762 
   54386.497100    2181.0528     250.6677    2158.7041     251.3543    0.2736     427.4413     403.5893  7.560  3.040  762 
   54386.502700     651.0286     251.6597     670.0633     252.3451    0.1158     290.8839     274.6603  5.843  2.102  762 
   54388.451200     782.5073     189.0236    1137.9894     189.8010    0.0951    -165.0696    -153.4417 -3.551 -2.530  762 
   54533.213700       0.0000       4.5124       0.0000       4.5124       nan       0.0000       0.0000  0.000  0.000  762 
   54534.352300       0.0000       4.7932       0.0000       4.7932       nan       0.0000       0.0000  0.000  0.000  762 
   54535.298300       0.0000       3.5218       0.0000       3.5218       nan       0.0000       0.0000  0.000  0.000  762 
   54536.149900    2526.5204     324.7441    2549.1242     325.2088    0.0290   -2326.5976   -2232.2385 -16.210 -19.631  762 
   54537.401500     451.3557     250.9111     564.5822     252.2666    0.1041   -1437.9093   -1338.5202 -20.437 -19.775  762 
   54538.182200     317.3108     494.5658     328.5602     494.9519    0.0768     325.3133     317.8145  6.099  1.555  762 
   54538.197200     697.4725     404.6265     756.1491     405.1781    0.0098    -869.6379    -836.5585 -2.177 -5.913  762 
   54590.205000     860.7237     247.4251    1041.8139     248.8843    0.0482    -852.0759    -781.9128 -8.552 -11.905  762 
   54792.348600     296.6382     259.4824     153.2259     260.0811    0.0002    -164.2468    -155.6773 -1.510 -2.144  762 
   54792.505800    5103.1008     349.3877    5079.0133     349.5361    0.1755   -2456.9006   -2399.6099 -19.557 -23.022  762 
   54793.506900    9058.6344     347.4452    9081.7852     347.5933    0.4434   -1208.0459   -1182.0521 -0.454 -9.343  762 
   54794.486000    2299.6678     298.1482    2327.4230     299.4367    0.3895     920.8275     853.0183 16.650 11.210  762 
   54860.203100    7076.4636     385.8714    7204.3220     386.6186    0.6556    1069.7150    1019.2285  9.657  6.596  762 
   54861.126100    7423.4471     371.4127    7434.1804     372.0036    0.6620     461.1829     441.4457  5.814  3.396  762 
   54862.262500    1943.1796     398.8370    1640.2257     399.7640    0.2600    1239.6990    1181.7832  8.773  6.915  762 
   54912.158000    9066.0325     322.9428    9092.8608     323.0816    0.0388   -8522.4203   -8327.3476 -54.710 -64.849  762 
   54914.124500    5727.4544    1001.0418    5172.6690    1001.1869    0.5472   34932.8751   34857.9654 56.859 58.652  762 
   55126.484100     -98.3226     332.9765     -95.2894     333.9551    0.1468    1214.5215    1141.4337 12.842 11.256  762 
   55126.506900     742.5997     329.0164     806.4336     329.9111    0.2587    1115.8133    1051.8428 11.446 10.543  762 
   55208.301900   -3123.3747     285.7681   -3307.4949     287.4193    0.2726    1724.2107    1578.1487 21.398 18.315  762 
   55208.332500     -64.4059     299.5911     -14.1081     300.9894    0.2769    1673.0143    1539.3445 22.567 16.876  762 
   55273.269300    3200.1540     341.9755    3181.4946     343.0228    0.5322     820.0171     769.3635  6.057  5.868  762 
   55536.296400    1354.3815     309.0906    1160.0098     310.3472    0.3719    2696.2794    2497.8282 26.157 25.217  762 
   55538.328200    9954.6740     246.0294   10668.0946     247.3068    0.5765    1387.8593    1266.8265 25.041 22.345  762 
   55540.341300    2333.1597     461.5814    2274.2530     462.1686    0.4938    4098.2943    3970.2762 22.386 19.011  762 
   55599.206500    4381.1184     427.0498    4392.2042     427.4923    0.5233    2473.1390    2404.2164 13.895 12.016  762 
   55603.163800    2727.0562     363.0543    2790.5618     363.6764    0.4903    2528.0445    2407.4634 31.485 25.289  762 
   55679.251900    4440.2743     274.1699    4282.7285     275.7394    0.6643    1037.4906     946.2296 11.702 12.666  762 
   55884.433200    4440.2743     274.1699    4282.7285     275.7394    0.6643    1037.4906     946.2296 11.702 12.666  762 
   55889.434300    4472.8115     343.2662    4402.9827     344.3805    0.5322     826.0816     773.5838  8.303  6.881  762 
   55924.442100       0.0000       2.5459       0.0000       2.5459       nan       0.0000       0.0000  0.000  0.000  762 
   55925.373000   -2152.6478     301.7816   -2378.3583     303.2939    0.2603     475.7560     438.9659  9.872  5.124  762 
   55926.306500   -4554.5512     252.3894   -5404.3431     255.5123    0.4054     567.7581     509.0222  8.597  9.115  762 
   55927.348900   -2861.8027     308.2313   -3039.8846     309.7544    0.4155     254.5751     234.4634  8.639  2.848  762 
   55969.114700   -2821.9962     372.0678   -3001.2395     372.9877    0.0759    2332.5456    2217.9090 20.289 15.741  762 
   56045.159200    7987.6816     376.7633    7935.4300     377.4665    0.7610     930.2040     884.5743  7.816  8.472  762 
   56215.477100   -1680.6988     362.7296   -1780.5636     363.7583    0.3572   -1215.6658   -1151.5148 -6.322 -10.721  762 
   56217.469400   -4365.5742     622.0352   -4350.9706     622.3701    0.5359   -2466.1209   -2425.5316 -6.511 -9.476  762 
   56301.275300    2129.8789     427.3102    2138.3215     428.0507    0.0442   -2622.1465   -2525.9559 -11.139 -14.354  762 
