   54116.301000    7379.3005     423.2457    7099.4241     423.6689    0.2583   -3181.4891   -3127.0837 -10.459 -10.164  762 
   54127.317100    -900.2770     343.9183   -1860.1578     344.7995    0.0899      26.1180      25.1100 -1.784  0.196  762 
   54127.352800   -1625.5732     341.9259   -2575.6662     342.7179    0.0794     871.5711     841.7597  2.951  5.884  762 
   54149.238000    4107.1850     254.8931    4598.6702     257.2456    0.4176      78.6379      72.0401  0.606  0.499  762 
   54149.257400    8800.9911     324.4835    8775.9638     325.0460    0.3403   -4260.0709   -4135.8452 -18.113 -17.534  762 
   54150.328600    8166.5294     232.9880    8791.7124     235.6287    0.6836     640.5528     581.7781  4.899  4.893  762 
   54152.336000    5507.3827     204.9542    5858.7083     210.4703    0.5004    -817.6434    -708.3435 -9.537 -8.636  762 
   54152.342500    6182.5983     213.7589    6046.1478     218.5092    0.4762    -767.4853    -674.0852 -9.170 -7.370  762 
   54156.154700    4806.1972     241.8160    5448.8719     245.1902    0.4214     907.5762     829.3107 15.614 15.087  762 
   54174.142000      39.7851     194.0200     936.2330     200.4475    0.0827      63.2260      54.1130  1.186  0.798  762 
   54174.149600     467.6446     183.8294    2481.8963     191.5846    0.1786     292.4995     246.8890  4.187  4.187  762 
   54176.305700    5263.4935     220.8240    4646.6539     225.1238    0.4259    -371.3199    -327.5687 -2.993 -3.305  762 
   54179.173100    6027.0427     202.2671    7654.3580     207.4018    0.5063    -680.4219    -587.5463 -6.831 -7.320  762 
   54201.218300   -3631.1519     226.4974   -3106.3931     229.6247    0.3086      51.0156      45.7745 -0.643  0.414  762 
   54201.228100   -4786.7209     261.1409   -4332.3774     262.7895    0.4398    -133.4882    -124.5801  0.644 -0.806  762 
   54201.243600   -7509.6900     306.0916   -7536.0886     307.2818    0.7895    -804.2543    -766.3596 -3.746 -3.747  762 
   54205.179300    -375.1627     171.4698    -177.4658     181.6821    0.0398    -539.9760    -449.1096 -7.508 -8.660  762 
   54210.346400    5260.5573     207.5787    6055.8976     211.4946    0.4584    -180.9261    -159.5862  0.137 -1.809  762 
   54212.180600    -273.1034     246.4129   -1191.6286     249.4358    0.0688     494.7175     449.9179  3.769  4.533  762 
   54213.208300    4693.4054     242.1875    5605.3288     244.7635    0.5145     556.7979     510.0010  6.232  6.707  762 
   54230.223800    6369.2212     198.6646    7926.0717     203.2085    0.5482    -817.8950    -713.7964 -8.285 -9.668  762 
   54231.221900    3392.9097     281.5620    3602.4022     283.0181    0.2335   -1572.2919   -1478.9802 -7.954 -9.066  762 
   54240.235600    5506.0721     231.4483    6232.5579     233.4917    0.4805     -82.2848     -75.5631 -0.862 -0.724  762 
   54260.157900   11656.2776     227.0296   13337.7236     229.2795    0.6081    -852.1781    -779.3651 -7.127 -8.964  762 
   54260.162700    7506.9703     220.8592    8345.5048     223.3970    0.5726    -887.2377    -804.4165 -8.257 -8.631  762 
   54260.175900    4913.6880     187.3614    6042.8850     193.2671    0.5618    -296.3686    -254.2168 -3.816 -3.973  762 
   54261.162600   14143.7852     245.7445   15434.9782     246.7345    0.5969    -689.1336    -649.4399 -1.768 -5.318  762 
   54261.174500    9702.8321     222.3555   10659.9018     224.8043    0.6579    -710.4905    -643.8853 -6.412 -6.581  762 
   54264.164600    5967.9428     194.8597    7141.3471     199.6255    0.5124    -568.2622    -497.4028 -6.083 -7.647  762 
   54264.180400    1363.9491     181.6104     599.3554     188.0557    0.0329    -384.7032    -330.6758 -5.452 -5.680  762 
   54265.184200    3728.8631     234.0797    3772.0496     236.0441    0.3600    -497.7206    -458.4500 -3.092 -4.073  762 
   54265.195400    3792.8860     217.4454    3900.2132     219.7633    0.3569    -133.9025    -122.3629 -0.948 -1.259  762 
   54275.170700    3708.8457     363.6327    3865.8785     364.1181    0.2772     -39.8381     -38.6139 -0.724 -0.282  762 
   54275.178200    5165.5366     335.1336    5253.5058     335.8536    0.3015   -1065.7287   -1023.2483 -8.664 -8.867  762 
   54384.470800    5942.6025     265.4190    6103.6448     267.2586    0.4380   -1052.7043    -976.3199 -6.972 -6.525  762 
   54384.481300    5980.5839     242.7094    6592.6304     245.0862    0.4446    -443.4727    -404.0351 -1.967 -3.214  762 
   54385.508300    1886.9284     229.3057    2752.6822     232.6878    0.1733    -454.0466    -404.4795 -1.461 -4.545  762 
   54386.497100    3209.5293     250.4317    3395.6611     252.5369    0.3642     367.8665     338.2475  3.126  2.522  762 
   54386.502700    1937.9205     251.8208    2057.6966     253.9648    0.2214     157.2218     144.5141  0.105  1.092  762 
   54388.451200    4508.8109     195.6607    5887.0104     200.2606    0.3369    -175.7249    -154.2792 -3.269 -2.482  762 
   54533.213700       0.0000       4.5333       0.0000       4.5333       nan       0.0000       0.0000  0.000  0.000  762 
   54534.352300    2671.8081     362.2774    2611.8362     364.4140    0.2111   -1022.9592    -961.6604 -4.963 -5.758  762 
   54535.298300       0.0000       3.5527       0.0000       3.5527       nan       0.0000       0.0000  0.000  0.000  762 
   54536.149900    5234.3462     325.8048    5672.8794     327.4759    0.2732   -1646.2323   -1545.7821 -11.646 -13.505  762 
   54537.401500    3325.7996     257.6696    5131.3364     264.0652    0.3344    -436.9488    -387.0917 -1.634 -5.623  762 
   54538.182200    6042.5458     487.8312    6112.7870     488.6992    0.4823    -770.8997    -747.2725 -3.938 -3.650  762 
   54538.197200    5086.1739     403.8590    5400.4221     405.5250    0.4470    -640.6688    -606.1111 -2.998 -4.253  762 
   54590.205000    -460.5024     256.2977     988.9375     263.9035    0.0613    -470.7964    -405.7006 -4.086 -6.054  762 
   54792.348600   -7232.2768     268.8314   -8136.9373     271.8899    0.6583   -1956.5228   -1782.7221 -22.586 -23.951  762 
   54792.505800   -1509.5247     354.7038   -1349.3721     355.4060    0.2468   -2658.1181   -2554.4357 -22.427 -24.195  762 
   54793.506900    2618.6174     351.2148    3030.8887     351.8432    0.0781   -1603.5402   -1546.6561 -10.521 -12.048  762 
   54794.486000    -838.5732     308.4295    -498.6361     315.1933    0.0052     619.3093     542.2673  7.480  6.989  762 
   54860.203100    3105.3471     384.9875    3672.6979     387.5575    0.3356    -346.4869    -321.5930 -0.791 -2.071  762 
   54861.126100    1649.3762     374.1596    1743.1386     376.2383    0.1343    -453.2650    -423.6327 -2.897 -3.233  762 
   54862.262500   -7111.1708     398.5919   -8303.4589     401.5448    0.6189   -2022.6732   -1879.2390 -11.577 -10.933  762 
   54912.158000   13627.7101     323.9180   14139.1050     324.2958    0.1848   -9275.2167   -8977.2300 -65.857 -69.754  762 
   54914.124500   66590.4765     971.2198   66264.7272     971.4335    0.7569  -18286.1025  -18225.6257 -28.623 -30.299  762 
   55126.484100    1749.0773     336.7478    1450.6033     340.3786    0.2184     275.9069     250.9685  0.973  2.439  762 
   55126.506900    2538.4487     333.0766    2806.9355     336.6212    0.3733     531.3407     484.5385  3.135  4.780  762 
   55208.301900   -5572.7480     292.4460   -6472.5545     299.5700    0.6197     971.4995     843.0510  7.818  9.608  762 
   55208.332500   -1930.1938     306.2842    -835.7296     312.4217    0.0058     881.5855     770.8893  8.502  8.321  762 
   55273.269300     324.0446     342.9096     492.9645     346.6404    0.0211    -688.5619    -624.2922 -4.941 -4.730  762 
   55536.296400     612.2578     314.7348     192.4196     319.6131    0.0656     597.9923     530.7591  5.871  5.270  762 
   55538.328200     230.7471     261.6957     368.4864     272.9629    0.0829     840.4134     699.7460 10.767 11.992  762 
   55540.341300    6008.3423     455.4698    5744.5864     457.0164    0.4731    -107.8251    -103.0662  0.850 -0.491  762 
   55599.206500    1241.2670     423.3424    1085.9420     424.5633    0.0754   -1953.3791   -1874.3287 -7.944 -9.345  762 
   55603.163800   -5230.2115     371.6797   -5108.2089     374.7146    0.3481    1440.4518    1325.3382 15.563 13.730  762 
   55679.251900    5233.0853     282.5807    5569.0367     290.3651    0.7025     449.9989     386.8519  5.236  5.076  762 
   55884.433200    5233.0853     282.5807    5569.0367     290.3651    0.7025     449.9989     386.8519  5.236  5.076  762 
   55889.434300    -416.3940     347.9189   -1195.0750     352.6394    0.1342     -19.3734     -17.4551  0.728 -0.153  762 
   55924.442100   -3607.6593     257.1996   -5579.6497     272.9446    0.3513       0.0000       0.0000 -8.083  0.000  762 
   55925.373000   -6835.5887     310.3296   -8192.9443     317.5916    0.7025    -436.9863    -381.9025 -3.463 -4.370  762 
   55926.306500   -9205.0882     264.7934  -12921.7089     280.2144    0.6259      -6.2595      -5.1805 -2.415 -0.090  762 
   55927.348900   -4440.4469     316.6204   -4892.3513     323.5473    0.6346     -41.7035     -36.4659 -0.468 -0.434  762 
   55969.114700   -3954.6743     372.0918   -4711.9415     374.8183    0.3356     512.4344     476.0936  1.758  3.339  762 
   56045.159200   -3783.2022     384.4134   -4479.1421     387.9038    0.4714    -298.9301    -274.5790 -2.647 -2.603  762 
   56215.477100   -1035.5264     364.5470    -675.8196     368.2426    0.0747    -307.9174    -282.6683 -2.403 -2.626  762 
   56217.469400    -183.9061     610.1149    -239.3088     610.8985    0.1541   -1336.7085   -1306.0592 -4.519 -5.108  762 
   56301.275300   -2695.9537     422.1398   -2631.0940     424.2998    0.3231    -779.6841    -736.1965 -4.543 -4.186  762 
