   54116.301000   13012.9481     375.1791   12837.1729     375.5238    0.6588   -3485.1000   -3429.1812 -11.513 -11.043  762 
   54127.317100    6693.5940     344.2415    6516.0986     344.6034    0.3677    -754.1412    -736.5793 -3.138 -4.993  762 
   54127.352800    5199.1457     338.7624    5084.0756     339.1168    0.3779     562.4281     550.0474  1.360  3.379  762 
   54149.238000    9429.5188     220.5364    9730.0947     222.7687    0.7817      42.9237      39.3261  0.455  0.271  762 
   54149.257400   12002.4037     293.7005   11857.4807     294.1815    0.6058   -3567.5274   -3471.4294 -13.907 -14.392  762 
   54150.328600   10050.4724     204.9928   10740.5693     207.3276    0.8052    -345.6427    -314.7251 -2.475 -2.626  762 
   54152.336000    8911.1511     185.0504    9019.3332     189.1456    0.7037    -545.5780    -481.0407 -4.341 -5.268  762 
   54152.342500   10646.6727     193.8379   10386.3446     197.1360    0.7259    -713.2591    -639.7771 -6.027 -6.218  762 
   54156.154700   16603.3456     214.1009   17827.9031     216.9085    0.6908     490.8445     456.3760  8.646  9.153  762 
   54174.142000    6788.7459     172.5788    7117.6328     177.3879    0.7188     313.6581     276.7787  2.874  3.690  762 
   54174.149600    8571.3773     160.1944    9015.9848     166.7599    0.8173      68.1535      59.6486  2.061  0.945  762 
   54176.305700    6943.7093     200.2227    7127.4239     203.2739    0.7553    -132.9512    -119.4737 -2.004 -1.089  762 
   54179.173100    5110.2392     180.5163    5601.3035     185.1875    0.6680    -138.1228    -120.4606 -1.500 -1.405  762 
   54201.218300    1342.6994     196.2396    1916.5894     199.2943    0.1997    -389.5225    -346.4636 -3.237 -3.271  762 
   54201.228100     939.3245     226.1559    1212.5967     227.8425    0.0829    -668.5136    -620.1076 -2.482 -4.146  762 
   54201.243600    1316.8601     268.0877    1341.5373     269.1019    0.0848    -849.4577    -811.4508 -4.876 -3.930  762 
   54205.179300    3599.6533     154.1153    2982.4009     161.7483    0.3249    -331.2322    -279.5671 -4.987 -4.894  762 
   54210.346400    3037.1497     183.3964    3260.4538     187.2518    0.5811    1324.2094    1159.8379 15.618 13.476  762 
   54212.180600    1806.9373     233.0923    1708.2915     234.8506    0.3577    2047.4210    1901.7436 15.483 16.994  762 
   54213.208300    3051.3167     227.9868    3200.0446     230.0230    0.5372    1537.6751    1420.3603 16.881 17.820  762 
   54230.223800    2220.5022     177.7565    2286.9695     182.3516    0.3234    -123.3431    -106.8168  0.501 -1.440  762 
   54231.221900    -128.8907     253.5005    -286.1506     254.8686    0.0332      36.0205      33.8916  0.370  0.204  762 
   54240.235600     327.3294     205.8658     660.3273     208.0521    0.0588     -84.9195     -77.1776  0.805 -0.791  762 
   54260.157900   -2212.3471     201.4125   -1463.9415     204.3120    0.1353     195.2549     174.6284  2.095  2.218  762 
   54260.162700     308.2350     189.1976    1155.1683     192.3957    0.1178     186.1993     165.1560  2.049  2.051  762 
   54260.175900      80.7144     168.7853    -172.9430     174.2582    0.0150     109.2573      93.6218  2.136  1.430  762 
   54261.162600   -1408.2583     215.1083    -856.7808     216.6884    0.0499     353.7687     325.8908  3.639  2.995  762 
   54261.174500   -1751.8046     196.2675   -1379.9841     199.2617    0.1462     375.6533     334.2678  1.689  3.707  762 
   54264.164600     570.2454     174.9836     663.2999     179.5344    0.0709    -234.0764    -204.2457 -3.137 -3.212  762 
   54264.180400     628.3354     168.0152     104.7148     172.5152    0.0327     103.1022      90.3183 -0.585  1.397  762 
   54265.184200   -1703.4759     217.0268   -1910.2791     218.7057    0.1864     448.9154     415.0260  3.597  3.553  762 
   54265.195400    -282.0518     196.1879    -112.2870     198.3168    0.0233     -79.2829     -72.1263  0.113 -0.761  762 
   54275.170700   -2197.6227     342.5692   -2189.6182     343.0135    0.3003   -1355.2365   -1313.5504 -9.327 -10.016  762 
   54275.178200   -2212.7514     316.0400   -2152.0049     316.6568    0.2668    -940.3465    -905.3922 -8.692 -8.120  762 
   54384.470800   37110.2071     229.1472   37504.8448     230.3560    0.9465     248.4080     233.5121  1.347  1.546  762 
   54384.481300   35989.6453     211.1443   36571.4591     212.7580    0.9481     -24.3945     -22.6051  0.373 -0.174  762 
   54385.508300   34484.1092     200.0558   35852.6988     202.1078    0.9124     123.5599     113.3056  2.477  1.247  762 
   54386.497100   35035.8678     219.3809   35524.1799     220.6490    0.9373    -201.0946    -188.2779 -0.810 -1.341  762 
   54386.502700   34145.3740     224.6383   34569.3375     225.8228    0.9336     596.6799     561.5084  2.453  3.901  762 
   54388.451200   36831.7670     159.6279   40023.5871     163.4590    0.8822      26.0559      23.0188  1.761  0.422  762 
   54533.213700    9801.0794     301.6384   10213.7850     303.4168    0.6822    -262.3276    -244.8442 -1.936 -1.691  762 
   54534.352300    9103.5917     323.0498    8938.7254     324.7529    0.8330     357.3627     338.7027  2.002  1.888  762 
   54535.298300   11968.1208     249.9789   12936.7152     255.0186    0.8109      56.2458      49.6898  0.282  0.523  762 
   54536.149900   12909.2790     283.4576   13559.4342     285.0641    0.7794    -894.6274    -836.1179 -7.019 -8.156  762 
   54537.401500    8936.8490     212.5445   10201.8762     220.4224    0.6742    -128.1250    -109.9900 -2.949 -1.903  762 
   54538.182200   13796.9585     433.7731   13841.7190     434.5389    0.8314   -1376.4573   -1333.0121 -6.615 -6.774  762 
   54538.197200   12829.8127     366.1033   13044.2745     367.4284    0.8441   -1193.7269   -1134.8600 -8.920 -7.981  762 
   54590.205000   25549.4917     212.5142   28505.0585     218.7666    0.7933    -453.1604    -392.5847 -7.168 -6.281  762 
   54792.348600       0.0100     243.6916     182.1213     245.9326    0.0293      69.2765      63.9672 -0.238  0.901  762 
   54792.505800    1372.7906     335.2379    1432.3804     335.7814    0.0473   -2281.1743   -2203.3135 -20.333 -21.461  762 
   54793.506900     540.6079     339.4373     556.7968     339.9709    0.2156   -3271.2730   -3168.5496 -23.578 -23.429  762 
   54794.486000     645.2492     270.2307    1650.5330     276.2300    0.1812     276.2765     242.2230  4.101  3.249  762 
   54860.203100   29509.4311     325.5057   30281.0363     327.5244    0.9027       7.3074       6.8125  0.432  0.045  762 
   54861.126100   27282.5252     331.2620   27746.0274     332.6319    0.9178    -315.9440    -298.6048 -2.197 -2.301  762 
   54862.262500   27771.7422     342.4663   27984.4775     344.0848    0.9239    -289.5082    -273.7149 -0.667 -1.556  762 
   54912.158000   -7749.7603     305.6736   -7508.7863     306.0921    0.5870   -5500.4382   -5309.9288 -43.317 -41.907  762 
   54914.124500   37938.6585     809.6488   37697.2145     809.7560    0.5305  -22713.9306  -22663.5523 -39.809 -39.614  762 
   55126.484100   11654.2254     297.7248   12199.9698     300.3164    0.8027     800.9070     737.1112  5.992  7.243  762 
   55126.506900   11564.4527     291.6586   12318.1422     294.4788    0.8085     698.7729     642.5069  7.090  6.549  762 
   55208.301900   -8530.0169     256.8329   -8482.2961     263.0068    0.8139    1033.5381     898.0094 10.193 10.118  762 
   55208.332500   -9160.6212     266.3102   -8793.2546     273.0832    0.7964    1407.7475    1214.6598 15.129 13.644  762 
   55273.269300    7817.2994     293.4782    8032.7808     296.8424    0.7613     115.1621     104.3217  0.833  0.803  762 
   55536.296400    3742.0720     277.6166    4085.5566     281.6361    0.5989      75.1253      67.2524  0.751  0.676  762 
   55538.328200    2868.7627     227.1623    3392.5095     237.4883    0.5214       6.3738       5.3510  0.580  0.095  762 
   55540.341300    4452.1392     405.3373    4379.4268     406.6682    0.4875    -371.3809    -355.6649 -1.557 -1.664  762 
   55599.206500    2232.4649     376.2518    2085.6471     377.3495    0.3386    1346.5867    1293.1790  5.426  6.429  762 
   55603.163800    3666.8653     328.0701    4006.9494     330.7688    0.5044     324.6842     299.6069  2.102  3.383  762 
   55679.251900    1475.9713     251.9340    1699.5867     258.9670    0.3147     366.4606     314.2923  3.067  4.097  762 
   55884.433200    1475.9713     251.9340    1699.5867     258.9670    0.3147     366.4606     314.2923  3.067  4.097  762 
   55889.434300   -5107.7834     313.6176   -5445.3460     317.6104    0.6013     360.1693     326.3419  3.192  2.753  762 
   55924.442100   -3119.8465     223.0800   -4164.4144     236.6631    0.4319    -115.0616     -95.7947 -3.148 -1.890  762 
   55925.373000   -4480.4550     278.0283   -4364.8326     283.5072    0.6382     361.5758     320.8761  2.653  3.457  762 
   55926.306500   -3088.0233     231.5408   -3821.9309     242.6983    0.4554     208.8855     178.1504  3.633  2.946  762 
   55927.348900   -4153.7705     285.7459   -4172.8580     291.2914    0.6162     434.1539     384.2795  3.745  4.351  762 
   55969.114700   15043.0726     331.6206   15269.1515     333.2755    0.8855    1083.0582    1020.7759  6.538  6.937  762 
   56045.159200   -3240.8131     353.0616   -3440.1749     355.6739    0.3469     754.9827     699.7694  6.985  6.485  762 
   56215.477100   17285.4462     285.5169   17897.9869     290.7885    0.9128     242.4120     217.5940  2.387  2.737  762 
   56217.469400   19909.7642     518.4627   19883.8725     519.1960    0.9285    -715.4871    -697.1917 -3.536 -2.991  762 
   56301.275300   -3875.0695     344.7496   -4224.7057     348.0080    0.5467     367.4996     338.5202  2.815  2.284  762 
