   54116.301000   20888.2467     468.1911   20888.6456     468.6259    0.7544     213.9127     210.0437  8.587  0.683  762 
   54127.317100   -7142.8677     362.8300   -8613.3312     364.0985    0.2632      23.9413      22.9603  0.263  0.180  762 
   54127.352800   -5063.3862     362.0645   -6265.8934     363.0018    0.1718     599.9445     579.9693  3.377  4.086  762 
   54149.238000       0.0000       4.5135       0.0000       4.5135       nan       0.0000       0.0000  0.000  0.000  762 
   54149.257400       0.0000       6.2845       0.0000       6.2845       nan       0.0000       0.0000 -0.722  0.000  762 
   54150.328600    9232.6205     258.0791    9917.5178     261.6693    0.5861   -1326.0322   -1205.8567 -10.704 -10.219  762 
   54152.336000    5230.1748     227.9593    4591.8348     236.0691    0.2946   -1646.8860   -1416.2891 -14.562 -17.296  762 
   54152.342500    4279.3539     238.0266    3553.3576     244.7799    0.1784   -1683.6369   -1471.7684 -14.027 -16.116  762 
   54156.154700   -1904.8029     257.0376    -158.3381     262.3189    0.0111     -56.9489     -50.9780 -4.624 -0.947  762 
   54174.142000    3358.5921     213.4057    5242.0040     222.3333    0.2595    -305.9947    -259.8540 -6.913 -3.861  762 
   54174.149600    5058.0177     201.9098    8851.7108     212.5816    0.3571     -68.6074     -57.2607 -3.761 -0.984  762 
   54176.305700    8289.1917     244.1854    7145.0655     250.2229    0.4474    -471.3037    -416.8301  2.517 -4.206  762 
   54179.173100     224.7811      42.8937    9019.3627     230.7885    0.4672       0.0000       0.0000 -13.627  0.000  762 
   54201.218300    4094.5531     249.6614    5180.9098     253.6599    0.2925   -1503.5711   -1353.0475 -13.773 -12.298  762 
   54201.228100    4208.7455     288.9157    4934.5739     290.8414    0.2750   -1285.7410   -1207.1311 -11.119 -7.799  762 
   54201.243600    2636.8545     339.4373    2659.9395     340.7073    0.1997   -1153.9943   -1103.5840 -5.862 -5.417  762 
   54205.179300    9019.8525     188.2811   11494.4555     201.5043    0.3951    -907.6893    -747.8858 -14.045 -14.482  762 
   54210.346400   13496.5199     226.9713   14197.2455     232.5188    0.5904    -377.3528    -331.7786  2.838 -3.787  762 
   54212.180600    -270.6035     267.2896   -1097.6629     271.5961    0.1130    -522.7288    -472.9758 -1.829 -4.800  762 
   54213.208300    2220.2110     260.1549    3192.3092     264.3942    0.1947    -769.3649    -695.2163 -9.929 -9.174  762 
   54230.223800    3155.9364     219.6848    3644.4913     226.9461    0.1747   -1267.9753   -1091.2284 -12.996 -14.787  762 
   54231.221900       0.0000       4.8603       0.0000       4.8603       nan       0.0000       0.0000  0.000  0.000  762 
   54240.235600    3817.2575     251.1858    4133.0935     254.4255    0.1818    -999.3706    -913.8554 -0.434 -8.806  762 
   54260.157900    1071.2776     247.5207    1448.7258     251.8328    0.0009   -1586.5576   -1430.0499 -12.890 -16.638  762 
   54260.162700   -4075.1220     243.6634   -5116.4209     248.2374    0.4180   -1629.3734   -1459.3798 -13.978 -15.705  762 
   54260.175900     437.6619     206.7018    -580.5815     216.1817    0.0635    -614.8566    -518.6890 -2.888 -8.137  762 
   54261.162600    5219.9663     268.1152    6446.0834     269.7537    0.1811   -1844.5349   -1729.6523 -12.361 -14.389  762 
   54261.174500    -958.4665     244.4818    -802.7595     248.5803    0.0691    -348.7578    -312.9420  1.989 -3.220  762 
   54264.164600    2494.7307     213.0280    3488.2176     220.4028    0.1604    -518.8349    -445.7823 -3.982 -6.910  762 
   54264.180400   -3308.7401     200.1491   -5227.5194     209.7219    0.3630    -120.8483    -101.8477 -1.802 -1.748  762 
   54265.184200    4114.9198     254.8857    3398.6343     257.8288    0.2679    -155.3307    -142.6264  0.637 -1.265  762 
   54265.195400    2728.0356     236.6139    2612.1336     240.1611    0.1680    -698.8661    -634.5536 -1.283 -6.536  762 
   54275.170700   22176.0734     378.4957   22120.2170     379.1639    0.8037   -1818.4181   -1761.2015 -7.355 -12.948  762 
   54275.178200   21237.9088     349.5721   21238.2187     350.6482    0.7456   -1279.6033   -1226.0911 -2.824 -10.629  762 
   54384.470800   -1974.2497     295.4815   -1819.2851     297.9139    0.0737     704.7038     652.9360  8.259  4.386  762 
   54384.481300    -636.5705     269.9003    -164.5721     273.1008    0.0249    -300.3639    -273.2771 -1.080 -2.193  762 
   54385.508300   -4022.3030     251.0830   -1977.2684     255.9791    0.1196    -307.5618    -271.3215 -1.810 -3.081  762 
   54386.497100   -2746.8702     278.2541   -2645.5382     281.0044    0.1433     351.3252     323.1557  1.624  2.431  762 
   54386.502700   -4087.4794     279.1225   -4423.4223     282.0319    0.3061     322.2552     296.0439  2.724  2.259  762 
   54388.451200    -767.9321     214.8078    2665.8077     221.4014    0.0899    -269.7691    -232.6888 -8.035 -3.803  762 
   54533.213700       0.0000       4.5343       0.0000       4.5343       nan       0.0000       0.0000  0.000  0.000  762 
   54534.352300       0.0000       4.8150       0.0000       4.8150       nan       0.0000       0.0000  0.000  0.000  762 
   54535.298300       0.0000       3.5444       0.0000       3.5444       nan       0.0000       0.0000  0.000  0.000  762 
   54536.149900   -5867.6339     352.9805   -5158.4280     355.6747    0.3139   -1742.0491   -1628.3171 -10.367 -14.323  762 
   54537.401500   -7433.4033     286.0456   -6296.2682     296.5789    0.3006   -1140.6728    -991.0307 -20.517 -14.533  762 
   54538.182200   -8249.3373     533.4876   -8324.4979     534.5553    0.6769   -1552.0731   -1501.8818 -5.061 -7.371  762 
   54538.197200  -11779.0276     439.9515  -11692.5723     442.7256    0.8019   -1995.1597   -1876.2707 -13.208 -13.279  762 
   54590.205000       0.0000       2.9367       0.0000       2.9367       nan       0.0000       0.0000  0.000  0.000  762 
   54792.348600    1060.6974     283.5437     316.8492     288.1273    0.0456   -1330.4051   -1197.4385 -15.564 -16.329  762 
   54792.505800    6435.1984     367.4314    6945.0474     368.5250    0.2306   -2488.5370   -2377.3792 -24.986 -22.650  762 
   54793.506900       0.0000       4.1853       0.0000       4.1853       nan       0.0000       0.0000  0.000  0.000  762 
   54794.486000    6333.2815     335.2514    8005.5199     344.4605    0.4466     -19.5641     -17.0035 -0.063 -0.221  762 
   54860.203100    4043.5749     427.7055    4642.8137     430.9633    0.2526    -985.1943    -915.0084  3.081 -5.914  762 
   54861.126100    1109.0046     404.8565    1707.9512     407.8175    0.0272   -1373.9668   -1281.8281 -1.367 -9.907  762 
   54862.262500   -1093.2309     440.6056   -2406.6054     443.9794    0.1117      -2.9069      -2.7095  5.690 -0.016  762 
   54912.158000    6372.3559     341.3240    6815.0723     342.0511    0.1971  -13307.7207  -12802.6182 -96.967 -99.148  762 
   54914.124500  232735.7518    1050.2606  235584.3396    1051.3340    0.7893  -21270.2860  -21178.6246 59.501 -35.556  762 
   55126.484100  -11158.1285     369.1096  -11696.1755     374.4505    0.6579    -353.6903    -319.5230 -0.178 -3.126  762 
   55126.506900  -10547.9402     364.4911  -10118.8576     369.8226    0.6437     408.2568     370.0808  6.897  3.682  762 
   55208.301900    2841.8035     320.7143    3355.0809     329.5207    0.2621     762.8149     663.5864  8.688  7.598  762 
   55208.332500    8190.2827     336.1102    9411.7538     344.6078    0.5847       0.0000       0.0000  2.677  0.000  762 
   55273.269300   -1566.8889     382.6688   -1918.0992     387.8807    0.2157    -404.9609    -367.7443  0.834 -2.792  762 
   55536.296400    -680.1035     345.2953   -1111.9570     351.9857    0.0055    1160.1683    1024.8131 10.412 10.262  762 
   55538.328200   -2134.4081     289.5590   -2008.4362     305.3372    0.0708     910.5808     743.3532  9.218 12.817  762 
   55540.341300   20225.4778     501.8831   19819.1209     503.5385    0.8286     776.2898     742.9382 12.274  3.571  762 
   55599.206500   -3710.7562     465.6332   -3884.3481     467.1473    0.3920   -2032.2813   -1947.5806 -6.143 -9.784  762 
   55603.163800   -4653.8849     397.2364   -3532.7570     401.6071    0.1949      46.5063      42.4788  1.463  0.446  762 
   55679.251900   10898.7693     310.7158   10517.8923     321.9724    0.7016     192.1022     163.4315 10.263  2.148  762 
   55884.433200   10898.7693     310.7158   10517.8923     321.9724    0.7016     192.1022     163.4315 10.263  2.148  762 
   55889.434300   -8682.5128     384.7412   -9784.5405     391.1757    0.5474     387.1094     347.5330  3.123  3.069  762 
   55924.442100       0.0000       2.5824       0.0000       2.5824       nan       0.0000       0.0000  0.000  0.000  762 
   55925.373000    3935.1563     338.1769    3577.9342     347.5257    0.2230    -515.6251    -451.1423 -9.023 -5.197  762 
   55926.306500   -1473.8587     290.1274   -4490.1676     309.8058    0.2056      48.6132      39.8046 -7.709  0.694  762 
   55927.348900    2031.0447     345.4862    2576.0474     354.7706    0.1511    -720.1323    -626.4126 -8.739 -7.515  762 
   55969.114700   -2453.7079     407.5545   -3490.3145     410.6442    0.1216     857.2676     799.0795 -0.833  5.665  762 
   56045.159200    1985.0756     414.1261    1139.8601     419.1690    0.0724    -292.1966    -267.1052  4.214 -2.537  762 
   56215.477100   -7599.8802     401.8654   -7425.7445     406.9541    0.4327    -591.3219    -542.3353 -15.698 -4.984  762 
   56217.469400    1365.6345     669.2044    1215.4327     670.0617    0.1213   -2797.0961   -2727.7167 -8.587 -10.664  762 
   56301.275300  -11737.1185     473.6792  -12073.3796     476.1480    0.6256   -2072.1095   -1965.3348 -11.144 -11.156  762 
