   54116.301000   22219.8841     374.6615   22081.7242     375.1881    0.8693    -824.6581    -808.5237 -2.747 -2.602  762 
   54127.317100   13781.6907     347.4472   13676.7756     348.0215    0.6942     109.7091     106.3252  0.132  0.719  762 
   54127.352800   14668.7214     340.8562   14555.1580     341.4083    0.7242     135.7863     131.9488  1.452  0.811  762 
   54149.238000   12757.2114     226.3954   12966.5828     230.1623    0.8617     234.7941     208.7899  0.735  1.433  762 
   54149.257400   16362.7895     295.8404   16227.0935     296.6508    0.8010   -2725.7165   -2630.3497 -11.463 -10.873  762 
   54150.328600   13683.6398     211.2225   14386.7655     215.0805    0.8629    -554.6939    -488.4905 -5.435 -4.082  762 
   54152.336000   11160.4368     193.9290   11554.0774     199.8892    0.7768    -161.7467    -137.1060 -1.104 -1.480  762 
   54152.342500   11059.3891     202.6581   11061.6049     207.6226    0.7666    -285.2512    -246.5922 -1.870 -2.363  762 
   54156.154700   15323.3281     221.3211   16187.9361     225.7214    0.6715      81.8579      73.9275  2.843  1.502  762 
   54174.142000   11474.9664     180.1651   11954.2566     186.9411    0.8322     346.2726     292.5562  4.341  3.923  762 
   54174.149600   11701.0014     167.9768   12809.0426     176.7317    0.8399     460.4885     383.9813  5.199  6.173  762 
   54176.305700   13079.3983     207.3701   13413.7050     211.9775    0.9224      90.5984      78.9231  0.966  0.710  762 
   54179.173100    7643.3102     188.8611    7889.8612     195.7747    0.6632      70.6109      58.6949 -0.145  0.684  762 
   54201.218300    1535.0918     203.4442    2040.6667     208.3344    0.3003     -31.6221     -27.1138 -0.694 -0.256  762 
   54201.228100     295.9432     231.8670     630.4328     234.6816    0.1176     191.8369     173.6745  1.059  1.156  762 
   54201.243600    1967.9779     271.7071    1962.9713     273.4540    0.3346     171.1069     160.9872  0.910  0.779  762 
   54205.179300     933.5884     164.5347    -173.3874     174.7638    0.0284     -75.8183     -60.5287 -1.742 -1.058  762 
   54210.346400    -772.2371     191.7155   -1046.3860     197.7750    0.0012    1257.5163    1053.9999 12.882 12.286  762 
   54212.180600   -1272.2432     240.9112   -1854.7866     243.9181    0.2416      34.9236      31.5651 -0.255  0.281  762 
   54213.208300   -2217.4352     237.1055   -2411.3220     240.3431    0.4441    -580.7857    -521.6423 -6.296 -6.504  762 
   54230.223800   -8397.0977     188.9225   -8849.0814     195.8559    0.8011     294.4735     242.6407  3.090  3.245  762 
   54231.221900   -9976.1296     260.1727  -10362.9603     262.6733    0.8131     325.6150     299.1460  1.771  1.797  762 
   54240.235600   -9908.3871     214.0254  -10043.5990     217.7826    0.7843    -343.9707    -301.7956 -3.063 -3.101  762 
   54260.157900   -3078.1169     208.2059   -2940.0873     212.9461    0.3366      55.2408      47.7251  3.160  0.613  762 
   54260.162700   -8135.6035     198.6015   -8210.3121     204.0550    0.6832     394.1418     333.6919  4.694  4.163  762 
   54260.175900   -6140.9495     179.2510   -6471.1243     186.9054    0.7829     245.5337     200.1051  1.531  3.039  762 
   54261.162600   -5374.3902     220.6403   -4872.9301     223.4756    0.4366     226.3262     202.1627  2.426  1.892  762 
   54261.174500   -3943.1858     203.4712   -4286.4705     208.3838    0.5271    -372.4855    -319.7431 -2.417 -3.564  762 
   54264.164600   -3649.9544     183.7218   -4164.2787     190.3982    0.5021     -20.0459     -16.7931  0.055 -0.264  762 
   54264.180400   -1610.6952     177.2322   -2625.3103     183.5730    0.2854     161.1035     136.0791  1.007  2.078  762 
   54265.184200   -5165.6499     223.7867   -5296.8575     226.4165    0.5073     525.5529     474.5399  2.283  4.031  762 
   54265.195400   -4423.3379     203.6017   -4582.0625     207.1306    0.4900      55.8369      49.2552  0.701  0.518  762 
   54275.170700    -762.1743     345.8604    -947.6718     346.6456    0.1827   -1083.4310   -1038.9431 -6.444 -7.941  762 
   54275.178200    -537.1041     320.8090    -446.7032     321.7978    0.0777    -354.3380    -336.9812 -3.569 -3.011  762 
   54384.470800   -2023.9470     242.1661   -2404.5763     245.3896    0.2402     736.3723     663.1900  4.018  4.394  762 
   54384.481300   -2684.5879     225.1945   -2975.5508     229.2445    0.3976     184.8426     162.5782  2.802  1.259  762 
   54385.508300   -2434.5003     215.0894   -2769.8696     220.0415    0.2913     818.0361     705.8388  6.966  7.824  762 
   54386.497100   -1374.6679     232.0466   -1565.9892     235.3491    0.1483     743.8210     666.9623  4.144  4.759  762 
   54386.502700   -2302.1762     236.9414   -2631.7991     239.9586    0.3005     502.1031     453.9181  4.027  3.162  762 
   54388.451200    2167.3443     176.4636    1733.5052     184.7666    0.1217      75.1295      61.2736  2.855  1.139  762 
   54533.213700   15231.6611     308.1937   15598.9261     311.3384    0.8078   -1025.7718    -935.0228 -5.996 -6.453  762 
   54534.352300   15019.6833     327.9014   14867.2773     330.6281    0.8857   -1165.2542   -1085.5937 -5.636 -6.053  762 
   54535.298300   15880.4446     260.5763   17175.0628     268.2270    0.7981   -1015.2226    -858.2074 -9.566 -9.066  762 
   54536.149900   16998.9091     291.0174   17788.6071     293.7646    0.8057   -1522.5909   -1388.0697 -14.226 -13.564  762 
   54537.401500   12393.1828     223.2990   13536.4329     234.5159    0.7266    -440.1378    -362.4178 -6.318 -6.300  762 
   54538.182200   16909.1107     437.4160   16992.4903     438.7221    0.8688   -1461.9881   -1401.3804 -6.656 -7.137  762 
   54538.197200   15291.7725     371.9333   15533.9074     374.2707    0.8772    -899.7682    -839.2218 -6.997 -5.935  762 
   54590.205000    5146.6159     231.2719    6069.8627     242.6289    0.5836    -397.2717    -322.1904 -4.069 -5.152  762 
   54792.348600    7033.6865     248.7769    7389.0637     252.0135    0.5378    -741.1381    -668.4090 -8.567 -9.550  762 
   54792.505800    7698.3621     339.1059    7779.5172     339.9472    0.2736   -3271.4516   -3126.1920 -27.603 -30.437  762 
   54793.506900    8737.5543     343.0411    8731.7059     343.8945    0.1627  -11903.6559  -11417.2632 -83.703 -84.926  762 
   54794.486000    4809.1399     280.7012    5725.9429     289.4415    0.4929    -248.3110    -209.5300 -3.374 -2.818  762 
   54860.203100   -1788.6714     343.2169   -1513.7175     348.1044    0.4092   -1232.9746   -1101.2128 -7.068 -7.339  762 
   54861.126100   -2356.5945     345.4311   -2161.4798     348.6788    0.4265   -1239.2111   -1130.9166 -8.192 -8.784  762 
   54862.262500   -1255.0432     356.6248   -1554.4804     360.5078    0.5388   -2606.6666   -2384.4093 -14.350 -13.616  762 
   54912.158000   20983.5618     308.8877   21244.5921     309.4467    0.2658  -14975.5080  -14376.2195 -113.998 -112.249  762 
   54914.124500   64746.5494     808.8988   64612.9932     808.9797    0.7475  -30489.9403  -30434.4493 -53.733 -52.541  762 
   55126.484100    6775.3465     308.7384    7075.7861     313.3142    0.6322    -384.0588    -342.0484 -3.670 -3.374  762 
   55126.506900    6317.0281     302.5361    6861.7702     307.4779    0.6933      65.7238      58.4257 -0.201  0.600  762 
   55208.301900    1814.6448     265.1354    2278.7426     273.5488    0.3519     227.3632     190.6911  2.200  2.152  762 
   55208.332500    1904.9292     274.7145    2521.8063     283.9828    0.3213    -348.8038    -290.4082 -2.767 -3.260  762 
   55273.269300   10007.9988     303.0766   10162.8974     308.5826    0.8334   -1161.6751   -1019.7757 -7.409 -7.813  762 
   55536.296400   14190.0868     284.4220   14916.8309     290.2435    0.8176   -1002.3438    -869.7143 -8.993 -8.799  762 
   55538.328200   11464.8028     238.0996   13026.6118     250.9591    0.7185    -311.8056    -250.8112 -4.369 -4.425  762 
   55540.341300   18104.3044     406.1163   18229.3707     408.1118    0.8949   -1726.3368   -1636.2764 -9.027 -7.694  762 
   55599.206500    3934.8132     380.4691    3768.3346     382.3270    0.2253   -1558.6678   -1477.0623 -7.656 -7.366  762 
   55603.163800     761.0166     337.7283     863.1587     342.2094    0.1158    -127.8300    -114.4606 -2.578 -1.306  762 
   55679.251900    3647.8626     263.9161    3540.8040     273.8947    0.4846    -795.1362    -653.6924 -7.694 -8.455  762 
   55884.433200    3647.8626     263.9161    3540.8040     273.8947    0.4846    -795.1362    -653.6924 -7.694 -8.455  762 
   55889.434300  -15639.6536     325.8674  -16357.7214     332.4335    0.9213     143.8913     125.7720  1.353  1.063  762 
   55924.442100   -6023.4839     238.1902   -7435.4714     255.7253    0.6327    -169.7009    -134.4109 -1.198 -2.629  762 
   55925.373000   -5857.1405     289.6165   -5640.8226     297.7609    0.6924     330.9723     282.5883  2.424  3.051  762 
   55926.306500   -4069.8636     244.9622   -4389.0651     259.4381    0.5074     169.1625     137.3365  2.529  2.275  762 
   55927.348900   -3916.6311     297.4862   -3829.0284     305.5513    0.6079     231.8198     197.4933  2.290  2.236  762 
   55969.114700   11708.6168     338.7414   11886.4005     341.7180    0.8313     158.3827     145.9884  0.898  0.999  762 
   56045.159200    8261.0115     361.3410    8483.0478     364.9722    0.6981    -828.9776    -754.4392 -6.278 -6.927  762 
   56215.477100   20744.3282     297.5644   21042.9291     305.5363    0.9083    1330.0517    1149.2930 14.641 14.372  762 
   56217.469400   27205.5761     520.9674   27139.0366     522.2295    0.9524    2685.5413    2595.1562 11.144 11.114  762 
   56301.275300    3570.8120     350.9516    3156.9824     355.9796    0.6022    1848.2304    1662.8067 10.759 11.199  762 
