   54116.301000   99995.3024     581.7001   99169.8431     592.9784    0.9399  -21104.2969  -20083.7622 -56.713 -65.202  762 
   54127.317100   -4182.4659     441.5482   -5461.2133     449.3509    0.1534   -2126.9486   -1955.3741 -23.632 -15.322  762 
   54127.352800   -4797.9863     448.0200   -7540.7600     458.1221    0.1866   -1944.3413   -1792.2036 -19.836 -12.573  762 
   54149.238000   29925.2735     383.3974   29276.6300     395.9208    0.7356   -6203.8790   -5354.3591 -50.952 -37.004  762 
   54149.257400   66498.7835     443.4136   66014.8262     452.3804    0.8944  -16425.6374  -15260.6111 -65.657 -64.466  762 
   54150.328600   14055.6323     348.9627   14444.5254     359.9421    0.3240   -4377.4747   -3718.7959 -37.257 -31.270  762 
   54152.336000   -2212.5828     310.6559   -1133.7587     320.7003    0.1160   -3818.0239   -3071.5813 -40.328 -37.795  762 
   54152.342500     931.0608     323.9703    1047.5809     334.6052    0.1159   -4844.0231   -3937.8990 -49.865 -43.445  762 
   54156.154700   -3806.5844     313.9553   -4649.2286     318.7922    0.1852    -628.4207    -547.6543 -13.509 -9.977  762 
   54174.142000    8172.8306     286.0859    7963.9239     295.8563    0.1727    -931.8218    -764.8920 -27.688 -11.347  762 
   54174.149600    8430.1507     270.8496    8550.1842     280.0845    0.1710    -876.0897    -711.2142 -26.567 -12.128  762 
   54176.305700    6980.7871     332.0059    5767.8424     343.2024    0.1097   -3290.5408   -2707.2136 -27.819 -27.504  762 
   54179.173100   10214.8923     303.6088   13251.6275     313.1794    0.3247   -3669.6946   -3006.9583 -49.265 -37.650  762 
   54201.218300   14131.6971     335.7397   15891.6689     346.1107    0.3270   -4047.0240   -3427.8472 -34.877 -30.972  762 
   54201.228100   21682.9556     384.2613   23005.1416     396.5493    0.5742   -5279.5701   -4654.0018 -40.593 -29.977  762 
   54201.243600   19722.8923     444.0215   19138.4693     456.6267    0.6222   -9086.1883   -8208.3373 -39.600 -40.004  762 
   54205.179300   -7760.9757     253.6590   -5399.5563     262.9000    0.1471   -1181.0073    -941.1747 -25.288 -18.329  762 
   54210.346400  -27752.1510     309.8084  -23414.8133     318.2800    0.5744   -2197.4605   -1813.4015 -15.411 -20.566  762 
   54212.180600   -2426.5370     347.2855   -2364.2483     356.0400    0.1625   -2961.6196   -2550.9486 -26.557 -25.835  762 
   54213.208300   -9171.7310     325.2600   -6455.0855     330.9118    0.2335   -1518.2697   -1324.8472 -20.371 -17.512  762 
   54230.223800    9382.6709     290.0301   13118.3932     297.7675    0.3189   -1571.4900   -1302.6982 -21.717 -17.720  762 
   54231.221900   11569.9575     405.0925   13541.8238     415.9841    0.3450   -6215.9086   -5517.6990 -29.034 -33.760  762 
   54240.235600  -11956.7008     329.3398   -6298.0732     337.0298    0.1920   -2457.1670   -2122.1654 -16.781 -20.265  762 
   54260.157900  -10060.2193     323.9981   -4299.4993     331.3627    0.1207   -2312.6955   -1996.3261 -19.265 -22.870  762 
   54260.162700  -11697.9825     323.2433   -7742.3676     332.2726    0.1699   -1628.1412   -1389.6738 -17.271 -14.841  762 
   54260.175900    3476.3627     273.3723    8563.0537     280.5265    0.1357   -1159.8516    -948.5862 -15.353 -14.907  762 
   54261.162600   10822.5381     353.8404   18127.5687     363.5191    0.2216   -2376.5737   -2113.5460 -18.710 -17.152  762 
   54261.174500   -5638.9980     323.4864     125.3759     331.8286    0.0336   -1995.5554   -1704.6761 -14.814 -17.373  762 
   54264.164600   -8581.0345     277.7150   -4461.6402     283.9114    0.1367   -1231.5634   -1024.9048 -12.388 -15.809  762 
   54264.180400  -14985.8755     261.0281  -12945.2662     267.7052    0.5222    -435.7001    -358.1215 -5.131 -6.223  762 
   54265.184200   -6313.4931     331.1992   -4228.5812     339.3240    0.2646   -2440.9106   -2117.9259 -16.900 -18.871  762 
   54265.195400  -12844.8393     309.1627   -9611.8128     316.6121    0.3675   -1595.8441   -1376.7659 -8.676 -14.161  762 
   54275.170700   15940.7650     449.5625   17163.4256     454.5087    0.3627   -4244.7154   -3950.4010 -29.722 -28.783  762 
   54275.178200    -847.8299     415.7251     203.0480     420.0816    0.0665   -2383.7410   -2195.9337 -20.880 -19.003  762 
   54384.470800   60715.8011     386.9471   58589.4145     399.1397    0.8933   -5201.3980   -4567.2801 -50.435 -30.407  762 
   54384.481300   62633.5488     357.4082   61609.2300     369.2153    0.8594   -4862.2576   -4167.5502 -52.668 -33.142  762 
   54385.508300   35290.3681     324.2415   34543.8323     332.7458    0.6815   -2919.2764   -2504.5614 -40.867 -28.120  762 
   54386.497100   54726.9277     367.2991   54635.5619     379.0985    0.8612   -4969.3497   -4335.4671 -48.044 -32.283  762 
   54386.502700   50763.2764     368.3916   49801.3805     380.4533    0.8198   -5093.8803   -4436.2946 -50.090 -33.550  762 
   54388.451200   18541.5801     280.3050   17601.2263     287.5073    0.3905   -1105.1931    -923.3881 -44.650 -14.842  762 
   54533.213700       0.0000       4.5273       0.0000       4.5273       nan       0.0000       0.0000  0.000  0.000  762 
   54534.352300  -11106.7430     546.9332  -10114.6516     565.3809    0.5276   -4562.5962   -4037.8811 -30.953 -24.176  762 
   54535.298300       0.0000       3.5480       0.0000       3.5480       nan       0.0000       0.0000  0.000  0.000  762 
   54536.149900   22461.1166     446.7707   23370.8173     456.3958    0.4012   -4517.8029   -4039.5216 -38.773 -35.103  762 
   54537.401500  -10763.9671     385.2056   -6506.8416     395.9204    0.1865    -546.2852    -454.0218 -9.285 -6.568  762 
   54538.182200   46900.1021     667.4280   44684.7034     683.0177    0.8350   -8217.7427   -7593.9662 -42.742 -36.870  762 
   54538.197200   31006.5709     557.1667   29191.0512     570.3182    0.6857   -4840.8162   -4349.5089 -42.361 -30.399  762 
   54590.205000  -11234.3118     381.8409   -8166.6542     392.7476    0.3417   -1066.3955    -867.2790 -18.780 -12.961  762 
   54792.348600    9888.5629     346.9106    6632.0486     352.5834    0.1432    -672.4903    -592.8334 -11.307 -7.954  762 
   54792.505800    4589.5464     422.2002    3970.5004     425.2065    0.1091   -1719.6175   -1598.9570 -14.212 -15.121  762 
   54793.506900   27397.0630     436.6763   30120.8468     441.3232    0.5336    3872.2961    3593.6648 44.596 28.009  762 
   54794.486000    7965.4196     440.3918    6851.0222     452.4023    0.3708     222.2215     185.2606  2.790  2.387  762 
   54860.203100   11621.9194     567.2874   10192.0758     584.0215    0.4844   -1456.6450   -1269.1611 -1.658 -8.136  762 
   54861.126100    6204.4273     524.2036    5827.3055     537.1994    0.2190    -936.0548    -831.6584 -8.008 -6.309  762 
   54862.262500    5062.0834     585.4549   -3163.8554     604.5810    0.0951   -1612.9182   -1416.2076 -4.877 -8.199  762 
   54912.158000   39124.2990     394.7461   40631.3397     398.4707    0.5773   -3081.1377   -2897.0594 -5.634 -22.406  762 
   54914.124500  896121.3165    1218.9407  888616.2867    1227.1004    0.9567 -116565.9019 -115373.6070 -90.883 -192.900  762 
   55126.484100   10088.5569     479.4872    8429.2599     494.0702    0.4622    1874.0408    1619.6871 16.743 15.729  762 
   55126.506900    9356.7627     476.8587    9287.9921     490.8589    0.6544    2142.9048    1843.8851 19.315 18.162  762 
   55208.301900    2349.4758     434.1388     896.6459     449.2660    0.1563    2058.5509    1706.8410 17.802 19.474  762 
   55208.332500    7223.8238     451.9171    6881.4118     465.6355    0.4174    1632.4261    1349.2938 15.240 14.554  762 
   55273.269300    8051.9193     511.4570    6496.1913     527.8356    0.4386    1584.8286    1354.4654 15.901 10.236  762 
   55536.296400   27713.7261     453.8882   21738.2523     467.7978    0.5007    2706.1672    2284.4632 19.731 22.656  762 
   55538.328200    8781.5016     379.3219    4783.5912     391.5239    0.1887    1775.6765    1411.4989 27.402 24.313  762 
   55540.341300   64497.1751     648.7784   59259.6359     666.5313    0.8715    2864.2223    2599.5845 20.114 12.331  762 
   55599.206500   44783.7428     591.8738   41188.9862     607.3034    0.8599    -772.5176    -705.4099 -1.341 -3.497  762 
   55603.163800   27820.1123     496.2718   25614.3702     505.8537    0.7166    2613.3093    2305.8072 27.517 23.765  762 
   55679.251900    1381.6932     412.7931    1674.3755     423.5752    0.1961    2170.6960    1769.6070 37.130 23.324  762 
   55884.433200    1381.6932     412.7931    1674.3755     423.5752    0.1961    2170.6960    1769.6070 37.130 23.324  762 
   55889.434300   22486.8801     508.2004   17693.7610     524.7699    0.4927   -1090.6727    -929.6141 -9.550 -8.155  762 
   55924.442100      -0.0026       2.5773     -17.4460       3.5785    0.0035       0.0000       0.0000 -0.603  0.000  762 
   55925.373000   12609.1968     452.2984   11070.5095     466.9328    0.4049     231.3153     192.6346 -0.342  2.212  762 
   55926.306500    6956.1028     385.2052     848.5874     399.4126    0.0315     867.9407     689.4755  4.734 12.010  762 
   55927.348900    8135.0634     455.2522    7036.9583     468.2720    0.3595    -464.5704    -387.3902 -5.771 -4.629  762 
   55969.114700   49096.8469     534.7510   41236.4131     553.7940    0.7302    -720.7748    -631.9155 -14.737 -4.428  762 
   56045.159200    8553.4599     523.4224    8283.3039     534.3067    0.4878    2249.5136    1968.8736 25.220 18.692  762 
   56215.477100   36162.6967     526.8912   34479.7253     544.2100    0.6477   -4059.4934   -3503.8213 -67.419 -32.234  762 
   56217.469400   78899.0589     825.8555   77346.3208     842.0710    0.9593  -20929.3512  -19629.5277 -75.520 -76.305  762 
   56301.275300   34271.3269     630.2250   32048.6404     652.4079    0.7162   -8832.8679   -7861.2350 -70.432 -44.290  762 
