   54116.301000    1244.5261     382.6930    1127.4647     382.8816    0.0527    -465.3920    -459.7766 -0.759 -1.487  762 
   54127.317100    -349.7091     341.5327    -545.0805     341.7673    0.0728    -368.1226    -360.6350 -5.493 -2.492  762 
   54127.352800    1258.0288     336.1346    1090.2130     336.3571    0.0193    -876.2746    -860.0189 -7.993 -5.387  762 
   54149.238000    -567.3572     221.7228    -703.8952     223.1567    0.2654    -968.4671    -900.0327 -8.200 -6.257  762 
   54149.257400    3385.7229     297.4297    3181.2170     297.7036    0.0811   -4225.7463   -4133.8897 -17.329 -17.243  762 
   54150.328600     853.1308     204.5794     843.8319     206.1466    0.2029   -2203.5899   -2034.3341 -20.305 -17.246  762 
   54152.336000    1650.2842     183.1332    1286.7815     185.8017    0.1508    -455.5939    -409.4169 -9.962 -4.576  762 
   54152.342500    2313.7175     192.7077    1820.1264     194.8311    0.1226    -978.1350    -891.3606 -10.561 -8.820  762 
   54156.154700    3593.5038     210.0217    3849.6011     211.9322    0.2583     -86.2167     -80.6299 12.558 -1.680  762 
   54174.142000    4048.0923     168.8706    4015.4443     171.8906    0.5125    -140.9116    -126.3944 -1.200 -1.743  762 
   54174.149600    4624.8258     156.3308    4508.1031     160.6197    0.5321    -321.6473    -285.8606 -0.481 -4.724  762 
   54176.305700    4138.0358     197.8653    3918.7334     199.7697    0.4983    -429.4701    -393.5792 -7.001 -3.646  762 
   54179.173100   -2278.2541     178.3637   -2663.4055     181.5546    0.5614    -658.2356    -583.4029 -9.154 -6.984  762 
   54201.218300    2219.1370     192.9540    2408.6513     194.7547    0.2420   -1113.6216   -1015.8674 -13.772 -9.705  762 
   54201.228100    2374.4442     225.1247    2492.4555     226.0239    0.1834   -1445.1599   -1365.5968 -13.268 -9.170  762 
   54201.243600    2075.2832     269.5055    2058.0434     270.0134    0.1315   -1277.7863   -1234.7249 -6.846 -6.024  762 
   54205.179300    2556.7093     149.1428    1784.7031     154.1132    0.1572    -568.3235    -493.9862 -8.955 -8.983  762 
   54210.346400    7205.2280     177.9061    7464.0832     180.0846    0.7991     247.7276     223.9833 -2.101  2.659  762 
   54212.180600    3459.1979     229.2312    3248.3949     230.2583    0.3370    -703.6343    -663.0144 -7.431 -6.064  762 
   54213.208300    1320.6182     223.7759    1306.4685     225.0161    0.0167   -1512.4061   -1419.1944 -20.338 -18.211  762 
   54230.223800    2138.6139     173.0586    2129.4324     175.8600    0.3142    -145.5941    -129.9292 -8.979 -1.786  762 
   54231.221900    1825.5642     252.4603    1762.6392     253.1984    0.0833   -1267.8428   -1210.0184 -9.191 -7.356  762 
   54240.235600    1399.5094     202.0467    1602.6222     203.3153    0.0672   -1148.6919   -1066.6276 -19.875 -11.083  762 
   54260.157900    1681.6539     195.6291    2056.6938     197.3483    0.1454   -1065.8157    -977.9396 -18.865 -12.691  762 
   54260.162700     669.2043     185.2037    1076.3211     187.1068    0.0262    -984.2213    -895.4414 -19.871 -11.237  762 
   54260.175900     441.3476     163.6353     436.8732     166.8683    0.0090    -553.5426    -489.0699 -14.554 -7.669  762 
   54261.162600    -272.7142     211.2204      84.6224     212.1152    0.1050   -1103.4571   -1035.2872 -21.923 -9.677  762 
   54261.174500    -436.6566     191.8201    -284.4491     193.5908    0.1676   -1122.5648   -1025.3062 -15.966 -11.551  762 
   54264.164600    4863.0960     168.4434    5136.8886     171.0618    0.5908    -408.0798    -367.8887 -9.812 -5.953  762 
   54264.180400    5090.3458     162.0226    4897.0593     164.6372    0.6002    -540.9524    -489.4477 -8.978 -7.778  762 
   54265.184200    4499.5457     213.2138    4372.3980     214.1351    0.4809    -561.6473    -529.2818 -6.827 -4.583  762 
   54265.195400    5129.1878     191.7355    5173.1110     192.9372    0.5055    -300.6299    -279.8387 -8.079 -2.991  762 
   54275.170700    1306.2773     339.1650    1296.8069     339.4097    0.0576   -1946.7455   -1900.7344 -17.063 -14.639  762 
   54275.178200    1504.3568     312.5361    1479.7532     312.8879    0.0136   -1377.2742   -1337.2272 -15.032 -12.105  762 
   54384.470800   -2218.9098     235.0003   -2336.7447     236.0893    0.2174     645.2481     606.1587  3.730  4.065  762 
   54384.481300   -3008.3302     215.9906   -3075.5406     217.4514    0.3659     586.3134     542.3300  3.996  4.264  762 
   54385.508300   -2192.0705     203.0588   -2219.9508     204.9859    0.2907     412.7808     376.8005  4.192  4.257  762 
   54386.497100    -908.1399     223.7649    -913.5076     224.8521    0.0775     448.1814     420.0081  4.278  3.043  762 
   54386.502700   -1672.7903     228.8281   -1818.7398     229.8605    0.2239     179.2013     168.6019  1.290  1.195  762 
   54388.451200     449.8698     162.8446     805.2432     166.3233    0.0702     -18.3543     -16.0898 16.006 -0.304  762 
   54533.213700   -1680.1178     302.7561   -1667.6997     303.9423    0.3402    -599.9829    -565.9656 -7.301 -3.942  762 
   54534.352300   -2818.0819     325.9159   -3149.5853     326.9762    0.6243   -1722.0257   -1646.2720 -11.349 -9.309  762 
   54535.298300    1199.7927     248.9889    1491.8368     252.2412    0.0186   -1776.2940   -1599.2761 -19.731 -17.194  762 
   54536.149900    -150.4527     282.9905     234.0076     283.9926    0.1590   -1849.6448   -1745.4836 -16.066 -17.158  762 
   54537.401500     387.5292     208.7389     619.5011     213.9314    0.0092    -771.9103    -682.8514 -17.416 -12.049  762 
   54538.182200    1461.5035     436.7644    1454.9035     437.2212    0.0181   -1370.9314   -1336.2341 -7.479 -6.825  762 
   54538.197200    -509.0116     365.3345    -489.0267     366.2201    0.0399     258.7437     247.7638  1.293  1.769  762 
   54590.205000    3465.1775     212.8716    4003.1128     217.8292    0.5256    -664.9007    -585.3065 -16.717 -9.581  762 
   54792.348600     474.8333     237.3806     581.8452     238.7256    0.0298    -927.9304    -868.2546 -4.633 -12.632  762 
   54792.505800    3325.0639     330.9359    3310.8914     331.2446    0.0234   -3078.9616   -2995.2243 -29.610 -29.660  762 
   54793.506900    2465.3603     336.7275    2376.3651     337.0327    0.5896  -15665.4957  -15267.5360 -117.564 -115.267  762 
   54794.486000    3798.3002     262.3415    4364.7390     265.8448    0.4496    -201.6452    -181.6626 -5.236 -2.496  762 
   54860.203100    2018.6975     332.0879    2120.4554     333.6862    0.2829    -494.6596    -463.2287 -2.614 -3.115  762 
   54861.126100    -639.8051     333.5503    -458.3626     334.5789    0.0328     192.6859     182.6021  4.348  1.433  762 
   54862.262500   -1790.8630     349.5166   -2068.2298     350.8502    0.3858    -384.7458    -364.6146 -3.197 -2.104  762 
   54912.158000    3593.6749     304.1586    3657.8935     304.3607    0.5064  -18556.1873  -18092.6690 -149.880 -143.388  762 
   54914.124500   24652.6550     842.6564   24846.4271     842.7420    0.2335  -13935.1077  -13919.4264 -12.485 -24.311  762 
   55126.484100      39.6016     295.8409      40.5179     297.6651    0.0361    -318.5301    -296.0194 -3.297 -2.960  762 
   55126.506900     620.3322     289.9141     691.2423     291.8459    0.0533    -387.1014    -359.3510 -5.097 -3.731  762 
   55208.301900   -5254.6847     250.6835   -5191.7705     254.2878    0.6580     128.1662     114.3950  2.082  1.316  762 
   55208.332500   -4862.1153     260.3018   -4725.2860     264.3355    0.7123    -430.6350    -382.8156 -5.294 -4.375  762 
   55273.269300    3793.7361     292.3839    3761.6410     294.4143    0.5330    -851.7828    -787.8500 -9.308 -6.116  762 
   55536.296400   -6494.1544     274.8525   -6462.1715     277.5428    0.6995     143.8918     130.5109  4.695  1.340  762 
   55538.328200   -6329.9662     223.6733   -6783.5927     230.7004    0.7103      48.7510      41.5969  5.204  0.760  762 
   55540.341300    2394.9807     406.7804    2356.1561     407.4773    0.1659   -1182.0430   -1143.7771 -5.360 -5.418  762 
   55599.206500   -2472.6335     377.9443   -2517.5270     378.5228    0.2288     466.2428     451.8403 -0.807  2.269  762 
   55603.163800    -405.8069     322.8510    -220.2583     324.4779    0.0563    -236.0587    -220.6858  0.162 -2.542  762 
   55679.251900     907.4509     245.5060     709.8203     249.9321    0.0783    -300.3416    -265.6923 -8.262 -3.539  762 
   55884.433200     907.4509     245.5060     709.8203     249.9321    0.0783    -300.3416    -265.6923 -8.262 -3.539  762 
   55889.434300    1345.8723     306.6996    1395.8024     308.7959    0.3905    1291.9942    1196.8682 10.037 10.289  762 
   55924.442100    -198.8856     214.6195    -991.2138     223.1841    0.1311     -21.1431     -18.2271 -0.228 -0.372  762 
   55925.373000   -2165.0354     271.7424   -2121.7645     275.0000    0.2811     649.0668     588.1004  4.279  6.497  762 
   55926.306500   -3755.3487     224.9099   -4300.9259     231.9665    0.4680     747.0991     651.1941 12.875 11.163  762 
   55927.348900   -5085.1808     279.9191   -5166.8701     283.3441    0.6749     574.8576     518.9197  4.265  6.025  762 
   55969.114700   -1045.6470     331.6360   -1047.2762     332.7805    0.0932    1834.8713    1742.4298 14.571 12.054  762 
   56045.159200   11794.5051     344.7161   11864.0361     345.9155    0.8467     -89.2246     -84.4616 -1.938 -0.793  762 
   56215.477100     613.9222     287.6689     179.2657     291.3748    0.2498    2031.0132    1842.2162 30.388 22.876  762 
   56217.469400    2411.7027     527.0954    2327.0025     527.5483    0.6305    5045.2841    4938.7505 22.145 21.114  762 
   56301.275300   -3453.9942     344.2669   -3649.6022     346.0665    0.0791    3341.3575    3135.7441 22.440 20.999  762 
