   54116.301000    4350.4929     358.0542    4272.2069     358.1291    0.4294     490.8460     487.6995  1.451  1.564  762 
   54127.317100    2048.6268     336.9076    1991.2234     336.9587    0.0418   -1563.8407   -1550.0362 -8.826 -10.163  762 
   54127.352800     382.4109     329.0581     361.6155     329.1052    0.0505    -903.3556    -896.1659 -8.777 -5.382  762 
   54149.238000     994.2541     198.5063     934.5358     198.8990    0.1470   -1941.7917   -1866.9205 -13.734 -12.702  762 
   54149.257400    1889.1442     281.4169    1762.3009     281.5117    0.0356   -1425.1166   -1408.2743 -6.351 -5.770  762 
   54150.328600     563.0243     183.2923     472.0734     183.7235    0.0989      31.4069      30.0246 -0.639  0.251  762 
   54152.336000     930.0925     166.2818     940.5268     166.8486    0.0622    -674.8390    -639.8371 -7.667 -6.589  762 
   54152.342500     473.1569     176.1076     492.0977     176.5484    0.0389    -738.2157    -704.6841 -7.638 -6.434  762 
   54156.154700   -2550.8079     194.4103   -2569.1116     194.7945    0.4527   -1538.3712   -1483.1080 -33.009 -31.768  762 
   54174.142000    -284.4849     151.8457    -319.6249     152.4779    0.2888   -1079.7621   -1018.7538 -12.261 -13.313  762 
   54174.149600    -212.2464     138.5766    -179.9452     139.3747    0.1983    -760.9839    -712.9011 -11.458 -11.403  762 
   54176.305700    1642.1782     181.3652    1563.3554     181.8188    0.0178   -1741.1909   -1665.9989 -14.217 -14.301  762 
   54179.173100    1209.0751     158.3443    1160.2930     158.9982    0.0648    -887.2559    -834.8783 -10.017 -9.470  762 
   54201.218300    1307.2738     171.6360    1270.6828     172.1117    0.1078    -834.8732    -793.2803 -8.312 -7.527  762 
   54201.228100    1630.7516     204.0018    1572.7179     204.2852    0.1190    -958.7825    -929.0318 -5.365 -6.174  762 
   54201.243600    2908.0397     247.0325    2872.2113     247.1964    0.3618    -620.4719    -609.0623 -1.664 -2.944  762 
   54205.179300    2004.7442     133.1174    2186.8661     133.8568    0.3715    -380.1113    -353.6740 -6.253 -5.914  762 
   54210.346400    2298.9385     159.1400    2320.7863     159.6322    0.1216   -1599.9552   -1517.1750 -18.690 -17.853  762 
   54212.180600    1039.8326     216.0239    1039.3687     216.2321    0.1736   -2323.4965   -2259.3900 -20.107 -19.523  762 
   54213.208300     106.1003     213.7254      55.9705     213.9654    0.2171   -1592.2886   -1544.1857 -18.126 -18.713  762 
   54230.223800     253.5231     156.7590     226.1828     157.3640    0.0370    -454.5807    -428.0885 -7.053 -5.584  762 
   54231.221900    1889.2937     233.0086    1854.1044     233.2095    0.1899    -501.9645    -490.0443 -3.360 -2.935  762 
   54240.235600     764.5064     183.5173     748.9586     183.8186    0.0847   -1349.8833   -1299.6730 -13.168 -13.624  762 
   54260.157900     362.5382     174.4684     210.6013     174.9389    0.0670    -642.8475    -613.5183 -8.583 -8.258  762 
   54260.162700    -502.4877     163.6775    -560.6348     164.1910    0.1582    -347.0727    -329.3613 -4.355 -4.256  762 
   54260.175900     311.7270     146.8263     285.9095     147.5199    0.0342    -467.7711    -439.5451 -5.837 -6.533  762 
   54261.162600    1438.6765     185.8897    1437.0814     186.1611    0.1093    -768.5416    -741.6795 -7.897 -7.475  762 
   54261.174500    1702.8974     170.5743    1601.0124     171.0232    0.1152    -953.0430    -908.1072 -11.807 -10.404  762 
   54264.164600     379.8174     152.8029     312.5508     153.3764    0.0344    -494.5145    -468.4350 -7.629 -7.408  762 
   54264.180400    -269.0596     151.4273    -306.0106     151.8909    0.1394    -402.1976    -382.6503 -6.167 -5.487  762 
   54265.184200    1083.8369     201.8400    1034.0969     202.0400    0.0414    -733.8301    -713.1745 -7.041 -5.847  762 
   54265.195400    1643.6313     177.4495    1620.8474     177.7186    0.0799   -1176.1617   -1134.0126 -13.104 -11.818  762 
   54275.170700     978.4119     326.3577     937.3356     326.4148    0.0396    -511.9871    -506.1425 -5.276 -3.916  762 
   54275.178200     508.4254     303.6091     454.6918     303.6849    0.0735   -1144.1749   -1128.7062 -11.399 -10.008  762 
   54384.470800    1319.7321     212.5377    1239.1499     212.8275    0.0397   -1048.9133   -1014.5789 -7.012 -6.743  762 
   54384.481300    1029.5872     193.6698     925.8228     194.0748    0.0512   -1241.8274   -1191.0223 -8.918 -9.252  762 
   54385.508300     824.3185     183.1533     772.0855     183.5710    0.0807   -1272.8810   -1214.9299 -12.774 -13.560  762 
   54386.497100    2124.6893     202.7510    2087.9837     203.0407    0.1161   -1440.5106   -1393.1227 -10.291 -9.893  762 
   54386.502700    1307.5491     209.0738    1257.4379     209.3399    0.0080   -1242.0936   -1204.7495 -8.721 -8.297  762 
   54388.451200   -1149.4981     140.8494   -1146.1564     141.6946    0.2463    -354.2030    -328.7635 -5.075 -6.529  762 
   54533.213700    1686.8001     273.8563    1615.7836     274.2130    0.1590    -741.4885    -718.7803 -4.838 -4.995  762 
   54534.352300     725.4382     295.9558     729.1172     296.2342    0.1317    -225.7626    -220.6094 -1.911 -1.215  762 
   54535.298300    2048.3264     216.5495    2065.8979     217.3771    0.6429    1185.3532    1119.2954 10.717 11.912  762 
   54536.149900    1875.0622     257.6544    1843.8261     257.9275    0.5103    1567.1288    1518.6466 14.420 15.354  762 
   54537.401500    2483.1190     177.2053    2469.2112     178.4388    0.6298       0.0000       0.0000  3.909  0.000  762 
   54538.182200     969.8755     406.8030     928.2500     406.9547    0.1740     339.7648     335.0619  0.378  1.733  762 
   54538.197200     967.0100     338.2296     943.7935     338.4620    0.1461     -58.3117     -56.9935 -0.109 -0.410  762 
   54590.205000    1914.5677     186.2499    1941.2077     187.3891    0.3864    -119.9297    -112.0874 -1.474 -1.813  762 
   54792.348600     641.6614     218.3859     602.7281     218.6469    0.3201    2301.0787    2228.5703 34.253 33.071  762 
   54792.505800       0.0000       3.7601       0.0000       3.7601       nan       0.0000       0.0000  0.000  0.000  762 
   54793.506900    2569.0890     321.8182    2559.3403     321.8794    0.7182   20097.6099   19869.5242 148.738 147.511  762 
   54794.486000       0.0000       3.1238       0.0000       3.1238       nan       0.0000       0.0000  0.000  0.000  762 
   54860.203100     904.8299     299.2751     841.1369     299.7489    0.2408     166.5617     160.5548  1.203  1.076  762 
   54861.126100     990.2257     303.6370     930.9819     303.9368    0.2061     240.6455     233.6672  1.752  1.869  762 
   54862.262500    2046.1313     314.1493    1933.7795     314.5383    0.4013     198.4671     192.6908  1.460  1.112  762 
   54912.158000    2488.4305     295.7863    2397.7921     295.8432    0.6571   23294.6877   23020.3036 173.811 175.492  762 
   54914.124500   24542.6979     794.7322   24490.1531     794.7911    0.5568  -11278.8724  -11271.0514 -19.832 -19.284  762 
   55126.484100    1864.6730     268.5071    1830.6167     268.9165    0.4853     832.2152     802.5521  8.112  7.955  762 
   55126.506900     572.9881     261.5314     544.9218     261.9967    0.3556    1279.0867    1231.0642 12.106 12.836  762 
   55208.301900       0.0000       3.4337       0.0000       3.4337       nan       0.0000       0.0000  0.000  0.000  762 
   55208.332500       0.0000       3.4645       0.0000       3.4645       nan       0.0000       0.0000  0.000  0.000  762 
   55273.269300    1748.7632     262.6238    1618.5145     263.2169    0.2345    -505.9976    -484.1751 -4.800 -3.686  762 
   55536.296400     205.5425     243.7745     172.8944     244.3566    0.0495      75.6979      72.0124  0.494  0.737  762 
   55538.328200    -381.1861     195.4438    -462.7656     196.8430    0.1155      65.0630      60.1495  2.444  1.052  762 
   55540.341300    2854.5543     372.2924    2792.0727     372.5191    0.3494    -759.3391    -745.5985 -2.551 -3.547  762 
   55599.206500    3775.5870     347.0247    3718.1013     347.1940    0.3834    -563.3628    -554.0994 -0.575 -2.802  762 
   55603.163800    1347.4258     292.6429    1319.0123     292.9965    0.2734     191.2809     184.8791  3.265  2.207  762 
   55679.251900    1677.2367     220.5345    1572.5319     221.4654    0.3120    -131.7421    -123.7816 -1.903 -1.562  762 
   55884.433200    1677.2367     220.5345    1572.5319     221.4654    0.3120    -131.7421    -123.7816 -1.903 -1.562  762 
   55889.434300    -121.8811     278.6608    -214.4998     279.2300    0.1047     753.5484     722.9542  5.809  6.063  762 
   55924.442100     761.2515     189.6289     759.7970     191.2273    0.3168     607.3989     564.2471  9.279 10.894  762 
   55925.373000     486.6034     243.8786     451.6615     244.6007    0.2736     646.5657     615.0437  6.724  6.532  762 
   55926.306500    -379.8532     197.9724    -386.1561     199.2896    0.0420     564.4079     525.4928  8.816  8.565  762 
   55927.348900    -167.6206     252.3778    -243.7092     253.1277    0.0957     651.4628     618.4990  6.268  6.894  762 
   55969.114700     826.7099     302.0918     781.3459     302.4019    0.2929     996.3850     969.9551  6.611  6.698  762 
   56045.159200    1684.9536     327.6994    1643.0011     328.0059    0.3915     614.0524     597.1674  5.035  5.363  762 
   56215.477100    2153.1514     250.7939    2230.1269     251.4641    0.2663    -956.7022    -909.0215 -11.985 -11.862  762 
   56217.469400    2339.2313     489.1704    2320.5416     489.3094    0.2412    -586.0423    -579.2070 -2.667 -2.525  762 
   56301.275300     873.8386     302.4488     877.9603     302.9162    0.2719   -2377.4285   -2293.6993 -15.020 -15.941  762 
