   54116.301000    5860.9123     362.8273    5808.6112     362.9642    0.3277   -2033.2763   -2017.7231 -5.505 -6.575  762 
   54127.317100     775.0595     309.6786     657.9868     309.9096    0.0442    -195.7108    -191.7277 -3.302 -1.524  762 
   54127.352800    1073.4772     306.0782     944.3360     306.2730    0.1275     706.1987     693.9889  4.229  4.923  762 
   54149.238000    1072.9016     204.4146    1014.4219     205.6504    0.0230    -916.8472    -861.9986 -5.136 -6.011  762 
   54149.257400    2109.4534     280.2559    2123.4618     280.4510    0.1150    -887.2246    -873.4120 -3.872 -3.727  762 
   54150.328600    2061.7950     189.9930    1967.7741     191.3094    0.2724    -144.1068    -134.6635 -1.858 -1.134  762 
   54152.336000    2741.2591     161.5925    3337.4860     164.0718    0.2864   -1009.1467    -908.3691 -13.315 -11.380  762 
   54152.342500    2146.9691     169.3711    2667.1726     171.3925    0.1553   -1330.0198   -1212.1599 -15.289 -13.634  762 
   54156.154700    -849.3935     217.7675   -1832.4506     219.2399    0.0611    1143.5076    1078.0546 18.043 19.177  762 
   54174.142000    4217.7275     152.7309    4721.8074     155.4905    0.6183     -34.1717     -30.6583 -0.349 -0.456  762 
   54174.149600    3394.7198     145.1848    3534.7418     148.9181    0.5433     170.1931     150.1850  1.768  2.539  762 
   54176.305700    4915.8670     174.8145    5110.7688     176.6882    0.4918   -1171.3815   -1071.3367 -11.267 -11.101  762 
   54179.173100    5336.0297     159.8507    5587.9775     162.4145    0.5704   -1113.4408    -998.2058 -12.391 -12.589  762 
   54201.218300    9773.8236     180.6932    9848.7001     181.9661    0.8102    -891.8530    -833.2181 -8.621 -7.542  762 
   54201.228100    9057.2417     211.4693    9163.5815     212.0864    0.7737    -473.2910    -454.8742 -4.624 -2.953  762 
   54201.243600   12167.4025     250.9769   12209.8203     251.3433    0.8801   -1084.2733   -1058.7894 -3.803 -5.200  762 
   54205.179300    8771.5751     132.4450   10128.9637     136.3579    0.7066    -281.7127    -247.2453 -6.759 -4.851  762 
   54210.346400    9611.0166     168.5845    9773.8096     170.1634    0.8307    -868.8021    -798.9260 -9.684 -9.023  762 
   54212.180600    8913.7108     204.8644    9044.5728     205.8282    0.8022      37.1225      35.1514  0.564  0.360  762 
   54213.208300    8728.3119     209.2085    9164.8702     210.0060    0.7432     -24.5976     -23.3575 -0.385 -0.312  762 
   54230.223800    4296.0685     160.7844    4556.7965     162.9038    0.5758    -482.1924    -436.8486 -6.253 -5.989  762 
   54231.221900    4387.7650     235.8752    4500.9543     236.4200    0.4867    -706.3421    -680.7989 -4.462 -4.192  762 
   54240.235600    1948.1235     197.8198    1913.4601     198.6878    0.2518    -193.5762    -183.1452 -2.018 -1.742  762 
   54260.157900     440.4599     195.7816     310.3225     196.8837    0.0573    -810.9775    -761.4979 -9.820 -8.575  762 
   54260.162700    -766.5902     185.7376   -1072.3607     186.9760    0.2267    -723.9434    -675.6645 -7.498 -7.143  762 
   54260.175900    1019.3661     151.9183    1089.8984     154.6904    0.1256    -559.0935    -498.8856 -6.498 -7.874  762 
   54261.162600    1958.7006     213.1992    2023.5252     213.6724    0.0988   -1240.8719   -1194.3289 -9.071 -9.486  762 
   54261.174500    1161.4886     187.6294    1002.0486     188.8027    0.0110    -992.6052    -927.0434 -8.676 -9.367  762 
   54264.164600    1187.6886     163.1086    1265.3680     165.1532    0.1347    -595.8116    -541.2489 -7.386 -8.315  762 
   54264.180400    1430.7490     147.0451    1717.3126     149.6614    0.2199    -501.8436    -450.8682 -8.543 -7.991  762 
   54265.184200    1095.8491     197.9714    1071.3061     198.7543    0.0031   -1152.7049   -1092.9801 -9.075 -9.910  762 
   54265.195400    1430.8804     183.8955    1188.2318     184.9059    0.0499    -867.6415    -816.3415 -8.830 -8.457  762 
   54275.170700    5707.6887     338.4978    5678.5756     338.6389    0.3447   -1507.5801   -1484.0089 -12.131 -10.822  762 
   54275.178200    3509.4324     309.1857    3519.7148     309.4002    0.2013   -1513.9269   -1481.5522 -15.075 -12.924  762 
   54384.470800   -3391.5014     219.9294   -3563.4538     220.8761    0.6209   -1287.4250   -1221.3926 -7.891 -8.185  762 
   54384.481300   -2054.3257     199.3933   -2119.8813     200.6159    0.5076   -1364.7946   -1277.4336 -10.102 -10.177  762 
   54385.508300   -2420.3340     191.5615   -2661.0984     193.2190    0.4981    -888.7744    -819.5117 -9.180 -9.182  762 
   54386.497100    -276.9200     205.4044    -346.0499     206.3790    0.2388   -1308.9494   -1236.5659 -10.562 -9.284  762 
   54386.502700   -1587.6396     207.1342   -1693.6111     208.1387    0.3948   -1233.5248   -1164.8576 -9.454 -8.884  762 
   54388.451200   -3492.8083     164.3697   -5181.2721     167.2013    0.4066    -676.4211    -612.8405 -10.740 -9.618  762 
   54533.213700    5738.5052     285.3602    5971.8566     286.0739    0.4883   -1620.6837   -1558.6383 -12.255 -10.578  762 
   54534.352300    4854.5131     291.7819    5032.0790     292.5911    0.5118   -1638.5357   -1578.7227 -10.176 -9.549  762 
   54535.298300    7424.8866     228.2609    8060.1172     230.6781    0.8623    2245.5067    2056.4563 21.755 21.526  762 
   54536.149900    3102.4927     284.0592    2866.3023     284.8029    0.1853   -1359.5028   -1306.7607 -10.982 -11.316  762 
   54537.401500    4656.1531     209.4398    4936.8371     212.4034    0.7157    -233.2444    -213.5549 -4.353 -3.014  762 
   54538.182200    5464.4963     428.1714    5447.9309     428.4488    0.3917   -2296.4061   -2260.2316 -10.967 -11.006  762 
   54538.197200    6407.7372     349.8176    6448.3266     350.4073    0.5492   -1870.5772   -1812.7346 -14.070 -12.644  762 
   54590.205000    3296.1602     204.8362    3563.4364     208.3403    0.5663    -720.8385    -646.6003 -9.775 -9.602  762 
   54792.348600    1063.8756     238.3022     667.5597     239.2833    0.0877     217.3050     206.2253  5.135  2.717  762 
   54792.505800     828.5825     332.4034     788.0962     332.6194    0.0035    -861.4955    -843.6828 -9.184 -7.990  762 
   54793.506900    3451.8851     321.5406    3512.1686     321.7473    0.6351    8251.9704    8094.9625 64.792 63.338  762 
   54794.486000     660.3309     255.0997     303.3449     258.2165    0.0769     204.3313     186.4209  2.164  2.392  762 
   54860.203100    5250.9350     316.0137    5214.2381     317.2285    0.7023     437.4619     416.7934  2.818  2.686  762 
   54861.126100    4604.0781     320.5701    4460.2885     321.4087    0.5598    1060.8816    1018.6203  9.200  7.689  762 
   54862.262500    4058.9927     324.4916    3935.5362     325.5235    0.5605    -192.0125    -184.0911 -0.212 -1.068  762 
   54912.158000    5545.3304     297.3965    5560.8871     297.5518    0.5364    4612.0416    4524.7731 35.174 35.671  762 
   54914.124500   33996.7609     828.9955   34052.7094     829.0366    0.3829  -23284.9409  -23264.4895 -35.121 -39.238  762 
   55126.484100    4547.4671     282.1510    4407.7482     283.5549    0.6245     496.6370     468.2442  5.335  4.540  762 
   55126.506900    4023.0518     279.5816    3843.6716     281.0618    0.5830     719.1936     678.4187  6.898  6.643  762 
   55208.301900    5696.0695     229.6963    5523.3110     232.7150    0.7431     716.2047     651.3285  7.538  7.453  762 
   55208.332500    6141.3016     244.6428    6264.3842     247.4322    0.7637     -52.3054     -47.7438  0.135 -0.516  762 
   55273.269300    1465.2324     275.5918    1399.7457     277.3741    0.2243    -276.3725    -258.1525 -1.418 -1.970  762 
   55536.296400   -3512.8271     260.8568   -4035.5216     263.2124    0.3773    1165.6801    1072.1053 10.438 10.582  762 
   55538.328200   -2417.6054     211.7859   -3649.9103     217.8168    0.3674     652.9968     566.9091 10.239  9.762  762 
   55540.341300    2067.3217     384.2852    1993.7607     384.8999    0.3351     462.3490     450.3693  2.824  2.140  762 
   55599.206500    3410.5671     361.4927    3317.1770     361.9376    0.3541     326.7923     319.4286  1.135  1.587  762 
   55603.163800     559.1660     325.6892     250.1554     326.8791    0.1358     960.5948     913.0197 10.853  9.271  762 
   55679.251900    7098.4132     227.3799    7105.2674     230.8029    0.8279     -76.8269     -69.0408 -1.396 -0.917  762 
   55884.433200    7098.4132     227.3799    7105.2674     230.8029    0.8279     -76.8269     -69.0408 -1.396 -0.917  762 
   55889.434300   11025.6273     281.1561   11088.5591     282.7862    0.8617    -251.9924    -236.7939 -3.128 -2.088  762 
   55924.442100     669.7761     204.8714     196.9812     211.7689    0.0216     -69.2882     -60.3988 -1.044 -1.178  762 
   55925.373000     710.3958     247.9926     680.8970     250.9272    0.1834     233.3233     213.2479  1.781  2.457  762 
   55926.306500    -906.7667     208.8060   -1044.9918     214.9219    0.1853     317.8040     277.0198  4.628  4.817  762 
   55927.348900    -704.9983     257.8555    -892.5154     260.8912    0.1763      55.1764      50.3047  0.690  0.604  762 
   55969.114700    4886.9731     309.9565    4853.2380     310.8355    0.5831    -297.8594    -285.4818 -2.342 -1.999  762 
   56045.159200     808.8653     328.8246     765.0971     330.0457    0.1574     301.7117     286.8058  3.826  2.758  762 
   56215.477100     773.8808     305.3916     690.7058     306.8712    0.0441   -1068.8120   -1013.4858 -9.428 -9.251  762 
   56217.469400    3525.8074     536.2149    3499.3130     536.4542    0.2639   -1136.9345   -1125.0636 -4.236 -4.379  762 
   56301.275300    1182.6897     346.3726    1207.8488     347.1790    0.1498   -2223.1624   -2152.2533 -11.030 -12.131  762 
