   54116.301000    8702.0057     351.5604    8664.1684     352.9202    0.5409       0.0000       0.0000 -17.578  0.000  762 
   54127.317100    2577.5341     360.0443    2484.1665     361.0344    0.0519   -1675.7158   -1612.1982 -16.906 -9.913  762 
   54127.352800    2698.8987     350.3345    2649.5259     351.3208    0.0124   -2976.9184   -2870.2022 -19.920 -16.169  762 
   54149.238000    3289.5421     223.1650    3701.0906     231.5709    0.0023   -4536.5313   -3742.1837 -24.622 -25.178  762 
   54149.257400    5596.9119     286.8462    4925.4480     288.8473    0.0149   -5570.2101   -5249.5324 -23.018 -21.211  762 
   54150.328600     724.5354     212.3133    1955.4213     220.7612    0.0986    -427.0362    -346.7124 -4.033 -2.844  762 
   54152.336000    1048.1099     201.3651    2688.2340     211.6033    0.0892   -1502.9293   -1186.8945 -12.380 -11.599  762 
   54152.342500     547.3824     208.9544    1952.2474     217.5055    0.0403   -1744.5854   -1418.3013 -12.616 -12.318  762 
   54156.154700       0.0000       2.4531       0.0000       2.4531       nan       0.0000       0.0000  0.000  0.000  762 
   54174.142000    5915.4745     186.8624    4675.0139     198.7096    0.2179    -992.3619    -784.3635 -10.950 -9.650  762 
   54174.149600    7304.8961     173.9262    7678.9872     188.2220    0.3587    -801.1208    -622.4744 -12.215 -9.400  762 
   54176.305700   -4009.5105     214.6865   -3702.8870     223.7435    0.2673       0.0000       0.0000 -10.019  0.000  762 
   54179.173100    5442.1178     193.5658    6557.6906     205.5213    0.3823   -1182.3823    -909.2333 -11.760 -9.845  762 
   54201.218300     558.7424     203.0095    2196.8673     212.7964    0.0564   -1685.2422   -1318.3342 -12.566 -12.572  762 
   54201.228100     150.9521     225.5668       7.0820     232.2572    0.0963   -1968.4090   -1668.3088 -12.537 -11.202  762 
   54201.243600    2444.6405     259.7271    2408.1823     263.6779    0.0117   -2988.6842   -2702.4185 -14.201 -12.900  762 
   54205.179300    5287.9833     173.6847    9400.3658     186.4420    0.3957    -888.0446    -653.5520 -12.491 -10.259  762 
   54210.346400       0.0000       3.3854       0.0000       3.3854       nan       0.0000       0.0000  0.000  0.000  762 
   54212.180600   -1151.5635     248.6264    -855.2496     253.2388    0.3979   -4693.3054   -4108.2294 -33.930 -33.220  762 
   54213.208300     156.3923     246.4962     839.1862     251.6035    0.1684   -3813.5788   -3294.6158 -38.295 -38.479  762 
   54230.223800   -4619.6898     194.9291   -4589.6120     206.7664    0.3803   -1012.0814    -760.2472 -10.581 -9.756  762 
   54231.221900    3826.2509     252.7482    4693.4341     257.2243    0.2450   -1545.2693   -1368.6890 -9.414 -8.032  762 
   54240.235600     783.2812     211.7849    1739.9250     218.7912    0.0006   -2123.0167   -1752.8095 -19.418 -18.621  762 
   54260.157900    -188.7200      92.3441     671.7633     217.3691    0.0397       0.0000       0.0000 -2.737  0.000  762 
   54260.162700   -1714.9853     145.7181   -2762.0375     207.1656    0.1755       0.0000       0.0000 -1.114  0.000  762 
   54260.175900   -6651.1779     187.3862   -6012.5457     199.7004    0.3305    -363.5498    -269.8137 -6.490 -3.885  762 
   54261.162600   -1345.9138     214.2328    -140.6404     220.8557    0.0293    -379.7678    -315.3879 -5.032 -3.249  762 
   54261.174500   -3479.8008     203.1299   -1596.6422     212.3736    0.0936    -355.1400    -280.2409 -5.371 -3.269  762 
   54264.164600   -7535.6695     190.9078   -7494.3982     202.0411    0.2517    -166.4096    -127.5076 -3.963 -1.982  762 
   54264.180400   -6664.0247     189.4532   -6473.2508     198.1382    0.2963    -151.6812    -119.5630 -2.531 -1.625  762 
   54265.184200   -4934.6894     227.9547   -5116.4300     232.7119    0.1836     -61.4761     -53.0365 -3.004 -0.427  762 
   54265.195400   -3158.4965     206.3978   -2138.4658     212.6362    0.0863    -357.0952    -295.3048 -5.420 -3.088  762 
   54275.170700       0.0056       4.2149      29.9812       7.1686    0.0134       0.0000       0.0000  4.278  0.000  762 
   54275.178200       0.0000       3.9080       0.0000       3.9080       nan       0.0000       0.0000  3.365  0.000  762 
   54384.470800    1223.0195     236.8755    -190.4569     243.8136    0.0880   -2793.1695   -2377.6773 -16.557 -15.517  762 
   54384.481300    1268.4603     223.2214     813.6137     231.3253    0.0416   -2428.5815   -2008.4758 -16.019 -15.100  762 
   54385.508300    6292.8412     216.7847    7008.4300     225.1173    0.2712   -1635.9149   -1339.3878 -16.946 -14.442  762 
   54386.497100    2634.7319     229.5469    2494.8157     236.1092    0.0226   -2296.6448   -1955.0003 -14.279 -13.372  762 
   54386.502700    3321.1642     235.5186    3136.2942     241.1667    0.0484   -2383.1744   -2070.3773 -14.333 -13.498  762 
   54388.451200    6574.6708     177.3621    8233.8449     192.4660    0.2987    -559.1420    -412.0830 -11.475 -8.331  762 
   54533.213700       0.0000       4.4806       0.0000       4.4806       nan       0.0000       0.0000  0.000  0.000  762 
   54534.352300   10054.7896     318.5352   11142.0670     323.8699    0.4903    -679.3472    -612.1242 -4.046 -3.229  762 
   54535.298300    7801.7319     262.7089    8418.2874     279.3823    0.6327     827.5058     629.2539  7.589  6.561  762 
   54536.149900       0.0000       3.5569       0.0000       3.5569       nan       0.0000       0.0000  6.903  0.000  762 
   54537.401500       0.0000       2.5735       0.0000       2.5735       nan       0.0000       0.0000  0.000  0.000  762 
   54538.182200       0.0000       5.3404       0.0000       5.3404       nan       0.0000       0.0000  0.000  0.000  762 
   54538.197200       0.0000       4.4288       0.0000       4.4288       nan       0.0000       0.0000  0.000  0.000  762 
   54590.205000       0.0000       2.8288       0.0000       2.8288       nan       0.0000       0.0000  0.000  0.000  762 
   54792.348600       0.0000       3.0070       0.0000       3.0070       nan       0.0000       0.0000  0.000  0.000  762 
   54792.505800       0.0000       3.7663       0.0000       3.7663       nan       0.0000       0.0000  0.000  0.000  762 
   54793.506900   10452.8062     342.1869   10810.4510     343.8341    0.7483   34577.2832   32544.2827 221.500 231.769  762 
   54794.486000       0.0000       3.1306       0.0000       3.1306       nan       0.0000       0.0000  0.000  0.000  762 
   54860.203100       0.0000       4.6606       0.0000       4.6606       nan       0.0000       0.0000  0.000  0.000  762 
   54861.126100       0.0000       4.1962       0.0000       4.1962       nan       0.0000       0.0000  0.000  0.000  762 
   54862.262500       0.0000       5.1599       0.0000       5.1599       nan       0.0000       0.0000  0.000  0.000  762 
   54912.158000       0.0000       4.2435       0.0000       4.2435       nan       0.0000       0.0000  0.000  0.000  762 
   54914.124500       0.0000      12.8400       0.0000      12.8400       nan       0.0000       0.0000  0.000  0.000  762 
   55126.484100       0.0000       3.6729       0.0000       3.6729       nan       0.0000       0.0000  0.000  0.000  762 
   55126.506900       0.0000       3.5576       0.0000       3.5576       nan       0.0000       0.0000  0.000  0.000  762 
   55208.301900       0.0000       3.4639       0.0000       3.4639       nan       0.0000       0.0000  0.000  0.000  762 
   55208.332500       0.0000       3.4557       0.0000       3.4557       nan       0.0000       0.0000  0.000  0.000  762 
   55273.269300       0.0000       4.2872       0.0000       4.2872       nan       0.0000       0.0000  0.000  0.000  762 
   55536.296400       0.0000       3.6646       0.0000       3.6646       nan       0.0000       0.0000  0.000  0.000  762 
   55538.328200   11012.6257     244.3987    7494.8086     269.7843    0.2737       0.0000       0.0000 -0.817  0.000  762 
   55540.341300       0.0000       5.8375       0.0000       5.8375       nan       0.0000       0.0000  0.000  0.000  762 
   55599.206500    5923.2796     364.2387    5839.2663     368.3912    0.2974       0.0000       0.0000  0.970  0.000  762 
   55603.163800       0.0784       3.3949     506.1086      55.0951    0.1174       0.0000       0.0000  0.191  0.000  762 
   55679.251900    3011.3058     271.2017     307.9039     290.0720    0.0336     135.5073     101.3711  2.815  1.256  762 
   55884.433200    3011.3058     271.2017     307.9039     290.0720    0.0336     135.5073     101.3711  2.815  1.256  762 
   55889.434300    5751.9189     319.9062    3455.3145     331.9988    0.1721    -370.6010    -307.8638 -4.065 -2.498  762 
   55924.442100    7799.8414     242.0467    6370.0039     269.3644    0.3493     283.5763     205.3721  6.233  3.871  762 
   55925.373000    4927.1547     291.2687    1770.7850     307.2211    0.1396     557.1885     445.3026  6.138  4.525  762 
   55926.306500   10645.9285     247.2428    3941.6903     273.0885    0.1519     355.4162     268.2950  5.280  4.175  762 
   55927.348900    6559.4915     300.5006    3656.8126     315.8737    0.2328     616.0511     493.3678  6.929  5.275  762 
   55969.114700    7135.9719     334.3673    6013.0218     341.3748    0.2388     556.1705     490.2907  4.434  3.276  762 
   56045.159200    5208.1764     366.9138    3906.7613     374.6674    0.3957    1129.5908     982.9109 10.777  8.663  762 
   56215.477100   27320.8062     282.3303   33367.5716     295.9425    0.4694   -2185.5954   -1772.0517 -27.068 -26.766  762 
   56217.469400   13346.6860     488.8593   14137.1343     492.1732    0.3067   -6535.3747   -6125.4266 -27.362 -27.787  762 
   56301.275300   16208.3351     325.4207   19927.8753     335.2730    0.4784   -3128.3572   -2627.0431 -20.158 -19.786  762 
