   54116.301000    1697.9842     374.4931    1706.1909     374.8749    0.2389     933.4414     921.2828  2.316  2.957  762 
   54127.317100     223.4277     346.0235     195.1710     346.3323    0.0839   -1125.5563   -1101.3954 -5.933 -7.322  762 
   54127.352800     -34.7944     338.9186      -2.0016     339.2170    0.0691    -826.7037    -810.7835 -4.770 -4.920  762 
   54149.238000     -20.4214     219.6897     -43.9133     222.0646    0.1320    -834.3416    -763.4843 -5.315 -5.209  762 
   54149.257400    5070.7160     293.6489    4996.6950     294.1367    0.2583   -2259.2956   -2204.5536 -8.605 -9.055  762 
   54150.328600    4506.5293     202.9511    4613.8842     205.3779    0.5380    -783.7237    -712.3169 -5.850 -5.959  762 
   54152.336000    4116.4278     186.2085    4446.1554     189.6517    0.5801    -263.1875    -233.4851 -3.063 -2.450  762 
   54152.342500    4263.5591     195.1014    4526.0304     197.8708    0.5773    -173.6562    -156.6634 -0.216 -1.459  762 
   54156.154700   -1943.0097     213.8798   -2428.1447     216.9108    0.3235   -1083.4017    -989.6983 -20.093 -20.761  762 
   54174.142000   -2088.5783     173.0946   -2302.7242     177.2997    0.3571     354.4665     309.7031  3.364  4.113  762 
   54174.149600   -1862.4041     160.7653   -1860.8934     166.1854    0.2384     351.7364     302.3811  5.511  4.881  762 
   54176.305700     782.4801     201.4708     903.4916     204.2160    0.1138    -365.5695    -329.8993 -3.075 -2.885  762 
   54179.173100     582.2602     180.2021     745.9492     184.3001    0.0669    -415.1278    -360.9554 -4.304 -4.151  762 
   54201.218300    -350.5769     193.2282    -200.9617     196.1850    0.0364       1.0341       0.9217 -0.598  0.009  762 
   54201.228100   -1076.8043     223.3243   -1194.1157     225.0812    0.1686      40.6961      37.8941  1.211  0.252  762 
   54201.243600     221.9132     264.9959     231.3329     266.0035    0.1380     794.4734     762.5620  3.908  3.681  762 
   54205.179300    2458.3744     154.8724    2979.7126     160.2313    0.4789     -82.7565     -69.7570 -0.240 -1.195  762 
   54210.346400    7975.9960     179.0255    8057.3293     182.3384    0.7057   -1181.6477   -1045.5758 -11.613 -12.267  762 
   54212.180600    5023.8017     231.8879    4999.7908     233.3737    0.5106    -877.6064    -820.4117 -7.017 -7.182  762 
   54213.208300    5415.5018     228.2820    5442.3237     229.9269    0.6492    -654.0696    -607.1606 -6.128 -7.458  762 
   54230.223800    2247.0503     176.7856    2447.9588     180.5958    0.3594      79.4278      69.2727 -0.682  0.914  762 
   54231.221900    2662.1285     250.2807    2812.7849     251.4817    0.4103     414.1475     392.0111  2.339  2.348  762 
   54240.235600    3156.8983     201.4536    3074.5742     203.5243    0.4413     276.1798     252.3487  0.486  2.621  762 
   54260.157900    1725.1108     195.4381    1380.2374     198.4136    0.2313      57.4544      51.4231 -0.324  0.679  762 
   54260.162700    1795.3200     184.7434    1528.4059     188.0245    0.2090    -123.2053    -109.2912 -1.783 -1.392  762 
   54260.175900    4121.2960     166.7479    4115.7891     171.0908    0.5613     -31.3867     -27.1704 -1.063 -0.408  762 
   54261.162600    3153.3722     206.6905    3225.2966     208.4405    0.4501    -156.7041    -144.2242 -2.810 -1.406  762 
   54261.174500    2372.7321     191.0721    2215.5975     193.8817    0.2544    -376.6061    -337.0761 -4.379 -3.817  762 
   54264.164600    1301.0133     172.4067     956.0337     176.2872    0.1119     -63.6496     -55.9706  0.333 -0.885  762 
   54264.180400    1311.6080     168.7036     999.3189     172.0640    0.1676     252.4278     223.8006  3.926  3.308  762 
   54265.184200     415.0040     216.3807     227.3061     217.8081    0.0803     484.9982     452.1826  2.049  3.770  762 
   54265.195400    1866.2359     194.0728    1796.9723     195.9820    0.2476     225.7831     206.5859  1.566  2.162  762 
   54275.170700    4111.2962     337.9869    4065.3012     338.3806    0.3596      30.5838      29.7252 -0.472  0.229  762 
   54275.178200    4541.4266     314.1177    4507.8542     314.6332    0.3923     147.2452     142.3251 -0.376  1.266  762 
   54384.470800     118.9116     232.7567     103.9605     234.5309    0.0125     -20.8032     -19.2997 -0.360 -0.128  762 
   54384.481300     885.3916     214.3634    1116.0379     216.5251    0.1725      26.8562      24.5092 -1.887  0.190  762 
   54385.508300    -307.6232     204.1796    -129.5164     206.8869    0.0558    -300.7183    -269.2372 -3.844 -3.001  762 
   54386.497100     241.6297     222.6895     309.1298     224.5170    0.0155    -207.5940    -192.0797 -2.597 -1.365  762 
   54386.502700     451.9389     227.8472     568.8095     229.4588    0.0251    -842.3548    -785.9187 -4.985 -5.438  762 
   54388.451200   -3189.9881     165.8830   -3261.0319     171.1213    0.3637     -83.8369     -70.4344 -1.399 -1.360  762 
   54533.213700    2478.8724     299.0871    2515.7584     301.1525    0.3251    -351.1630    -327.3477 -2.731 -2.264  762 
   54534.352300    2806.3550     320.1493    2882.2204     321.7723    0.4117    -895.4605    -852.5005 -4.951 -4.715  762 
   54535.298300    -205.7114     249.6936     -82.1316     254.9895    0.2799   -1498.8867   -1312.0799 -14.304 -13.927  762 
   54536.149900    2708.2604     281.3933    2741.6307     283.2793    0.3475      -6.4040      -5.9383  0.855 -0.059  762 
   54537.401500    9255.9811     206.8114    9656.6503     214.0861    0.8686      60.5918      52.3419  1.117  0.941  762 
   54538.182200    3163.0932     429.4256    3211.4981     430.2561    0.2990    -952.1378    -923.2235 -6.649 -4.736  762 
   54538.197200    4010.6486     361.7507    4026.7771     363.2194    0.4244   -1133.2810   -1075.7799 -6.563 -7.676  762 
   54590.205000    1860.6227     216.9242    1590.0233     224.4253    0.1957    -381.9035    -325.3358 -5.139 -5.242  762 
   54792.348600     760.6730     238.3915     941.0435     240.2445    0.1230     313.9359     289.3276  3.268  4.232  762 
   54792.505800    4615.3342     332.6851    4553.1248     333.1537    0.2999     -79.1724     -76.6125 -0.371 -0.748  762 
   54793.506900    4095.4251     335.5549    4130.6316     336.0199    0.3428     384.9990     374.0622  2.472  2.781  762 
   54794.486000     971.6101     265.9702    1104.0307     271.3913    0.1870     166.9980     146.3785  2.380  1.982  762 
   54860.203100    -241.1885     329.4410    -192.4008     332.2976    0.2004   -1126.8693   -1037.8406 -6.717 -6.932  762 
   54861.126100    1541.6350     330.4803    1566.4603     332.3433    0.0827    -920.8699    -860.1920 -5.550 -6.778  762 
   54862.262500    2652.3501     342.5987    2677.5151     344.7341    0.3133    -797.0640    -748.1576 -4.826 -4.292  762 
   54912.158000    6059.0243     306.0268    5808.6183     306.4186    0.2747    -934.3893    -906.0434 -6.307 -6.972  762 
   54914.124500   51588.5983     823.8750   51918.5670     824.0354    0.6635  -21776.8427  -21749.5685 -29.068 -37.156  762 
   55126.484100   -1673.0027     297.0766   -1911.4653     299.9494    0.2322     215.7534     197.1807  1.534  1.953  762 
   55126.506900   -1644.3963     289.9169   -1723.9157     293.0158    0.2107     558.3872     509.6080  5.829  5.289  762 
   55208.301900   -1715.7124     251.3814   -2192.5189     256.7472    0.2674     546.4493     476.6685  4.646  5.361  762 
   55208.332500    -687.1772     260.0818    -962.2876     265.9359    0.1652      46.5904      40.4567  1.169  0.454  762 
   55273.269300     934.8053     292.2019     648.7175     295.7891    0.0189    -848.6416    -769.3936 -5.989 -5.867  762 
   55536.296400     968.3653     273.2005    1043.2188     276.9162    0.0214    -983.1323    -877.3577 -8.979 -8.950  762 
   55538.328200   -4066.1011     229.4306   -4337.6831     238.0758    0.4818    -285.3890    -236.6133 -4.640 -4.157  762 
   55540.341300     537.7197     399.4835     473.6332     400.8500    0.2244   -2220.6427   -2132.2359 -10.855 -10.080  762 
   55599.206500    1858.4706     370.6218    1835.7100     371.6775    0.0674   -1350.3728   -1300.6607 -8.244 -6.524  762 
   55603.163800     675.4367     321.5544     713.6284     324.1520    0.0240    -571.7507    -525.3145 -7.136 -6.149  762 
   55679.251900    3472.7709     249.7341    3057.1934     255.7607    0.4205    -529.9897    -458.4608 -6.614 -5.854  762 
   55884.433200    3472.7709     249.7341    3057.1934     255.7607    0.4205    -529.9897    -458.4608 -6.614 -5.854  762 
   55889.434300     914.4264     307.1713     845.9301     310.4899    0.1745     339.6621     309.8311  3.107  2.609  762 
   55924.442100    2222.4371     221.5433    2508.1496     231.3438    0.4430     142.1708     119.4514  2.372  2.318  762 
   55925.373000    2404.3790     273.0614    2480.1401     277.6104    0.3884      56.4607      50.3303  1.614  0.540  762 
   55926.306500     315.3793     229.8733     277.8382     238.0846    0.0468      33.7620      28.6638  1.212  0.472  762 
   55927.348900    1600.5068     281.7110    1666.9181     286.2426    0.2583     -46.5037     -41.3419 -0.262 -0.464  762 
   55969.114700     -91.9680     328.6957     -28.3544     330.4856    0.0197     168.7640     158.7016  2.075  1.092  762 
   56045.159200   -1309.9772     352.8556   -1392.0859     355.0475    0.3064    -563.9429    -525.6583 -3.672 -4.757  762 
   56215.477100   -3155.4596     287.5437   -3441.6822     292.8430    0.4092     -96.7070     -85.1736 -1.141 -1.091  762 
   56217.469400    2359.7288     515.8318    2312.6978     516.6956    0.3499    1036.6366    1009.5035  4.906  4.358  762 
   56301.275300   -1345.7237     336.2763   -1360.7332     339.2132    0.3509    -595.2567    -549.6808 -3.657 -3.761  762 
