   54116.301000   15413.4188     412.4592   14854.1186     413.3575    0.1511  -13325.2526  -13030.7569 -76.466 -41.772  762 
   54127.317100   -4932.3756     368.3882   -5023.7277     368.9662    0.4744   -1326.7710   -1291.5008 -9.562 -8.577  762 
   54127.352800   -6606.2678     364.3441   -6782.1925     364.9970    0.5237   -1144.5304   -1115.5959 -7.351 -6.734  762 
   54149.238000   -4538.7253     254.1673   -4395.0357     256.2567    0.6550   -1810.2497   -1658.8813 -12.832 -11.285  762 
   54149.257400    8031.7070     322.3578    7564.7895     323.2345    0.1698   -9743.7729   -9414.5064 -52.880 -38.698  762 
   54150.328600   -4985.2726     233.9294   -4877.8126     235.8277    0.5634    -735.5024    -672.1157 -4.987 -5.544  762 
   54152.336000   -2337.9511     213.9771   -2376.7356     216.1518    0.3777    -616.7547    -553.8135 -6.551 -5.885  762 
   54152.342500   -2671.1326     224.5399   -2663.2453     226.6695    0.3585    -756.3857    -687.0386 -5.747 -6.491  762 
   54156.154700     975.0761     227.8043    1265.3440     228.8181    0.0838     114.6214     108.2968  4.262  2.143  762 
   54174.142000   -3364.9867     196.0859   -3335.4408     198.1873    0.3651     157.4068     142.8664  2.940  1.857  762 
   54174.149600   -1701.3630     182.0022   -1724.3686     184.4390    0.2407     120.7829     109.4266  1.720  1.695  762 
   54176.305700     764.9179     230.5016     598.4825     232.6827    0.0502   -1178.3052   -1072.4010 -9.414 -9.518  762 
   54179.173100   -3228.8382     205.9048   -2968.7523     208.0604    0.4523    -581.5459    -520.1812 -6.826 -5.922  762 
   54201.218300    -519.7291     220.5816    -366.2798     222.4825    0.1792    -999.0846    -906.1420 -8.222 -8.470  762 
   54201.228100   -2403.7410     254.9087   -2197.9629     256.6547    0.4366   -1456.6219   -1354.6184 -10.110 -8.986  762 
   54201.243600    3034.8694     300.8574    2863.8623     302.4104    0.1850   -4510.9654   -4283.4867 -27.732 -20.591  762 
   54205.179300     573.6463     173.8122     322.2869     176.2361    0.0071    -299.5404    -266.7481 -6.805 -4.508  762 
   54210.346400    4872.4880     202.7627    4482.5831     204.6081    0.4094     643.4068     582.4355  6.883  6.681  762 
   54212.180600    1038.1782     258.0460     933.4302     259.3647    0.1192     -23.3653     -21.8428 -0.408 -0.191  762 
   54213.208300    3714.7624     245.2372    3548.4551     246.2329    0.4523     381.6968     358.4194  6.327  4.386  762 
   54230.223800    1544.8636     197.4486    1591.1801     199.3226    0.1325    -394.7165    -355.0466 -4.511 -4.673  762 
   54231.221900    2987.4618     281.8253    2695.4760     283.3467    0.1887   -1056.2168    -992.9997 -11.741 -5.911  762 
   54240.235600    2018.0500     223.5004    1986.2063     224.7630    0.1603    -284.2888    -263.3354 -3.418 -2.681  762 
   54260.157900     441.4617     216.5943     430.0980     218.0109    0.0465       0.0000       0.0000  1.013  0.000  762 
   54260.162700    -426.1224     206.3595    -343.5138     207.9718    0.0491    -159.5290    -145.8554 -2.264 -1.809  762 
   54260.175900    1932.2199     186.4421    1433.4595     188.4866    0.1228      62.5287      56.1356  2.511  0.835  762 
   54261.162600    -428.1604     233.7507    -152.7715     234.9913    0.0065     102.2971      95.4259  2.520  0.885  762 
   54261.174500    1039.1235     213.7835    1009.7231     215.2970    0.0939     -97.9002     -89.7280 -0.866 -0.990  762 
   54264.164600    3035.8800     189.7391    2758.2039     191.4340    0.2665    -269.7950    -245.4005 -5.303 -3.783  762 
   54264.180400    5028.9048     185.0556    4373.5732     186.8384    0.3262    -394.1185    -359.1241 -6.208 -5.352  762 
   54265.184200    2706.4501     237.3082    2431.9876     238.5198    0.2406     431.8625     404.1470  2.103  3.391  762 
   54265.195400    4158.0568     213.5630    3896.1167     214.8357    0.3123     168.6802     156.5579  2.820  1.629  762 
   54275.170700    6767.0423     356.7959    6648.7746     357.2029    0.3719    -930.2467    -903.6701 -7.863 -6.852  762 
   54275.178200    4767.0309     329.9993    4684.3599     330.4360    0.3169       0.0000       0.0000 -2.863  0.000  762 
   54384.470800   -3554.0388     266.2278   -3581.8211     267.9760    0.3839    -592.0775    -548.3759 -6.463 -3.593  762 
   54384.481300   -6234.9660     247.0854   -6102.6733     248.9643    0.6165    -323.7542    -296.7294 -2.548 -2.263  762 
   54385.508300   -5508.2513     228.9948   -5230.9428     230.5964    0.4377    1004.1136     917.5211  7.770  9.946  762 
   54386.497100   -4675.3728     255.7383   -4439.2462     257.5398    0.3843     670.5995     618.9739  4.141  4.349  762 
   54386.502700   -5426.4431     260.8815   -5124.9993     262.5768    0.5069     359.2409     333.8217  2.630  2.281  762 
   54388.451200   -3007.9350     182.9615   -2642.4670     184.8119    0.1565     608.9201     545.1698  9.719  9.938  762 
   54533.213700   -6467.9690     342.3520   -6218.0402     344.5406    0.7062   -2132.5071   -1979.5284 -15.011 -13.563  762 
   54534.352300   -6883.3074     371.9888   -7237.0077     374.7615    0.6455   -1305.2433   -1228.1641 -7.105 -6.753  762 
   54535.298300   -2392.9366     288.6916   -2384.4004     291.7854    0.5104   -1494.8633   -1342.0899 -14.062 -13.963  762 
   54536.149900   -5031.5989     311.1360   -4963.5920     312.5324    0.5760   -1060.3922    -990.2422 -10.209 -9.647  762 
   54537.401500   -1887.4017     238.2924   -2062.4127     241.3271    0.1965     111.0697      99.5801  2.111  1.719  762 
   54538.182200    1302.2855     474.2099    1279.5124     475.6127    0.1467   -2962.0559   -2845.6684 -16.173 -14.430  762 
   54538.197200   -3490.8968     402.7063   -3390.2166     404.2736    0.4432    -660.7109    -625.3102 -4.497 -4.370  762 
   54590.205000   -3927.2465     246.0231   -3849.7121     249.1366    0.5434    -276.5361    -245.3737 -3.716 -3.863  762 
   54792.348600   -5730.8136     257.7687   -5538.8887     258.7046    0.3630     509.1296     478.7261  4.716  6.682  762 
   54792.505800   -1694.1768     348.1595   -1708.0531     348.4848    0.2382   -1808.0318   -1751.9480 -17.595 -16.853  762 
   54793.506900    2312.1840     357.1926    2354.7515     357.6854    0.1291    -450.9188    -436.6865 -5.251 -3.187  762 
   54794.486000   -1116.1817     296.9588    -867.1104     299.4132    0.0685     198.2090     179.0127  2.917  2.365  762 
   54860.203100    1222.1930     374.1292    1317.9169     376.5242    0.0657   -2212.8594   -2041.3123 -19.694 -13.513  762 
   54861.126100   -6710.7515     372.2951   -6417.4544     374.0149    0.4859    -986.6248    -922.1276 -7.969 -7.070  762 
   54862.262500    -845.6182     394.3216   -1160.8910     396.8608    0.6874   -4159.3047   -3885.6015 -26.451 -21.931  762 
   54912.158000    5730.0775     319.0660    5828.0765     319.4093    0.2149   -1173.0903   -1135.7235 -9.498 -8.827  762 
   54914.124500  129967.4279     867.1075  128378.2608     867.6070    0.8030  -62373.5547  -62187.6312 -247.277 -108.072  762 
   55126.484100   -2600.1139     330.6215   -2285.0510     332.4446    0.1827     794.8629     738.8533  7.589  7.189  762 
   55126.506900   -1439.7136     323.1988   -1184.7007     325.0763    0.0772     553.0565     513.3675  6.186  5.195  762 
   55208.301900   -3236.8424     286.2112   -2931.0483     288.9683    0.2181    1041.5425     937.0299 11.249 10.388  762 
   55208.332500     -49.1564     294.1308     150.9231     296.8821    0.0470     302.4803     270.6780  2.552  2.997  762 
   55273.269300    2469.1434     334.2335    2233.7498     337.0281    0.2304    -716.8952    -653.9303 -5.515 -4.972  762 
   55536.296400   -2715.4725     308.1608   -2472.3829     310.3478    0.2558     -31.6116     -28.8678 -0.639 -0.287  762 
   55538.328200   -3576.2001     253.8539   -3170.4430     257.0308    0.2526     277.4239     244.7885  5.192  4.234  762 
   55540.341300    4228.4461     450.6363    3881.3883     452.5558    0.0329   -3647.0385   -3473.5547 -24.151 -16.160  762 
   55599.206500     934.9111     416.3830     697.9569     418.1113    0.0721   -1670.4715   -1591.8958 -10.000 -7.877  762 
   55603.163800   -4414.3954     353.1016   -4208.0474     354.5662    0.4175    -122.0021    -113.9157 -2.376 -1.283  762 
   55679.251900    1864.0446     278.9016    1320.5350     281.8456    0.1615     261.3279     233.4673  4.897  2.969  762 
   55884.433200    1864.0446     278.9016    1320.5350     281.8456    0.1615     261.3279     233.4673  4.897  2.969  762 
   55889.434300   -5027.8412     349.8033   -5008.3503     352.3340    0.5557     -28.7665     -26.4156 -1.108 -0.220  762 
   55924.442100   -2132.9209     248.9692   -2036.1202     252.7187    0.2160     272.0675     240.6735  5.419  4.605  762 
   55925.373000   -3626.4673     310.6323   -3464.1022     313.2799    0.4429     690.4154     628.2956  7.103  6.637  762 
   55926.306500   -4012.7345     259.7798   -4030.8085     263.1986    0.3857     328.5375     293.6574  4.884  4.726  762 
   55927.348900   -3488.2706     317.3466   -3328.3305     319.8583    0.4716       0.0000       0.0000  0.776  0.000  762 
   55969.114700   -5981.8094     374.0048   -5860.3438     375.9872    0.5202       0.0000       0.0000  2.131  0.000  762 
   56045.159200    -817.7243     384.6967    -934.3075     386.4328    0.1828    -292.7203    -273.8697 -3.760 -2.490  762 
   56215.477100   -5978.3392     319.3801   -5959.3558     322.1373    0.5593      87.2151      79.4024  1.789  1.007  762 
   56217.469400    6526.1406     566.6655    6184.0462     568.1731    0.0005   -6415.5850   -6189.3835 -48.800 -26.613  762 
   56301.275300   -9154.4341     388.1498   -9326.7636     391.1695    0.8021   -1935.4357   -1786.1276 -12.840 -12.120  762 
