   54116.301000    6850.4285     350.6252    6615.3665     351.2125    0.2229   -4583.5756   -4482.5265 -14.943 -14.335  762 
   54127.317100   -2002.6582     346.1010   -2271.6155     346.5962    0.2911   -2041.2872   -1985.6275 -13.662 -12.797  762 
   54127.352800   -1504.1347     338.1064   -1766.4217     338.6056    0.3415   -2862.0471   -2788.6376 -14.971 -16.378  762 
   54149.238000    -798.6955     210.4846    -559.4939     213.8510    0.2434   -1120.5628    -990.3292 -5.749 -6.712  762 
   54149.257400    2105.0633     280.1885    1889.6251     280.9784    0.1526      63.9232      61.5467  0.954  0.252  762 
   54150.328600    -208.7992     198.6220     140.2423     201.9200    0.0108     -90.7937     -79.7550  0.109 -0.653  762 
   54152.336000     455.2148     183.6206     471.7140     188.0571    0.0336    -802.2537    -683.6182 -7.602 -7.021  762 
   54152.342500    -622.8994     191.7917    -982.1241     195.7491    0.2087    -933.1141    -810.5125 -7.322 -7.413  762 
   54156.154700       0.0000       2.5409       0.0000       2.5409       nan       0.0000       0.0000  1.720  0.000  762 
   54174.142000    -643.4592     172.0184   -1346.8687     176.7449    0.2164    -177.8419    -151.3890 -1.128 -1.906  762 
   54174.149600    1175.6517     160.6175     799.0564     166.0477    0.1385      87.9274      74.1233  0.738  1.116  762 
   54176.305700    1290.7661     196.2961    1203.4370     200.1037    0.0485   -1002.2815    -874.5754 -7.580 -7.531  762 
   54179.173100     471.7392     178.0229     574.6256     182.8235    0.0761   -1282.6792   -1075.0210 -12.867 -11.933  762 
   54201.218300    1565.4566     188.1741    2113.5945     191.8706    0.2435    -720.6725    -620.6728 -6.584 -5.818  762 
   54201.228100    -403.8938     213.9716      37.9467     216.4068    0.0814    -667.6172    -603.6603 -4.702 -4.032  762 
   54201.243600    -514.7905     251.6924    -451.2214     253.2860    0.1238    -763.5010    -716.5459 -3.626 -3.437  762 
   54205.179300    3862.9873     154.3912    3719.1304     160.2150    0.4967    -587.8809    -482.2698 -8.029 -7.844  762 
   54210.346400       0.0000       3.4174       0.0000       3.4174       nan       0.0000       0.0000  0.000  0.000  762 
   54212.180600    -782.7142     231.5200   -1230.7327     233.6259    0.1842    -229.2276    -209.4888 -1.298 -1.769  762 
   54213.208300    2467.2977     228.4398    2276.8891     230.3691    0.2882    -318.7992    -291.3102 -3.846 -3.485  762 
   54230.223800    1747.5989     175.0682    1659.2671     179.4912    0.2378     -17.6476     -14.8588 -2.410 -0.193  762 
   54231.221900    2689.1845     241.8252    2837.0410     243.6166    0.2196   -1061.5587    -984.5223 -6.718 -5.822  762 
   54240.235600    2370.7147     199.2840    2712.2971     201.6430    0.3212     -17.0293     -15.2071 -1.953 -0.156  762 
   54260.157900    1103.5062     195.1516    1656.1701     198.0609    0.2315     166.5287     146.2205  1.733  1.870  762 
   54260.162700    4514.5476     180.9542    4982.3252     184.4032    0.4175      34.2226      29.7301  0.168  0.377  762 
   54260.175900    2922.2980     166.4703    2449.1519     171.3307    0.3379     421.7310     353.4648  3.009  5.147  762 
   54261.162600    1724.3528     204.9407    2223.5732     207.0358    0.2988     543.6940     490.3027  5.024  4.631  762 
   54261.174500    1842.7384     189.0212    2239.0090     192.1573    0.3736     318.5264     277.3900  2.249  3.085  762 
   54264.164600     299.4943     173.2250     355.6925     177.0707    0.1214     291.3465     249.6217  3.368  3.800  762 
   54264.180400    1820.7945     168.1354    1097.8829     172.0346    0.1911     203.3148     175.0576  1.758  2.515  762 
   54265.184200   -1154.4706     212.3073   -1223.4572     214.2013    0.0932     681.6124     621.0675  4.527  5.148  762 
   54265.195400     644.5103     191.3145     827.1356     193.6550    0.1966     542.0180     484.4132  4.139  5.038  762 
   54275.170700    1006.3235     336.9625     992.2591     337.4795    0.1002      -0.2180      -0.2104  3.701 -0.002  762 
   54275.178200    2361.5703     312.3315    2354.9116     312.9761    0.2300     476.2481     456.5956  2.400  4.060  762 
   54384.470800   -3403.3165     225.8509   -3483.8225     228.4767    0.4539    -799.2844    -720.3518 -4.903 -4.705  762 
   54384.481300   -3903.0976     210.7560   -3681.9904     213.8420    0.5422   -1059.3552    -936.3082 -7.104 -7.053  762 
   54385.508300   -2024.4241     203.6293   -1944.3027     206.8191    0.4045    -385.2957    -337.7353 -4.671 -3.612  762 
   54386.497100   -2869.3391     217.4079   -2538.2146     219.9752    0.4020    -518.4929    -466.5560 -4.120 -3.237  762 
   54386.502700   -2476.7420     223.2456   -2399.2800     225.5562    0.4108    -989.9179    -900.1520 -5.062 -6.021  762 
   54388.451200    1708.4647     164.9204    2604.0366     169.5404    0.2438    -477.2148    -397.5020 -6.673 -7.312  762 
   54533.213700   -1009.8654     289.2545    -618.5096     292.2254    0.2238    -916.6852    -832.3380 -5.499 -5.731  762 
   54534.352300    -585.7631     307.0486    -872.3222     309.8433    0.3810   -2159.0252   -2008.1949 -10.773 -10.873  762 
   54535.298300    -820.7350     244.9931    -978.2529     251.7250    0.3263   -1215.9706   -1023.1010 -10.929 -10.560  762 
   54536.149900    2033.0651     276.3845    2345.4179     278.6951    0.2740    -230.5695    -210.3360 -2.231 -2.088  762 
   54537.401500     683.2367     209.6251     517.5948     217.5535    0.0851     -19.2820     -15.9132  0.390 -0.280  762 
   54538.182200       0.0000       5.4070       0.0000       5.4070       nan       0.0000       0.0000  0.000  0.000  762 
   54538.197200       0.0000       4.4651       0.0000       4.4651       nan       0.0000       0.0000  0.000  0.000  762 
   54590.205000    -649.5274     216.9837    -157.3820     224.3926    0.1596    -770.0931    -629.9428 -9.871 -9.904  762 
   54792.348600       0.0000       3.0830       0.0000       3.0830       nan       0.0000       0.0000  0.000  0.000  762 
   54792.505800    -186.9873     333.6621    -121.9627     334.1764    0.1082    1780.6063    1712.0029 15.195 16.424  762 
   54793.506900    2747.3825     335.4689    2891.2603     336.0413    0.5859   10673.6113   10283.2772 74.610 73.577  762 
   54794.486000   -1226.1203     265.8174    -474.1741     271.2931    0.1025    -288.4371    -245.6936 -3.207 -3.228  762 
   54860.203100       0.0000       4.6998       0.0000       4.6998       nan       0.0000       0.0000  0.000  0.000  762 
   54861.126100       0.0000       4.2574       0.0000       4.2574       nan       0.0000       0.0000  0.000  0.000  762 
   54862.262500       0.0000       5.1765       0.0000       5.1765       nan       0.0000       0.0000  0.000  0.000  762 
   54912.158000    7752.8510     299.3279    7787.4989     299.8015    0.6080    9855.4147    9474.8371 75.253 73.807  762 
   54914.124500   67729.8522     718.4982   67031.1086     718.6837    0.8132  -16480.4570  -16438.2760 -23.667 -28.928  762 
   55126.484100   -2610.5477     292.8753   -2647.7997     296.4837    0.4101     376.7802     337.3679  3.072  3.262  762 
   55126.506900    -515.6885     286.0337    -236.2671     289.6600    0.0695    -193.3260    -172.8304 -0.917 -1.745  762 
   55208.301900   -1875.1003     246.7383   -1882.1929     253.1157    0.2469     535.7312     450.6214  5.583  4.935  762 
   55208.332500    -176.5381     255.0050     186.4075     261.4766    0.0645     204.0072     170.5026  0.976  1.886  762 
   55273.269300     637.7926     280.0678     681.2188     284.9216    0.1708     288.5645     252.1571  1.202  1.917  762 
   55536.296400   -1502.6176     270.2295   -1321.0284     274.8135    0.3175    -374.6934    -325.9270 -2.218 -3.217  762 
   55538.328200    -968.4754     227.8723    -430.5092     235.9806    0.1106    -294.3494    -238.4496 -4.307 -4.061  762 
   55540.341300      29.6447      75.4883     713.8201     383.0489    0.0915       0.0000       0.0000 -0.816  0.000  762 
   55599.206500   -1455.7235     357.3807   -1471.2305     359.0157    0.1051      92.1945      87.2430  0.454  0.431  762 
   55603.163800   -1171.9171     321.2537    -807.9083     324.0881    0.1104     116.3718     105.5993  0.835  1.199  762 
   55679.251900    1817.8208     247.0581    1354.6843     253.8196    0.1571     -58.4064     -48.8152 -1.555 -0.611  762 
   55884.433200    1817.8208     247.0581    1354.6843     253.8196    0.1571     -58.4064     -48.8152 -1.555 -0.611  762 
   55889.434300   -2325.6174     302.2817   -2651.7912     306.8201    0.4818   -1015.3002    -898.4763 -5.766 -7.361  762 
   55924.442100      97.3314     223.4452     507.3486     232.6419    0.0563     -26.7863     -21.5827 -0.588 -0.404  762 
   55925.373000   -1456.5287     270.5485   -1709.5896     276.3064    0.3193     271.1168     234.2812  1.361  2.416  762 
   55926.306500   -1171.3467     230.2619   -2017.4771     239.0209    0.3190      30.5334      25.1305  0.086  0.393  762 
   55927.348900   -2173.2226     280.1797   -2208.6741     285.6079    0.4003     200.0920     172.7561  1.928  1.871  762 
   55969.114700   -2031.9097     322.1630   -1984.9270     324.8286    0.2312     -33.3279     -30.6992  0.412 -0.205  762 
   56045.159200     920.6113     346.0715     837.9794     348.8354    0.2446     781.4395     716.1811  5.878  6.430  762 
   56215.477100   -1548.7331     277.0222   -1329.6808     283.1522    0.2506    -718.9991    -615.3404 -8.396 -8.321  762 
   56217.469400     930.7061     489.6005     852.5267     491.0042    0.1061   -1853.6937   -1779.2062 -8.101 -7.820  762 
   56301.275300   -2736.1193     319.1767   -2684.2760     323.8120    0.5170   -1181.7943   -1051.7108 -7.682 -7.429  762 
