   54116.301000    2653.9124     445.6550    2516.3187     445.9701    0.0598   -3415.5864   -3365.8552 -9.084 -10.934  762 
   54127.317100   -2043.2578     352.2972   -2571.7798     352.8889    0.1361      11.2228      10.7948 -7.946  0.085  762 
   54127.352800   -2524.9299     351.6152   -3049.9133     352.2316    0.1695    -329.2142    -317.6959 -11.398 -2.233  762 
   54149.238000    2407.2889     269.5939    2788.8133     271.0311    0.0707   -2191.6512   -2024.4954 -10.940 -13.977  762 
   54149.257400    4189.6336     339.3347    4100.6867     339.7698    0.0454   -4824.4529   -4693.1293 -16.933 -19.832  762 
   54150.328600    4367.4175     245.6530    4741.4807     247.1059    0.2767   -1628.6511   -1492.1803 -10.925 -12.583  762 
   54152.336000     -29.4093     216.2097      20.8350     218.5673    0.2037   -1806.0105   -1587.8762 -22.027 -19.398  762 
   54152.342500    -565.9711     225.6292    -489.7299     227.6975    0.2438   -1919.6607   -1707.7229 -20.899 -18.725  762 
   54156.154700   -1631.6660     247.3864   -1277.6914     248.6363    0.1067     232.5118     214.7767 -2.358  3.924  762 
   54174.142000    1209.2971     203.6188    2022.0964     206.2271    0.1372    -589.2443    -513.3255  6.305 -7.599  762 
   54174.149600    1367.6123     193.4976    2546.5957     196.5332    0.1763    -204.5717    -175.6957 12.689 -2.998  762 
   54176.305700     560.5954     232.5753     201.8178     234.6789    0.0166    -370.7222    -331.6442  6.249 -3.348  762 
   54179.173100    4780.9962     213.0943    5580.1668     215.3609    0.2982   -2258.8581   -1981.7304 -10.737 -24.740  762 
   54201.218300    8344.9978     235.9798    8802.9373     237.4500    0.5724   -1429.8664   -1303.9568 -8.706 -11.785  762 
   54201.228100    9934.9877     272.7253   10438.5434     273.6314    0.5982   -1611.8245   -1520.6747 -2.429 -9.783  762 
   54201.243600    4183.7394     320.9088    4209.6236     321.6453    0.3765   -1574.0464   -1510.6511 -2.808 -7.381  762 
   54205.179300    4742.2086     179.5474    6186.2660     182.5749    0.3479   -1229.1003   -1052.6175 -18.017 -20.339  762 
   54210.346400    7248.1261     217.1495    7398.0486     219.0682    0.5059    -913.1366    -814.6073 -0.254 -9.241  762 
   54212.180600    1441.9006     255.1512    1109.9868     256.5724    0.0667    -537.2183    -493.6532 -3.404 -4.996  762 
   54213.208300    3676.1775     249.4200    4090.7677     250.5586    0.3335    -692.9245    -639.8436 -2.967 -8.418  762 
   54230.223800    5280.2871     207.9779    5790.9220     210.0009    0.3756   -1328.0014   -1176.3598 -11.676 -15.906  762 
   54231.221900       0.0000       4.8608       0.0000       4.8608       nan       0.0000       0.0000  0.000  0.000  762 
   54240.235600    8590.6088     240.2949    8938.0992     241.3659    0.5830    -570.7806    -528.4842  5.400 -5.054  762 
   54260.157900    6125.9277     237.1297    6523.7887     238.4580    0.4023    -927.8363    -850.4724 -7.592 -9.787  762 
   54260.162700    2499.3634     232.1945    2366.1746     233.7660    0.1264   -1191.0707   -1084.3335 -8.691 -11.583  762 
   54260.175900    3714.7376     196.0245    3718.3809     198.5793    0.3111    -908.7529    -792.7014 -9.508 -12.382  762 
   54261.162600   10416.1247     257.3711   11167.4805     258.1365    0.4821    -706.0648    -664.9481  8.718 -5.450  762 
   54261.174500    6940.5087     232.9780    7094.6794     234.4633    0.4810   -1008.8486    -919.1281  3.808 -9.382  762 
   54264.164600    3158.7922     202.9191    3456.0244     204.9818    0.2441    -834.5445    -740.3164 -7.476 -11.389  762 
   54264.180400   -1562.1802     189.4243   -1930.9883     191.8962    0.2753    -371.2195    -325.4804 -8.357 -5.593  762 
   54265.184200    3926.7852     243.5276    4151.7096     244.5854    0.2834    -483.2299    -448.6244  9.370 -3.983  762 
   54265.195400   12306.7267     225.1337   12479.0210     226.1918    0.6840   -1109.7055   -1024.9932 -5.725 -10.519  762 
   54275.170700    3847.6796     371.5490    3873.3909     371.8965    0.2057    -855.2440    -829.1141  6.310 -6.063  762 
   54275.178200    4552.8973     342.4577    4505.7938     342.8997    0.2121   -1269.9439   -1221.5868  3.030 -10.560  762 
   54384.470800    1148.6005     279.9781    1292.8390     281.2511    0.0271   -1733.0479   -1613.7484 -2.204 -10.767  762 
   54384.481300    2529.2765     255.7120    2755.9229     257.2286    0.1460    -883.3177    -809.6716  2.695 -6.462  762 
   54385.508300    -817.8431     239.4070    -387.2073     241.1806    0.1222   -1366.5225   -1228.2041 -7.277 -13.819  762 
   54386.497100     544.8457     263.6658     834.2333     265.0037    0.0288    -524.4401    -485.3235  3.193 -3.630  762 
   54386.502700    -982.3872     264.8033    -910.3781     266.2120    0.1743    -916.1186    -846.3739  0.158 -6.428  762 
   54388.451200   -1391.8565     204.5165    -643.1050     206.3051    0.1085    -967.0486    -862.9338 -18.911 -13.910  762 
   54533.213700       0.0000       4.5358       0.0000       4.5358       nan       0.0000       0.0000  0.000  0.000  762 
   54534.352300       0.0000       4.8141       0.0000       4.8141       nan       0.0000       0.0000  0.000  0.000  762 
   54535.298300       0.0000       3.5520       0.0000       3.5520       nan       0.0000       0.0000  0.000  0.000  762 
   54536.149900    2543.1898     338.4234    2923.5605     339.3198    0.0237   -2667.4702   -2521.0602 -16.862 -21.983  762 
   54537.401500    1820.5810     269.3136    2992.6482     271.7580    0.1659    -774.9416    -696.9286  3.457 -10.084  762 
   54538.182200     491.8556     509.0573     600.9554     509.7734    0.0003    -615.8408    -597.4637  4.892 -2.914  762 
   54538.197200     168.2714     420.1748     404.7209     421.2804    0.1140   -1656.2286   -1570.7958 -6.544 -11.025  762 
   54590.205000    4984.9856     266.5572    5786.8713     269.3844    0.4803    -845.7039    -745.8997 -5.662 -11.108  762 
   54792.348600     689.7916     273.9133      99.2179     275.3442    0.1115   -1302.7145   -1200.2908 -17.543 -16.168  762 
   54792.505800    3053.7649     359.3884    3192.2105     359.7223    0.1419    -724.0821    -699.0464 -9.196 -6.612  762 
   54793.506900   10642.6312     357.0060   10790.2577     357.3261    0.5801    -123.5731    -119.8026  7.988 -0.939  762 
   54794.486000    3325.7469     319.1655    3421.1161     321.9588    0.5295    1316.9339    1175.6711 18.906 15.132  762 
   54860.203100    3688.6217     405.1899    3834.7006     406.8416    0.4790     865.1235     807.8701  8.684  5.188  762 
   54861.126100    2731.1065     388.6034    2558.4677     389.9802    0.3043     322.8925     302.9430  4.251  2.313  762 
   54862.262500   -1763.3117     417.6557   -2788.7351     419.6693    0.1496     582.4701     544.8489  0.895  3.170  762 
   54912.158000   11456.9426     331.5126   11634.3593     331.8177    0.2334   -6496.6225   -6287.9454 -40.958 -48.441  762 
   54914.124500   86191.9502    1012.5719   86558.2450    1012.7763    0.8212    9043.7998    9023.0014 -1.096 15.126  762 
   55126.484100   -4300.5028     353.0362   -4412.2586     355.3217    0.3586     919.6033     839.3158  9.132  8.158  762 
   55126.506900   -3427.5135     348.8027   -3327.7848     350.8612    0.2638    1092.6433    1001.1868 12.125  9.892  762 
   55208.301900    2479.6079     305.4821    2134.5124     308.8533    0.4245    1517.7436    1340.7090 15.063 15.276  762 
   55208.332500    4835.5770     319.3784    5072.1773     322.2826    0.6982    1840.2027    1635.6789 21.423 17.607  762 
   55273.269300   -2956.9128     362.4903   -2910.1063     364.7517    0.2204     990.2092     905.1864  9.798  6.839  762 
   55536.296400   -5264.9512     330.4652   -5685.2731     333.3157    0.3378    1648.2530    1473.6628 16.736 14.644  762 
   55538.328200   -5244.0401     274.9176   -5581.6916     279.4813    0.3883    1250.4908    1064.2027 24.100 18.228  762 
   55540.341300   -2091.0205     479.7817   -2416.7932     481.0078    0.0600    1622.4094    1553.6499  8.066  7.411  762 
   55599.206500    4433.7426     441.9739    4453.8011     442.7710    0.3717     709.2718     683.7935  8.460  3.406  762 
   55603.163800    2099.8537     380.8666    2243.7290     382.3173    0.3982    2555.6169    2378.3187 28.079 24.641  762 
   55679.251900    -646.1993     296.8374    -482.1996     300.2158    0.1184    1522.8176    1328.0470 16.770 17.388  762 
   55884.433200    -646.1993     296.8374    -482.1996     300.2158    0.1184    1522.8176    1328.0470 16.770 17.388  762 
   55889.434300   -3989.3732     365.4855   -4069.5435     368.0618    0.4046       5.8470       5.3104  7.060  0.047  762 
   55924.442100       0.0000       2.5906       0.0000       2.5906       nan       0.0000       0.0000  0.000  0.000  762 
   55925.373000    3097.1874     321.4180    2810.5853     324.4666    0.3473    -128.5586    -114.7776 -4.499 -1.316  762 
   55926.306500     240.1161     275.4806    -790.5846     281.0761    0.0702     -18.8076     -16.0143 -11.832 -0.278  762 
   55927.348900    4761.5946     327.2899    4806.9219     330.1706    0.5291    -269.9544    -241.0571 -7.103 -2.875  762 
   55969.114700   -2547.3564     389.6711   -3133.3866     391.5799    0.2259    -411.2813    -383.4482 -5.984 -2.702  762 
   56045.159200    1862.4141     396.5832    1724.7255     398.2579    0.3126     803.3777     745.5189  9.996  7.055  762 
   56215.477100    -594.5644     382.4640    -527.3187     384.4614    0.2029   -1803.5169   -1668.3553 -20.532 -15.273  762 
   56217.469400    2691.7993     638.1260    2604.4763     638.7078    0.2407   -5387.8352   -5277.9497 -17.584 -20.553  762 
   56301.275300      18.9815     445.8915     123.2173     447.3565    0.2945   -3476.6183   -3305.5290 -17.377 -18.666  762 
