   54116.301000    6864.6857     376.4859    6577.0932     376.9786    0.3298   -2423.9317   -2376.9282 -7.843 -7.710  762 
   54127.317100   -5082.7530     333.1698   -6068.1215     334.0062    0.1716    1955.0891    1881.5467 13.720 14.023  762 
   54127.352800   -5986.7662     329.2261   -6900.5082     329.9660    0.1763    2571.0494    2483.3215 15.153 16.581  762 
   54149.238000     834.8136     225.6398     851.4674     229.0654    0.3227    1942.1934    1737.8578 12.196 12.081  762 
   54149.257400    6038.9864     293.2343    6010.5737     293.9029    0.4616     623.2056     602.6596  2.351  2.541  762 
   54150.328600     -47.0606     211.2280      31.3837     214.9399    0.1394    1270.0841    1123.4225  8.255  9.421  762 
   54152.336000   -1667.8478     187.6541   -3374.0777     195.1725    0.2986      19.9496      16.6722  1.472  0.199  762 
   54152.342500   -2621.1842     196.1063   -4730.9684     202.5897    0.3709     162.5434     138.2714  1.757  1.475  762 
   54156.154700    6771.4135     228.5836    7396.6549     232.2454    0.4699     972.6618     885.3798 18.273 16.396  762 
   54174.142000   -1531.3770     176.8711   -1195.3456     184.4529    0.1089      26.6450      22.3037  0.893  0.320  762 
   54174.149600   -1426.8077     167.8052    -535.3767     177.2139    0.0313     139.4490     114.6150  2.340  1.898  762 
   54176.305700   -3092.7398     202.1971   -4826.3362     208.0569    0.3026     200.7347     171.5759  1.146  1.702  762 
   54179.173100      26.5588     184.1007      36.3035     191.2346    0.0177    -188.3178    -157.1441 -2.657 -1.938  762 
   54201.218300    2813.8402     201.7489    3518.2184     205.6957    0.3532     -94.0798     -82.5314 -0.443 -0.761  762 
   54201.228100    2418.2459     230.3941    3032.3601     232.4609    0.3158     335.2150     308.4188  1.393  2.033  762 
   54201.243600    2364.4399     270.4127    2332.8038     271.8125    0.2362    -226.1955    -214.1520 -2.124 -1.044  762 
   54205.179300    -889.5800     156.5101   -1608.5395     168.3219    0.0782     493.8700     394.1670  7.319  7.515  762 
   54210.346400    2119.8828     189.6482    2773.3245     194.5915    0.2588    -137.4896    -117.9494 -1.146 -1.349  762 
   54212.180600   -1431.4466     231.0888   -2999.6019     234.5751    0.1484     860.7281     774.2657  8.728  7.529  762 
   54213.208300    1314.5964     228.9257    1538.6930     232.0221    0.2498     646.8769     584.7885  7.910  7.678  762 
   54230.223800    3585.6422     181.0859    5427.8459     186.6711    0.4508     -38.2116     -32.3895 -0.733 -0.446  762 
   54231.221900     921.6104     255.5555     863.8363     257.4431    0.0352    -593.0309    -550.6098 -2.887 -3.353  762 
   54240.235600    4766.5025     212.1570    6148.1856     214.5086    0.3852      33.3781      30.2181  0.291  0.296  762 
   54260.157900    7195.3686     209.3418    9229.0512     212.1324    0.4901      20.7399      18.6188 -1.997  0.219  762 
   54260.162700    6822.4542     198.3348    9282.2893     201.1666    0.4418    -187.0786    -166.6207 -2.442 -1.885  762 
   54260.175900    2086.9616     172.1053    2530.3933     179.4604    0.3329      54.8590      45.6159  0.371  0.717  762 
   54261.162600   10027.4210     224.4533   11794.5378     225.6257    0.4815      50.4492      47.1107  0.685  0.390  762 
   54261.174500    4648.9463     203.3398    6207.4759     206.4310    0.4135    -370.6097    -328.5774 -4.319 -3.444  762 
   54264.164600    1169.8061     181.0502    2438.0963     186.7093    0.2002    -232.7616    -198.0831 -2.782 -3.083  762 
   54264.180400   -1540.9360     168.8372   -3271.4158     176.4779    0.2586    -333.9264    -278.1552 -4.469 -4.751  762 
   54265.184200    1153.5682     215.9211    1608.9138     218.1322    0.0798    -832.2779    -756.5938 -7.097 -6.781  762 
   54265.195400    5068.4830     198.9425    6356.7476     201.4010    0.4312    -171.8650    -154.9790 -2.814 -1.629  762 
   54275.170700    6269.8038     347.1832    6583.6679     347.6565    0.3226   -1388.6646   -1344.6332 -12.386 -9.976  762 
   54275.178200    3005.0482     318.9392    3210.5581     319.7266    0.1706    -841.0351    -804.9380 -7.283 -7.150  762 
   54384.470800    4284.9107     238.6342    4555.1038     241.0109    0.3758    -618.9933    -566.0763 -3.218 -3.768  762 
   54384.481300    2505.1357     220.6867    2756.2300     223.9205    0.2448    -434.0871    -388.2004 -2.409 -3.045  762 
   54385.508300    2003.8783     211.3072    2622.3703     215.3958    0.2077    -348.5253    -305.6415 -4.109 -3.394  762 
   54386.497100    3133.7200     227.0083    2845.8527     229.7742    0.3471      19.6122      17.7389 -0.281  0.130  762 
   54386.502700     724.3494     230.1296     412.4833     232.8202    0.0780     333.1569     302.2782  1.313  2.215  762 
   54388.451200    8036.9856     177.4673    9464.1879     183.1279    0.4322     446.9313     384.6455  4.702  6.364  762 
   54533.213700     636.8621     310.7091     960.0925     313.2909    0.0499    -511.0769    -469.9928 -3.264 -3.201  762 
   54534.352300   -2094.9824     324.9958   -2570.9987     327.7972    0.3884    -372.5604    -345.5898 -1.567 -2.017  762 
   54535.298300      97.1233     262.6553    1124.1340     269.7639    0.1488   -2922.1438   -2494.0454 -25.471 -26.154  762 
   54536.149900    2780.4207     299.1339    3385.7695     301.2584    0.1894   -1604.7561   -1486.3579 -14.117 -13.432  762 
   54537.401500    5073.9701     230.6325    8339.4910     238.2887    0.3706    -641.4441    -550.9238 -7.565 -8.372  762 
   54538.182200    3703.8044     445.1113    3695.3566     446.1891    0.3125   -1275.1432   -1229.1649 -5.155 -6.071  762 
   54538.197200    2717.2305     374.2405    2881.6282     376.2440    0.3289    -523.3571    -491.3854 -4.139 -3.415  762 
   54590.205000    1255.1852     231.0670    3195.3259     240.4688    0.2322    -304.8614    -253.2403 -3.223 -3.890  762 
   54792.348600    2317.0550     253.0308    2407.0519     255.9876    0.1851    -743.9347    -677.2876 -6.590 -9.118  762 
   54792.505800   -1793.7272     340.9828   -1462.1327     341.6982    0.1271   -3044.5112   -2926.1140 -26.838 -28.056  762 
   54793.506900    1954.5833     338.6677    1980.6849     339.4480    0.1375    -293.4985    -282.1193 -0.121 -2.153  762 
   54794.486000     206.9822     281.6034    1201.4127     289.4670    0.1049     142.0955     121.6020 -0.936  1.592  762 
   54860.203100    4467.6187     341.7729    4834.9467     345.4134    0.4032   -1030.4535    -939.0873 -6.276 -6.139  762 
   54861.126100    2258.5902     345.8342    2182.6553     348.4318    0.3276     151.2489     140.0554 -0.080  1.054  762 
   54862.262500      -0.9371       5.6226   -4173.4736     151.5083    0.2848       0.0000       0.0000 -4.134  0.000  762 
   54912.158000    5747.7795     305.9040    6273.4894     306.4160    0.0840   -4552.6468   -4375.2114 -33.662 -34.836  762 
   54914.124500   52616.4054     820.8882   52456.7196     820.9585    0.5906  -28044.2742  -27993.4186 -47.915 -48.357  762 
   55126.484100     214.7033     308.6169     183.1840     312.9275    0.0397     166.8345     149.7188  2.337  1.462  762 
   55126.506900     101.2874     304.5134     510.7283     308.8073    0.0981     382.0197     343.4055  2.385  3.420  762 
   55208.301900   -1764.5614     261.9085   -2202.2487     270.5053    0.2394     121.7400     102.8945  1.010  1.178  762 
   55208.332500    -319.4079     274.2661     682.4007     282.3391    0.0708     220.0648     186.2359  1.755  2.058  762 
   55273.269300    2969.0085     302.5551    3070.6352     307.4948    0.3013    -610.0742    -540.6441 -3.509 -4.154  762 
   55536.296400     -67.7845     287.1307    -410.1132     293.1959    0.0490      76.3524      66.5072  1.053  0.661  762 
   55538.328200    1676.5728     236.5837    2154.5703     250.4315    0.2104     337.7756     274.4872  5.877  4.832  762 
   55540.341300    4492.9198     409.4715    4361.1619     411.3092    0.5151    -395.4691    -375.8250 -1.611 -1.763  762 
   55599.206500    2852.2729     382.6058    2711.6664     384.0466    0.1938   -1128.5371   -1077.3154 -5.690 -5.314  762 
   55603.163800    4359.4013     343.8736    4933.3920     347.1006    0.4557     574.8222     526.0562  7.187  5.523  762 
   55679.251900    3297.1038     257.4415    4035.2788     266.9096    0.5081     194.2802     161.7535  1.564  2.156  762 
   55884.433200    3297.1038     257.4415    4035.2788     266.9096    0.5081     194.2802     161.7535  1.564  2.156  762 
   55889.434300     367.1577     315.7964      47.3288     321.2416    0.0437    -386.3332    -342.8241 -3.961 -2.974  762 
   55924.442100    3640.1876     229.4354    2295.3775     247.3360    0.1058     109.5509      88.9771  1.826  1.760  762 
   55925.373000     629.8477     280.0083     -28.0471     288.1534    0.0103     122.6857     105.7131  0.773  1.191  762 
   55926.306500     438.7531     236.8496    -781.8179     253.2094    0.0536     115.8633      94.5471  1.437  1.627  762 
   55927.348900    -545.8200     289.1813    -965.4100     297.2728    0.1408     114.5460      98.4111  0.314  1.158  762 
   55969.114700   -1112.9206     339.7071   -1776.5080     342.8185    0.2338    -448.1481    -413.2835 -2.096 -2.846  762 
   56045.159200     513.8074     355.6046    -254.2621     359.6445    0.0135     126.3600     115.0046 -0.553  1.096  762 
   56215.477100    3748.5888     317.0837    5010.8928     322.2949    0.3504     -39.7405     -35.5794 -0.169 -0.373  762 
   56217.469400    5077.4079     543.2719    5025.4001     544.2369    0.3096   -2377.0260   -2311.6754 -9.908 -9.366  762 
   56301.275300    1353.1209     363.7726    1475.8682     366.9131    0.1412    -436.6629    -405.3714 -2.368 -2.460  762 
