   54116.301000    4407.7849     419.9011    4347.8867     420.0009    0.1526   -2518.5226   -2504.1438 -8.105 -8.138  762 
   54127.317100   -4641.7124     331.1814   -4726.3691     331.2717    0.2702    1272.9739    1256.5732  6.544  9.858  762 
   54127.352800   -5348.7845     330.4293   -5488.1999     330.5282    0.3608     832.3189     822.3728  7.277  5.783  762 
   54149.238000    -471.8122     239.9099    -492.4320     240.1852    0.3043   -1573.9615   -1527.9207 -9.230 -10.589  762 
   54149.257400    2182.4361     318.5574    2135.6515     318.6430    0.1489   -3937.2798   -3897.6795 -17.271 -16.486  762 
   54150.328600     439.8193     217.1967     342.3822     217.5261    0.1019   -1081.8368   -1045.0724 -6.487 -8.842  762 
   54152.336000    -736.8752     184.1535    -830.4341     184.8795    0.3088   -1105.8843   -1050.1170 -12.534 -12.955  762 
   54152.342500    -755.7561     194.1701    -852.8922     194.7539    0.3058   -1215.2077   -1159.7360 -13.843 -12.808  762 
   54156.154700     416.6499     221.0742     436.7807     221.4463    0.0811     220.8208     213.9357  3.913  3.993  762 
   54174.142000     585.1681     170.3365     693.5157     171.0635    0.0739    -321.7049    -304.4310 -5.021 -4.553  762 
   54174.149600    -713.4315     159.9044    -607.0583     160.9613    0.1338    -225.5865    -211.3997 -4.657 -3.656  762 
   54176.305700    -104.4056     201.1525    -242.4911     201.6651    0.1164    -478.1924    -458.1562 -3.355 -4.656  762 
   54179.173100     895.9033     180.8344    1059.0150     181.4178    0.0898   -1698.9147   -1613.0915 -18.550 -20.316  762 
   54201.218300    2687.8005     207.1276    2797.1876     207.3862    0.3175    -786.1798    -760.1852 -6.709 -6.909  762 
   54201.228100     571.4644     247.1293     612.0961     247.2967    0.0435    -353.3968    -345.8520 -1.019 -2.231  762 
   54201.243600     811.1462     295.2480     805.4274     295.3934    0.0057    -857.8552    -844.6592 -3.615 -4.127  762 
   54205.179300    -289.9488     148.1931    -248.1672     149.5858    0.1622    -894.6082    -834.1029 -16.453 -16.385  762 
   54210.346400    1352.2673     188.0514    1421.8828     188.4813    0.1932    -168.3397    -161.2160  0.297 -1.845  762 
   54212.180600    1051.9830     227.2087     968.8874     227.5020    0.1680     229.7469     222.6805  1.739  2.264  762 
   54213.208300    2062.3111     223.6634    2086.5158     223.9410    0.2733    -169.0698    -164.1864 -0.644 -2.182  762 
   54230.223800    2207.0062     177.8400    2305.8699     178.3809    0.2035    -983.6664    -938.0653 -12.151 -12.825  762 
   54231.221900       0.0000       4.8453       0.0000       4.8453       nan       0.0000       0.0000  0.000  0.000  762 
   54240.235600    1449.2002     215.5305    1485.9683     215.7417    0.1597    -169.6000    -164.9699 -0.965 -1.589  762 
   54260.157900    2021.5903     209.6374    2088.2343     209.8956    0.1530    -934.9601    -906.2050 -7.940 -10.528  762 
   54260.162700     241.9091     203.5628     228.6138     203.8624    0.0908    -832.8761    -804.9053 -8.486 -8.674  762 
   54260.175900     200.5986     165.6425     243.2489     166.4136    0.0257    -397.1747    -375.5739 -5.555 -5.952  762 
   54261.162600    3134.6636     232.5066    3215.9689     232.6116    0.2261   -1179.7839   -1156.4557 -8.881 -9.532  762 
   54261.174500    2947.1060     205.0790    2984.6274     205.3492    0.3166    -869.8664    -841.4009 -6.275 -8.659  762 
   54264.164600    2670.7645     173.8385    2802.4266     174.3830    0.3476    -369.8713    -353.2963 -5.555 -5.517  762 
   54264.180400     370.5690     160.0443     298.1639     160.8515    0.0194    -422.4386    -400.0025 -7.231 -6.972  762 
   54265.184200    1821.5202     219.1775    1849.4767     219.3574    0.2068    -344.3923    -335.3025  0.130 -2.985  762 
   54265.195400    -167.8036     201.6020     -98.9127     201.8090    0.0164     -26.7305     -25.9494  1.887 -0.268  762 
   54275.170700    2080.7568     353.3716    2070.0580     353.4172    0.0929   -1035.1233   -1025.0327 -7.746 -7.508  762 
   54275.178200    -187.8626     323.8853    -247.2034     323.9630    0.1655   -1656.4396   -1633.6570 -8.974 -14.175  762 
   54384.470800    4407.8214     250.6611    4334.7536     250.8602    0.4346   -1228.6125   -1198.7761 -7.887 -8.017  762 
   54384.481300    5090.1684     225.3809    5078.3294     225.6197    0.4832   -1033.8593   -1003.0082 -7.583 -8.028  762 
   54385.508300    2848.0218     207.9676    2888.7427     208.3123    0.2588   -1174.1526   -1130.4509 -13.340 -12.824  762 
   54386.497100    2588.8275     234.2435    2530.9801     234.4664    0.2680    -692.2834    -673.3589 -4.863 -5.038  762 
   54386.502700    1497.8364     235.3145    1465.5853     235.5388    0.1336    -565.2821    -549.8103 -4.027 -4.177  762 
   54388.451200    1934.2850     173.4086    2086.5446     173.9295    0.2206    -577.2753    -551.9975 -8.533 -9.058  762 
   54533.213700       0.0000       4.5191       0.0000       4.5191       nan       0.0000       0.0000  0.000  0.000  762 
   54534.352300       0.0000       4.8018       0.0000       4.8018       nan       0.0000       0.0000  0.000  0.000  762 
   54535.298300       0.0000       3.5346       0.0000       3.5346       nan       0.0000       0.0000  0.000  0.000  762 
   54536.149900    1878.8569     307.9314    1879.2767     308.0962    0.0235   -2117.7884   -2075.9108 -15.739 -18.193  762 
   54537.401500     713.6306     229.6974     860.7629     230.4828    0.0146    -809.1567    -776.5635 -12.206 -11.440  762 
   54538.182200    1191.9823     476.7773    1142.0508     476.9184    0.0515    -783.7355    -775.2676 -4.325 -3.779  762 
   54538.197200     834.8792     385.6204     823.4445     385.7939    0.0665   -1319.6248   -1296.1278 -8.881 -9.129  762 
   54590.205000    -858.4556     226.1406    -724.7647     227.0760    0.2338    -597.7815    -566.8754 -7.347 -8.573  762 
   54792.348600   -2394.2461     247.3395   -2489.4196     247.6568    0.4294   -1323.3622   -1282.0021 -16.962 -17.492  762 
   54792.505800    -304.3308     341.9374    -330.2860     342.0034    0.1534   -2299.3370   -2270.8044 -21.997 -21.639  762 
   54793.506900    2816.2085     338.5552    2818.2361     338.6157    0.0120   -2697.0184   -2666.8876 -16.794 -20.934  762 
   54794.486000   -1493.6242     277.3540   -1434.3922     278.1224    0.1215     750.5044     716.9277  9.766  9.340  762 
   54860.203100    2141.2279     364.7136    2163.0618     364.9798    0.3216     -72.9645     -71.2043 -0.385 -0.458  762 
   54861.126100    1212.1796     352.3701    1209.4083     352.5685    0.2331     415.8573     407.2782  3.562  3.123  762 
   54862.262500     906.7893     376.8498     795.8232     377.1462    0.0032    -794.8056    -776.5053 -5.458 -4.525  762 
   54912.158000    1698.8129     315.1844    1714.8508     315.2206    0.3275   -8729.5106   -8640.7445 -64.411 -66.809  762 
   54914.124500   36898.5072     984.9221   36851.2748     985.0353    0.8526    6020.7419    6010.0674 10.601 10.082  762 
   55126.484100     550.8395     311.0741     514.2723     311.4408    0.1782     475.7399     461.1734  2.377  4.511  762 
   55126.506900    -148.5646     308.1261    -133.8787     308.4873    0.0810     642.5589     622.9386  6.034  6.189  762 
   55208.301900   -1293.5970     261.0923   -1369.7956     261.8564    0.0206    1328.6954    1265.4351 15.573 14.528  762 
   55208.332500     -79.9111     276.4262    -106.4541     277.1650    0.2113    1236.6484    1179.5512 14.642 12.811  762 
   55273.269300     349.2402     319.3472     328.0409     319.7504    0.0434    -130.2630    -126.0419 -2.777 -0.955  762 
   55536.296400    -457.7069     287.4105    -577.9283     287.9643    0.0529     973.9379     934.5247  6.852  9.354  762 
   55538.328200   -2890.1073     228.9256   -3025.9630     230.5735    0.4240     889.2632     827.6144 12.855 14.428  762 
   55540.341300     310.4412     441.8096     214.2907     442.0286    0.2494    1868.9476    1839.5985  7.713  8.776  762 
   55599.206500     465.6547     410.2594     383.6464     410.4216    0.0055    -443.1302    -436.9392 -1.429 -2.178  762 
   55603.163800     156.1489     344.6336     185.6086     344.9039    0.2516    1660.4155    1617.5451 17.233 16.915  762 
   55679.251900    1024.5878     252.6181    1009.9351     253.5654    0.3149     639.6069     605.8280  7.263  8.037  762 
   55884.433200    1024.5878     252.6181    1009.9351     253.5654    0.3149     639.6069     605.8280  7.263  8.037  762 
   55889.434300   -1586.0232     321.5747   -1739.6191     322.1048    0.3186    -364.7044    -351.8270 -2.609 -3.102  762 
   55924.442100       0.0000       2.5609       0.0000       2.5609       nan       0.0000       0.0000  0.000  0.000  762 
   55925.373000      89.1953     277.7302     -23.7171     278.4907    0.0733    -317.0990    -303.2276 -2.949 -3.506  762 
   55926.306500   -1862.8530     228.6518   -2317.2336     230.7892    0.3774    -135.6635    -126.1660 -3.372 -2.224  762 
   55927.348900    -362.3015     284.3828    -426.1777     285.1458    0.2055    -610.6179    -582.9324 -5.074 -7.019  762 
   55969.114700    -282.9880     350.5522    -458.4758     350.8619    0.0192     318.8319     310.8933  1.032  2.193  762 
   56045.159200     456.9904     358.1083     397.9159     358.4390    0.0986     220.3747     214.4032  2.740  2.041  762 
   56215.477100   -1290.7029     340.4486   -1350.7138     340.8370    0.4013   -1437.3229   -1396.9944 -14.727 -12.899  762 
   56217.469400    2379.9860     602.2376    2342.2182     602.3775    0.1831   -4111.6927   -4078.5407 -15.667 -15.886  762 
   56301.275300     599.3890     405.1743     540.3650     405.4762    0.4217   -3291.4334   -3228.2205 -18.144 -18.241  762 
