   54116.301000    4807.1765     412.9120    4739.3676     412.9804    0.6291    6343.4800    6306.4168 20.665 20.321  762 
   54127.317100    6124.8278     349.9400    6135.0117     350.0242    0.5918    2398.3560    2367.9498 15.800 16.356  762 
   54127.352800    5886.7397     345.9973    5846.2567     346.0879    0.5672    2435.8443    2407.1290 12.195 15.111  762 
   54149.238000    6193.2900     236.3032    6177.5748     236.8487    0.7402    2078.9626    1991.7563 14.549 13.682  762 
   54149.257400    6727.2836     316.6845    6635.9105     316.7952    0.5094     774.4828     764.7646  2.778  3.169  762 
   54150.328600    5786.5931     215.5992    5733.0529     216.2662    0.5900   -1499.8269   -1425.5761 -11.831 -11.996  762 
   54152.336000    5237.2128     192.2978    5387.9234     193.3105    0.7551    1159.1040    1083.6818  8.432 11.926  762 
   54152.342500    4465.9719     203.2366    4552.9083     204.0303    0.6755    1654.8643    1559.7540 12.915 15.223  762 
   54156.154700    4480.3894     212.9610    4403.8830     213.9912    0.4853     608.9914     580.6318 15.232 11.965  762 
   54174.142000    3532.5043     176.1261    3671.8853     177.4324    0.7199    1823.0420    1697.6582 28.972 23.157  762 
   54174.149600    3406.0849     162.7353    3509.3653     164.6353    0.6487    1800.0867    1659.5508 32.969 27.163  762 
   54176.305700    5852.7180     209.4798    5937.8284     210.2054    0.7193    1127.5919    1066.0521  7.850  9.728  762 
   54179.173100    2990.0309     185.9482    2693.6367     187.3383    0.3644    1858.1158    1718.7327 21.699 20.264  762 
   54201.218300    5311.1267     203.1863    5345.0178     203.9493    0.5854    1363.2915    1284.2890  9.432 12.084  762 
   54201.228100    7356.2901     239.8441    7419.4518     240.1727    0.6491    1686.1246    1630.7563 11.011 10.780  762 
   54201.243600    4388.6332     289.7462    4361.4796     289.9580    0.6286    1964.4214    1924.5354  9.908  9.336  762 
   54205.179300    2598.4815     155.6328    2547.8533     157.7441    0.5303     589.3682     535.4822  5.270  9.508  762 
   54210.346400    4055.0867     186.8442    3987.9152     187.9218    0.5671    -173.7562    -161.8210 -10.969 -1.897  762 
   54212.180600    4473.7981     238.3175    4509.4118     238.7499    0.6009     196.8645     189.2863 -0.135  1.723  762 
   54213.208300    2390.0761     230.4457    2365.3598     231.0379    0.4236     478.3120     457.2388 -1.080  5.759  762 
   54230.223800    1583.5791     181.2016    1488.4200     182.5095    0.3337     879.5941     812.6276  3.000 10.887  762 
   54231.221900    2548.5172     267.7959    2457.8549     268.1357    0.4788    2255.5341    2186.8040 11.528 13.220  762 
   54240.235600    1804.0089     210.1064    1628.5409     210.7683    0.2915     810.0207     768.6343  4.146  7.877  762 
   54260.157900   -2139.5404     202.7192   -2302.9569     203.7040    0.1594    1240.8908    1162.0161  7.945 14.950  762 
   54260.162700    -416.1211     193.5140    -625.5211     194.5751    0.0554    1035.0702     966.7312  5.328 11.866  762 
   54260.175900    -115.8877     170.2745    -182.3276     171.8286    0.0877     727.8261     666.7171  0.701 10.234  762 
   54261.162600   -1142.2975     219.2372   -1228.6432     219.7785    0.0133    1378.0389    1314.8522 10.752 12.361  762 
   54261.174500    -493.1380     199.8180    -717.9955     200.7480    0.0121     676.7163     634.2125  2.814  7.050  762 
   54264.164600    -321.3575     175.2998    -499.7748     176.6924    0.0430     300.1336     277.7140 -5.170  4.414  762 
   54264.180400     182.7260     169.8729     193.3673     171.0388    0.1437     564.0831     525.1427 -4.288  8.107  762 
   54265.184200    -228.7075     224.7013    -342.1505     225.1533    0.0309     601.0724     576.5577  2.080  4.880  762 
   54265.195400    1165.6882     201.0720    1006.6964     201.7085    0.2483     737.6016     700.6024 -0.129  7.329  762 
   54275.170700    -169.6356     347.3369    -230.5141     347.4714    0.0437     759.7937     746.5397  4.644  5.685  762 
   54275.178200    -859.0367     321.2561    -962.9459     321.4491    0.0138    1135.6806    1110.7326  6.952  9.844  762 
   54384.470800   11260.8107     247.0896   11327.8910     247.4525    0.8963    3424.4957    3311.7937 25.977 22.045  762 
   54384.481300   11543.3003     224.9805   11582.5675     225.4978    0.8789    2544.1030    2434.4624 23.431 19.080  762 
   54385.508300   10762.8036     207.8192   10923.3448     208.5424    0.8747    1956.6352    1853.2186 24.856 20.795  762 
   54386.497100   11750.4123     234.3408   11802.4534     234.7316    0.9104    3270.4972    3155.3290 26.886 22.748  762 
   54386.502700   13077.7860     238.8786   13100.6835     239.2268    0.9109    2562.0162    2478.5530 22.831 17.551  762 
   54388.451200   10606.4909     164.3356   10741.1178     165.9056    0.8157    1088.6036    1002.8119 30.518 18.798  762 
   54533.213700     660.6990     321.3282     542.5757     321.9001    0.2945    1548.7829    1491.5326 12.864 10.281  762 
   54534.352300    1496.3388     349.1370    1420.7160     349.5360    0.3619     563.4400     548.4942 -1.485  3.096  762 
   54535.298300    1426.8415     263.2179    1353.4767     264.8104    0.0563   -1205.9719   -1123.4951 -13.632 -11.982  762 
   54536.149900    2316.0486     293.7774    2327.6500     294.3112    0.2397    -733.1484    -704.4946 -3.230 -6.830  762 
   54537.401500    1407.9185     216.7039    1201.7574     219.2967    0.1713    -242.6035    -222.5473 -17.094 -3.877  762 
   54538.182200    3290.3358     460.3635    3253.4818     460.5670    0.3801     -41.0208     -40.3792  1.444 -0.205  762 
   54538.197200    3315.2015     380.3905    3327.9110     380.7887    0.4083    -393.4462    -382.5643 -1.977 -2.729  762 
   54590.205000    8313.5581     220.6835    8506.9716     222.8625    0.7855      50.7759      46.6839 -5.797  0.748  762 
   54792.348600    5442.0673     240.5681    5548.6201     241.1894    0.4466   -1390.5018   -1331.6293 -8.224 -19.285  762 
   54792.505800    8844.8825     336.7873    8782.4698     336.9393    0.3690   -3048.7725   -2994.0180 -27.306 -29.219  762 
   54793.506900    6146.8182     345.0160    6082.8188     345.1535    0.5868  -29142.6629  -28657.2776 -214.223 -215.994  762 
   54794.486000    5634.8198     271.7205    5798.2892     273.3703    0.7232       0.2106       0.1970  3.444  0.003  762 
   54860.203100   14184.9658     351.5986   14280.7506     352.1369    0.9075   -1127.8574   -1089.0386 -2.648 -7.229  762 
   54861.126100   13240.4347     343.8253   13301.4870     344.2344    0.8778    -143.4361    -139.0483  9.811 -1.095  762 
   54862.262500   14229.4800     369.3772   14294.3584     369.7507    0.8973    -987.3156    -960.7191 -2.614 -5.549  762 
   54912.158000   12868.4789     314.7645   12829.6455     314.8584    0.4728  -34237.8805  -33722.4504 -259.521 -260.262  762 
   54914.124500   43336.4393     945.6769   43326.5168     945.6977    0.2743  -32340.7312  -32325.5680 -41.423 -55.312  762 
   55126.484100    7351.4349     306.9130    7399.8501     307.6574    0.7652    -930.4585    -889.0206 -3.416 -8.803  762 
   55126.506900    6836.9096     300.5205    6951.0902     301.3169    0.7385    -718.7963    -686.3660 -3.308 -7.062  762 
   55208.301900    5841.3949     260.2129    6011.2849     261.5805    0.7278    -609.8913    -570.5448 -2.318 -6.462  762 
   55208.332500    4699.8073     270.9508    4775.8961     272.6011    0.6598    -787.7294    -733.8442 -5.103 -8.208  762 
   55273.269300   -3480.3237     315.9036   -3599.0395     316.9345    0.7610   -2969.3766   -2815.1967 -23.288 -21.507  762 
   55536.296400   -4613.9036     286.6308   -4768.1220     287.9922    0.7347   -1291.5226   -1210.8354 -4.039 -12.330  762 
   55538.328200   -5319.1707     231.4553   -5761.5753     234.8608    0.7716    -548.5865    -494.0965  4.059 -8.785  762 
   55540.341300   -3015.8002     436.8454   -3099.5297     437.1951    0.6906   -4223.3012   -4133.7572 -16.878 -19.616  762 
   55599.206500    4166.5437     400.6636    4132.2777     400.9006    0.1483   -2695.3106   -2645.7386 -13.341 -13.294  762 
   55603.163800    3889.7674     330.9204    3779.3426     331.7811    0.3657   -1436.9198   -1373.2839 -9.035 -15.744  762 
   55679.251900     410.2900     257.8425     369.9975     259.8104    0.2351   -1725.2612   -1585.6585 -28.776 -20.588  762 
   55884.433200     410.2900     257.8425     369.9975     259.8104    0.2351   -1725.2612   -1585.6585 -28.776 -20.588  762 
   55889.434300   -4400.7745     325.1863   -4483.4341     326.2593    0.6140     440.9645     418.2886  5.736  3.567  762 
   55924.442100    1765.2539     223.4831    1745.3755     227.1431    0.2384    -185.9660    -168.0365 -3.336 -3.339  762 
   55925.373000    3564.4825     283.2385    3715.4176     284.5553    0.5553    -186.0449    -175.0149  1.101 -1.915  762 
   55926.306500    4559.5846     231.5167    4991.6793     234.1332    0.6448     -97.3958     -89.5040  9.287 -1.508  762 
   55927.348900    4920.7983     288.9396    5057.9132     290.2792    0.6799    -105.3176     -98.9631  2.451 -1.137  762 
   55969.114700   13804.5263     346.0136   13896.3364     346.3736    0.8903    -233.7982    -227.3359  3.361 -1.575  762 
   56045.159200    5251.2290     361.4733    5325.2154     362.0326    0.4772   -1213.6096   -1167.8096 -11.726 -10.773  762 
   56215.477100   -1950.1848     303.7160   -2195.1902     305.4203    0.2331    4347.0783    4074.3742 54.422 48.208  762 
   56217.469400   -2428.6261     562.7823   -2483.8462     562.9958    0.5427    9383.8620    9263.1214 41.086 39.077  762 
   56301.275300    8820.2799     366.6704    8796.0652     367.2740    0.9045    5087.1058    4917.7234 34.747 32.120  762 
