   54116.301000    2958.6287     495.2459    2912.0501     495.3156    0.0236   -3239.1167   -3226.8250 -9.854 -10.373  762 
   54127.317100    2431.4164     382.7002    2423.5844     382.7832    0.2998    1708.9596    1696.2201 10.782 11.736  762 
   54127.352800    -460.5168     382.4394    -454.0429     382.5177    0.0685    1292.7591    1284.1028 10.588  8.098  762 
   54149.238000    -737.5858     287.7660    -762.8562     288.0953    0.0590    1292.7696    1265.9603  9.104  8.604  762 
   54149.257400     678.3402     372.2823     572.7391     372.3823    0.0064    -482.8162    -479.0699 -4.242 -1.975  762 
   54150.328600   -2063.8470     256.6667   -2150.2280     257.0792    0.2999    -708.9909    -691.1190 -6.424 -5.780  762 
   54152.336000   -2593.8257     229.3623   -2555.8347     229.9490    0.1956    1142.1490    1106.4319 11.915 11.914  762 
   54152.342500   -1555.5697     242.6692   -1545.6839     243.1314    0.0163    1448.6835    1409.7025 13.864 13.512  762 
   54156.154700   -4190.0551     229.1390   -4526.7639     229.7634    0.3280     455.9910     447.3932  8.561  9.011  762 
   54174.142000   -2751.4514     205.8307   -2808.4218     206.5301    0.1836    1479.2913    1428.4960 17.723 19.351  762 
   54174.149600   -2951.7004     188.0236   -3097.9165     188.9672    0.2436    1294.9525    1249.0015 19.952 20.337  762 
   54176.305700   -1654.3357     250.3114   -1648.9596     250.7255    0.0189    1849.6520    1804.6284 16.985 16.182  762 
   54179.173100   -2126.3921     219.0823   -2296.3478     219.8222    0.0735    1805.9705    1745.8078 20.995 20.307  762 
   54201.218300   -2136.6062     241.1708   -2218.0954     241.6444    0.0470    1927.1941    1877.3701 17.324 17.405  762 
   54201.228100   -2296.0438     289.4919   -2341.7648     289.7440    0.0267    2615.3607    2568.7099 15.544 16.766  762 
   54201.243600   -1055.4536     350.1329   -1061.1816     350.2798    0.1109    2077.3010    2053.7992  8.766  9.930  762 
   54205.179300   -3373.8704     179.1283   -3616.3066     180.1549    0.4088     476.9612     459.1784  9.655  7.975  762 
   54210.346400   -3635.4931     216.2442   -3710.6880     216.8237    0.3197     498.3766     484.1351  5.127  5.593  762 
   54212.180600    -453.2530     272.7741    -471.1257     273.0624    0.0831    1246.5341    1221.8401  9.412 11.072  762 
   54213.208300   -3350.8107     255.0722   -3461.2567     255.4579    0.2933    1088.3370    1065.8731 13.734 13.160  762 
   54230.223800   -2165.2019     208.5825   -2270.3874     209.2773    0.1546     985.3715     956.6420 15.431 12.486  762 
   54231.221900    -944.2012     315.8150    -959.0100     316.0162    0.0881    1770.4148    1745.1144 11.473 10.497  762 
   54240.235600   -2223.6467     239.1644   -2316.5972     239.5416    0.1312    1037.0069    1013.0854 10.451 10.230  762 
   54260.157900   -2377.5636     226.2390   -2557.7911     226.7883    0.1487    1265.9194    1236.7555 14.115 15.726  762 
   54260.162700   -2927.4317     221.2146   -3133.1660     221.7930    0.2343     966.0128     941.2457 11.876 11.305  762 
   54260.175900   -3518.6874     194.0648   -3682.9888     194.8741    0.3218     919.4560     889.8619 12.555 13.306  762 
   54261.162600   -1420.2044     249.0678   -1390.4342     249.3625    0.0107    1506.4419    1478.6145 12.913 13.921  762 
   54261.174500   -1906.4505     227.7413   -2033.7962     228.2151    0.1368     884.9304     863.7256  9.475  9.459  762 
   54264.164600   -3394.5432     196.1880   -3485.2348     196.9056    0.2601     952.5178     926.5742 15.049 14.382  762 
   54264.180400   -3265.8476     193.7667   -3321.3201     194.4882    0.2802     794.6293     769.4949 10.826 11.553  762 
   54265.184200   -1848.0016     257.4462   -1859.7353     257.6854    0.0261    1624.7682    1595.5890 11.567 13.305  762 
   54265.195400   -1355.5185     229.3743   -1442.4407     229.7376    0.0510     944.0816     923.0458 11.223  9.476  762 
   54275.170700   -2987.2487     373.8913   -3057.3838     373.9939    0.0452    2465.9372    2442.2647 20.686 18.457  762 
   54275.178200   -2892.7253     346.1779   -2912.2599     346.3011    0.0101    2823.8205    2792.2104 25.077 24.333  762 
   54384.470800   -2430.5375     296.6620   -2486.7206     296.9437    0.0508    3021.9683    2968.4742 19.319 19.663  762 
   54384.481300   -2457.0563     268.6265   -2544.0653     268.9938    0.0033    2570.5296    2515.5487 18.826 19.680  762 
   54385.508300   -2169.0440     239.6902   -2247.7757     240.2216    0.0959    1516.7447    1478.7879 17.387 16.488  762 
   54386.497100   -1749.5405     280.7526   -1744.5694     281.0416    0.1626    3066.9186    3010.8504 22.527 21.696  762 
   54386.502700    -570.1007     284.9692    -553.1769     285.2303    0.2508    2712.8778    2666.1115 21.104 18.942  762 
   54388.451200   -2080.8635     184.2394   -2409.2706     185.1960    0.1427    1018.7843     997.4769 17.375 18.315  762 
   54533.213700    -346.5417     381.0943    -430.6258     381.4370    0.1770    1875.0708    1843.1572 13.467 12.624  762 
   54534.352300   -1411.5084     423.8672   -1408.3298     424.1163    0.1540     576.9204     569.1463  4.048  3.218  762 
   54535.298300   -1235.1371     313.2978   -1217.6193     314.1479    0.3760   -1130.9596   -1095.5276 -11.772 -11.557  762 
   54536.149900    -994.8083     332.1615    -981.7777     332.5104    0.1202      38.5692      37.8979  1.737  0.362  762 
   54537.401500    -977.3272     248.5781   -1045.2597     249.9020    0.1097     176.3630     170.7110  3.267  2.887  762 
   54538.182200   -1931.0537     532.5686   -1925.4395     532.7226    0.1572     356.4199     353.3606  0.020  1.788  762 
   54538.197200   -1121.4788     434.9822   -1109.4321     435.2589    0.0463     729.0548     717.9179  4.431  5.117  762 
   54590.205000   -2117.9539     256.7572   -2318.3409     258.0738    0.1795    1050.7985    1017.3107 14.626 15.831  762 
   54792.348600    -525.2047     259.8224    -595.4239     260.2206    0.1533    -779.5584    -768.4980 -11.844 -11.012  762 
   54792.505800     563.2155     358.1793     502.3842     358.2956    0.0270     -83.0940     -82.3339 -0.906 -0.791  762 
   54793.506900      -0.2893     373.8239     -27.1255     373.9270    0.6506  -25193.2890  -24927.2979 -187.001 -188.423  762 
   54794.486000    -461.9244     311.9629    -552.4301     312.9519    0.1038    -156.4208    -151.9622 -1.473 -2.011  762 
   54860.203100    -894.4061     424.3378    -938.2330     424.7493    0.4404   -2100.0818   -2061.6669 -13.440 -13.552  762 
   54861.126100   -1113.3547     396.5849   -1142.4335     396.9396    0.2696   -1083.2253   -1065.7326 -7.823 -8.386  762 
   54862.262500     786.6882     446.3647     775.7751     446.6693    0.2058   -2006.6078   -1977.2399 -10.647 -11.431  762 
   54912.158000     583.4883     341.7144     461.5388     341.8086    0.6338  -28105.7853  -27892.3027 -213.550 -211.070  762 
   54914.124500   20576.4686    1164.0374   20472.3729    1164.1085    0.8955  -70439.4196  -70414.7257 -120.752 -118.234  762 
   55126.484100    1176.0676     352.0260    1118.1056     352.5125    0.0720   -1643.9008   -1615.7074 -15.581 -15.854  762 
   55126.506900     749.7421     345.5430     700.3992     346.0756    0.0219    -860.7127    -843.1055 -8.154 -8.611  762 
   55208.301900    1762.4177     305.9592    1726.3379     306.7225    0.0332   -1535.1625   -1498.9977 -17.786 -16.758  762 
   55208.332500    1167.2240     318.2758     977.3352     319.1655    0.0825   -1668.9923   -1623.0889 -17.618 -17.797  762 
   55273.269300     792.1903     376.8967     729.8650     377.3894    0.3202   -3061.4999   -3000.5664 -20.694 -22.616  762 
   55536.296400    1843.6635     327.0457    1751.1107     327.6573    0.0176   -1636.6101   -1604.5469 -16.462 -16.209  762 
   55538.328200    2889.7688     257.7269    2840.0928     258.9777    0.2146    -983.2358    -961.3692 -18.517 -16.483  762 
   55540.341300    2147.3400     518.0061    2086.0920     518.2211    0.3979   -6355.9617   -6293.1457 -29.334 -29.967  762 
   55599.206500    -943.8062     471.9126   -1049.4819     472.1183    0.2274   -1813.1395   -1794.9107 -11.284 -9.023  762 
   55603.163800    1499.5537     366.7681    1399.5548     367.2989    0.0982   -2469.6696   -2427.9942 -27.468 -27.558  762 
   55679.251900    2160.3603     294.8240    2115.2805     295.7149    0.1214   -1331.1490   -1299.1669 -17.161 -16.402  762 
   55884.433200    2160.3603     294.8240    2115.2805     295.7149    0.1214   -1331.1490   -1299.1669 -17.161 -16.402  762 
   55889.434300    2429.0192     378.2302    2359.3033     378.7474    0.1904    -676.0772    -663.3516 -4.812 -5.630  762 
   55924.442100    4399.5310     252.5470    4324.7579     254.0062    0.3985    -468.1085    -456.1229 -8.453 -8.689  762 
   55925.373000    3127.2500     330.9109    3074.7359     331.6423    0.2447   -1126.8383   -1097.6196 -9.766 -11.907  762 
   55926.306500    4022.8627     264.9193    4002.3610     266.1760    0.3553    -482.1436    -469.8774 -7.223 -7.754  762 
   55927.348900    2775.5727     333.6973    2712.6885     334.4749    0.2552    -596.0760    -581.6970 -7.162 -6.593  762 
   55969.114700     907.7790     407.7826     832.7492     408.1072    0.0438   -1238.4882   -1220.4504 -7.524 -8.485  762 
   56045.159200    4175.8290     408.8077    4163.0108     409.1730    0.2163   -2157.6167   -2127.6898 -19.999 -19.264  762 
   56215.477100     999.2348     350.9119     861.1646     351.6270    0.3442    2868.6505    2807.1345 32.246 31.858  762 
   56217.469400   -1518.7192     659.3511   -1616.4774     659.5167    0.0188    1838.9981    1826.4072  7.659  7.627  762 
   56301.275300    2993.8929     446.3407    2869.8285     446.7366    0.6403    4120.5946    4060.0907 26.627 26.045  762 
