   54116.301000     425.9683     368.8774     331.2444     368.9971    0.1791   -2182.8471   -2162.4120 -7.164 -6.997  762 
   54127.317100   -3711.4532     321.9833   -3955.7145     322.1792    0.2309     472.0193     463.3093  2.575  3.455  762 
   54127.352800   -4582.8912     318.4734   -4786.7008     318.6400    0.2839     818.5195     804.7591  4.912  5.375  762 
   54149.238000   -3490.5770     210.5920   -3613.3697     211.5433    0.4831     457.7261     431.2585  2.991  2.974  762 
   54149.257400   -1239.3352     285.4587   -1314.7585     285.6338    0.1089     117.2500     115.2767  0.877  0.484  762 
   54150.328600   -2131.9749     195.4849   -2165.1434     196.4763    0.3254     340.7650     319.8793  2.165  2.657  762 
   54152.336000   -2951.9150     169.2690   -3633.6356     171.5937    0.5416    -590.6712    -535.6424 -6.978 -6.372  762 
   54152.342500   -3724.7158     178.0796   -4479.9460     180.0141    0.5922    -818.5085    -749.3956 -8.176 -7.973  762 
   54156.154700     -63.2481     216.4102    -166.9488     217.4079    0.0627     855.6159     814.6782 14.155 14.677  762 
   54174.142000    -351.2541     158.3173    -364.5643     160.5415    0.1337    -511.0169    -465.3598 -6.750 -6.589  762 
   54174.149600    -678.7591     149.4954    -338.6557     152.2269    0.0915    -348.4596    -313.6548 -4.343 -5.095  762 
   54176.305700   -1436.7075     183.2980   -1906.2389     184.9509    0.3805    -639.0283    -588.6536 -6.981 -5.823  762 
   54179.173100     123.1189     165.5717      85.7727     167.6122    0.1591    -894.6852    -812.8647 -9.343 -9.904  762 
   54201.218300   -1085.6075     185.9814    -932.2721     187.0483    0.2378    -562.4570    -525.6126 -5.075 -4.786  762 
   54201.228100   -1052.0932     216.9278    -855.0300     217.4375    0.1669    -362.1801    -347.5333 -2.599 -2.271  762 
   54201.243600   -2625.9207     259.1644   -2642.8325     259.5234    0.4630    -559.4954    -544.2447 -3.304 -2.640  762 
   54205.179300   -1910.0112     138.5921   -2218.6992     142.4527    0.3307     108.3958      95.9756  2.495  1.797  762 
   54210.346400   -1593.9707     173.5487   -1555.6101     174.9759    0.3066    -701.1097    -647.3399 -7.791 -7.291  762 
   54212.180600   -3267.1293     215.3070   -3574.0861     216.1886    0.3790     664.1406     629.2666  5.466  6.095  762 
   54213.208300    1546.2860     214.0023    1642.4325     214.7439    0.2932     390.7835     372.2427  4.148  4.830  762 
   54230.223800    4700.3866     162.8045    5149.3964     164.3245    0.5767    -503.6243    -464.1567 -6.063 -6.299  762 
   54231.221900    4677.0656     241.4453    4656.1909     241.8640    0.3965   -1444.8914   -1395.6384 -8.177 -8.448  762 
   54240.235600    4354.0262     198.3153    4643.3994     198.8669    0.4412    -469.2729    -447.4812 -4.111 -4.318  762 
   54260.157900    2156.8231     195.1763    2524.9961     195.8968    0.2339    -531.0613    -503.4003 -5.772 -5.797  762 
   54260.162700    3211.6420     183.3217    3741.7975     184.0252    0.3319    -524.9379    -496.0296 -4.866 -5.490  762 
   54260.175900     741.0699     154.3601     694.9420     156.5521    0.0532    -415.5174    -377.3349 -5.051 -5.838  762 
   54261.162600    5387.8973     212.5696    5738.1154     212.8331    0.4124    -705.9275    -683.3905 -5.437 -5.565  762 
   54261.174500    2883.4819     188.0039    3277.2286     188.7685    0.3522    -413.7451    -390.2135 -3.615 -4.019  762 
   54264.164600    3502.4927     163.6920    3935.6693     165.1571    0.5272    -325.0610    -300.4898 -5.161 -4.586  762 
   54264.180400    1820.3248     150.5623    1553.1159     152.6898    0.1787    -580.3838    -529.6231 -8.300 -8.941  762 
   54265.184200    1667.9347     201.9623    1758.4812     202.5065    0.1236    -928.8256    -886.2147 -8.112 -7.882  762 
   54265.195400    3689.0753     185.0005    4022.1502     185.5854    0.3966    -432.6664    -411.6745 -4.107 -4.271  762 
   54275.170700    2355.5365     339.6292    2389.2533     339.7367    0.1372    -835.2569    -822.8639 -7.473 -6.034  762 
   54275.178200    -491.1495     310.3360    -490.5362     310.5159    0.1697   -1254.8050   -1228.3953 -10.878 -10.773  762 
   54384.470800   -2769.8990     224.9655   -2735.8964     225.5923    0.4639    -604.6359    -576.7656 -2.126 -3.807  762 
   54384.481300   -2028.8863     205.4101   -1971.7910     206.2487    0.3950    -809.8707    -763.2716 -4.011 -5.940  762 
   54385.508300   -2939.0729     195.3425   -2803.5082     196.4352    0.3925    -326.4602    -304.4814 -3.712 -3.335  762 
   54386.497100   -2901.1973     212.5078   -2963.7864     213.2467    0.5521   -1134.6373   -1076.4834 -6.729 -7.842  762 
   54386.502700   -4386.9523     215.6841   -4571.7743     216.4389    0.6387    -969.5336    -920.0587 -5.458 -6.711  762 
   54388.451200     142.4135     162.4851     220.4167     164.1246    0.0055    -171.2303    -157.5528 -2.153 -2.541  762 
   54533.213700    -305.7916     291.8168    -192.9819     292.4252    0.1336    -729.5477    -700.1070 -5.116 -4.723  762 
   54534.352300   -1649.0088     305.3320   -1756.6358     306.0354    0.5330    -846.9906    -815.6685 -4.990 -4.747  762 
   54535.298300    2221.6573     236.1015    2510.8455     237.9851    0.3284    -656.9424    -606.7534 -5.145 -6.284  762 
   54536.149900    2548.5343     283.1128    2670.7459     283.5987    0.1063   -1800.5071   -1735.3533 -15.262 -15.428  762 
   54537.401500    4724.2605     207.7087    5564.9116     209.7082    0.4590    -842.0179    -782.2485 -9.265 -11.586  762 
   54538.182200    1982.3982     431.4987    1990.4711     431.7338    0.1793    -710.9296    -698.6526 -4.414 -3.421  762 
   54538.197200    1855.2347     357.0315    1900.5449     357.4863    0.0497   -1606.5072   -1559.1103 -9.630 -10.742  762 
   54590.205000    3118.7359     205.8960    3598.4866     208.4959    0.4355    -613.5611    -558.6072 -7.715 -8.403  762 
   54792.348600    2873.5583     238.6378    2932.1131     239.3149    0.3532    -170.2020    -162.7620 -3.245 -2.146  762 
   54792.505800    3012.3350     332.6670    3013.5682     332.8211    0.0679   -2013.4434   -1976.3289 -18.467 -18.683  762 
   54793.506900    2433.3124     328.6030    2427.4600     328.7693    0.3623    1894.9145    1860.0079 14.471 14.087  762 
   54794.486000     878.5927     256.8298    1038.4087     258.9880    0.1751     122.4608     113.0836  0.933  1.453  762 
   54860.203100    2222.2572     321.5028    2306.2653     322.3671    0.2989    -645.5197    -615.9328 -2.704 -3.983  762 
   54861.126100    2168.3431     327.1028    2126.3877     327.6960    0.3490     202.0262     194.5089  1.837  1.449  762 
   54862.262500     601.8424     334.7562     328.1386     335.5890    0.0835    -856.3109    -822.0818 -5.263 -4.667  762 
   54912.158000    8298.7591     297.3207    8316.6945     297.4259    0.3552   -2400.3550   -2357.4985 -18.843 -18.580  762 
   54914.124500   13761.8733     825.8796   13647.2145     825.9117    0.2609   -8628.7570   -8619.7124 -14.615 -14.808  762 
   55126.484100   -2815.8747     287.9984   -2953.3495     289.1711    0.4774     -43.7039     -41.2792  0.315 -0.398  762 
   55126.506900   -1694.0979     283.9668   -1794.2702     285.1388    0.2332     288.8947     273.3427  3.360  2.683  762 
   55208.301900   -2789.9580     237.1507   -2959.0264     239.5725    0.4957      45.8565      41.8956  0.811  0.473  762 
   55208.332500   -2005.5788     249.9889   -1898.8488     252.3122    0.3196      -4.8242      -4.4180 -0.124 -0.048  762 
   55273.269300    2896.3269     279.1751    2959.8868     280.3752    0.5235      34.0140      32.0374  0.223  0.244  762 
   55536.296400   -1361.2888     264.5609   -1502.8806     266.1868    0.1083     760.4688     707.1782  7.783  6.928  762 
   55538.328200   -2415.0947     213.0833   -2560.5064     217.5260    0.2759     828.9657     735.7559 13.149 12.654  762 
   55540.341300     233.0900     393.3110     208.2597     393.7500    0.2578    1691.6230    1649.7656  7.431  7.692  762 
   55599.206500    -216.6833     368.2839    -318.8772     368.6414    0.0030     352.8149     344.7440  2.201  1.690  762 
   55603.163800    1164.0954     325.1799    1231.8489     325.9626    0.3152    1585.0736    1515.8366 13.642 15.627  762 
   55679.251900   -1188.8546     233.2607   -1271.6032     236.1772    0.1577     421.4312     382.4461  4.243  5.019  762 
   55884.433200   -1188.8546     233.2607   -1271.6032     236.1772    0.1577     421.4312     382.4461  4.243  5.019  762 
   55889.434300   -3110.6438     293.1865   -3295.0770     294.7019    0.5395     -39.1306     -36.7264 -0.888 -0.316  762 
   55924.442100     147.7953     205.8951    -774.2036     212.0056    0.0633     134.2892     119.4286  2.339  2.306  762 
   55925.373000   -1595.6909     255.6365   -1919.6271     257.9884    0.3373     107.5989      99.3728  1.214  1.108  762 
   55926.306500   -1864.6300     212.7451   -2372.9552     217.9752    0.4228     -42.8932     -38.1404 -0.075 -0.644  762 
   55927.348900    -951.5920     263.9743   -1122.3719     266.2165    0.2261      39.0148      36.0073  0.712  0.419  762 
   55969.114700   -2977.7562     320.5541   -3125.8686     321.3248    0.4569     -97.4486     -93.4601 -1.777 -0.639  762 
   56045.159200    -555.5727     334.3854    -714.7134     335.3713    0.1726    -497.2872    -474.5664 -4.117 -4.483  762 
   56215.477100    1942.1464     296.0764    2213.9482     297.3287    0.1939    -688.6738    -651.3733 -6.318 -6.629  762 
   56217.469400    1231.2697     531.7992    1212.5273     532.0203    0.1885   -2709.2898   -2673.7266 -10.823 -10.725  762 
   56301.275300     698.0136     344.8593     670.8475     345.6262    0.1259   -1319.7620   -1271.4500 -8.325 -7.581  762 
