   54116.301000    6160.2940     417.0616    6012.7819     417.4216    0.1663   -3889.5881   -3827.2580 -12.849 -12.513  762 
   54127.317100   -5526.4661     338.7590   -6403.5809     339.5586    0.2631     611.0590     587.6654  1.126  4.673  762 
   54127.352800   -5691.1881     337.1312   -6543.0347     337.8391    0.2315    1218.5317    1177.0530  6.217  8.364  762 
   54149.238000    4694.6640     249.5013    5146.9614     251.6873    0.4717    -842.8300    -771.6772 -5.103 -5.442  762 
   54149.257400   13398.9852     318.4804   13575.1674     318.9322    0.5786   -4953.6332   -4821.6095 -20.740 -20.604  762 
   54150.328600    3624.1912     229.0046    4000.1882     231.5313    0.3523    -659.3108    -596.8755 -5.505 -5.139  762 
   54152.336000    4213.0936     199.3532    4479.3227     204.3315    0.4159   -1112.3323    -959.2072 -12.745 -12.249  762 
   54152.342500    4535.5333     208.3565    4573.8548     212.5602    0.3739   -1308.6817   -1146.1317 -12.127 -13.041  762 
   54156.154700    3012.8630     234.6614    3050.7955     237.7062    0.3140     855.7996     780.1496 17.041 15.086  762 
   54174.142000     399.7582     188.4273    1380.2378     194.0895    0.0865    -316.5448    -271.0578 -4.625 -4.183  762 
   54174.149600    1640.2068     178.0567    3236.2748     184.9819    0.2412      70.2692      59.3349  0.770  1.061  762 
   54176.305700    1036.1438     216.1837     636.3888     220.1533    0.0061    -658.9767    -578.4151 -5.846 -6.048  762 
   54179.173100    1567.4100     197.9262    2507.0115     202.8501    0.1362   -1354.1511   -1162.1236 -15.866 -15.094  762 
   54201.218300    7776.6187     219.5454    8396.4026     222.1934    0.6446    -465.7622    -419.3067 -5.221 -3.895  762 
   54201.228100    6630.7806     254.2950    7113.1657     255.6915    0.5840    -368.8266    -345.2276 -3.818 -2.265  762 
   54201.243600    5508.2010     298.8468    5650.4026     299.7999    0.4435   -1576.7426   -1507.5085 -7.620 -7.442  762 
   54205.179300    5985.1927     163.9768    7143.4069     172.5695    0.4295    -360.1660    -300.3628 -6.437 -6.200  762 
   54210.346400    9345.8829     202.0783   10015.0703     205.5423    0.6611    -676.5839    -596.4787 -6.220 -7.005  762 
   54212.180600    5609.8528     239.7029    4863.5816     242.3512    0.4390     355.0472     323.5533  3.513  3.363  762 
   54213.208300    9651.1678     235.1588   10583.0455     237.3436    0.7279      86.0371      78.8059  0.665  1.084  762 
   54230.223800    5506.4738     193.4396    6834.9423     197.5041    0.5100    -854.4542    -743.3214 -8.750 -10.541  762 
   54231.221900    5002.4458     276.3036    5201.0825     277.6597    0.3710   -1701.3792   -1600.1529 -9.839 -9.957  762 
   54240.235600    8821.0685     226.3605    9439.6649     228.1751    0.6096   -1111.0699   -1020.2694 -9.567 -10.037  762 
   54260.157900    8950.4098     222.7571   10149.5534     224.8563    0.5579    -995.9264    -908.8551 -11.115 -10.771  762 
   54260.162700    6110.9013     216.4246    6846.2305     218.6830    0.4665    -860.1097    -779.2739 -8.322 -8.599  762 
   54260.175900    4008.7156     182.2948    4359.5344     187.7877    0.5158    -383.1359    -326.3942 -5.467 -5.383  762 
   54261.162600   10694.0394     242.5446   11668.0392     243.5174    0.4992   -1321.7223   -1244.1715 -10.847 -10.327  762 
   54261.174500    6934.6042     218.3121    7723.1113     220.6029    0.5362    -667.1190    -603.0326 -4.850 -6.340  762 
   54264.164600    3402.5853     190.0063    4296.5133     194.2661    0.3335    -582.7761    -506.9944 -9.070 -8.219  762 
   54264.180400      12.7054     176.1692    -811.9872     181.9679    0.1451    -339.4405    -290.1110 -5.587 -5.308  762 
   54265.184200    1790.0826     229.5623    1530.8181     231.4588    0.0726    -918.6651    -844.2947 -7.760 -7.716  762 
   54265.195400    3207.0530     212.7728    3232.0635     214.9081    0.2558    -656.8702    -599.6005 -7.704 -6.360  762 
   54275.170700   14054.3379     357.6113   14168.1787     358.0111    0.6754   -1502.7085   -1458.9722 -9.448 -10.855  762 
   54275.178200   11626.1631     328.4384   11684.5247     329.0700    0.6441   -1125.5289   -1082.7065 -12.256 -9.624  762 
   54384.470800    3298.3519     260.8525    3538.4008     262.6100    0.3291    -144.0122    -133.3857 -0.551 -0.905  762 
   54384.481300    5626.7370     238.1780    5972.8359     240.4512    0.4528    -352.8315    -320.7225 -2.742 -2.605  762 
   54385.508300    6021.3142     223.3937    6856.8202     226.3668    0.4473    -406.7552    -362.1303 -4.582 -4.202  762 
   54386.497100    5198.1433     245.3955    5486.2884     247.2822    0.4805    -254.8140    -234.3888 -2.054 -1.780  762 
   54386.502700    2771.2318     246.9867    2781.8085     248.9714    0.2604    -207.9208    -191.0408 -3.503 -1.471  762 
   54388.451200    6465.3439     189.9035    7470.1512     193.9114    0.4292    -100.9262     -88.6769 -2.066 -1.499  762 
   54533.213700       0.0000       4.4876       0.0000       4.4876       nan       0.0000       0.0000  0.000  0.000  762 
   54534.352300  -20530.4773     360.6528  -20178.9338     362.6934    0.7459   -1304.4899   -1219.0051 -7.241 -7.390  762 
   54535.298300    9335.4207     282.0424   10924.0975     286.6011    0.7612    3978.6938    3514.1704 35.455 38.033  762 
   54536.149900    6080.0236     319.7649    6353.9664     321.2913    0.3048   -2212.9390   -2076.1427 -18.553 -18.551  762 
   54537.401500    4813.8753     249.9083    6274.5612     255.6753    0.4651    -235.0446    -207.7197 -3.701 -3.150  762 
   54538.182200    4740.7161     481.2425    4883.5213     482.0165    0.3685   -1088.4251   -1055.8210 -4.807 -5.195  762 
   54538.197200    3666.2282     397.3693    3909.3587     398.9211    0.3065    -905.0027    -855.4257 -5.277 -6.089  762 
   54590.205000    5581.9420     247.5153    7117.1750     253.9217    0.5547    -581.4772    -500.7912 -7.077 -7.849  762 
   54792.348600    -654.0707     261.5692   -1407.6145     264.2247    0.2302   -1219.5954   -1112.1467 -15.491 -15.557  762 
   54792.505800    5266.4902     347.2047    5349.1879     347.8210    0.1652   -2815.6425   -2706.6581 -28.574 -26.448  762 
   54793.506900    7872.7173     344.3236    8108.1787     344.8789    0.4304      80.5709      77.7839  1.979  0.620  762 
   54794.486000   -2778.3142     300.8237   -2779.1118     307.1705    0.2656     747.5065     651.4925  9.365  8.762  762 
   54860.203100   -1199.0619     378.7056    -800.0000     381.2517    0.1293    -326.7495    -302.4973 -1.841 -1.981  762 
   54861.126100   -4134.5124     369.2260   -4228.5050     371.3168    0.4098    -189.8337    -176.7453  0.177 -1.370  762 
   54862.262500   -9846.4074     391.8774  -10886.3913     394.6984    0.7124    -881.2486    -818.1169 -5.156 -4.813  762 
   54912.158000   15944.9711     317.4377   16550.2843     317.7757    0.3911   -5744.3051   -5561.4057 -45.309 -44.196  762 
   54914.124500   43126.8496     943.5337   42886.3509     943.6146    0.3739  -27890.7941  -27837.1163 -50.111 -48.248  762 
   55126.484100   -5715.9740     332.0658   -6361.9228     335.6919    0.5566     178.3059     161.4047  0.908  1.611  762 
   55126.506900   -4329.8722     327.7916   -4312.1407     331.1772    0.4739     448.0888     407.5623  5.211  4.128  762 
   55208.301900    1980.4083     283.3754    1678.5100     289.3969    0.3394     995.8188     866.1124  9.176 10.215  762 
   55208.332500    5329.1883     296.6981    6100.5036     302.1596    0.6242     612.1753     535.3051  6.332  5.987  762 
   55273.269300    7285.0226     333.6865    7514.5578     337.0266    0.7284      40.0299      36.3399  0.901  0.281  762 
   55536.296400   -2374.3704     308.9449   -2957.9247     313.5778    0.1521    1429.0163    1262.4823 13.032 12.902  762 
   55538.328200   -2562.6342     254.2025   -2841.2057     264.4601    0.2030     891.9167     736.0801 15.141 13.481  762 
   55540.341300    2629.2943     448.4950    2609.1205     449.8936    0.3613    1355.3534    1296.1390  6.422  6.226  762 
   55599.206500    6785.0864     415.3616    6821.5167     416.3937    0.5038    -893.2448    -858.6162 -4.866 -4.313  762 
   55603.163800    1668.0060     362.5635    1902.0994     365.1943    0.2989    1987.2839    1830.7032 18.447 19.502  762 
   55679.251900   10056.4462     273.2848   10646.1430     280.0021    0.8656     370.9255     318.1596  4.593  4.392  762 
   55884.433200   10056.4462     273.2848   10646.1430     280.0021    0.8656     370.9255     318.1596  4.593  4.392  762 
   55889.434300   -1837.4905     341.0796   -2509.8384     345.4178    0.2615    -151.3378    -136.0775 -1.212 -1.223  762 
   55924.442100    1101.6162     246.4009       7.6346     259.7266    0.0034      37.5362      31.1188  0.416  0.651  762 
   55925.373000    -349.9916     300.6261    -992.5119     306.7879    0.1479    -208.7062    -182.8731 -1.844 -2.168  762 
   55926.306500   -3224.2838     254.7193   -5737.1530     267.9126    0.3981      33.8272      28.0328  0.332  0.516  762 
   55927.348900    -333.1863     307.7067    -515.9094     313.7300    0.1011    -229.8289    -200.6420 -2.514 -2.486  762 
   55969.114700   -2836.5756     365.8302   -3535.9080     368.2958    0.2745     192.5096     178.7942  2.441  1.274  762 
   56045.159200    5985.3038     373.8169    5904.7139     376.6657    0.6649     351.7919     323.8153  2.764  3.168  762 
   56215.477100    3324.3326     355.4466    3588.6245     358.6332    0.2261    -827.6005    -761.6491 -6.854 -7.245  762 
   56217.469400    8362.2976     600.4601    8328.0369     601.1020    0.4504   -3848.8980   -3767.6003 -13.997 -14.831  762 
   56301.275300   -1728.3230     414.1626   -1569.9623     415.9837    0.4148   -2266.7153   -2146.8519 -12.470 -12.337  762 
