   54116.301000   13977.8124     459.9656   13769.4346     460.7135    0.0777  -15150.7103  -14835.4246 -75.758 -47.750  762 
   54127.317100   10759.3347     378.6559   11355.1845     379.2269    0.4358    -371.4258    -358.7298 -4.839 -2.507  762 
   54127.352800   11160.4644     373.9148   11737.1556     374.5155    0.4244    -110.0201    -106.5157 -2.129 -0.682  762 
   54149.238000     746.6011     285.6623      -6.9151     288.5314    0.2159   -2432.8851   -2191.6881 -21.186 -14.940  762 
   54149.257400    9107.5863     354.8655    8780.7988     355.7319    0.2798   -4738.9325   -4566.3330 -30.143 -18.813  762 
   54150.328600     726.6509     257.7214    1016.5840     260.5061    0.1423     307.8010     274.4610  1.659  2.334  762 
   54152.336000     855.2050     240.9657     409.3478     244.8066    0.0016    -500.3133    -432.4741 -4.890 -4.645  762 
   54152.342500    2592.0899     250.9940    2826.3428     254.0404    0.1214    -586.7082    -517.6832 -5.038 -4.936  762 
   54156.154700  -21536.7296     247.5101  -26018.3098     252.8050    0.4270    -349.8432    -303.4119 -14.164 -6.593  762 
   54174.142000    -279.8949     218.3307     787.4363     222.4004    0.0010    -931.3839    -800.9158 -11.566 -11.186  762 
   54174.149600   -3520.7257     203.3754   -2247.4510     208.9518    0.1478    -741.3168    -622.3561 -10.088 -10.676  762 
   54176.305700    3098.3277     257.6969    2654.9475     260.8475    0.0419   -2245.4179   -1987.4310 -17.105 -17.684  762 
   54179.173100     300.8852     230.6811     344.1375     235.0693    0.0543    -984.2100    -840.8118 -9.214 -9.934  762 
   54201.218300    2033.5576     247.2736    1053.5567     250.6757    0.0291   -1488.0822   -1304.5438 -10.821 -12.241  762 
   54201.228100    2443.1003     285.9898     965.5448     288.2959    0.0024   -1086.4080    -995.2186 -9.987 -6.485  762 
   54201.243600    7627.4362     334.1192    7287.5069     335.6227    0.5430   -2888.6574   -2730.1794 -25.727 -13.245  762 
   54205.179300    5022.7162     197.3623    7402.5186     202.2863    0.2763    -634.8057    -525.6445 -5.284 -9.361  762 
   54210.346400    7360.5740     225.1279    6903.2693     229.0636    0.5490   -1179.1304   -1017.7542 -9.103 -12.068  762 
   54212.180600   12019.5166     275.5894   12463.1373     277.3245    0.5585   -2177.0617   -1992.4630 -17.162 -18.261  762 
   54213.208300    5437.8519     266.2084    5545.1736     268.4151    0.4811    -729.7667    -660.7495 -7.168 -8.241  762 
   54230.223800    2282.9399     223.3683    1494.8877     227.7178    0.1082    -486.0638    -416.3013 -4.202 -5.473  762 
   54231.221900       0.0000       4.9057       0.0000       4.9057       nan       0.0000       0.0000 -7.108  0.000  762 
   54240.235600    4394.4471     245.2872    3526.9432     247.9697    0.1121   -2379.5432   -2127.3704 -18.899 -21.933  762 
   54260.157900     -79.1965     236.5862   -2612.2965     240.8380    0.1559   -1188.6726   -1044.1991 -10.525 -13.879  762 
   54260.162700   -1754.4361     232.9323   -4919.4870     237.4637    0.2336   -1189.5252   -1034.8720 -10.516 -12.739  762 
   54260.175900    3906.8891     209.4264    3450.4979     214.3011    0.2517    -784.0981    -667.6038 -9.606 -10.153  762 
   54261.162600    -120.8896     251.8050    -913.5457     254.3574    0.1247    -826.1826    -742.5909 -7.694 -7.371  762 
   54261.174500    4158.9818     236.4296    2540.9388     240.1188    0.0279   -2453.4387   -2151.1622 -18.886 -24.211  762 
   54264.164600    5164.1898     210.1127    4638.9432     214.6220    0.3561    -684.0578    -589.9573 -6.430 -9.450  762 
   54264.180400    6726.9349     207.9225    8127.5544     210.9285    0.4693    -527.8771    -463.1981 -5.839 -6.946  762 
   54265.184200    7263.2565     261.0512    7167.8531     262.7898    0.4200   -2831.9678   -2595.8713 -23.649 -21.482  762 
   54265.195400    4550.5174     237.0144    4562.9487     239.3279    0.2720   -1692.2056   -1519.8082 -16.123 -15.694  762 
   54275.170700    6800.3709     371.3302    6517.8161     372.0623    0.3164    -609.6061    -584.3524 -5.472 -4.473  762 
   54275.178200    8396.1057     348.5454    8166.9985     349.4078    0.4208   -1572.2603   -1496.7571 -9.975 -13.077  762 
   54384.470800   10913.6374     291.3238   10024.3487     293.5946    0.4810   -3067.3213   -2800.4811 -29.968 -18.753  762 
   54384.481300    7387.3391     268.1215    6645.2199     270.9548    0.3242   -3033.9220   -2715.7125 -32.054 -21.656  762 
   54385.508300    1900.5183     248.9082    1316.5179     252.3859    0.0332   -1891.4985   -1652.6157 -27.429 -19.030  762 
   54386.497100    6354.5406     277.6560    5928.4949     279.8654    0.2572   -3279.7054   -2984.8210 -30.728 -21.794  762 
   54386.502700    9299.9488     280.4513    9351.5694     282.3961    0.4878   -3246.8719   -2978.0843 -29.424 -21.503  762 
   54388.451200   -8069.9478     207.0684  -13763.5447     214.4622    0.3165   -1059.3000    -861.1572 -35.357 -16.946  762 
   54533.213700       0.0000       4.4995       0.0000       4.4995       nan       0.0000       0.0000  0.000  0.000  762 
   54534.352300       0.0000       4.9667       0.0000       4.9667       nan       0.0000       0.0000  0.000  0.000  762 
   54535.298300       0.0000       3.5166       0.0000       3.5166       nan       0.0000       0.0000  0.000  0.000  762 
   54536.149900   -3619.3595     340.4946   -4600.3451     343.1983    0.1676    2182.3798    1980.1014 10.062 19.225  762 
   54537.401500   -1615.9066     269.5461   -2759.0487     277.3673    0.2143       0.0000       0.0000 -15.370  0.000  762 
   54538.182200    4356.0205     511.9885    4317.6786     513.3803    0.1787   -2646.4723   -2533.4852 -24.043 -12.926  762 
   54538.197200     902.5483     430.2377     950.3062     432.3943    0.0136    -885.2661    -821.6438 -15.639 -5.987  762 
   54590.205000    -710.6229     278.1147   -2652.9308     286.4143    0.1416     304.5208     257.0762 -3.361  4.112  762 
   54792.348600   -8833.0748     272.9530   -9440.2582     276.0515    0.4149    2634.9034    2352.1364 33.600 35.516  762 
   54792.505800   -8574.3150     362.2257   -8922.7076     363.1269    0.2801    3499.1919    3322.6097 34.595 32.412  762 
   54793.506900    5842.8237     365.0127    5496.5081     365.7548    0.5980   18872.8060   18102.7646 138.247 139.463  762 
   54794.486000   -7633.0665     330.9990   -9115.4094     337.8861    0.5653       0.0000       0.0000 -2.552  0.000  762 
   54860.203100      41.1904     418.5526    -994.7699     422.2119    0.1331    -714.6138    -648.5171 -12.467 -4.292  762 
   54861.126100    3418.6129     394.9619    2377.4718     397.7809    0.1508     104.9065      95.7914  0.706  0.777  762 
   54862.262500    5684.9463     430.5137    6011.9426     433.1875    0.3392   -1832.5264   -1694.4521 -15.057 -9.976  762 
   54912.158000   -3450.2259     341.9207   -5120.9536     342.7557    0.3411   23118.2791   22099.5186 163.846 165.522  762 
   54914.124500  147986.2070    1052.4301  148340.0487    1052.6687    0.0880 -142337.5384 -142255.3003 -225.523 -239.146  762 
   55126.484100    1352.1209     361.5120    1314.8299     365.0198    0.2503    1836.6824    1650.9005 14.879 16.536  762 
   55126.506900     983.3880     353.6309     623.7725     357.4167    0.2566    2860.5457    2571.3621 25.316 26.956  762 
   55208.301900       0.0000       3.4050       0.0000       3.4050       nan       0.0000       0.0000  0.000  0.000  762 
   55208.332500       0.0000       3.4737       0.0000       3.4737       nan       0.0000       0.0000  0.000  0.000  762 
   55273.269300     695.2946     378.9297     467.9972     382.7793    0.0077    -429.6680    -384.8112 -5.200 -2.906  762 
   55536.296400    -634.2558     338.1927   -1142.0884     342.9639    0.1327     -85.6367     -74.8053 -15.234 -0.777  762 
   55538.328200   -7100.4797     289.3732   -9096.3398     298.8659    0.5181     409.7051     336.3926 -14.963  5.896  762 
   55540.341300    7169.9924     490.4985    6795.1310     492.5564    0.2952   -3669.8060   -3470.4353 -30.547 -16.801  762 
   55599.206500    6656.4659     451.3776    6542.0033     453.0356    0.2276   -3431.6694   -3254.6805 -25.935 -16.593  762 
   55603.163800   -4532.9992     378.2458   -4844.9032     381.8526    0.3564     276.2430     247.9185 -14.731  2.931  762 
   55679.251900    3861.0479     315.3450    2833.8639     321.8911    0.2116    -433.8749    -369.1292 -15.880 -4.699  762 
   55884.433200    3861.0479     315.3450    2833.8639     321.8911    0.2116    -433.8749    -369.1292 -15.880 -4.699  762 
   55889.434300   -5489.9027     383.6939   -5419.7976     387.6304    0.4367    1254.2502    1121.7192 16.792  9.666  762 
   55924.442100       0.0000       2.5883       0.0000       2.5883       nan       0.0000       0.0000  0.000  0.000  762 
   55925.373000   11956.7496     340.1354   13394.0505     343.9301    0.5169     575.5020     509.9246 15.826  5.638  762 
   55926.306500   -5692.0589     293.9504   -5194.1093     302.1479    0.3888     282.2755     236.0388 14.107  4.018  762 
   55927.348900    9815.5997     347.5201   10657.7521     351.8551    0.6095     458.8994     402.6622 14.992  4.645  762 
   55969.114700     448.7244     399.8382    1238.3783     402.2360    0.1039     166.2950     154.0377  3.423  1.095  762 
   56045.159200    5028.7318     419.9067    4902.2219     422.5689    0.3541    -528.8014    -484.1199 -5.109 -4.372  762 
   56215.477100     228.3893     369.9882    -717.7060     375.0686    0.1571   -1509.4729   -1330.0489 -24.996 -15.074  762 
   56217.469400   11805.1604     627.9745   11198.7386     629.4408    0.1870   -9567.6878   -9240.7722 -62.344 -38.541  762 
   56301.275300    4802.8064     438.1899    4099.6731     441.2727    0.0676   -5107.3644   -4713.4401 -36.169 -30.202  762 
