   54116.301000   15808.8760     408.8328   15573.6976     409.2265    0.6544   -3910.0608   -3845.7303 -13.731 -12.494  762 
   54127.317100  -11210.6638     343.2487  -11985.7260     343.9463    0.4408    2070.3035    2000.8778 13.874 15.161  762 
   54127.352800   -9779.7841     340.5556  -10482.7118     341.1709    0.3611    2653.2551    2575.6236 16.151 17.496  762 
   54149.238000    2956.5253     245.7351    3195.3267     247.8304    0.4834    1242.6810    1142.9313  7.521  7.955  762 
   54149.257400    7427.8665     315.5491    7242.6597     316.1014    0.3870   -2289.0386   -2223.3735 -8.171 -9.407  762 
   54150.328600    1288.2027     226.5780    1520.4967     228.9342    0.3085     694.4350     633.1977  6.374  5.331  762 
   54152.336000    -938.7369     200.0344   -1544.0001     204.6494    0.1902     299.8199     261.5493  3.623  3.157  762 
   54152.342500   -2071.7952     209.5764   -3122.0256     213.6799    0.2683     537.6457     474.7472  4.186  5.118  762 
   54156.154700    4722.5807     233.8648    5109.3636     236.1927    0.4252    1275.6555    1182.7978 22.905 21.935  762 
   54174.142000   -2552.0985     186.7740   -2388.6984     191.5761    0.2816      88.1534      77.0556  2.097  1.119  762 
   54174.149600   -2755.3295     176.6135   -2683.2453     182.5231    0.2370     -17.3949     -15.0182  3.295 -0.252  762 
   54176.305700   -4485.6815     216.9313   -5273.0148     220.5700    0.4960    -143.8417    -127.3940 -0.380 -1.273  762 
   54179.173100   -3432.4798     196.4647   -3395.3823     200.9792    0.4616     -86.0888     -74.9666  1.258 -0.930  762 
   54201.218300    7589.7345     215.8438    8464.1816     218.1101    0.7216     120.0425     109.0214  1.254  1.002  762 
   54201.228100    7790.2953     249.4093    8355.5958     250.7151    0.6896     465.0249     437.0317  3.727  2.867  762 
   54201.243600    6282.7780     294.3288    6303.6518     295.3222    0.5830   -1075.2668   -1029.5428 -3.680 -5.034  762 
   54205.179300    5523.4342     162.7014    5622.5949     169.5946    0.4434     838.3912     715.9760 15.312 13.756  762 
   54210.346400    9466.3479     198.7871   10095.2268     201.6622    0.6878     435.5652     390.1505  6.149  4.467  762 
   54212.180600    -314.1810     241.7878   -1160.8390     244.1319    0.0098    1377.6965    1267.2532 10.911 12.502  762 
   54213.208300    1909.7847     236.2459    2449.4449     238.1810    0.3943    1282.2499    1184.3807 15.151 15.609  762 
   54230.223800    4348.6052     190.8261    5877.9251     194.1226    0.4579      52.1383      46.1286  1.687  0.634  762 
   54231.221900   -4447.8996     275.0989   -4531.7972     276.4739    0.4625    -441.0903    -415.1848 -1.921 -2.540  762 
   54240.235600    2163.1445     223.9972    2890.7775     225.6027    0.2755     375.0914     346.6094  4.929  3.381  762 
   54260.157900   10054.7301     218.6140   11522.1277     220.3221    0.6233     -15.6937     -14.4805 -0.095 -0.170  762 
   54260.162700   10019.5417     209.6842   11825.4718     211.3251    0.5798     129.2240     118.7434  0.960  1.323  762 
   54260.175900    5897.3378     179.7392    6634.2374     183.9622    0.6389    -106.6464     -93.0990 -1.253 -1.467  762 
   54261.162600    9062.4128     237.9586   10152.2639     238.7729    0.4632    -261.4479    -247.8032 -1.257 -2.056  762 
   54261.174500    3116.4207     214.8517    4048.7681     216.8175    0.3303    -236.0059    -215.3116 -0.409 -2.245  762 
   54264.164600    -877.2060     188.6343    -320.5410     192.2086    0.0558    -261.4043    -231.2306 -2.178 -3.604  762 
   54264.180400   -4862.6177     176.4057   -6564.7557     181.5193    0.5201      65.1787      56.6568  0.263  0.973  762 
   54265.184200     821.2231     227.6050     787.0046     229.1865    0.0080    -768.1854    -712.7445 -6.671 -6.373  762 
   54265.195400    4033.8140     209.8586    4310.4409     211.6469    0.3639    -337.8003    -311.5139 -2.717 -3.257  762 
   54275.170700    9043.7858     356.6602    9154.2597     357.0252    0.5360   -1270.7222   -1236.8282 -9.768 -9.152  762 
   54275.178200    6752.6742     327.4914    6893.8732     328.0253    0.4649    -539.3938    -520.6486 -3.723 -4.594  762 
   54384.470800    4601.2560     257.3157    4746.4953     258.8538    0.4009    -614.0733    -572.6968 -4.323 -3.829  762 
   54384.481300    4271.9024     236.0777    4507.7994     238.0969    0.4561    -268.0767    -246.0121 -1.637 -1.945  762 
   54385.508300    5137.3015     221.2504    5841.7961     223.7167    0.4518    -201.5162    -182.2788 -2.177 -2.042  762 
   54386.497100     424.7878     244.2064     425.9946     245.9890    0.0517    -913.5273    -845.0343 -4.899 -6.252  762 
   54386.502700   -1338.7885     246.4659   -1652.1787     248.3275    0.2449    -325.1462    -300.8899 -2.783 -2.234  762 
   54388.451200    7995.0468     186.1013    9093.9788     189.5350    0.4644    -259.8613    -231.6942 -1.316 -3.824  762 
   54533.213700   -1872.7853     335.5184   -1358.8204     337.1745    0.2211    -823.7600    -772.4568 -4.927 -5.263  762 
   54534.352300   -1390.0489     353.9494   -1806.5644     356.0127    0.2519     -41.0042     -38.6194 -0.239 -0.228  762 
   54535.298300    9963.5599     277.2931   11374.1236     281.3559    0.8072    6552.7013    5851.9910 62.270 61.666  762 
   54536.149900    3444.7342     315.3972    4004.4788     316.7412    0.1697   -2073.6985   -1952.2363 -16.427 -17.504  762 
   54537.401500    9850.5477     244.0363   12043.5046     248.6391    0.5735    -417.7617    -374.5668 -4.158 -5.647  762 
   54538.182200    6974.6963     474.0973    6959.1155     474.8885    0.5281   -1817.9557   -1764.1720 -7.125 -8.697  762 
   54538.197200    5037.8393     394.8736    5257.0180     396.2649    0.5428    -636.5542    -604.7716 -4.750 -4.233  762 
   54590.205000    -827.4989     244.9669     279.3829     250.9366    0.0164    -164.7101    -143.5510 -0.180 -2.194  762 
   54792.348600    -393.3610     259.8017    -366.3801     261.6990    0.1109    -777.9730    -720.5705 -7.802 -9.756  762 
   54792.505800    1464.9885     347.8390    1699.7356     348.3199    0.0864   -3233.2355   -3124.4569 -29.636 -29.948  762 
   54793.506900    1338.6835     348.2583    1462.8364     348.8110    0.2039   -4548.1059   -4398.4406 -32.905 -33.856  762 
   54794.486000   -2453.9950     296.8338   -1949.9519     301.9252    0.1747     451.4474     399.9126  7.670  5.234  762 
   54860.203100    9557.8294     368.8808    9867.9274     371.0801    0.7380    -733.7648    -684.2108 -4.215 -4.461  762 
   54861.126100    9206.9093     364.0029    9343.5338     365.6020    0.6639      69.5254      65.4325  0.368  0.497  762 
   54862.262500     719.5466     384.6902     -91.7494     387.0449    0.1445   -1496.2896   -1401.9337 -8.730 -8.090  762 
   54912.158000    5258.8724     316.8114    5637.2364     317.1555    0.2152  -11392.7052  -11035.1209 -86.321 -87.231  762 
   54914.124500   70607.8349     913.8932   70449.8541     913.9760    0.7581  -41025.1655  -40973.8080 -73.507 -69.703  762 
   55126.484100    2157.0497     324.7125    2173.2431     327.4428    0.3099     481.2150     442.7104  4.318  4.329  762 
   55126.506900    3635.4996     320.6427    3737.5733     323.4685    0.4447     409.7232     377.4580  3.973  3.757  762 
   55208.301900   -3517.0244     279.7190   -3980.0927     285.1174    0.4687      97.9517      86.2217 -0.121  0.988  762 
   55208.332500     177.7087     292.6113     746.6351     297.5106    0.0542    -333.4639    -294.5532 -2.370 -3.238  762 
   55273.269300   -2020.3213     329.5000   -1986.1524     332.7051    0.3778   -1023.8617    -933.1908 -7.248 -7.153  762 
   55536.296400    1572.7977     303.1506    1465.0644     306.7498    0.1894     564.1472     507.2171  5.850  5.058  762 
   55538.328200    3058.9585     248.4745    4010.1644     256.1220    0.3654     454.6983     388.3703  8.744  6.813  762 
   55540.341300    8993.0213     442.0477    8826.7493     443.3537    0.6759    -268.0941    -257.2265 -0.714 -1.216  762 
   55599.206500   -7067.4463     413.6882   -7334.4046     414.9182    0.6233    -260.7938    -250.1335 -2.440 -1.243  762 
   55603.163800   -2476.8976     359.9962   -2147.9294     362.2455    0.1181     900.3145     835.8342  8.579  8.786  762 
   55679.251900    1492.1339     272.3423    1819.2125     278.0811    0.2538    -261.5241    -227.3764 -4.031 -3.026  762 
   55884.433200    1492.1339     272.3423    1819.2125     278.0811    0.2538    -261.5241    -227.3764 -4.031 -3.026  762 
   55889.434300   -2261.6450     337.4285   -2860.6909     341.2089    0.4731    -915.5916    -832.6270 -7.658 -7.270  762 
   55924.442100    1623.0954     242.6061    1312.6939     252.9430    0.1175    -273.5030    -233.6939 -6.793 -4.621  762 
   55925.373000   -1193.1569     298.2650   -1527.2820     303.4428    0.2913    -496.0336    -441.4102 -5.503 -5.012  762 
   55926.306500     913.3678     250.0154     238.9392     259.5439    0.0110    -166.0092    -142.0926 -4.678 -2.461  762 
   55927.348900     201.5628     305.3433    -150.0248     310.4521    0.1011    -507.2520    -450.1564 -4.924 -5.340  762 
   55969.114700   -1168.2253     361.8583   -1670.7965     363.9622    0.2352    -733.8519    -688.2423 -5.556 -4.783  762 
   56045.159200    2789.7037     372.3132    2371.4129     374.8940    0.1962    -628.0780    -582.7013 -4.234 -5.555  762 
   56215.477100    3764.2504     340.7509    4435.8927     343.9170    0.3930     193.9792     178.8491 -0.586  1.797  762 
   56217.469400   12423.9498     584.1669   12312.7882     584.8855    0.6791   -3974.5407   -3886.0388 -14.815 -15.573  762 
   56301.275300    2128.6602     398.9814    2288.9249     400.9334    0.2609    -412.8557    -390.8829 -3.229 -2.321  762 
