   54116.301000    3211.3287     402.4580    3144.2317     402.5274    0.2882     104.3979     103.8502  1.016  0.333  762 
   54127.317100    1800.0778     348.3198    1803.2048     348.3733    0.2291     928.1049     919.7083  6.125  6.229  762 
   54127.352800    1613.5627     342.5582    1626.2434     342.6074    0.2073     864.8197     857.8992  4.885  5.319  762 
   54149.238000     497.8684     228.5168     460.6693     228.9141    0.0741     -63.7832     -61.5919 -0.699 -0.417  762 
   54149.257400    2095.7946     310.1289    2018.2587     310.2138    0.3633    2677.2875    2650.0254 11.086 10.864  762 
   54150.328600    1052.9156     207.2976    1053.2147     207.7359    0.2963     764.2409     734.2889  6.385  6.149  762 
   54152.336000     992.7427     187.5671    1118.7920     188.1837    0.3316     737.1960     700.7845  6.572  7.346  762 
   54152.342500    1369.1096     198.0759    1384.6940     198.5848    0.3488     853.1223     816.8091  7.802  7.609  762 
   54156.154700   -5100.1315     209.0592   -5356.1303     209.7806    0.4359    -192.7831    -183.7220 -5.714 -3.832  762 
   54174.142000   -1199.4187     170.6044   -1141.6774     171.4063    0.2401    -120.6927    -113.7219 -3.051 -1.519  762 
   54174.149600   -1519.0393     156.6436   -1391.1309     157.7438    0.2388     123.5296     115.1656  1.185  1.873  762 
   54176.305700     486.9013     204.5950     424.8259     205.1053    0.0145    -348.1519    -333.5806 -4.479 -2.914  762 
   54179.173100   -1146.9902     179.9623   -1125.7117     180.7596    0.2063      77.6520      73.0275  0.056  0.838  762 
   54201.218300    2105.5914     195.3868    2026.8140     195.9219    0.4195     282.7152     269.8456  2.171  2.518  762 
   54201.228100     725.5581     232.9204     624.5348     233.2202    0.2215     707.7451     687.9477  4.449  4.497  762 
   54201.243600    3398.2643     280.4707    3335.6477     280.6393    0.5518    1387.9972    1365.2378  6.230  6.594  762 
   54205.179300    -431.1603     151.0745    -221.4284     152.1810    0.0549     -51.7333     -47.8898 -0.890 -0.814  762 
   54210.346400    1966.4573     178.9160    1970.8721     179.5643    0.2716    -355.2999    -337.0009 -4.562 -3.922  762 
   54212.180600    1977.8547     232.9850    1969.2008     233.2522    0.2024    -564.8080    -548.7216 -2.502 -4.876  762 
   54213.208300    1081.4047     227.8479    1071.3720     228.1663    0.0964    -470.8633    -455.6067 -5.795 -5.547  762 
   54230.223800     427.7104     175.8159     392.8345     176.5921    0.0815      39.0231      36.7901 -1.154  0.475  762 
   54231.221900    2181.2915     259.5604    2175.5739     259.7617    0.3651     804.2945     786.7325  4.662  4.721  762 
   54240.235600    1784.6745     202.4818    1722.6397     202.8682    0.1822    -433.2903    -417.1211 -3.328 -4.274  762 
   54260.157900    -519.3553     193.2515    -845.5064     193.9465    0.1301    -133.0640    -126.7015 -3.349 -1.659  762 
   54260.162700    -514.9701     184.8842    -804.3582     185.6092    0.0719     245.5953     233.4891  2.577  2.882  762 
   54260.175900     305.3687     164.1664     170.0083     165.1446    0.0179     -67.0082     -62.9701 -1.731 -0.933  762 
   54261.162600    -105.1266     207.1395    -197.4307     207.5165    0.0406    -103.2508     -99.5940 -2.542 -0.978  762 
   54261.174500    -532.8399     191.2857    -771.0681     191.9063    0.2159    -718.5517    -683.8146 -8.517 -7.634  762 
   54264.164600      20.2159     169.0984     -48.6558     169.8998    0.0819    -401.6563    -379.6245 -4.993 -5.927  762 
   54264.180400     604.9410     166.6361     603.8828     167.2641    0.0998     -93.5179     -88.8989 -0.971 -1.292  762 
   54265.184200    1185.9924     220.7935    1140.4527     221.0446    0.1196    -253.1222    -245.7760 -3.935 -2.015  762 
   54265.195400     551.8344     195.8497     490.6213     196.2140    0.0054    -463.1737    -446.3027 -5.641 -4.577  762 
   54275.170700      -2.9743     342.0413     -86.4019     342.1282    0.0357    -300.8915    -297.0314  0.644 -2.265  762 
   54275.178200     -64.4284     318.5163     -98.5645     318.6166    0.0073      27.0975      26.6982  0.537  0.233  762 
   54384.470800     -86.1640     240.2276    -148.1089     240.5476    0.0294     353.2532     342.4959  2.545  2.271  762 
   54384.481300     661.4668     218.0050     628.3459     218.4135    0.0861    -121.6492    -117.0011 -1.082 -0.916  762 
   54385.508300     205.1004     202.2501     245.6880     202.7732    0.0129    -178.8610    -170.5313 -2.862 -1.909  762 
   54386.497100     165.2590     228.1567     129.0259     228.4828    0.0239    -290.7717    -281.6063 -2.701 -2.021  762 
   54386.502700     238.1643     233.1368     165.1146     233.4381    0.0129     -79.2058     -76.8285 -0.117 -0.541  762 
   54388.451200   -4737.5820     160.1746   -5069.3512     161.5163    0.4667     -58.3814     -53.5896 -1.654 -1.025  762 
   54533.213700    1079.0575     309.7679    1007.1856     310.1477    0.1944     164.6897     160.0925  1.291  1.102  762 
   54534.352300     815.7965     336.4885     831.8719     336.7491    0.3452     853.0084     836.1519  4.225  4.680  762 
   54535.298300   -1779.5992     251.3244   -1803.3813     252.3529    0.4975   -1139.0178   -1077.3350 -12.025 -11.419  762 
   54536.149900   -2760.1717     284.9925   -2823.7373     285.3903    0.0879    2348.1503    2270.3751 20.350 22.155  762 
   54537.401500    1974.8229     203.8880    1949.7184     205.4492    0.5243     609.2147     571.8027 10.824 10.071  762 
   54538.182200    1158.4653     446.8519    1144.0408     447.0003    0.4769    2813.9250    2778.7326 12.143 14.200  762 
   54538.197200    2346.2711     367.8109    2342.8831     368.0713    0.5284    1748.4998    1709.9768 12.885 12.293  762 
   54590.205000   -2133.2961     214.2690   -2465.2309     216.0195    0.3250     357.2832     332.7265  5.644  5.238  762 
   54792.348600   -3455.9763     234.3351   -3529.6018     234.7699    0.2104    1702.9981    1636.7954 23.565 23.986  762 
   54792.505800     476.8878     334.5474     385.5734     334.6480    0.2383    3498.8171    3446.0559 35.063 33.251  762 
   54793.506900      39.5947     336.6803     -22.1084     336.7794    0.5333    9050.0995    8931.3108 65.430 67.345  762 
   54794.486000   -1782.2832     263.7299   -2018.9074     264.9801    0.2600     547.9710     516.4481  7.760  6.895  762 
   54860.203100    -238.8148     342.0698    -314.3661     342.5713    0.1064    -237.1823    -229.3975 -1.101 -1.516  762 
   54861.126100     201.6657     332.9194     193.6319     333.2609    0.0094    -142.1946    -138.1459 -1.414 -1.102  762 
   54862.262500     913.3929     356.7908     861.3750     357.1692    0.1579    -107.3062    -104.5326 -0.829 -0.607  762 
   54912.158000    -635.7632     313.1035    -774.1409     313.1832    0.3842    8391.5214    8281.3510 64.196 62.166  762 
   54914.124500   22922.6424     927.1698   22903.9475     927.2484    0.3769  -32636.5355  -32613.6693 -52.755 -54.820  762 
   55126.484100   -1019.5486     297.9978   -1077.9193     298.5337    0.0343     918.9916     884.5387  9.117  8.723  762 
   55126.506900    -441.1254     290.6845    -555.1675     291.2977    0.1063    1227.2938    1179.8115 11.778 12.183  762 
   55208.301900      -0.0955       3.7099    -447.7750      94.0469    0.1481       0.0000       0.0000 -0.935  0.000  762 
   55208.332500     817.4963     260.9506     542.3243     262.1418    0.0361    -772.7161    -728.8273 -7.713 -8.021  762 
   55273.269300    -913.4401     303.1895   -1025.8783     303.8392    0.3184    -772.4898    -742.0274 -6.269 -5.585  762 
   55536.296400   -1253.8838     273.1590   -1247.5272     273.8829    0.2913    -252.0451    -239.8887 -3.431 -2.442  762 
   55538.328200   -1692.3297     221.9402   -1802.1237     223.7742    0.3691     -49.1704     -45.2574 -0.021 -0.776  762 
   55540.341300    2819.3028     418.1444    2755.8072     418.3769    0.2294   -1136.8779   -1118.1045 -4.344 -5.348  762 
   55599.206500    1364.4560     386.8271    1312.4818     387.0120    0.0518    -825.8093    -813.2198 -2.092 -4.113  762 
   55603.163800   -2374.1455     319.4722   -2429.3158     320.0203    0.3535      77.2044      74.3257  0.479  0.867  762 
   55679.251900    -278.6780     249.2473    -406.8531     250.4725    0.1921    -532.4466    -499.7624 -6.679 -6.249  762 
   55884.433200    -278.6780     249.2473    -406.8531     250.4725    0.1921    -532.4466    -499.7624 -6.679 -6.249  762 
   55889.434300     603.7448     311.7825     515.3572     312.3930    0.1940     713.9810     686.4650  6.000  5.802  762 
   55924.442100    2071.7393     215.7474    2111.5769     217.7843    0.4741     166.4293     154.2611  3.943  2.931  762 
   55925.373000    2343.8301     273.0120    2387.8934     273.8102    0.4535      59.1760      56.4388  0.112  0.607  762 
   55926.306500     124.6259     224.0857     133.6394     225.7685    0.0680     201.0092     186.8537  2.523  3.063  762 
   55927.348900   -1294.2534     281.1614   -1347.1597     282.0867    0.2435     178.6548     169.5432  2.316  1.906  762 
   55969.114700     401.8351     335.4856     382.3635     335.8115    0.1902     873.4378     851.0862  5.053  5.937  762 
   56045.159200    1450.4614     355.9028    1415.2029     356.2945    0.1835    -257.2663    -250.0882 -2.833 -2.240  762 
   56215.477100   -1165.9038     291.7067   -1160.4598     292.5914    0.1409     430.1948     409.2885  4.481  4.833  762 
   56217.469400    -387.8754     547.4599    -443.1586     547.6146    0.1765    1998.6644    1977.3597  8.118  8.370  762 
   56301.275300    4058.1846     352.6013    4038.8323     353.0208    0.5885    -154.8208    -150.4868 -1.232 -0.990  762 
