   54116.301000    3692.3110     411.5518    3662.1988     411.6393    0.3556     572.2786     568.5212  2.140  1.837  762 
   54127.317100   -4745.2066     342.8344   -5014.9591     343.0278    0.1565    2701.5240    2655.4189 17.745 19.245  762 
   54127.352800   -4735.0671     340.0350   -4986.8231     340.2116    0.1100    3292.9089    3244.2556 21.534 21.199  762 
   54149.238000     471.7099     237.0113     475.6179     237.7169    0.2300    1157.7612    1107.0112  9.003  7.619  762 
   54149.257400    2921.0544     314.4985    2865.6807     314.6380    0.1053   -1573.9873   -1553.6046 -7.165 -6.492  762 
   54150.328600    -326.1643     216.9198    -128.6509     217.6868    0.0396    -149.4368    -142.0021 -0.039 -1.187  762 
   54152.336000   -1556.4969     190.5620   -2175.0228     192.4448    0.1433    1157.0914    1068.0381 12.134 12.270  762 
   54152.342500   -2778.3131     200.9065   -3617.7709     202.5178    0.2497    1118.8968    1041.5041 12.408 10.673  762 
   54156.154700    3307.3708     221.5920    3753.2464     222.5753    0.3473    1101.0515    1048.5591 20.400 19.833  762 
   54174.142000   -1479.9075     176.3504   -1699.1633     178.4444    0.2159     415.9498     382.3426  4.326  5.357  762 
   54174.149600     -37.8439     164.5096       7.9741     167.2427    0.0618     443.1350     403.8029  6.547  6.619  762 
   54176.305700    -898.2073     206.9135   -1278.9296     208.2048    0.0493     953.9156     893.7934  8.960  8.535  762 
   54179.173100     795.0347     184.9615     858.5413     186.7079    0.2955     981.4097     904.2502  9.407 10.891  762 
   54201.218300    1805.2555     205.3427    2068.9571     206.2135    0.4125     877.8286     829.1615  8.317  7.637  762 
   54201.228100    1531.6694     241.4576    1716.2268     241.8639    0.3720    1374.9770    1330.3614  8.385  8.719  762 
   54201.243600      65.1285     290.1303      27.4795     290.4148    0.1482    1145.2366    1121.1615  4.962  5.443  762 
   54205.179300     209.3326     154.2568    -528.8399     157.8958    0.0225     810.6568     727.4650 12.378 13.359  762 
   54210.346400    3507.8691     188.3784    3847.5404     189.5374    0.5498    1172.9026    1096.3377 12.246 12.541  762 
   54212.180600    -951.5464     235.1829   -1280.8579     235.9564    0.0256    1577.2796    1506.3428 14.552 14.255  762 
   54213.208300     670.2414     228.9250     607.5059     229.7346    0.1334     289.1504     275.5509  5.316  3.529  762 
   54230.223800    1817.9734     180.3151    2166.0237     181.8131    0.3990     808.3623     748.5042  9.363 10.080  762 
   54231.221900    -584.0386     267.6063    -652.8571     268.0198    0.1082    1586.1466    1538.4755  9.066  9.314  762 
   54240.235600     973.4887     213.3117    1321.9132     213.8880    0.2069     781.2016     745.5394  8.218  7.356  762 
   54260.157900    5537.5739     206.1848    6279.3128     206.8196    0.5381     893.3840     850.3359 10.479 10.230  762 
   54260.162700    4267.3981     197.0826    5012.5257     197.7555    0.4668    1071.9342    1015.5814 10.508 11.673  762 
   54260.175900    2160.4463     169.2918    2565.2632     171.1349    0.5050     717.0353     658.1272 12.013 10.127  762 
   54261.162600    4987.4145     225.6876    5455.4048     225.9673    0.4592    1383.9202    1340.1597 11.077 11.561  762 
   54261.174500    3359.1350     202.4931    3844.4045     203.2245    0.5105    1209.7439    1145.8675 11.863 12.147  762 
   54264.164600    3791.9327     176.1849    4299.6141     177.6478    0.5559     447.2619     415.9005  7.994  6.436  762 
   54264.180400     -27.6237     166.7481    -571.3159     168.7632    0.0168     485.3718     446.7153  7.520  7.265  762 
   54265.184200    1059.1274     220.9243    1169.5842     221.4174    0.2879    1067.3087    1024.7958  8.635  8.934  762 
   54265.195400    3012.9892     200.5878    3320.1584     201.1659    0.4664    1081.4069    1032.5294 10.935 10.728  762 
   54275.170700    2872.4000     350.3800    2931.5021     350.4950    0.2855     616.3249     607.1117  5.447  4.523  762 
   54275.178200    3613.4405     321.4199    3728.2930     321.5811    0.2926    -102.6575    -100.7094  1.052 -0.886  762 
   54384.470800     700.8538     249.4451     772.3411     249.9560    0.3262    1810.2792    1743.9621  9.980 11.561  762 
   54384.481300    1301.1974     227.1812    1393.7670     227.8770    0.3876    1853.8962    1767.5349 10.547 13.824  762 
   54385.508300    2273.2245     210.8291    2429.9454     211.8428    0.4385     490.0862     461.5867  6.641  5.118  762 
   54386.497100    1213.4850     235.7597    1195.6148     236.3495    0.3368    1092.8472    1048.8282  7.380  7.630  762 
   54386.502700    -374.1873     239.3308    -514.5904     239.9450    0.0960    1296.2600    1244.3522  9.338  9.004  762 
   54388.451200    6265.9615     171.6484    7317.9393     172.9706    0.4592     557.0945     516.9242  7.765  8.800  762 
   54533.213700     787.4296     323.0774     927.5585     323.6001    0.0462    -613.9083    -593.2181 -3.625 -4.039  762 
   54534.352300   -3744.1583     347.0093   -4025.2690     347.6459    0.4389     717.4027     695.7760  3.617  4.013  762 
   54535.298300     785.2827     264.0086    1080.4567     265.6830    0.4387    2083.7558    1945.0738 20.473 20.383  762 
   54536.149900    1607.3408     300.4769    1909.4632     300.9282    0.0592   -1360.3954   -1314.5753 -13.168 -12.062  762 
   54537.401500    2836.5386     224.8181    3831.6408     226.8654    0.2677    -779.7138    -725.0484 -11.666 -11.372  762 
   54538.182200     701.2659     465.6448     693.5832     465.8803    0.2016     863.6718     850.6231  5.317  4.229  762 
   54538.197200     198.1108     383.8526     218.0551     384.3128    0.1355     745.3203     724.7307  2.822  5.072  762 
   54590.205000    1565.9098     226.2595    2336.3032     228.6882    0.2970     -16.1948     -14.8678 -1.448 -0.228  762 
   54792.348600    1270.6768     247.9029    1497.4012     248.6160    0.1277   -2827.5441   -2698.2359 -38.135 -36.986  762 
   54792.505800    1080.4757     341.3266    1175.9987     341.4845    0.2104   -4740.2646   -4650.8692 -43.522 -44.486  762 
   54793.506900     421.7317     345.4383     400.0808     345.6135    0.6621  -22880.6656  -22475.0153 -170.015 -170.644  762 
   54794.486000    1788.3533     277.7080    2264.8691     279.5936    0.2308    -236.5212    -220.0208 -2.561 -2.880  762 
   54860.203100     988.8573     357.9523    1140.0096     358.6835    0.0094   -1119.6123   -1076.6050 -5.996 -7.034  762 
   54861.126100     508.5159     351.9630     667.6102     352.4768    0.0031    -663.2316    -641.3845 -5.014 -4.893  762 
   54862.262500   -2041.3176     375.1382   -2252.8335     375.8651    0.4554   -1510.6953   -1459.6570 -7.567 -8.363  762 
   54912.158000    4012.3079     313.8003    4111.0343     313.9107    0.5430  -29759.3156  -29261.7210 -231.984 -228.000  762 
   54914.124500   16464.0452     942.6221   16424.3336     942.6542    0.5005  -30632.3307  -30613.5791 -51.181 -52.091  762 
   55126.484100    -942.5320     311.4097    -958.4329     312.4336    0.2457    -899.0847    -855.4029 -9.259 -8.344  762 
   55126.506900    -568.7368     306.4332    -485.5798     307.4668    0.2024    -931.6839    -886.9086 -9.008 -8.887  762 
   55208.301900   -2919.2794     263.8770   -2968.6615     265.9503    0.4670    -477.1598    -441.5307 -5.460 -4.996  762 
   55208.332500   -1260.9590     275.6573    -982.2489     277.6583    0.1198     228.1702     211.3927  2.018  2.321  762 
   55273.269300     395.0762     314.9278     429.7257     316.0001    0.2173   -1949.1982   -1853.0494 -14.311 -14.105  762 
   55536.296400    -290.5158     288.3551    -173.6961     289.7072    0.0759    -389.9161    -366.2162 -4.841 -3.651  762 
   55538.328200    -542.0720     232.8159     -55.3988     236.5247    0.0425    -236.5790    -212.8147 -4.550 -3.692  762 
   55540.341300      23.7505     437.3686     -10.1681     437.7513    0.2358   -1775.0082   -1738.9503 -8.833 -8.189  762 
   55599.206500   -2053.5856     404.7140   -2096.5058     405.0223    0.4240   -2343.8786   -2299.0154 -11.817 -11.400  762 
   55603.163800     658.2116     341.0793     887.7647     341.8714    0.0838    -122.7289    -117.5052 -1.175 -1.263  762 
   55679.251900    1663.2653     256.6324    1981.2220     259.0139    0.2566    -414.0713    -381.1266 -5.209 -4.964  762 
   55884.433200    1663.2653     256.6324    1981.2220     259.0139    0.2566    -414.0713    -381.1266 -5.209 -4.964  762 
   55889.434300   -1841.8105     324.2468   -2035.2187     325.5465    0.4372   -1248.5956   -1183.2944 -9.381 -10.163  762 
   55924.442100      83.8677     226.8713    -396.1316     232.3594    0.0992    -470.6849    -422.3849 -10.392 -8.198  762 
   55925.373000    -863.9318     283.5123   -1006.0510     285.4662    0.3503    -796.5922    -744.1192 -8.796 -8.251  762 
   55926.306500   -1397.9175     234.7372   -1959.1332     239.4793    0.3387    -566.4777    -512.0232 -10.330 -8.641  762 
   55927.348900    -621.2876     290.5016    -811.6407     292.5407    0.3783   -1285.1725   -1197.5606 -14.325 -13.869  762 
   55969.114700     -54.6649     351.0572    -244.2471     351.7304    0.1063    -544.8480    -526.3371 -4.314 -3.629  762 
   56045.159200    -609.2374     361.3762    -867.0578     362.3541    0.2176    -853.6220    -817.3010 -10.054 -7.628  762 
   56215.477100    -167.9114     316.6268     -62.8703     318.0946    0.2972    2482.3560    2350.2066 24.387 25.176  762 
   56217.469400     725.8811     574.0573     692.0168     574.2720    0.4062    3153.6318    3116.7719 13.052 12.737  762 
   56301.275300     347.1915     380.5324     323.0858     381.2236    0.4806    3134.5418    3035.2446 17.087 18.716  762 
