   54116.301000    3501.7621     409.0481    3417.2804     409.3157    0.2867     569.9303     562.8083  0.832  1.815  762 
   54127.317100  -12580.3050     351.2681  -13241.0685     351.7737    0.4688    2087.8531    2027.7008  8.776 14.361  762 
   54127.352800  -12708.0399     347.4909  -13343.2248     347.9704    0.4846    2374.9096    2314.0624 12.531 14.818  762 
   54149.238000    1919.3621     241.8741    1941.6424     243.7102    0.3100     551.1242     510.7122  4.435  3.503  762 
   54149.257400    5318.2495     315.2850    5088.2842     315.6860    0.1939   -2586.0831   -2525.1569 -9.710 -10.527  762 
   54150.328600    1433.3126     223.0022    1837.5430     225.0194    0.0940   -1163.5324   -1068.3003 -8.843 -8.864  762 
   54152.336000   -2628.3090     200.0652   -4179.6679     204.5672    0.2591     974.9316     858.6928  9.440  9.613  762 
   54152.342500   -4062.5844     209.8975   -6219.5199     213.8089    0.2981    1168.6453    1042.8135  9.675 10.418  762 
   54156.154700    4719.7662     229.7066    5903.7679     232.4329    0.2927     837.7654     773.4674 14.446 14.566  762 
   54174.142000   -3854.7742     186.8658   -4809.1601     191.9120    0.4175     563.5439     494.1147  8.253  6.728  762 
   54174.149600   -3465.3800     175.1677   -3730.5955     181.7424    0.3288     870.7049     754.0494 11.163 12.026  762 
   54176.305700   -4399.0667     215.8303   -5475.0018     219.1230    0.4063     564.9376     508.5282  2.011  4.750  762 
   54179.173100   -1413.5533     194.8841   -1378.6825     199.2188    0.1569     568.8042     499.0797  5.267  5.882  762 
   54201.218300    5182.5003     211.1492    6009.6310     213.3467    0.5896     502.5740     457.4321  4.210  4.211  762 
   54201.228100    4963.2352     244.4306    5490.8301     245.4990    0.5556    1110.0294    1048.4487  5.355  6.890  762 
   54201.243600    3553.7738     290.6596    3561.3085     291.3970    0.5512    1394.9966    1345.4956  7.178  6.519  762 
   54205.179300    6206.3193     163.2621    5590.3514     170.8214    0.4824     544.5711     465.6157 10.353  8.263  762 
   54210.346400    6441.5341     195.6571    7684.0832     198.5169    0.5894     643.4597     577.0456  5.059  6.552  762 
   54212.180600   -1180.6474     243.7099   -1692.8885     245.5073    0.0965     746.9115     694.0818  7.895  6.411  762 
   54213.208300    1368.1146     237.6010    1294.1381     239.6348    0.1553    -171.8802    -159.0543 -3.351 -1.999  762 
   54230.223800    -525.0644     189.7827     -26.5807     193.7819    0.1074     968.1170     853.3640 10.499 11.331  762 
   54231.221900   -1913.5570     271.3895   -2097.5445     272.5224    0.0403    1861.8016    1766.7483 10.562 10.645  762 
   54240.235600    9363.5180     217.7253   10377.9293     219.1948    0.6359     798.0578     739.9748  5.963  7.314  762 
   54260.157900    2464.1899     214.0654    4074.1072     216.0807    0.2472      27.4328      25.0905 -0.192  0.303  762 
   54260.162700    2199.7926     204.2114    3930.9388     206.3100    0.2339     169.5623     154.0624 -0.122  1.789  762 
   54260.175900   -1430.7762     179.8041   -1176.3451     184.6643    0.1218     246.9238     214.6157  0.344  3.243  762 
   54261.162600    3752.2086     230.0704    5054.0656     230.9279    0.2516      79.0846      74.5652 -0.848  0.651  762 
   54261.174500     686.1062     209.7494    1802.9576     211.8973    0.1481      92.1609      83.8927 -1.350  0.891  762 
   54264.164600    2483.9523     185.3216    3820.4245     189.0257    0.3095      18.3394      16.2899 -1.869  0.249  762 
   54264.180400    -337.9819     176.6515   -1614.4068     181.3682    0.1192     322.6263     283.9847  1.563  4.475  762 
   54265.184200    -242.7314     227.5664     -15.5540     228.9077    0.0659     613.1880     572.6772  4.049  4.927  762 
   54265.195400    3251.8282     207.1939    3916.9191     208.8205    0.3286      88.3767      81.6735 -1.375  0.844  762 
   54275.170700    9569.6679     353.1545    9812.9805     353.4444    0.5168    -132.7866    -129.4878 -1.750 -0.965  762 
   54275.178200   10551.8554     325.4262   10790.4841     325.8794    0.6076     -67.3591     -65.2457 -4.147 -0.573  762 
   54384.470800     -82.1522     254.3589      93.3442     255.7361    0.1410    1162.5049    1090.4242  8.968  7.208  762 
   54384.481300   -2677.6937     234.3671   -2558.4491     236.3126    0.1590    1396.1919    1285.0683 10.882  9.955  762 
   54385.508300    -709.9594     220.0565    -275.7629     222.6751    0.0438     675.4065     611.0777  8.471  6.701  762 
   54386.497100     441.2279     241.7161     427.3815     243.2531    0.2185    1322.2311    1233.0054  9.433  8.881  762 
   54386.502700    -633.2793     245.7681    -981.2967     247.3031    0.0097    1154.4537    1078.0926  8.060  7.678  762 
   54388.451200   12553.8353     179.2490   15586.7987     182.7910    0.5585     459.6957     405.9932  9.129  6.931  762 
   54533.213700   -5103.9181     329.5587   -4769.5338     331.0693    0.4773    -669.2114    -629.4925 -0.734 -4.287  762 
   54534.352300  -11813.9501     354.0815  -12607.9482     355.8200    0.7538     491.2650     465.6470  3.685  2.655  762 
   54535.298300   -1035.7889     275.2242    -481.3835     279.6405    0.2273    2488.1584    2219.3189 26.476 23.103  762 
   54536.149900    -139.7349     306.2414     671.7434     307.5224    0.0767   -1927.6062   -1815.3119 -14.172 -16.816  762 
   54537.401500    2803.7313     234.8630    4996.2752     240.6737    0.2315   -1389.9684   -1228.3199 -23.172 -19.501  762 
   54538.182200    2930.4585     466.1895    3016.9722     466.8061    0.2671    -711.4380    -692.7326 -0.753 -3.459  762 
   54538.197200     823.7971     389.8967    1019.1973     391.0839    0.0417    -717.4485    -684.6971 -3.203 -4.785  762 
   54590.205000     661.3154     238.3310    2392.6009     244.7502    0.2064    -191.4950    -166.5716 -6.317 -2.546  762 
   54792.348600    2785.7966     255.8757    3458.7547     257.7689    0.0319   -3237.7303   -3000.7173 -37.248 -40.874  762 
   54792.505800    5332.3368     345.9839    5520.3720     346.4418    0.0125   -5947.2390   -5758.8225 -52.287 -54.861  762 
   54793.506900     614.4224     350.9023     410.2556     351.4025    0.6726  -23227.0827  -22502.3605 -167.979 -168.079  762 
   54794.486000    2320.4821     289.7048    3486.4263     294.6367    0.2142    -697.4391    -620.4497 -8.884 -8.068  762 
   54860.203100    8115.5002     361.5542    8527.9628     363.4818    0.5681   -1599.4397   -1498.3328 -9.189 -9.799  762 
   54861.126100    6877.9962     357.2264    7452.0387     358.4599    0.3848   -1704.9581   -1615.4601 -11.126 -12.319  762 
   54862.262500    3203.8985     378.7264    2925.6900     380.4387    0.0690   -2335.9957   -2210.4861 -12.583 -12.623  762 
   54912.158000   12112.5085     317.0541   12239.1366     317.3496    0.4340  -30184.2410  -29320.0227 -225.425 -228.150  762 
   54914.124500   64581.2465     914.6798   64499.7748     914.7490    0.5920  -30523.6227  -30478.9307 -46.908 -51.773  762 
   55126.484100    4288.6036     319.6505    4384.6177     322.1880    0.3085   -1066.9891    -984.4035 -7.221 -9.538  762 
   55126.506900    5689.7096     314.2294    6124.9725     316.7279    0.4717    -986.3621    -910.3614 -6.565 -9.076  762 
   55208.301900    6659.9450     272.9752    7221.0706     277.3845    0.4182    -769.5567    -683.4333 -5.056 -7.638  762 
   55208.332500    7901.0207     284.1234    9025.4220     288.6697    0.5072    -592.9399    -526.8311 -4.956 -5.755  762 
   55273.269300    1299.4424     322.0295    1450.8551     324.7851    0.1291   -2608.3110   -2397.5673 -17.807 -18.203  762 
   55536.296400    3768.3976     297.6405    4302.9861     300.9458    0.2832    -886.6674    -801.8991 -5.850 -7.936  762 
   55538.328200    -174.1083     246.5655     525.9070     255.8588    0.0290    -227.7078    -192.5678 -0.055 -3.291  762 
   55540.341300    3350.8774     438.7222    3311.2872     439.6999    0.1712   -1662.8281   -1604.6848 -7.412 -7.534  762 
   55599.206500    5424.9940     404.9529    5407.3096     405.7083    0.1998   -3439.3393   -3331.3080 -16.616 -16.530  762 
   55603.163800    8727.9795     347.7321    9557.2265     349.6814    0.4773    -561.9476    -524.2047 -5.409 -5.662  762 
   55679.251900    3566.8555     269.0545    4059.2352     275.1125    0.3965   -1075.2544    -940.6782 -13.964 -12.076  762 
   55884.433200    3566.8555     269.0545    4059.2352     275.1125    0.3965   -1075.2544    -940.6782 -13.964 -12.076  762 
   55889.434300    4729.2323     332.3730    4569.1683     335.4113    0.4340    -377.0827    -346.3771 -3.962 -2.939  762 
   55924.442100    3855.5670     238.7746    3310.1356     251.1648    0.2211    -292.8056    -248.7957 -2.264 -4.736  762 
   55925.373000    1418.5704     295.3524    1296.4775     299.9730    0.1201    -482.4843    -432.5275 -4.188 -4.705  762 
   55926.306500     738.4367     247.8167     257.9419     258.2072    0.0338      43.6841      37.4686  2.594  0.616  762 
   55927.348900    -537.5680     303.1172    -559.5784     307.8984    0.1928    -781.6660    -698.2584 -7.392 -7.942  762 
   55969.114700     164.1116     357.5244      -2.8837     359.1757    0.0314    -281.0086    -265.3849 -0.319 -1.814  762 
   56045.159200     -74.8922     370.9733    -626.0160     373.4256    0.1449    -800.2835    -745.8887 -7.206 -6.888  762 
   56215.477100   -3259.8352     324.4942   -3375.4856     328.9539    0.1357    2221.6118    2011.3327 23.192 22.245  762 
   56217.469400     184.7523     569.3641      55.0962     570.0291    0.3670    3948.0213    3861.0190 17.007 15.967  762 
   56301.275300    1648.4881     381.8763    1634.9417     383.8499    0.4856    3059.6510    2881.8414 17.733 18.130  762 
