   54116.301000   21839.2969     357.6429   21768.4369     357.8197    0.9223     441.1030     435.8098  0.542  1.397  762 
   54127.317100   23333.7535     338.6250   23398.5286     338.7660    0.8829    -642.9535    -632.9632 -5.342 -4.168  762 
   54127.352800   22851.3506     330.8873   22922.1921     331.0230    0.8790    -771.0559    -759.8747 -6.230 -4.575  762 
   54149.238000   26450.9758     202.9021   26797.7003     204.1345    0.9469    -917.3846    -856.1520 -5.399 -5.818  762 
   54149.257400   28494.7661     281.1901   28457.6308     281.4188    0.9262    -559.5092    -548.8171 -2.240 -2.252  762 
   54150.328600   26448.7388     188.9052   26935.8883     190.2561    0.9308     -38.3935     -35.5505  0.098 -0.295  762 
   54152.336000   25782.8894     172.4859   26691.4701     174.4277    0.9038    -325.3611    -295.5007 -2.442 -3.054  762 
   54152.342500   26497.2622     181.1386   27250.7040     182.6100    0.9118       3.4942       3.2190 -1.212  0.030  762 
   54156.154700   23586.2995     203.7430   24679.0951     205.2776    0.8038   -1319.0625   -1239.9485 -22.023 -25.575  762 
   54174.142000   26448.1236     158.2552   27718.4225     160.4397    0.9007      28.2136      25.5605  0.324  0.333  762 
   54174.149600   24671.3511     146.4699   26524.4255     149.4917    0.8650     -50.0156     -44.6547  0.011 -0.705  762 
   54176.305700   27120.6108     186.5258   27681.1760     187.9541    0.9112    -794.6268    -732.8743 -5.952 -6.328  762 
   54179.173100   25793.9902     165.3292   26835.2772     167.6591    0.9076    -151.4593    -135.9636 -1.859 -1.539  762 
   54201.218300   11455.6803     181.7925   11665.1817     183.8620    0.8856     245.3438     221.4364  0.897  2.082  762 
   54201.228100   11114.2518     211.0610   11167.9067     212.2066    0.8992     638.2859     599.3173  3.569  3.974  762 
   54201.243600   13203.1140     251.5024   13227.9189     252.1338    0.8871     894.4656     861.3624  4.066  4.153  762 
   54205.179300    8772.1277     146.3353    9829.4370     150.2006    0.7494    -249.6469    -214.2736 -3.654 -3.576  762 
   54210.346400    4914.1798     172.3012    4991.1761     174.9477    0.5897    -872.0097    -773.5080 -9.955 -8.981  762 
   54212.180600    4988.4635     224.8173    5059.6738     225.8539    0.5513   -1099.6589   -1034.6741 -8.170 -8.945  762 
   54213.208300    3406.3539     223.4358    3579.8133     224.6179    0.3982    -784.2789    -733.7608 -8.523 -8.876  762 
   54230.223800   -5636.8227     171.6563   -5906.3604     175.0192    0.7314     -69.4037     -60.5829  0.281 -0.788  762 
   54231.221900   -3209.8161     242.1638   -3335.7467     243.1926    0.4473    -265.3550    -251.0884 -0.667 -1.499  762 
   54240.235600   -5328.7358     196.3280   -5769.7135     198.1528    0.6110     240.9173     220.1926  0.892  2.275  762 
   54260.157900   -6702.5640     190.4421   -7168.9079     193.0040    0.7488      58.2070      52.1853  0.755  0.684  762 
   54260.162700   -6221.2466     179.2560   -6855.0046     182.1862    0.7092     -46.1416     -40.8777  1.757 -0.518  762 
   54260.175900   -4646.9443     162.3158   -5033.4326     166.1063    0.7310       1.2833       1.1099 -0.295  0.016  762 
   54261.162600   -5234.6286     200.4575   -5569.8220     202.0524    0.6129     118.2371     108.7255  0.375  1.062  762 
   54261.174500   -5092.4800     185.2635   -5514.2942     187.7539    0.6389    -137.5694    -123.2245 -2.774 -1.387  762 
   54264.164600   -5378.5651     168.0461   -5941.5517     171.4051    0.7271     142.7054     125.6371  1.170  1.955  762 
   54264.180400   -4508.8793     164.2684   -4477.2305     166.8241    0.6907      66.8655      59.5580  0.166  0.860  762 
   54265.184200   -3263.6614     210.6882   -3317.3372     211.7572    0.4754    -400.8980    -375.1040 -3.096 -3.092  762 
   54265.195400   -4763.2922     189.0106   -4920.3354     190.6054    0.5858     154.8362     141.9587  1.277  1.473  762 
   54275.170700   -4200.9971     334.5043   -4318.3388     334.8303    0.3914    -331.3390    -322.3405 -3.873 -2.471  762 
   54275.178200   -3005.9408     311.3242   -3128.3593     311.7449    0.3541    -733.6065    -709.8794 -4.207 -6.276  762 
   54384.470800    1516.5064     222.2359    1420.7120     223.6079    0.2999     566.1178     527.9079  2.022  3.490  762 
   54384.481300    3788.3966     204.2478    3637.9332     206.0425    0.5311    -271.1676    -249.0659 -2.752 -1.919  762 
   54385.508300    3080.1574     195.7222    3025.2846     197.8605    0.4436    -648.7710    -588.4485 -6.956 -6.492  762 
   54386.497100    3886.8013     212.2519    3896.3028     213.5961    0.5083    -278.3198    -259.4284 -2.880 -1.834  762 
   54386.502700    4270.9954     217.7510    4314.3172     218.9203    0.5092    -470.4810    -441.6670 -3.752 -3.032  762 
   54388.451200    2684.1097     156.8152    2110.0241     161.3715    0.3562     -50.7626     -43.6475 -1.401 -0.834  762 
   54533.213700   17724.8412     282.1312   17803.3051     283.4094    0.9577     206.3755     194.5817  1.138  1.344  762 
   54534.352300   17365.4258     301.7470   17542.9892     302.6460    0.9279    -559.8251    -536.3366 -3.267 -2.954  762 
   54535.298300   14221.3534     232.5745   14583.5693     236.2624    0.8588   -1829.0162   -1628.0711 -16.802 -17.147  762 
   54536.149900   14679.8314     269.4173   14712.3260     270.6842    0.9010     -14.8734     -13.9675  0.161 -0.139  762 
   54537.401500   12597.4538     195.9812   13279.5860     201.6074    0.8316     292.6051     254.5816  4.025  4.552  762 
   54538.182200   14941.5481     413.6829   14911.3815     414.1999    0.8896   -1091.0380   -1061.9908 -5.457 -5.450  762 
   54538.197200   14384.9257     348.1508   14421.8129     349.0880    0.9097    -358.4643    -342.8628 -3.691 -2.441  762 
   54590.205000   -1155.8770     208.3696   -1795.2966     214.8805    0.3946    -214.2164    -182.9520 -2.887 -2.908  762 
   54792.348600   -9166.0268     234.5000   -9771.6947     236.3060    0.6619    1172.7486    1087.0454 15.526 15.716  762 
   54792.505800   -8394.8117     330.7807   -8650.6140     331.2022    0.4086    1187.9820    1151.7887 11.699 11.156  762 
   54793.506900   -6993.6531     331.7970   -7248.4996     332.2167    0.1082    5861.7170    5696.8698 39.985 41.909  762 
   54794.486000   -7804.6717     258.4406   -8834.7537     263.7147    0.7486      29.5581      25.9994  0.372  0.348  762 
   54860.203100    1768.0437     313.8394    1599.8319     316.1388    0.2134    -615.9577    -570.2306 -3.727 -3.796  762 
   54861.126100    -177.3252     319.1788    -263.8941     320.6513    0.0753    -228.9939    -215.3069 -2.100 -1.695  762 
   54862.262500    2059.0910     327.2834    1992.5370     328.9410    0.2527    -909.6510    -856.6787 -4.676 -4.908  762 
   54912.158000    3559.1866     301.7801    3311.8358     302.0690    0.4738    7828.8560    7618.2640 58.245 58.286  762 
   54914.124500   32310.1315     786.9675   32179.6377     787.0196    0.5026  -20358.2163  -20330.4348 -34.547 -34.695  762 
   55126.484100   -3499.1223     286.6534   -3722.7612     288.9637    0.5665      96.2931      88.6578  0.910  0.870  762 
   55126.506900   -3876.7289     279.8565   -4138.4517     282.4441    0.5752     497.7830     457.2386  4.135  4.705  762 
   55208.301900   11814.2893     234.7801   11990.3481     238.4314    0.9278     318.0184     283.3231  1.842  3.146  762 
   55208.332500   13203.1950     243.3322   13320.8363     247.4625    0.9222    -298.7394    -265.0824 -2.622 -2.946  762 
   55273.269300    5538.6757     276.7477    5487.5915     279.3233    0.7038    -629.0986    -574.8114 -3.649 -4.362  762 
   55536.296400   -1512.3022     262.5210   -1940.4704     265.8119    0.4807   -1167.4256   -1049.4297 -10.052 -10.606  762 
   55538.328200   -1640.7008     217.7088   -2336.2209     225.1561    0.5050    -395.9899    -335.8455 -5.707 -5.790  762 
   55540.341300   -1751.9575     383.8925   -1889.9405     384.9401    0.5164   -1757.2162   -1688.4574 -8.321 -7.973  762 
   55599.206500   -5538.6572     358.8145   -5772.4915     359.7161    0.5826   -1190.6508   -1145.9438 -6.894 -5.752  762 
   55603.163800   -6060.6928     313.6103   -6448.2969     315.9064    0.7085    -495.9771    -458.4696 -5.667 -5.343  762 
   55679.251900    6074.4956     238.7961    6046.0070     243.3344    0.6971   -1010.3276    -883.7402 -10.858 -11.109  762 
   55884.433200    6074.4956     238.7961    6046.0070     243.3344    0.6971   -1010.3276    -883.7402 -10.858 -11.109  762 
   55889.434300   14483.9688     290.2427   14666.0156     292.3695    0.9285      26.4684      24.5021 -0.225  0.204  762 
   55924.442100   12136.8152     207.6352   13322.5831     214.8171    0.7830      61.4640      52.9546  0.557  1.006  762 
   55925.373000   13451.0094     257.5058   13857.7452     260.5995    0.8952     226.3042     205.3564  2.407  2.170  762 
   55926.306500   11997.3642     214.4296   12682.4323     220.4620    0.8450     258.0013     225.0862  2.561  3.628  762 
   55927.348900   13368.1321     266.2896   13699.3303     269.3974    0.9149     194.9310     176.6963  2.196  1.957  762 
   55969.114700   11818.2378     312.6688   11874.6583     313.8926    0.9067     349.4183     331.6486  1.743  2.269  762 
   56045.159200  -22614.7526     348.4684  -23114.2158     350.6159    0.9076     -55.3173     -51.4096 -0.486 -0.461  762 
   56215.477100    6092.3866     271.3189    6136.0795     275.2550    0.6350    -166.4802    -149.1302 -2.171 -1.912  762 
   56217.469400    7733.3088     496.8348    7695.5337     497.4046    0.7557    1029.6188    1004.8204  4.581  4.353  762 
   56301.275300  -14508.6580     323.6779  -14831.7406     326.4660    0.9329    -842.4681    -774.9201 -4.851 -5.323  762 
