   54116.301000    2700.8633     394.1653    1704.6160     395.4434    0.1588   -5776.9159   -5592.6076 -16.732 -18.191  762 
   54127.317100   -9543.7524     342.5413  -10573.4038     344.5045    0.4130     802.3730     753.7799  6.202  5.872  762 
   54127.352800  -10545.2463     339.1130  -11796.1800     340.8926    0.3813    1252.3613    1184.0245  8.642  8.232  762 
   54149.238000   -2100.3694     248.3092   -2674.5921     255.5109    0.2648     535.2530     455.4290  4.482  3.171  762 
   54149.257400    2582.4010     308.2096    2481.2823     309.9120    0.1040   -1397.1821   -1323.7864 -6.632 -5.624  762 
   54150.328600   -1428.8717     232.3016   -2073.5872     239.9246    0.1528     542.5168     455.2770  4.455  3.818  762 
   54152.336000     -93.3942     206.9545    2142.8000     218.7821    0.0933    -733.5016    -574.9772 -6.811 -7.123  762 
   54152.342500      82.8186     214.7669    1930.8890     224.9943    0.0649    -902.7240    -722.6742 -7.455 -8.020  762 
   54156.154700    -856.0071     251.1776   -6225.4347     259.6724    0.1887     995.7230     863.0741 16.278 15.434  762 
   54174.142000   -4776.6005     198.1782   -4391.6087     212.2099    0.3422     215.2463     167.9887  3.079  2.466  762 
   54174.149600   -6075.2716     189.9792   -8465.4148     207.5718    0.4952     232.5112     177.1746  3.609  2.961  762 
   54176.305700   -8099.0127     222.7626   -9028.4716     233.2538    0.6059    -866.6822    -692.8333 -5.300 -7.107  762 
   54179.173100   -6945.5490     207.1902   -8812.9057     220.8933    0.6994    -747.0319    -576.0156 -6.975 -7.208  762 
   54201.218300   -7604.9527     225.6051   -8866.7205     234.0582    0.4573    -368.4004    -304.5646 -1.917 -2.767  762 
   54201.228100   -8886.8061     253.0596   -8595.7157     257.9180    0.5617    -152.8115    -134.9124 -0.583 -0.880  762 
   54201.243600   -8469.6408     290.7142   -8782.2782     294.1215    0.6923   -1572.8074   -1444.9475 -6.906 -7.067  762 
   54205.179300   -8451.7412     177.2403   -8933.5484     196.8476    0.4827     191.8553     142.2570  3.063  2.768  762 
   54210.346400   -8193.7920     212.9666  -10141.0324     223.2510    0.7063    -559.2381    -447.0949 -3.795 -5.054  762 
   54212.180600   -5379.8643     248.1846   -7051.1438     255.2030    0.3588     608.8371     520.2260  5.752  5.246  762 
   54213.208300   -3710.2569     247.1595   -3357.4333     253.4583    0.2753     535.4674     461.4520  6.273  6.128  762 
   54230.223800   -1491.0841     203.2858    -141.5174     214.1086    0.0431    -351.5012    -278.1846 -2.586 -3.822  762 
   54231.221900   -3270.6121     274.3802   -3180.5220     278.5716    0.4703   -1035.3542    -926.3147 -5.326 -5.674  762 
   54240.235600     133.3953     233.2212     543.3137     238.6069    0.0677      71.1234      61.2974  0.173  0.586  762 
   54260.157900    5858.8244     232.3670    6296.5792     238.6703    0.5629    -157.7813    -134.5669  0.546 -1.526  762 
   54260.162700    5919.7730     222.5483    5738.8786     229.3237    0.4573    -237.5439    -200.6521 -0.475 -2.157  762 
   54260.175900    4191.8390     192.4983    5313.9678     204.9981    0.3948    -279.6364    -216.9927 -2.688 -3.422  762 
   54261.162600    9905.2214     246.4872   11236.7869     249.6074    0.5279    -512.5048    -461.1048 -4.278 -3.677  762 
   54261.174500    6833.0876     225.0067    7226.2951     231.5901    0.6307    -514.4344    -432.9270 -2.881 -4.405  762 
   54264.164600    4308.5107     201.1614    5325.4231     211.4222    0.4770    -467.5595    -373.7685 -5.677 -5.752  762 
   54264.180400    2580.3444     186.1016    4263.4938     198.0730    0.2842    -461.4080    -360.9095 -6.904 -6.349  762 
   54265.184200    7882.7024     231.7011    8331.0599     236.4569    0.6588    -717.6456    -624.0566 -5.687 -5.644  762 
   54265.195400    8131.7085     217.4534    8665.5430     222.8979    0.6705    -428.3243    -367.5990 -5.050 -3.822  762 
   54275.170700   11999.1492     361.6828   12038.5072     362.9127    0.6484   -1149.6184   -1092.7357 -6.670 -7.981  762 
   54275.178200    7253.6145     334.3185    7022.7444     336.2021    0.3928   -1055.4751    -985.3744 -9.552 -8.633  762 
   54384.470800   27340.9350     255.2260   27604.9188     259.9621    0.9501   -1448.0620   -1276.5861 -8.610 -8.517  762 
   54384.481300   27143.4135     236.5906   27940.1687     242.5661    0.9407   -1099.1011    -942.3596 -7.789 -7.447  762 
   54385.508300   23213.8196     228.5038   24350.5427     236.0557    0.9261    -535.8061    -448.3786 -4.501 -4.990  762 
   54386.497100   25015.0334     242.9242   25216.3162     248.1722    0.9119   -1601.8948   -1393.8286 -8.909 -10.356  762 
   54386.502700   24369.1161     244.4297   24942.2584     249.5289    0.9168    -697.9009    -609.2617 -6.049 -4.576  762 
   54388.451200   25209.9746     197.5808   21856.3067     208.7739    0.6735    -748.1966    -613.4561 -8.821 -9.721  762 
   54533.213700   34959.5518     329.8468   36783.3204     334.1890    0.9319    -590.9916    -530.6689 -4.454 -3.591  762 
   54534.352300   33157.0698     341.4100   34451.1229     346.0937    0.9035    -911.7928    -823.4661 -3.952 -4.913  762 
   54535.298300   38051.5037     282.6255   42728.0277     293.6281    0.8907    3218.1100    2630.9755 26.693 27.489  762 
   54536.149900   30387.6469     320.5544   29842.9144     324.9159    0.8761   -1637.3338   -1473.6415 -12.601 -12.866  762 
   54537.401500   28438.7496     257.5634   33406.3146     269.9286    0.8195     476.9180     391.3656  5.341  5.627  762 
   54538.182200   34280.6274     465.3767   34367.2886     467.5006    0.9530   -2400.1393   -2280.9059 -12.233 -11.116  762 
   54538.197200   34204.7059     393.0374   35094.5972     396.8153    0.9387   -1266.1454   -1160.6304 -7.556 -8.056  762 
   54590.205000   16244.1790     258.1295   19276.3103     273.5088    0.7524    -149.0549    -116.9923 -2.480 -1.752  762 
   54792.348600   15735.1040     271.7332   14363.8228     277.6216    0.6995     433.9341     380.3795  8.789  5.012  762 
   54792.505800   15278.5797     354.0002   15235.9538     355.6319    0.7065     644.1391     606.3209  8.911  5.749  762 
   54793.506900   21328.4253     348.0532   22201.3206     349.5716    0.8227    8723.3601    8235.4290 61.753 63.578  762 
   54794.486000   12904.4429     310.0284   12482.3550     324.8248    0.8012     984.2991     798.2786  9.873 10.277  762 
   54860.203100   10097.8655     371.6210    9294.3713     379.6807    0.7830    -104.7326     -91.5981 -0.181 -0.591  762 
   54861.126100    7872.2480     370.9683    6347.5505     376.8853    0.4478     502.4727     448.5006  4.832  3.363  762 
   54862.262500    4612.3755     381.4523    2676.4488     388.5972    0.1744    -476.9859    -423.6986 -2.340 -2.438  762 
   54912.158000   16550.8435     318.7409   17353.6226     319.9799    0.7352    3967.9518    3737.0914 31.954 29.598  762 
   54914.124500   77865.2394     856.7553   77529.4103     856.9142    0.6799  -42344.0815  -42208.2156 -72.172 -71.543  762 
   55126.484100  -27185.6948     343.9071  -30535.1685     354.4866    0.8120    1090.1212     922.2657  8.119  8.934  762 
   55126.506900  -27473.6954     340.9084  -31042.8211     351.7557    0.8303     850.3567     720.0462  8.240  7.054  762 
   55208.301900   -8672.5350     294.4208  -11527.6551     311.1065    0.5638    1150.0102     909.3125 10.204 10.385  762 
   55208.332500   -8365.6275     309.1092   -9566.9516     325.1588    0.7570      97.5989      77.3163  0.651  0.839  762 
   55273.269300   15533.6672     331.0387   15825.5381     340.4847    0.8644    -544.6933    -460.4870 -3.756 -3.517  762 
   55536.296400   -1631.1111     317.0492   -4351.5744     329.3192    0.2924     577.9442     474.8558  6.289  4.677  762 
   55538.328200    1317.9487     267.5091   -2812.9117     291.9589    0.1635     632.2739     475.5644 10.132  8.235  762 
   55540.341300    4548.7939     435.6140    3861.1936     440.0659    0.3585    -809.5006    -747.7340 -2.791 -3.525  762 
   55599.206500    3057.6361     406.2927    2320.7437     409.7453    0.1792    -223.4471    -207.9679 -0.056 -1.028  762 
   55603.163800     -76.5659     375.3889   -1902.7520     382.9804    0.0583    1299.6992    1138.6377 12.580 11.607  762 
   55679.251900    1631.4636     288.2083     -34.3903     306.2040    0.0053     -28.2629     -21.8371  0.593 -0.291  762 
   55884.433200    1631.4636     288.2083     -34.3903     306.2040    0.0053     -28.2629     -21.8371  0.593 -0.291  762 
   55889.434300    3892.4441     344.2127    2951.5078     355.2489    0.2069     -55.7577     -47.0082 -1.445 -0.411  762 
   55924.442100   -4608.1726     263.0165   -7000.7754     291.3221    0.2868     -21.0286     -15.8295 -0.226 -0.310  762 
   55925.373000   -7823.4505     312.0903   -9562.9284     327.7687    0.5554     474.6715     382.0951  3.465  4.364  762 
   55926.306500   -9251.2225     270.5022  -12161.9639     297.5979    0.5615     141.0878     105.9656  1.425  1.833  762 
   55927.348900   -7712.0864     320.9089   -9454.0342     336.5246    0.6042     -77.0369     -61.9250 -1.636 -0.738  762 
   55969.114700   -9935.0520     367.3987  -10886.1750     374.1233    0.6544    -476.2051    -421.5125 -4.465 -2.924  762 
   56045.159200   19849.4841     377.8884   20618.2922     384.6896    0.8911    -365.7728    -321.5244 -3.362 -3.084  762 
   56215.477100  -15490.0714     363.7835  -15615.3425     373.9797    0.6402    -322.8598    -277.5581 -1.985 -2.636  762 
   56217.469400  -10705.5903     580.0959  -10917.5439     582.4158    0.7745   -2700.9141   -2590.5777 -12.202 -10.188  762 
   56301.275300   32204.3666     394.3420   33020.1735     399.4150    0.9379   -1484.0428   -1353.7140 -7.678 -7.773  762 
