   54116.301000     272.3364     355.6391     200.1970     355.8792    0.4598   -5765.7340   -5701.8162 -18.019 -18.223  762 
   54127.317100    4766.9480     342.0963    4756.1879     342.2634    0.1518   -3068.9316   -3019.7840 -32.268 -19.431  762 
   54127.352800    3937.4636     333.9506    3953.3492     334.1191    0.0932   -3046.3395   -2999.9614 -28.772 -17.663  762 
   54149.238000    1625.3023     204.3967    1527.1866     206.0668    0.1986   -3176.9723   -2933.1399 -35.052 -19.832  762 
   54149.257400    -328.5448     281.7639    -377.6868     282.0845    0.3813   -4399.6682   -4306.0748 -18.520 -17.561  762 
   54150.328600     696.8883     190.8421     732.3994     192.5884    0.1012    -250.3954    -229.0432 -14.493 -1.892  762 
   54152.336000    1076.5324     175.7507    1100.5705     178.1125    0.0092   -1169.6685   -1048.1690 -22.918 -10.648  762 
   54152.342500     910.0372     184.4491     919.1544     186.3261    0.0291   -1213.9907   -1105.4181 -16.858 -9.976  762 
   54156.154700     677.8391     205.5672     384.9912     207.5736    0.1592   -2017.0587   -1876.7279 -59.692 -39.013  762 
   54174.142000    1710.1773     161.9779    1706.5734     164.6048    0.1422   -1073.2111    -960.5474 -31.084 -12.226  762 
   54174.149600    1130.8116     150.1821    1277.2663     153.7506    0.0982    -849.0664    -747.3522 -29.711 -11.559  762 
   54176.305700    1188.1510     189.7686    1276.2593     191.5785    0.0475   -1741.0004   -1587.5230 -17.740 -13.473  762 
   54179.173100    2130.4672     168.5440    2119.7180     171.3714    0.2013   -1303.9123   -1153.5340 -25.775 -12.836  762 
   54201.218300     285.0770     180.3627     251.5242     182.5172    0.1422    -969.4822    -870.8373 -18.147 -8.208  762 
   54201.228100     177.1817     208.9518      94.5373     210.1714    0.2277   -1448.9461   -1355.5004 -15.238 -9.003  762 
   54201.243600     584.7343     249.2777     664.7208     249.9361    0.2047   -2123.2980   -2043.9622 -14.113 -9.810  762 
   54205.179300    1254.9212     146.0165    1949.1859     149.3930    0.1861    -587.5594    -504.6708 -15.468 -8.226  762 
   54210.346400   -1540.2346     170.4277   -1494.1572     172.8705    0.3289   -1073.8345    -951.5150  6.727 -11.034  762 
   54212.180600     993.0027     224.1431    1033.3737     225.0309    0.1276   -1987.7534   -1876.2115 -24.493 -15.860  762 
   54213.208300     589.2981     222.4387     739.6519     223.4387    0.1644   -2080.7472   -1950.8858 -29.324 -23.293  762 
   54230.223800    -549.0698     167.5544    -490.5594     170.2217    0.1526    -495.9760    -436.1049  0.027 -5.633  762 
   54231.221900      10.6248     237.6998     153.8702     238.5127    0.0383    -417.6209    -397.2158  4.996 -2.356  762 
   54240.235600   -1767.9375     192.0452   -1830.1375     193.5217    0.2493    -234.1084    -215.0934 10.462 -2.237  762 
   54260.157900   -1957.3003     185.5071   -2030.3923     187.5985    0.2660     162.3588     146.4863  6.110  1.941  762 
   54260.162700   -1840.0992     173.7492   -2069.4034     176.2054    0.3038    -134.3960    -119.7085  4.857 -1.545  762 
   54260.175900   -1499.8757     158.8045   -1229.0654     161.7253    0.1473     414.1123     360.9305 19.785  5.277  762 
   54261.162600   -2898.1299     195.3764   -3033.8894     196.7407    0.3703     410.0431     378.1094 11.313  3.750  762 
   54261.174500    -991.2882     180.5298   -1077.5109     182.5780    0.1474      56.1260      50.5081 12.186  0.573  762 
   54264.164600   -2846.6614     164.7861   -2932.7756     167.4768    0.4153    -124.0015    -109.7771  8.273 -1.704  762 
   54264.180400   -1962.3010     161.9339   -1713.3621     163.9056    0.2123      31.7101      28.4433 18.689  0.402  762 
   54265.184200    -625.2314     207.9023    -594.6691     208.7930    0.1177    -436.8167    -410.7448  8.841 -3.347  762 
   54265.195400    -389.3643     185.1756    -324.1353     186.4636    0.0472     -35.4842     -32.7295 17.565 -0.339  762 
   54275.170700    -305.0309     331.2751    -368.7921     331.5314    0.0618    -423.4236    -412.9948 10.485 -3.175  762 
   54275.178200   -1726.2227     308.7466   -1834.6637     309.1040    0.1494      52.3891      50.7934 13.307  0.449  762 
   54384.470800    1028.1265     218.7042     846.8446     219.9805    0.2253   -2899.1247   -2712.3865 -30.874 -17.819  762 
   54384.481300    2030.1727     201.2983    1976.7628     202.8592    0.0217   -2314.0266   -2135.1955 -38.955 -16.296  762 
   54385.508300    1782.0063     193.1977    1771.5534     195.0157    0.0317   -1771.1610   -1615.3380 -40.416 -17.631  762 
   54386.497100    2246.6252     209.5252    2237.2004     210.7305    0.0292   -2629.8438   -2458.4770 -38.596 -17.158  762 
   54386.502700    2911.4913     215.6774    2838.4803     216.7446    0.0183   -3165.1376   -2980.2938 -39.097 -20.084  762 
   54388.451200    1829.9211     153.0483    1161.3558     157.1740    0.0598    -864.4819    -746.8835 -35.072 -14.479  762 
   54533.213700    2694.4445     280.5586    2514.3833     282.0538    0.2342   -1299.4584   -1218.7631 -19.848 -8.412  762 
   54534.352300    2818.5941     300.3495    2987.1126     301.3347    0.4352    -647.4771    -620.0109 -3.902 -3.363  762 
   54535.298300    2092.8211     230.6749    1938.6925     234.5591    0.4900     -39.0386     -34.5614 -6.015 -0.362  762 
   54536.149900    2658.3889     266.3489    2452.6036     267.7101    0.3784     102.0515      95.5092 -19.508  0.963  762 
   54537.401500    -187.5535     194.5475    -600.2436     200.5009    0.0293     510.1837     437.7392 24.651  8.028  762 
   54538.182200    2263.4295     409.7639    2213.5260     410.3420    0.0566   -2691.9323   -2616.7058 -24.814 -13.468  762 
   54538.197200    2394.3263     346.6547    2351.6215     347.6205    0.1310   -1581.4917   -1510.3231 -22.672 -10.714  762 
   54590.205000    -475.8358     203.3971    -610.1558     208.8354    0.1490    -321.4381    -275.2070 -0.589 -4.398  762 
   54792.348600    1370.7656     229.4480    1028.5277     230.8314    0.2687    1534.5849    1435.9479 -0.077 20.772  762 
   54792.505800    3627.7828     326.9865    3485.2790     327.2907    0.3853    2447.2521    2383.5514 18.533 23.078  762 
   54793.506900    3104.0791     327.8481    3022.0064     328.1375    0.6990   19634.1680   19166.1175 141.072 139.133  762 
   54794.486000     900.0645     250.2245     689.5485     254.1748    0.1393     -11.5488     -10.2911 -14.873 -0.138  762 
   54860.203100    1899.2323     306.4977    1753.9474     308.5983    0.1720    -883.9270    -821.4265 -18.481 -5.477  762 
   54861.126100    1034.9959     313.9830     788.3348     315.3686    0.0734    -260.8094    -245.9349 -19.602 -1.931  762 
   54862.262500    1323.1161     321.2601    1320.7371     322.7616    0.0059   -1427.2247   -1349.6026 -17.871 -7.675  762 
   54912.158000    3228.9294     298.1403    2908.1515     298.4230    0.6268   21906.1591   21337.2863 157.631 162.947  762 
   54914.124500  -19638.1171     781.0932  -19992.9846     781.4118    0.8942  -32835.6041  -32816.2622 -22.320 -56.497  762 
   55126.484100     929.7460     280.3034     741.2580     282.2695    0.1806     327.8573     303.9869 -23.884  2.977  762 
   55126.506900    1571.6221     273.0908    1310.8452     275.2524    0.3526     385.8993     356.7421 -12.651  3.671  762 
   55208.301900    1249.9970     233.1486     730.9974     236.9873    0.1422       0.0000       0.0000 -18.265  0.000  762 
   55208.332500    2321.5735     241.0995    1866.5536     245.3829    0.2720    -576.9569    -510.2689 -18.202 -5.673  762 
   55273.269300     980.2387     271.2109     844.7831     273.6916    0.1482      97.9957      89.6178 -5.371  0.679  762 
   55536.296400    1457.8049     256.1179    1229.7975     258.9078    0.1513    -240.7219    -218.5582 -17.533 -2.200  762 
   55538.328200    3110.9673     210.5605    2642.3271     216.8426    0.3802      92.7250      79.8847 -16.351  1.377  762 
   55540.341300    1887.4694     376.3602    1778.6702     377.2726    0.0259   -1653.9204   -1596.0194 -13.954 -7.488  762 
   55599.206500    3055.4612     350.8025    2921.8779     351.5425    0.1569   -1713.4260   -1657.3165 -15.456 -8.289  762 
   55603.163800    2873.4493     305.3506    2627.2303     307.1791    0.2475    -878.9102    -820.2732 -25.614 -9.645  762 
   55679.251900     877.0397     235.3991     759.3043     239.5776    0.2719     452.9198     397.3474 18.979  4.960  762 
   55884.433200     877.0397     235.3991     759.3043     239.5776    0.2719     452.9198     397.3474 18.979  4.960  762 
   55889.434300    2663.3046     288.8756    2491.3320     291.1223    0.3185    -253.7228    -234.6875 -17.971 -1.936  762 
   55924.442100    3605.7919     205.6991    3643.4521     212.8198    0.5890     257.1883     221.3199 -4.503  4.196  762 
   55925.373000    2702.7173     256.4996    2499.5392     259.7005    0.4866     220.4378     199.9466 -9.760  2.081  762 
   55926.306500    2534.7457     213.1711    1967.3907     219.2576    0.3101     165.4216     144.6161 -13.894  2.300  762 
   55927.348900    2094.2395     265.3649    1838.7549     268.5614    0.3515     375.9546     340.7268 -15.605  3.725  762 
   55969.114700    3437.2993     310.1658    3352.2981     311.3913    0.3420    -261.1923    -247.9894 -19.084 -1.681  762 
   56045.159200    1539.4472     337.2628    1530.2036     338.6075    0.3960     933.0728     880.4904  5.705  7.849  762 
   56215.477100    4022.9712     261.7553    4188.5226     265.3680    0.2963   -2030.6882   -1828.9745 -51.798 -24.578  762 
   56217.469400    2022.4694     487.2551    2093.7828     487.7963    0.2265   -4355.5081   -4257.7029 -24.465 -18.685  762 
   56301.275300    2454.9906     307.7670    2669.6680     309.7708    0.0820   -3602.4992   -3354.8959 -41.755 -23.641  762 
