   54116.301000    3345.2763     388.5364    3276.6607     388.5769    0.1855   -1351.5187   -1346.4652 -5.842 -4.376  762 
   54127.317100   -2451.7082     322.8940   -2557.7156     322.9514    0.1141    1130.9686    1120.8703  7.147  8.493  762 
   54127.352800   -1304.7082     320.2951   -1372.6395     320.3413    0.0128    1522.5154    1511.0821 10.830 10.261  762 
   54149.238000     104.7415     215.6974     112.5038     215.9009    0.2170    1210.9529    1181.5915  7.418  8.238  762 
   54149.257400    1464.9068     296.4483    1401.5113     296.4970    0.1200     -52.7564     -52.3904  0.373 -0.221  762 
   54150.328600    1290.2898     197.2377    1313.6677     197.4494    0.1823    -133.2178    -129.7170 -0.970 -1.097  762 
   54152.336000    -168.5636     167.5273    -324.5787     168.1128    0.1673    -433.7991    -414.3416 -5.272 -5.035  762 
   54152.342500    -852.1572     177.3104   -1000.6892     177.7951    0.2298    -254.6870    -244.6614 -3.089 -2.650  762 
   54156.154700     613.2709     209.4200     652.6224     209.6755    0.1871     854.6538     833.0553 14.959 15.719  762 
   54174.142000    -564.1281     155.7846    -613.2301     156.4365    0.1797    -302.8342    -288.4090 -4.932 -4.217  762 
   54174.149600    -313.3792     145.3289    -274.5953     146.1681    0.0959    -241.0002    -228.1312 -3.495 -3.863  762 
   54176.305700   -1480.8532     184.1333   -1646.9002     184.5684    0.3269    -239.7598    -230.3834 -3.072 -2.312  762 
   54179.173100       7.8177     164.1566      16.9524     164.7146    0.1289    -635.0242    -606.0256 -8.792 -7.569  762 
   54201.218300    2177.9674     186.9643    2222.9840     187.2072    0.3439    -451.0909    -438.0812 -4.131 -4.049  762 
   54201.228100    1756.9535     223.1189    1777.9981     223.2301    0.2470    -274.6477    -270.1201 -2.576 -1.775  762 
   54201.243600     650.7559     269.6684     628.6069     269.7511    0.0467    -336.3393    -332.8005 -2.167 -1.628  762 
   54205.179300    -634.7579     134.1023    -784.9624     135.2843    0.1117     287.4215     269.2918  4.970  5.233  762 
   54210.346400    1270.5114     171.3586    1331.2105     171.6993    0.2418     138.3925     133.4066 -0.290  1.540  762 
   54212.180600    -726.9767     214.4046    -855.1994     214.6444    0.0365    1125.6659    1097.3654 10.110 10.862  762 
   54213.208300    1333.3374     211.3702    1368.5511     211.5637    0.2450     203.3949     198.4137  4.098  2.635  762 
   54230.223800    1981.6218     161.3058    2124.7533     161.6921    0.3170    -221.5725    -212.7210 -4.522 -2.947  762 
   54231.221900    1485.7949     248.2380    1445.4709     248.3531    0.0884    -804.2296    -791.8258 -6.162 -4.853  762 
   54240.235600    3334.4305     198.5314    3399.8376     198.6709    0.4276    -216.9039    -212.1792 -1.667 -2.084  762 
   54260.157900    2373.8778     193.1275    2526.0986     193.2908    0.2563    -678.8042    -662.1738 -7.550 -7.837  762 
   54260.162700    2802.7252     183.1696    2946.6486     183.3348    0.3187    -574.9919    -560.1161 -6.585 -6.294  762 
   54260.175900    1647.8786     150.5776    1749.9549     151.1235    0.2630    -474.6931    -452.4196 -5.689 -7.205  762 
   54261.162600    4652.8629     214.0602    4711.5543     214.1327    0.3912   -1267.1145   -1248.8926 -9.251 -10.430  762 
   54261.174500    2703.0833     187.5319    2779.3757     187.7310    0.3938    -364.1361    -354.0717 -3.277 -3.721  762 
   54264.164600    2376.0842     159.9553    2465.4709     160.3805    0.4214    -291.7738    -280.3309 -3.100 -4.422  762 
   54264.180400    -157.8240     147.3169    -396.5000     147.9986    0.0880     -71.2179     -67.8013 -1.628 -1.175  762 
   54265.184200    1378.9330     203.5719    1345.5720     203.7231    0.1289    -506.3595    -495.3755 -3.748 -4.443  762 
   54265.195400    2016.2797     185.4829    2046.9749     185.6462    0.2349    -467.6387    -456.6442 -5.298 -4.802  762 
   54275.170700    3037.6655     339.9246    3039.9863     339.9497    0.2836     289.1700     287.3447  0.483  2.134  762 
   54275.178200    2974.9735     309.7251    2968.9556     309.7670    0.2424    -415.4918    -411.6276 -3.423 -3.648  762 
   54384.470800    1781.3181     229.7459    1752.5064     229.8936    0.0686   -1314.1581   -1287.8728 -7.905 -8.621  762 
   54384.481300    2142.9874     207.1510    2144.7195     207.3374    0.1774    -961.2040    -937.3709 -7.261 -7.437  762 
   54385.508300    1039.7399     192.8521    1090.5465     193.1306    0.1044    -516.9641    -500.1195 -7.140 -5.635  762 
   54386.497100    1001.4512     215.4529     970.1834     215.6219    0.0815    -484.7983    -473.8925 -3.081 -3.511  762 
   54386.502700     539.3034     218.0631     455.7276     218.2450    0.0511    -135.0554    -131.9636 -1.670 -0.981  762 
   54388.451200    2168.2299     157.3951    2316.4929     157.7884    0.2680    -325.4469    -312.7279 -4.447 -5.243  762 
   54533.213700     182.0578     299.0125     200.2512     299.1597    0.1475   -1177.1745   -1156.7358 -9.061 -7.897  762 
   54534.352300   -1084.1744     316.1383   -1132.5111     316.3141    0.3060    -173.5537    -170.7794 -1.440 -1.007  762 
   54535.298300    2651.7226     234.4422    2768.5640     234.8934    0.6985    7191.4642    6934.6754 73.670 73.535  762 
   54536.149900    1739.8137     284.5580    1777.8404     284.6726    0.0210   -1977.9889   -1945.9739 -18.052 -17.562  762 
   54537.401500    1617.7797     204.9839    1819.0177     205.5601    0.1873    -729.0194    -701.7045 -10.089 -10.739  762 
   54538.182200     847.7257     444.1873     835.1562     444.2474    0.0504   -1222.4096   -1213.7054 -5.385 -5.990  762 
   54538.197200    1423.1108     361.4797    1425.9931     361.5900    0.0474   -1157.5847   -1141.8510 -7.865 -8.012  762 
   54590.205000    1589.8523     202.3311    1715.9464     203.0506    0.2039    -731.1113    -697.7826 -10.332 -10.798  762 
   54792.348600     165.9549     234.5471      97.9862     234.7644    0.1861   -1679.0473   -1636.0198 -20.096 -22.399  762 
   54792.505800    -555.5583     330.8763    -558.7627     330.9168    0.2968   -3839.3636   -3803.2463 -36.435 -36.692  762 
   54793.506900    1670.9051     329.2420    1637.1241     329.2805    0.3713   -6779.2042   -6719.6032 -49.794 -51.941  762 
   54794.486000     710.4055     253.2773     756.7285     253.8452    0.1090    -156.4777    -150.3253 -2.560 -1.987  762 
   54860.203100    1458.2824     330.7734    1463.3287     330.9837    0.0760   -1082.8041   -1061.1435 -6.355 -6.937  762 
   54861.126100    2080.6440     329.7497    2059.2159     329.8979    0.2501    -476.1050    -467.7885 -3.521 -3.567  762 
   54862.262500    -793.0075     345.9922    -911.3315     346.2306    0.3547   -1185.2848   -1162.7390 -6.497 -6.715  762 
   54912.158000    3405.1973     300.6799    3397.7647     300.7070    0.4234  -12864.0739  -12763.9415 -100.885 -101.050  762 
   54914.124500   15357.4552     893.6785   15283.3374     893.7011    0.0712  -16646.5250  -16640.4881 -27.965 -28.554  762 
   55126.484100     108.0553     287.3723      49.9149     287.6848    0.0517    -314.3151    -306.0317 -1.536 -3.009  762 
   55126.506900      91.5031     283.7141      80.8854     284.0043    0.0493    -327.2634    -318.9842 -3.826 -3.196  762 
   55208.301900    -958.7047     235.8745   -1011.6628     236.5104    0.2110     -16.3329     -15.6325 -1.232 -0.180  762 
   55208.332500     290.6325     249.0055     351.5960     249.5619    0.0288    -239.8824    -230.0982 -2.936 -2.549  762 
   55273.269300    1476.5653     286.3929    1461.4645     286.7047    0.1823    -577.1418    -561.6869 -4.459 -4.318  762 
   55536.296400    -672.7616     263.8597    -718.4695     264.3011    0.0878     232.7775     224.6164  2.748  2.254  762 
   55538.328200    -997.0426     206.1098    -857.9503     207.2533    0.0968     445.2985     418.4611  8.756  7.453  762 
   55540.341300    1844.4442     408.3414    1791.8639     408.4587    0.1873    -360.1052    -356.1474 -1.031 -1.685  762 
   55599.206500    1925.2948     380.1571    1867.6721     380.2434    0.0797   -1167.8683   -1156.7456 -6.103 -5.748  762 
   55603.163800    2813.3182     322.0249    2861.5798     322.2109    0.4580     727.0563     712.2888  7.782  7.552  762 
   55679.251900    1561.1228     229.2433    1631.7329     229.9591    0.3645      74.5967      71.1342 -0.136  0.956  762 
   55884.433200    1561.1228     229.2433    1631.7329     229.9591    0.3645      74.5967      71.1342 -0.136  0.956  762 
   55889.434300     281.6148     294.8351     222.6045     295.2034    0.1091    -819.2486    -795.8563 -7.454 -6.974  762 
   55924.442100    -339.8190     199.6694    -540.7343     201.4295    0.1701    -279.5550    -262.0502 -4.870 -5.273  762 
   55925.373000   -1013.5171     254.7118   -1112.2539     255.3389    0.3588    -502.2308    -482.6198 -5.751 -5.514  762 
   55926.306500   -1320.2278     206.7590   -1520.3050     208.3269    0.4162    -269.5509    -253.0242 -3.231 -4.437  762 
   55927.348900    -176.0953     261.5251    -225.2445     262.1317    0.1645    -432.3553    -415.3602 -4.436 -4.961  762 
   55969.114700    -582.9187     325.3315    -674.3866     325.5345    0.2231    -830.4357    -814.8062 -5.534 -5.677  762 
   56045.159200    1225.8984     334.5438    1127.9577     334.8158    0.0780    -666.2836    -651.5328 -4.528 -6.242  762 
   56215.477100      51.3747     299.7519      80.1205     300.0640    0.0676    -442.1331    -430.8996 -4.517 -4.370  762 
   56217.469400    1674.3533     553.1710    1634.3009     553.2328    0.0877   -2271.7237   -2258.9714 -8.743 -9.068  762 
   56301.275300    1647.8571     358.3366    1629.5283     358.4930    0.0232   -1523.7583   -1501.3725 -9.479 -8.947  762 
