   54116.301000    3975.7617     381.4486    3822.5534     381.7276    0.3023   -7165.9453   -7070.2170 -23.585 -22.763  762 
   54127.317100    -436.3022     345.9560    -575.4326     346.2243    0.1941   -1887.9098   -1850.7408 -13.347 -12.489  762 
   54127.352800     170.3750     340.0482      52.5966     340.3186    0.1192   -1489.4836   -1462.6751 -8.745 -8.962  762 
   54149.238000   -1572.9433     222.2208   -1509.9479     223.5011    0.3767   -1184.8348   -1104.7926 -8.681 -7.597  762 
   54149.257400    3193.6482     297.3652    3022.4759     297.7189    0.2819   -6082.0941   -5943.7601 -23.975 -24.628  762 
   54150.328600   -1817.9641     205.8226   -1691.8505     207.0627    0.4539   -1325.2171   -1228.9613 -8.935 -10.248  762 
   54152.336000   -2668.3650     186.9389   -2586.4621     188.9555    0.5256   -1068.2720    -966.1085 -10.296 -10.439  762 
   54152.342500   -3812.0457     196.8259   -3737.5704     198.6342    0.5932   -1173.3729   -1072.6385 -9.815 -10.294  762 
   54156.154700   -1663.1972     210.6853   -1503.6884     211.3543    0.1450      19.7651      18.8585  1.197  0.379  762 
   54174.142000    -700.8747     169.7717    -685.4101     171.1066    0.1493     -96.8305     -89.0842 -0.542 -1.184  762 
   54174.149600   -1038.5478     156.6121   -1011.4441     158.1584    0.2410    -148.1415    -136.0584 -2.360 -2.158  762 
   54176.305700    -422.6417     201.4140    -300.0842     203.0898    0.1203    -464.2596    -426.3388 -4.603 -3.842  762 
   54179.173100     362.2632     177.9551     497.9258     179.5150    0.0208    -440.7161    -400.3026 -3.496 -4.646  762 
   54201.218300    -241.7775     193.2539     -18.2102     194.5978    0.0951    -577.4718    -531.9366 -4.901 -5.019  762 
   54201.228100    -701.9070     225.5588    -513.4845     226.5043    0.1826    -731.6175    -691.6850 -3.826 -4.624  762 
   54201.243600    1012.6739     269.8883    1103.6858     270.5484    0.1348   -2111.9946   -2035.3515 -10.143 -9.865  762 
   54205.179300    1489.2807     148.8579    1449.3843     150.7110    0.1584    -686.0910    -620.6592 -9.814 -10.769  762 
   54210.346400    2831.6579     178.2314    2743.1072     179.6110    0.5079     818.3373     751.4585  8.441  8.724  762 
   54212.180600     699.8002     232.4010     655.1404     233.2576    0.1425     334.9578     317.2227  5.449  2.818  762 
   54213.208300     483.7362     224.9044     530.6147     225.5976    0.2349    1110.0234    1054.4609 13.520 13.130  762 
   54230.223800    1563.8961     172.7590    1529.7049     174.2939    0.2180    -167.4096    -152.9313  0.071 -2.046  762 
   54231.221900     433.0066     253.5116     409.6719     254.3021    0.1465   -1526.1386   -1457.5913 -8.146 -8.760  762 
   54240.235600    2519.0506     201.3171    2542.4029     202.1633    0.3439    -182.1247    -171.2442 -1.014 -1.758  762 
   54260.157900    2607.3381     193.8394    2685.3263     194.7633    0.3373    -333.0423    -311.9143 -3.381 -3.983  762 
   54260.162700    4040.5154     182.2098    3991.2864     183.3198    0.4371    -609.3756    -566.3894 -7.030 -7.060  762 
   54260.175900    3506.1074     162.1928    3455.5630     163.8264    0.4373    -331.0593    -302.3950 -3.265 -4.581  762 
   54261.162600    1654.8043     209.7825    1665.5718     210.5592    0.1688    -449.5037    -425.9568 -2.826 -3.957  762 
   54261.174500    1562.1253     190.0778    1517.5797     191.1702    0.1528    -446.5446    -415.5479 -5.089 -4.618  762 
   54264.164600    2218.1477     168.3723    2138.5300     169.6889    0.2938    -245.4028    -226.5079 -3.924 -3.548  762 
   54264.180400    2439.8015     163.0763    2233.2617     164.4907    0.2529    -446.6620    -412.6614 -4.882 -6.297  762 
   54265.184200    -218.9521     214.0866    -343.3676     214.8079    0.0020     343.9835     327.0044  2.909  2.785  762 
   54265.195400    2079.1167     191.8449    1926.3829     192.7097    0.2522     266.6302     251.1423  3.302  2.644  762 
   54275.170700    3765.6895     339.6692    3777.1906     339.8604    0.2466   -1003.9698    -984.3325 -6.627 -7.523  762 
   54275.178200    1954.6891     313.4363    1907.1185     313.6735    0.0761   -1144.6002   -1116.6786 -10.647 -10.000  762 
   54384.470800   -1314.7047     235.2216   -1310.8145     236.1700    0.2780    -895.8330    -846.6933 -5.234 -5.616  762 
   54384.481300   -2032.0271     216.5633   -2200.9631     217.7808    0.3626    -375.0063    -350.0273 -3.397 -2.703  762 
   54385.508300   -1014.7425     202.6390   -1039.6912     203.6738    0.1691     -45.3947     -42.2525 -0.883 -0.466  762 
   54386.497100      85.4430     224.6862      53.9608     225.7108    0.0339    -297.1973    -280.1057 -3.862 -1.997  762 
   54386.502700   -1145.2100     230.2224   -1261.1959     231.1837    0.2456    -211.1941    -199.8339 -2.450 -1.388  762 
   54388.451200   -2031.6419     160.5978   -1787.9568     162.0774    0.2253    -115.2816    -104.7213 -1.996 -1.929  762 
   54533.213700     296.0369     302.2593     366.8662     303.4201    0.0745     148.9242     141.1333  0.053  0.976  762 
   54534.352300   -3191.6501     327.8724   -3368.4835     329.1552    0.6840   -1333.1138   -1272.8678 -7.499 -7.098  762 
   54535.298300    1176.6694     249.9675    1307.4046     252.2523    0.1144    -863.4320    -783.8392 -8.835 -8.253  762 
   54536.149900    -400.4538     282.5046    -282.4046     283.3961    0.2613   -1962.5300   -1864.6309 -18.067 -18.242  762 
   54537.401500     -51.7551     209.0526    -208.7462     211.9320    0.1333    -641.5374    -576.8810 -12.253 -9.988  762 
   54538.182200     143.1069     436.7664      84.8279     437.3588    0.2033   -1867.7274   -1818.7494 -10.134 -9.277  762 
   54538.197200    -984.8150     367.6803   -1035.4897     368.5543    0.4220   -1886.7363   -1808.5566 -10.651 -12.762  762 
   54590.205000     766.4383     212.8963     804.3242     215.4402    0.0560    -577.1040    -519.6147 -7.723 -8.286  762 
   54792.348600     -74.6978     237.0259     -94.9410     237.6073    0.0601    -464.4060    -442.3464 -6.054 -6.255  762 
   54792.505800    3974.6672     332.6807    3923.2290     332.8643    0.1212   -2173.5868   -2125.5848 -21.724 -20.675  762 
   54793.506900    1780.4660     338.7465    1756.0698     338.9865    0.2657   -5656.4467   -5528.1698 -38.498 -40.898  762 
   54794.486000      36.9942     263.4983     153.5066     265.3212    0.0188    -314.8282    -288.0671 -4.843 -3.858  762 
   54860.203100    2024.4127     331.3119    2046.0091     332.7676    0.1724    -926.0555    -871.3455 -5.082 -5.816  762 
   54861.126100    -153.4167     335.0050    -204.0361     336.0471    0.0603    -326.7271    -310.8469 -3.200 -2.406  762 
   54862.262500    -262.3565     349.7534    -583.7490     351.1327    0.2419   -1301.1260   -1236.0402 -5.675 -7.046  762 
   54912.158000    4456.6051     303.4142    4487.7870     303.5828    0.0508   -5474.5675   -5354.8845 -45.325 -42.056  762 
   54914.124500   45390.2431     829.6810   45244.3222     829.7279    0.1874  -41250.8006  -41205.4986 -67.652 -71.516  762 
   55126.484100   -1950.0158     295.6767   -2009.9017     296.9736    0.3878    -347.8064    -327.1406 -3.421 -3.214  762 
   55126.506900   -1876.0877     290.0615   -1943.7021     291.3535    0.4203    -579.3321    -543.6473 -5.116 -5.553  762 
   55208.301900   -1193.8612     248.3020   -1174.5912     250.3486    0.1873     123.7889     112.9337  2.474  1.270  762 
   55208.332500     642.6117     257.4909     730.9315     259.5106    0.0798    -319.5604    -290.4244 -3.357 -3.257  762 
   55273.269300    2545.0002     292.1636    2678.5515     293.8430    0.3774    -590.1915    -549.1943 -3.165 -4.218  762 
   55536.296400    1187.8994     271.2548    1197.2602     272.7236    0.1341    -264.5910    -245.7931 -1.320 -2.474  762 
   55538.328200   -2089.3134     220.8239   -1997.8414     223.6526    0.2907      15.5422      13.8277  0.775  0.243  762 
   55540.341300   -1050.6745     408.0677   -1199.9839     408.9589    0.3699   -2198.6624   -2123.2784 -10.103 -9.966  762 
   55599.206500     564.1568     378.3166     393.8898     379.0721    0.0953   -1482.5215   -1434.2378 -8.203 -7.151  762 
   55603.163800    -413.1614     322.3485    -443.8884     323.3565    0.1063    -280.7512    -265.7134 -2.606 -3.015  762 
   55679.251900    -420.9889     245.0140    -597.0930     247.3371    0.1432    -210.5913    -190.9023 -3.824 -2.468  762 
   55884.433200    -420.9889     245.0140    -597.0930     247.3371    0.1432    -210.5913    -190.9023 -3.824 -2.468  762 
   55889.434300    -274.7260     308.0011    -346.9627     309.5710    0.0775     894.4091     835.3575  8.215  7.041  762 
   55924.442100   -1114.3943     215.0463   -1225.2011     218.7660    0.2059     187.6501     167.3535  0.332  3.262  762 
   55925.373000    -249.9020     272.2867    -182.3657     274.1691    0.1186     853.2105     785.3884  7.804  8.433  762 
   55926.306500   -2132.3033     224.0672   -2250.6079     226.8859    0.3224     500.5573     450.7831  6.205  7.410  762 
   55927.348900   -1199.9389     279.9047   -1223.0231     281.8386    0.1595     589.8624     542.1918  5.085  6.112  762 
   55969.114700    3441.0857     331.8026    3410.1611     332.8411    0.5423    1052.5999    1005.1429  6.104  6.847  762 
   56045.159200   -2308.8432     349.9436   -2350.1011     351.1219    0.2807     741.8987     703.6717  6.643  6.478  762 
   56215.477100   -2175.9593     283.1674   -2348.0661     285.1241    0.2342     958.7374     885.5936  9.669 11.175  762 
   56217.469400    1104.1751     524.7140     947.9233     525.3354    0.0398    -648.8869    -633.9155 -4.942 -2.727  762 
   56301.275300   -2984.0944     341.5871   -3169.2059     343.2886    0.4493     373.4475     351.3813  2.062  2.383  762 
