   54116.301000    6436.4675     348.8150    6370.9501     348.8987    0.3350   -2262.0678   -2243.6896 -6.232 -7.214  762 
   54127.317100    3081.0751     334.3827    3023.0071     334.4753    0.1595   -1318.9720   -1302.5820 -9.204 -8.540  762 
   54127.352800    1961.2087     326.8189    1935.5675     326.9089    0.1275    -693.6581    -685.5467 -4.828 -4.095  762 
   54149.238000   -2797.5146     195.8686   -2793.4583     196.8435    0.4983    -547.5275    -513.5062 -3.531 -3.533  762 
   54149.257400   -1972.7054     275.4041   -2022.8082     275.5624    0.2951   -1151.5941   -1132.6940 -5.217 -4.668  762 
   54150.328600   -1999.7356     182.4371   -1993.7141     183.4971    0.1917     991.3690     924.3543  7.386  7.761  762 
   54152.336000   -3296.2243     165.6834   -3416.1010     167.3221    0.6270    -500.6532    -458.1370 -2.667 -4.845  762 
   54152.342500   -3259.9029     174.6914   -3416.2620     175.9476    0.5834    -502.5452    -465.6759 -3.673 -4.359  762 
   54156.154700    2276.2675     195.6721    2368.7235     196.7692    0.2098    -789.4548    -749.5492 -14.077 -16.043  762 
   54174.142000    2004.1796     151.8523    1925.0325     153.6014    0.3274    -151.9050    -138.9053 -0.969 -1.825  762 
   54174.149600    2078.8834     139.7323    2049.6154     142.1845    0.4343      -6.4164      -5.8098 -0.885 -0.093  762 
   54176.305700     876.8930     179.0510     959.2656     180.1148    0.0195    -918.8831    -856.2078 -7.608 -7.531  762 
   54179.173100   -1552.2905     159.0232   -1577.0940     160.9004    0.4201    -383.4559    -346.7586 -3.415 -3.989  762 
   54201.218300    3534.9876     170.1798    3651.5574     171.3470    0.5752    -475.7804    -439.6473 -4.592 -4.224  762 
   54201.228100    3337.2572     199.7588    3396.2387     200.3469    0.4697    -496.4736    -473.3072 -4.126 -3.192  762 
   54201.243600    4719.3935     241.2578    4708.7788     241.5693    0.5275    -653.5391    -635.8449 -2.600 -3.082  762 
   54205.179300   -1575.0730     135.3059   -1851.2392     138.0660    0.4555    -379.1023    -335.2479 -5.848 -5.736  762 
   54210.346400   -3290.4957     161.4598   -3623.0824     163.1911    0.5418    -638.8025    -581.2562 -7.829 -6.893  762 
   54212.180600   -2723.6519     215.9566   -2835.9731     216.5405    0.6054   -1695.9825   -1618.2806 -13.797 -14.053  762 
   54213.208300   -1372.7500     212.7820   -1463.1762     213.4591    0.4388   -1770.9831   -1685.5733 -20.799 -20.868  762 
   54230.223800    4126.0938     155.3077    4346.1627     156.8455    0.6565    -362.7257    -330.9055 -5.776 -4.446  762 
   54231.221900    2782.9468     229.5839    2811.5476     229.9952    0.2870    -715.2067    -689.4872 -5.239 -4.143  762 
   54240.235600   -1849.1381     184.0435   -1826.5330     184.8892    0.3009    -364.6256    -342.3433 -2.822 -3.620  762 
   54260.157900    3160.6411     175.6642    3327.9282     176.7546    0.5204     -46.8391     -43.6367  0.671 -0.585  762 
   54260.162700    2484.5702     163.4797    2638.1173     164.7808    0.4860    -220.6710    -203.4348  0.003 -2.669  762 
   54260.175900    2337.0483     146.9037    2396.6821     148.7989    0.4947      -9.0639      -8.2011  1.029 -0.125  762 
   54261.162600    2340.9979     187.8005    2527.6559     188.4100    0.4038      53.2159      50.4196  0.645  0.496  762 
   54261.174500    3565.9203     170.7214    3706.6963     171.8148    0.4830    -223.1380    -207.4153 -2.339 -2.393  762 
   54264.164600     850.0188     153.7413     798.7716     155.4096    0.1609       4.2694       3.9164  0.158  0.063  762 
   54264.180400     502.5608     150.3982     409.0158     151.7917    0.0888      90.1426      83.1308  2.092  1.236  762 
   54265.184200   -1861.7461     199.3407   -1868.9770     199.8612    0.2398     239.3173     228.2416  1.527  1.918  762 
   54265.195400    -456.0871     176.5725    -470.0124     177.3590    0.0917     -74.4488     -70.0734  1.535 -0.746  762 
   54275.170700   -1425.7443     325.4749   -1446.5959     325.6121    0.1680    -423.8175    -416.2667 -1.226 -3.240  762 
   54275.178200    -245.6075     300.7202    -276.8786     300.9099    0.0011     271.2094     265.4454  1.947  2.402  762 
   54384.470800   -1003.8442     210.8508   -1073.9749     211.5334    0.2830    -787.8100    -747.7468 -5.075 -4.978  762 
   54384.481300   -1059.1234     193.6058   -1137.7478     194.5276    0.2798    -669.0172    -626.3862 -6.079 -4.852  762 
   54385.508300   -1486.6953     184.7601   -1426.9957     185.8516    0.3384    -448.7453    -416.8955 -4.800 -4.640  762 
   54386.497100   -1060.6050     201.8054   -1046.4775     202.4821    0.3082    -900.3121    -853.3953 -5.975 -6.054  762 
   54386.502700   -1325.1120     208.0773   -1372.6346     208.6917    0.2943    -674.4563    -642.8782 -5.700 -4.405  762 
   54388.451200   -1169.9021     144.3658    -943.2210     146.6917    0.1924    -185.2858    -164.4712 -6.213 -3.254  762 
   54533.213700   -1189.0471     270.7095   -1176.0276     271.5059    0.1966     251.8356     239.8274  4.675  1.677  762 
   54534.352300    -698.7364     290.5541    -751.6203     291.1402    0.1084     327.6016     316.4300  3.562  1.740  762 
   54535.298300   -1511.2455     218.7291   -1446.7426     221.0681    0.5162    -753.7952    -685.0134 -5.336 -7.312  762 
   54536.149900    -575.2723     257.5393    -488.3339     258.2473    0.0099     453.2993     431.2098  5.333  4.398  762 
   54537.401500     902.3421     180.4557     997.6684     184.0562    0.3243     356.7488     319.8784 10.132  5.977  762 
   54538.182200     347.7198     401.8310     333.9559     402.1026    0.1027     482.5504     472.6222  5.418  2.447  762 
   54538.197200      14.1217     337.3582      17.7304     337.8804    0.1044     618.7637     597.7263  5.404  4.271  762 
   54590.205000     573.0169     188.1981     760.8235     191.5836    0.2397     136.0400     121.4114  4.629  2.006  762 
   54792.348600   -1946.6551     222.0164   -1941.2367     222.7731    0.1049    1202.6345    1140.7556 15.814 16.791  762 
   54792.505800    -477.8618     320.2440    -446.5301     320.3930    0.1000    1881.2621    1843.6574 15.535 18.247  762 
   54793.506900    4483.0343     322.2944    4468.5199     322.4360    0.6931   10809.8111   10622.5020 78.377 78.474  762 
   54794.486000   -1213.3419     237.3796   -1162.4255     239.7765    0.1701     306.8315     279.6851  6.630  3.846  762 
   54860.203100    1213.5525     294.9598    1244.7653     296.0548    0.3284     533.6649     503.8232  8.426  3.409  762 
   54861.126100    -466.9543     305.0312    -440.6660     305.7013    0.0079     511.6237     489.2729 10.431  3.862  762 
   54862.262500     618.0104     310.9097     563.6707     311.7152    0.2405     730.9728     699.5641 10.247  4.004  762 
   54912.158000    5515.8173     290.5045    5510.0872     290.6163    0.6701   12847.5623   12613.9594 103.085 98.982  762 
   54914.124500   20944.2291     760.3652   20870.0241     760.3833    0.1963  -14823.0881  -14815.6389 -22.601 -25.945  762 
   55126.484100     670.9296     268.6196     641.9630     269.7127    0.3014    1239.7182    1168.3553 22.284 11.634  762 
   55126.506900    1456.4374     261.5094    1507.8353     262.6778    0.4487    1419.1183    1336.0182 23.878 13.944  762 
   55208.301900   -1500.1198     220.7490   -1811.1495     223.2255    0.2581     578.6794     523.9896  3.025  5.926  762 
   55208.332500    -930.0372     228.5940   -1063.0943     231.2523    0.1820     382.0122     345.1122  3.124  3.942  762 
   55273.269300    -818.3160     258.8834    -880.4758     260.3547    0.0818     556.9697     519.1594  2.769  4.012  762 
   55536.296400      67.7867     245.0504      89.1242     246.6201    0.0306      74.4326      68.8441 -0.207  0.705  762 
   55538.328200   -1157.6534     197.8612   -1206.1232     201.9316    0.2715    -143.6255    -126.0249 -4.170 -2.275  762 
   55540.341300   -1437.5668     368.3564   -1442.4553     368.7983    0.1862      85.8397      83.5441  0.353  0.394  762 
   55599.206500    3613.0351     342.1501    3586.7426     342.4626    0.5086    2018.1521    1970.1651 15.756  9.896  762 
   55603.163800     729.8889     295.3483     883.8314     296.2598    0.2256     519.6313     492.5546 11.376  5.846  762 
   55679.251900    3707.7563     219.4786    3607.7718     222.0694    0.7065     129.4103     117.1604  0.907  1.522  762 
   55884.433200    3707.7563     219.4786    3607.7718     222.0694    0.7065     129.4103     117.1604  0.907  1.522  762 
   55889.434300    -273.7050     277.4558    -418.8981     278.8432    0.0145     370.2966     347.2566  4.021  2.921  762 
   55924.442100   -1959.7853     191.7987   -2360.7790     197.1135    0.4423     237.9114     209.3372  3.087  4.184  762 
   55925.373000   -1097.2353     244.4920   -1177.4105     246.4925    0.2752      24.1223      22.2359  0.716  0.238  762 
   55926.306500    -132.4573     199.7814    -347.8938     203.8008    0.0416     175.5048     156.5649  0.704  2.589  762 
   55927.348900    1950.9498     251.8997    1859.4253     253.8143    0.3712     -16.7706     -15.4844 -0.055 -0.174  762 
   55969.114700   -3155.8257     302.2380   -3210.9769     302.9626    0.3270    1080.2119    1034.9033  7.282  7.075  762 
   56045.159200     589.6249     324.2479     506.5901     325.0633    0.2945    1092.5614    1044.0056 13.085  9.584  762 
   56215.477100   -4183.1297     251.6218   -4413.7373     254.2622    0.7168    -854.5807    -777.8588 -12.778 -10.657  762 
   56217.469400   -4117.7291     480.9267   -4161.7871     481.2394    0.6682   -2211.3358   -2169.5221 -10.347 -9.561  762 
   56301.275300    1545.9641     296.5067    1617.7626     297.6238    0.0544   -1419.3585   -1341.4527 -10.530 -9.523  762 
