   54116.301000    9539.5442     376.3402    9399.8707     376.4798    0.2377  -12224.9146  -12151.3904 -75.964 -39.127  762 
   54127.317100   -3729.9527     340.1693   -3826.4856     340.2548    0.3808   -1016.0659   -1006.5763 -3.619 -6.763  762 
   54127.352800   -5082.1816     334.6626   -5137.3519     334.7458    0.4295    -449.0861    -445.4232 -3.656 -2.717  762 
   54149.238000     -54.1837     210.9446    -127.2132     211.5202    0.3413   -1927.9539   -1854.8985 -13.697 -12.775  762 
   54149.257400    3550.8209     292.1931    3423.7746     292.3326    0.4788   -9313.6891   -9206.9729 -52.656 -38.133  762 
   54150.328600    -235.7935     194.1814    -227.7019     194.7993    0.1744    -770.4944    -738.3751 -5.237 -6.175  762 
   54152.336000   -1417.7151     173.5428   -1471.8762     174.6158    0.3938    -818.7769    -770.8378 -8.857 -8.355  762 
   54152.342500   -1668.7095     183.7007   -1815.2760     184.5343    0.4165   -1022.6655    -971.1198 -7.255 -9.334  762 
   54156.154700    1117.9485     202.3476    1219.2501     203.0987    0.1585     420.1599     403.6812  7.147  8.238  762 
   54174.142000   -2275.7095     159.4415   -2474.3316     160.8066    0.4189     144.0938     135.2633  1.170  1.796  762 
   54174.149600   -1777.9019     147.0363   -2079.5419     148.9812    0.3503     173.7213     161.3476  1.850  2.560  762 
   54176.305700   -1591.4881     189.3759   -1715.1250     190.1780    0.3895    -621.6502    -591.6900 -3.090 -5.340  762 
   54179.173100   -3160.0945     167.3360   -3246.9700     168.6570    0.6002    -258.6277    -241.4668 -2.646 -2.806  762 
   54201.218300   -1149.7700     182.0786   -1088.4663     182.8603    0.3093    -475.4231    -451.2833 -5.157 -4.282  762 
   54201.228100    -669.2335     215.6404    -660.2460     216.0242    0.3801   -1694.1268   -1643.1192 -11.664 -11.017  762 
   54201.243600      15.4942     262.0506     -24.9316     262.2961    0.5333   -3894.0829   -3824.2843 -24.840 -18.551  762 
   54205.179300   -1137.1984     139.5509   -1539.8978     141.7463    0.3467    -421.6273    -385.5892 -7.450 -6.701  762 
   54210.346400    -904.4140     168.8569   -1034.0765     169.9042    0.0335     887.9062     832.8760  9.959  9.732  762 
   54212.180600    -969.5645     222.6958   -1111.8237     223.0986    0.0513     771.1473     746.7527  6.472  6.626  762 
   54213.208300    -929.3833     216.5407    -931.1565     217.0102    0.0459     638.0124     615.1683  9.091  7.687  762 
   54230.223800     955.0072     162.3977     925.4044     163.5817    0.1053    -340.4406    -318.2668 -3.847 -4.283  762 
   54231.221900     708.9584     244.3576     655.6658     244.6433    0.0739   -1199.6987   -1171.1561 -10.591 -7.048  762 
   54240.235600     698.3489     192.2845     742.0803     192.7864    0.1461     338.7489     324.7959  4.131  3.358  762 
   54260.157900     258.2631     184.9773     405.5820     185.6830    0.0560     -62.7282     -59.5761 -1.530 -0.768  762 
   54260.162700     840.8950     172.8142     881.1555     173.6714    0.1701      70.3120      66.4305  0.655  0.837  762 
   54260.175900     693.0188     152.7134     701.2232     154.0797    0.1814     142.4853     132.3349  0.923  2.018  762 
   54261.162600    1061.8655     200.1231    1160.9566     200.4683    0.1462    -127.3888    -123.0359 -0.637 -1.154  762 
   54261.174500     151.9198     180.6688     185.8310     181.4050    0.0115    -118.0318    -111.9463 -1.328 -1.255  762 
   54264.164600    1825.4976     159.3745    1784.2826     160.5328    0.2691    -340.5639    -319.0396 -5.816 -5.044  762 
   54264.180400    2149.5248     153.5510    2012.1151     154.6601    0.3514     -41.9211     -39.4763 -1.154 -0.603  762 
   54265.184200    1649.8713     205.7656    1542.0362     206.1144    0.2351     233.0226     225.8955  2.491  1.924  762 
   54265.195400    1604.4566     183.1715    1536.6780     183.6864    0.2652     387.6905     372.0724  3.312  3.934  762 
   54275.170700    1706.8142     333.5338    1699.5147     333.6146    0.1212    -410.7667    -406.0712 -3.368 -3.116  762 
   54275.178200    1648.5400     306.8856    1620.4575     307.0091    0.1097    -471.5562    -464.4581 -3.614 -4.174  762 
   54384.470800   -3079.5445     225.6320   -3145.6699     226.0659    0.4798    -333.2162    -322.3657 -6.901 -2.141  762 
   54384.481300   -4292.2239     206.3419   -4367.9563     206.9395    0.5421     690.3403     661.6433  4.345  5.119  762 
   54385.508300   -3605.4939     193.2393   -3682.2597     194.0450    0.5362     499.3467     473.7254  4.875  5.234  762 
   54386.497100   -3667.1408     215.2084   -3714.1085     215.6526    0.4593     450.8856     435.4678  2.985  3.105  762 
   54386.502700   -4875.8427     221.2075   -4959.9718     221.6089    0.5693     314.8735     305.0386  2.820  2.115  762 
   54388.451200   -3749.2404     151.4820   -3702.0353     153.1332    0.4248     687.1004     629.8460 11.749 11.795  762 
   54533.213700   -2087.6065     289.9773   -2121.0900     290.4453    0.5386   -1868.5426   -1812.4549 -12.790 -12.574  762 
   54534.352300   -2509.8640     315.3510   -2603.7409     315.7943    0.6954   -1672.2655   -1636.2478 -9.334 -9.107  762 
   54535.298300   -1070.4579     233.5500   -1100.5207     235.0563    0.4857   -1413.0142   -1326.2648 -14.119 -14.024  762 
   54536.149900   -1051.1199     270.1575    -967.1250     270.5885    0.2687    -976.0248    -944.8691 -9.519 -9.335  762 
   54537.401500   -1060.2904     192.6134   -1158.6199     195.1778    0.2787    -179.0704    -164.9235 -3.237 -2.912  762 
   54538.182200    -221.6155     426.3892    -251.8986     426.5852    0.4455   -3472.0115   -3427.8010 -20.170 -17.536  762 
   54538.197200   -1237.1743     355.0097   -1286.6583     355.3646    0.3461   -1052.4668   -1028.4695 -6.484 -7.276  762 
   54590.205000   -3567.8894     199.4487   -3676.2262     202.0083    0.6553    -367.2814    -336.6430 -5.087 -5.429  762 
   54792.348600   -3391.4354     229.6363   -3484.7177     230.2048    0.3809     204.9071     196.5770  2.505  2.805  762 
   54792.505800   -2046.2497     326.9424   -2078.4280     327.0627    0.2903   -1315.4149   -1295.4675 -19.899 -12.675  762 
   54793.506900    -691.8130     331.7664    -686.8964     331.8619    0.2081   -1815.0364   -1793.8224 -16.494 -13.294  762 
   54794.486000   -2304.6729     248.7344   -2261.1722     250.4169    0.3998    -305.4948    -286.2352 -3.557 -3.864  762 
   54860.203100    2169.3167     316.9822    2171.9029     317.5948    0.0105   -2189.1507   -2113.5364 -18.254 -14.163  762 
   54861.126100     414.9686     321.4552     456.8575     321.8427    0.0828   -1024.9352    -996.7140 -8.812 -7.748  762 
   54862.262500    1498.4860     336.4437    1385.1576     336.9479    0.4031   -3633.1919   -3537.2509 -26.957 -20.181  762 
   54912.158000    -230.7244     297.9995    -224.3576     298.0790    0.2171   -3356.3306   -3310.7506 -23.955 -26.057  762 
   54914.124500   16624.2678     835.6691   16315.2842     835.8013    0.8153  -68377.8402  -68380.6448 -274.425 -119.266  762 
   55126.484100   -5487.0813     282.8165   -5547.0593     283.5906    0.6785     507.0076     485.9692  4.998  4.792  762 
   55126.506900   -5309.3009     276.5787   -5357.5440     277.4434    0.7159     507.3267     486.3708  5.165  4.992  762 
   55208.301900   -3223.8805     233.1124   -3205.4534     234.6165    0.5079     718.0589     673.2330  7.068  7.592  762 
   55208.332500   -2274.1217     242.5567   -2266.2419     244.2764    0.4457     -90.2307     -84.2585 -1.680 -0.950  762 
   55273.269300    -886.7762     277.7000    -975.1741     278.5795    0.3756    -795.6188    -761.3640 -6.530 -5.867  762 
   55536.296400   -2597.6316     258.7289   -2611.5057     259.7749    0.4539    -154.3173    -146.3258 -2.068 -1.479  762 
   55538.328200   -2743.8493     206.2097   -2733.7968     209.1640    0.5382      71.7371      65.1042  1.790  1.159  762 
   55540.341300    1539.1989     396.6572    1458.7449     396.9727    0.2909   -3712.8660   -3649.7513 -24.551 -17.141  762 
   55599.206500    -531.8460     368.0695    -660.1705     368.3539    0.2898   -2112.1039   -2076.6230 -10.817 -10.371  762 
   55603.163800   -4272.1254     309.9067   -4279.5295     310.6146    0.6272     -39.3617     -37.8080 -1.412 -0.433  762 
   55679.251900   -2287.1469     231.2302   -2478.4498     233.2244    0.4471     -28.0567     -26.0019  0.374 -0.338  762 
   55884.433200   -2287.1469     231.2302   -2478.4498     233.2244    0.4471     -28.0567     -26.0019  0.374 -0.338  762 
   55889.434300   -3501.6026     294.2004   -3629.5641     295.1032    0.5550     -83.8010     -80.2600 -0.492 -0.677  762 
   55924.442100   -1200.4778     199.3397   -1343.9289     203.0950    0.2440      89.9149      81.7878  0.292  1.617  762 
   55925.373000   -1686.0482     256.3135   -1619.3504     257.5829    0.2042     778.9886     739.1316  7.771  7.948  762 
   55926.306500   -1106.7210     208.2777   -1253.5752     211.2592    0.2226     219.3483     201.9709  3.545  3.338  762 
   55927.348900    -805.4484     263.6339    -794.9942     264.9223    0.1837     100.4351      95.0737  1.824  1.075  762 
   55969.114700   -4696.8395     320.9291   -4763.6604     321.3866    0.5943     745.1196     725.2235  5.457  4.944  762 
   56045.159200     347.3101     335.2609     309.3762     335.7994    0.1112     277.3665     268.7460  1.633  2.484  762 
   56215.477100   -3905.9787     267.2118   -4210.6668     268.9839    0.5684     240.8321     226.3376  2.504  2.907  762 
   56217.469400     303.1378     514.0984     228.4701     514.3255    0.5941   -5273.3481   -5212.5505 -39.183 -22.540  762 
   56301.275300   -3759.2824     325.3044   -3851.3044     326.0245    0.6856    -857.5660    -828.7430 -6.665 -5.672  762 
