   54116.301000   -4492.4209     460.8043   -4531.4528     460.8181    0.2906       0.0000       0.0000 -31.467  0.000  762 
   54127.317100    2073.6007     361.3823    2034.2745     361.3893    0.2886    1681.9539    1679.8796 23.244 11.815  762 
   54127.352800    3096.0246     360.5096    3041.6860     360.5200    0.2912     688.1891     686.9850 18.114  4.387  762 
   54149.238000    2933.9453     258.4539    2902.0803     258.4671    0.3652       0.0000       0.0000  6.570  0.000  762 
   54149.257400   -2688.3557     346.3352   -2723.2765     346.3449    0.3501   -2562.1798   -2558.3959 -30.267 -10.653  762 
   54150.328600    -426.1857     231.0942    -444.0428     231.1058    0.1301    -373.9512    -372.5112 -12.176 -3.131  762 
   54152.336000    2392.9393     201.0084    2370.1705     201.0223    0.3832     103.5205     103.3105  9.144  1.145  762 
   54152.342500    1834.2222     214.2442    1809.1097     214.2594    0.3284     529.4551     528.3738 14.023  5.211  762 
   54156.154700     986.2464     213.8352     971.7954     213.8387    0.1286      22.4011      22.3990 17.074  0.447  762 
   54174.142000     591.6121     180.4043     564.9862     180.4144    0.2394     969.3600     966.2993 19.716 13.314  762 
   54174.149600     881.6019     164.2864     866.0090     164.2943    0.2754     735.9844     734.0404 20.153 12.057  762 
   54176.305700    2876.0078     221.8951    2849.6331     221.9089    0.4525     352.7212     351.9532 11.559  3.245  762 
   54179.173100    1016.1836     192.4992    1003.0297     192.5074    0.3491    1153.9841    1150.3312 19.521 13.644  762 
   54201.218300    1239.8977     216.2993    1222.4222     216.3086    0.2587     494.8268     493.0919 12.849  4.602  762 
   54201.228100    4213.8570     262.0810    4191.7736     262.0915    0.5196     399.6389     398.6410 11.102  2.628  762 
   54201.243600    3011.9809     320.6685    2990.5254     320.6797    0.3456       0.0000       0.0000 -4.518  0.000  762 
   54205.179300    1273.6582     154.2616    1251.4972     154.2705    0.2656     193.9578     193.6708 13.327  3.466  762 
   54210.346400    1621.9085     193.4933    1599.9445     193.5006    0.2372       0.0000       0.0000  3.938  0.000  762 
   54212.180600    2496.3383     248.3690    2473.7531     248.3780    0.3294       0.0000       0.0000  3.380  0.000  762 
   54213.208300     387.5584     233.7805     374.3145     233.7848    0.0571       0.0000       0.0000  2.258  0.000  762 
   54230.223800    2536.2729     184.3046    2498.4833     184.3157    0.3304     108.8045     108.6614 13.555  1.451  762 
   54231.221900    2593.8700     289.6015    2565.4045     289.6116    0.2876       0.0000       0.0000  2.662  0.000  762 
   54240.235600     904.8683     218.9801     893.7123     218.9862    0.1345       0.0000       0.0000  5.793  0.000  762 
   54260.157900    2123.8094     207.1186    2110.9999     207.1236    0.3244      78.5982      78.5431 10.008  0.989  762 
   54260.162700    2055.7017     199.8472    2038.2051     199.8535    0.3170       0.0000       0.0000 10.057  0.000  762 
   54260.175900    1760.6324     170.5562    1746.1691     170.5638    0.3367     295.9939     295.8881 15.104  4.522  762 
   54261.162600     773.7436     231.3634     758.9657     231.3701    0.1783     510.9280     509.8543 12.311  4.678  762 
   54261.174500    1927.4626     206.9610    1908.4429     206.9674    0.2909       0.0000       0.0000  6.529  0.000  762 
   54264.164600     215.6030     176.0065     207.2179     176.0109    0.1032     313.5568     313.0320 12.019  4.911  762 
   54264.180400     321.4472     169.8550     308.2145     169.8614    0.1593     499.4331     498.7714 14.185  7.786  762 
   54265.184200    2091.3897     234.1999    2062.0889     234.2086    0.2547       0.0000       0.0000  9.473  0.000  762 
   54265.195400    2352.1235     208.1930    2331.5695     208.1994    0.2796      82.1868      82.0394 12.004  0.855  762 
   54275.170700    2287.8291     357.9249    2261.8764     357.9287    0.1990       0.0000       0.0000  0.982  0.000  762 
   54275.178200     795.5285     329.0147     768.3693     329.0191    0.0747       0.0000       0.0000 10.489  0.000  762 
   54384.470800    4565.3054     269.4135    4540.8019     269.4233    0.4833       0.0000       0.0000  5.948  0.000  762 
   54384.481300    3358.5066     242.6446    3328.4976     242.6568    0.4800     660.8460     659.2439 12.498  5.176  762 
   54385.508300    1744.8502     216.7121    1723.9120     216.7185    0.3041     519.2527     517.9999 14.520  5.808  762 
   54386.497100    2373.6085     254.3908    2340.5770     254.4028    0.3833     784.8463     782.7923 12.175  5.683  762 
   54386.502700    1984.1248     258.7472    1954.4784     258.7597    0.2711     243.1451     242.5823 11.038  1.738  762 
   54388.451200     774.7355     166.7113     762.5891     166.7184    0.1576     188.6874     188.3477 13.664  3.407  762 
   54533.213700    1044.7336     347.5047    1028.4958     347.5165    0.1451       0.0000       0.0000  1.885  0.000  762 
   54534.352300    2235.4736     384.4048    2212.7753     384.4227    0.3911       0.0000       0.0000  4.804  0.000  762 
   54535.298300    -569.3437     277.6626    -581.7038     277.6765    0.2620    -738.0722    -735.6240 -12.731 -7.801  762 
   54536.149900      14.5304     307.9320      -6.3021     307.9413    0.0009       0.0000       0.0000 -4.724  0.000  762 
   54537.401500     207.2808     221.0888     202.8238     221.0978    0.0557       0.0000       0.0000 -2.163  0.000  762 
   54538.182200      35.4077     498.4139      11.8047     498.4268    0.0014       0.0000       0.0000 -9.832  0.000  762 
   54538.197200    1901.6285     404.1200    1884.2426     404.1304    0.2503       0.0000       0.0000 -0.222  0.000  762 
   54590.205000     505.7659     226.1489     488.3350     226.1608    0.1054       0.0000       0.0000  6.608  0.000  762 
   54792.348600     -42.6713     244.3044     -55.9482     244.3074    0.2147   -2144.4836   -2143.3839 -38.254 -30.508  762 
   54792.505800     594.8851     344.3518     563.1387     344.3552    0.2316   -4233.9613   -4231.5846 -53.475 -40.979  762 
   54793.506900     327.4777     357.5529     295.2489     357.5588    0.6554  -38161.9901  -38126.2900 -249.100 -289.003  762 
   54794.486000    -226.0325     280.5092    -241.8846     280.5192    0.1222    -515.9957    -514.8986 -16.456 -6.867  762 
   54860.203100    -879.0189     386.2184    -886.5266     386.2315    0.4446   -2551.5564   -2544.1437 -26.843 -16.815  762 
   54861.126100     450.6653     368.0239     436.7842     368.0342    0.2177   -1974.1726   -1970.4570 -22.401 -15.421  762 
   54862.262500     204.3174     408.9636     197.4990     408.9774    0.4324   -4015.3154   -4004.6264 -30.101 -23.176  762 
   54912.158000    1434.8066     325.4725    1390.0944     325.4775    0.6200  -43650.7021  -43662.5521 -291.008 -337.632  762 
   54914.124500  -63554.6799    1089.8415  -64418.8684    1089.9956    0.9030  -86014.0153  -85986.6156 -231.861 -145.969  762 
   55126.484100      38.7051     321.9729      25.6716     321.9830    0.2607   -1599.6348   -1597.3145 -21.913 -15.740  762 
   55126.506900    -248.1401     315.7054    -258.0519     315.7147    0.2806   -1529.3647   -1527.1282 -22.294 -15.588  762 
   55208.301900    -377.2944     272.7641    -388.5615     272.7753    0.3325   -1639.2787   -1635.6277 -22.173 -18.507  762 
   55208.332500   -1097.8337     284.7963   -1100.1010     284.8048    0.4455   -2252.1502   -2245.6498 -29.895 -24.912  762 
   55273.269300     222.9538     339.2916     206.1524     339.3062    0.4745   -4051.5313   -4039.6534 -33.134 -30.819  762 
   55536.296400    -144.0185     297.5341    -162.0567     297.5451    0.2897   -2120.3462   -2116.8248 -26.841 -21.434  762 
   55538.328200    1218.7703     227.7671    -109.4144     229.0513    0.2691   -2419.3690   -1111.3191 -23.685 -19.432  762 
   55540.341300    -672.7409     479.9360    -694.0043     479.9513    0.5834   -7544.0447   -7528.9232 -42.769 -35.809  762 
   55599.206500    -151.0816     439.0095    -203.0008     439.0283    0.4420   -5726.5972   -5712.8442 -36.513 -28.701  762 
   55603.163800   -1137.8324     342.8459   -1147.0209     342.8524    0.4125   -1938.4184   -1935.0699 -28.164 -21.741  762 
   55679.251900     951.1742     262.7803     940.7417     262.7880    0.1907   -2249.9001   -2246.1178 -32.176 -29.033  762 
   55884.433200     951.1742     262.7803     940.7417     262.7880    0.1907   -2249.9001   -2246.1178 -32.176 -29.033  762 
   55889.434300     949.1916     342.4772     929.4857     342.4914    0.1554       0.0000       0.0000 -4.491  0.000  762 
   55924.442100      28.5231     222.2334      10.5507     222.2492    0.0024       0.0000       0.0000 -2.817  0.000  762 
   55925.373000    -114.3384     295.7323    -113.7977     295.7426    0.0255       0.0000       0.0000 -6.991  0.000  762 
   55926.306500     155.5668     233.5492     148.3709     233.5584    0.0380       0.0000       0.0000 -4.488  0.000  762 
   55927.348900    -150.3120     299.8386    -156.1082     299.8475    0.0324       0.0000       0.0000 -7.488  0.000  762 
   55969.114700     292.6075     374.7347     272.6836     374.7497    0.0223    -134.0206    -133.7160 -9.110 -0.929  762 
   56045.159200    1456.6822     376.2589    1449.2424     376.2667    0.1086    -793.9600    -793.1693 -16.292 -7.322  762 
   56215.477100    2239.9690     317.4740    2220.4108     317.4864    0.5687    5639.5321    5627.1510 60.642 63.855  762 
   56217.469400    4901.0799     616.1728    4869.0736     616.1886    0.6969    6130.1920    6119.3993 20.454 25.542  762 
   56301.275300    3499.6889     406.3319    3477.7973     406.3504    0.7185    7423.6129    7404.1881 45.572 47.382  762 
