   54116.301000    6283.5566     439.9268    6165.2615     440.3413    0.2496   -2899.3156   -2854.7897 -4.207 -9.193  762 
   54127.317100    7435.1184     372.1259    7595.1550     372.5463    0.4637     305.1977     297.4785 -1.583  2.019  762 
   54127.352800    8865.8933     367.6736    9056.1415     368.0671    0.4166   -1811.5126   -1770.5062 -12.242 -10.985  762 
   54149.238000    7859.4195     265.6607    7671.0797     267.7717    0.6254    -868.7059    -800.3892 -4.799 -5.489  762 
   54149.257400   11595.1269     338.4780   11409.2787     339.0550    0.7191     865.3533     842.2056  3.088  3.475  762 
   54150.328600    7085.3585     241.6453    7105.7609     243.8180    0.7134      88.1789      80.3290  1.656  0.681  762 
   54152.336000    4842.7970     223.2113    4941.8867     225.8691    0.5254    -117.8420    -105.1092  0.752 -1.125  762 
   54152.342500    6598.5263     233.4630    6949.5795     235.6750    0.6070      32.8833      29.8415  2.545  0.282  762 
   54156.154700   -9076.6177     233.2875   -9403.4828     235.3186    0.4646    -449.7773    -404.1134 -7.184 -8.826  762 
   54174.142000    4023.4010     204.7354    4677.3020     207.4745    0.4273    -664.5473    -588.2926 -6.267 -7.993  762 
   54174.149600    2567.5766     190.6444    3055.0601     193.9332    0.3298    -359.4516    -312.5640 -1.706 -5.196  762 
   54176.305700    6567.5157     240.2911    6349.1728     242.6224    0.5726   -1076.1749    -977.2766 -8.416 -8.666  762 
   54179.173100    6850.7453     214.8761    6904.4205     217.8659    0.6452    -549.9706    -483.1545 -6.357 -5.652  762 
   54201.218300     894.5517     230.6834     745.5359     233.2862    0.0956    -185.5086    -166.2743 -0.400 -1.583  762 
   54201.228100    1531.9434     267.7511    1000.0747     269.5479    0.0047   -1028.4604    -958.6345 -5.964 -6.353  762 
   54201.243600    2904.3750     316.2811    2860.0296     317.3716    0.3769     720.5129     689.9527  2.650  3.355  762 
   54205.179300    2903.3976     184.8561    3564.9829     188.3667    0.3826    -460.2980    -393.7760 -4.069 -6.888  762 
   54210.346400    2839.1121     211.5861    2693.6362     214.3747    0.2536    -548.7996    -484.9100 -6.814 -5.778  762 
   54212.180600    7874.4688     264.2351    7845.2063     265.7417    0.5227   -1493.9323   -1392.1251 -13.295 -12.484  762 
   54213.208300    3477.8294     254.0288    3442.5101     255.6182    0.4092    -297.8149    -274.4813 -3.960 -3.419  762 
   54230.223800    5299.6558     207.9962    5036.4170     210.9894    0.5169   -1126.6111    -987.7308 -13.060 -13.135  762 
   54231.221900    3922.3678     292.9574    3932.9892     294.2765    0.4070     319.4225     301.3570  0.753  1.825  762 
   54240.235600    4868.3643     230.8795    4499.2149     232.8051    0.4746    -677.0006    -616.1041 -6.849 -6.458  762 
   54260.157900     392.6509     223.0270    -628.0511     225.7270    0.0839    -208.3310    -186.0161 -2.475 -2.503  762 
   54260.162700    2559.4226     215.6669    1434.0549     218.6023    0.1155    -139.1120    -123.7482 -0.460 -1.575  762 
   54260.175900    4399.1808     195.8736    4371.1963     198.9947    0.5570    -625.4899    -544.3483 -6.127 -8.320  762 
   54261.162600    2013.8660     237.2216    1806.1273     239.1023    0.1280    -784.1544    -718.9439 -5.538 -7.182  762 
   54261.174500    2512.1562     221.5952    2051.2510     224.1105    0.1396   -1009.3974    -903.9850 -9.238 -10.345  762 
   54264.164600    -294.4281     198.5115    -579.6385     201.3572    0.1623    -513.4303    -450.3673 -8.392 -7.274  762 
   54264.180400     863.7539     196.8487     992.9672     199.3780    0.0936    -421.9280    -375.0808 -6.683 -5.596  762 
   54265.184200    2078.3528     248.8816    2096.6612     250.3024    0.1229   -1078.9044   -1003.2618 -6.839 -8.342  762 
   54265.195400    1691.2880     223.6782    1618.3125     225.4750    0.1041    -666.4786    -608.6781 -5.437 -6.379  762 
   54275.170700    -422.5798     361.6258    -796.0472     362.2211    0.0312    1299.8341    1254.4518 12.276  9.699  762 
   54275.178200    -452.9492     338.0006    -691.0343     338.6817    0.0095     609.2396     584.0717  7.224  5.186  762 
   54384.470800    8040.3295     275.4735    7804.3207     277.2123    0.6927   -1518.8810   -1412.2193 -7.942 -9.466  762 
   54384.481300    8378.4205     252.9242    8348.9002     254.9900    0.7414    -715.9290    -656.0437 -6.647 -5.186  762 
   54385.508300    6092.5081     234.8946    6210.1979     237.2328    0.5550    -786.1369    -705.3918 -7.983 -8.038  762 
   54386.497100   10190.3056     262.5800   10208.7084     264.3090    0.7113    -377.1088    -350.0900 -2.921 -2.532  762 
   54386.502700    9002.5908     267.2879    9139.9575     268.8581    0.6597     735.4580     686.2228  3.255  4.853  762 
   54388.451200   -2854.7859     191.0045   -3128.3702     194.6828    0.1893    -190.8390    -161.5066 -3.264 -3.224  762 
   54533.213700    6230.8442     353.8920    5953.4162     356.0983    0.5623    1181.9575    1102.6100  8.837  7.677  762 
   54534.352300   11923.3504     384.8066   12104.7286     386.4283    0.8886     591.5594     563.2853  5.283  3.163  762 
   54535.298300    7613.6330     299.3311    7673.1287     303.3993    0.8253     394.1308     349.6956  6.478  3.778  762 
   54536.149900    7552.2236     317.9793    7421.4873     319.8718    0.6733    2256.4099    2086.3521 21.953 20.844  762 
   54537.401500   10461.0480     244.8343   10219.1917     249.6212    0.9152     755.0053     657.7925 14.709 12.109  762 
   54538.182200    9347.4351     488.2957    9401.8642     489.2886    0.7920    1932.4884    1868.2274 10.829  9.621  762 
   54538.197200    7293.1883     409.4891    7314.4982     411.1490    0.7889    1829.3629    1727.1032 12.932 12.538  762 
   54590.205000    4976.6846     256.8006    4380.0962     261.8755    0.5331     911.8949     785.7311 12.456 12.840  762 
   54792.348600   -1249.8864     259.7222   -1321.7074     261.4790    0.0715    2465.7924    2254.1262 35.964 33.990  762 
   54792.505800    4602.9704     350.3082    4404.1184     350.8673    0.4311    4183.9326    4020.8817 39.480 39.674  762 
   54793.506900   12896.5952     357.5084   12835.3014     358.0563    0.7587    7288.3022    7045.1649 50.700 53.530  762 
   54794.486000    4576.4895     307.8231    4234.7074     311.9666    0.5680    1115.1934     980.4807 16.705 13.488  762 
   54860.203100     113.2364     392.6520    -353.4364     395.5447    0.0792    1156.5573    1066.8437 10.913  7.153  762 
   54861.126100    5425.9168     375.6599    5031.3591     377.7878    0.4707     439.0641     408.4623  4.019  3.299  762 
   54862.262500    2993.1047     408.1893    2739.1052     410.5245    0.4850    2051.5330    1923.6227 14.309 11.241  762 
   54912.158000    5261.0141     329.7109    4588.6189     330.2667    0.4875   10736.7622   10358.4028 79.100 79.131  762 
   54914.124500   61412.6204     976.7415   61102.4301     976.8694    0.5753  -36434.0209  -36374.0347 -26.957 -62.505  762 
   55126.484100    7644.6349     339.8697    7518.9410     342.4424    0.6743    1959.5426    1797.8715 16.844 18.023  762 
   55126.506900    8603.4972     332.2843    8440.0421     334.9941    0.7450    2079.4562    1903.8796 20.602 20.001  762 
   55208.301900    2409.1413     299.6609    1625.1138     304.0440    0.2279     650.8038     575.6592  5.701  6.544  762 
   55208.332500    2782.7573     309.2653    1950.4150     313.8390    0.2114      46.3801      40.7052  1.693  0.459  762 
   55273.269300     115.4849     353.0302    -117.5258     356.2516    0.1363    1576.0789    1437.3254 13.193 10.993  762 
   55536.296400   -1124.6464     319.0380   -1330.9967     322.4524    0.1186     587.6076     525.1552  5.081  5.443  762 
   55538.328200   -2161.3349     267.9408   -2355.6359     273.3907    0.3167     424.4746     357.4526  6.481  6.403  762 
   55540.341300    6180.6307     468.0316    6067.6880     469.5079    0.5845     334.7442     320.7457  2.849  1.541  762 
   55599.206500    3254.7982     429.8816    3144.3051     431.1532    0.4702    2905.7386    2788.8439 15.036 14.192  762 
   55603.163800   -1881.8030     358.7434   -2097.6022     361.3490    0.2157     560.0038     511.5569  6.712  6.112  762 
   55679.251900    1406.8669     294.9530    1098.4494     299.5042    0.3132     990.3330     859.7187 12.522 11.082  762 
   55884.433200    1406.8669     294.9530    1098.4494     299.5042    0.3132     990.3330     859.7187 12.522 11.082  762 
   55889.434300    7800.1166     360.0652    7733.3003     362.9887    0.7310    1403.5741    1285.3936 13.541 10.988  762 
   55924.442100     675.5043     263.1796     662.6195     268.6908    0.1752     602.1496     509.4582 10.887 10.171  762 
   55925.373000    1361.2023     323.3753    1232.6742     327.1626    0.2806     308.8089     276.5584  6.314  3.021  762 
   55926.306500   -1005.8995     272.8965    -641.6423     277.8051    0.0226     621.8377     535.9729 12.259  9.060  762 
   55927.348900     -13.7563     329.3868    -164.2985     333.2215    0.0500     510.7259     454.9504  5.992  5.218  762 
   55969.114700    1249.9648     381.6879    1338.0611     383.6270    0.4660    2687.2750    2524.0342 19.149 17.709  762 
   56045.159200   -1192.6569     398.5113   -1346.5912     400.7538    0.1042     489.9435     455.3059  5.506  4.158  762 
   56215.477100   -1958.2616     339.7014   -1830.6952     343.5265    0.3610   -1269.0368   -1133.0466 -15.236 -13.943  762 
   56217.469400    1527.2010     595.8924    1551.8729     596.8814    0.2571   -3980.5876   -3868.5571 -17.340 -16.566  762 
   56301.275300   -2599.0702     408.4219   -2402.5041     411.1131    0.5378   -3000.9320   -2790.7823 -18.463 -18.732  762 
