   54116.301000    -808.1242     376.9298    -883.7854     377.0107    0.1559    -811.5546    -805.2617 -2.123 -2.584  762 
   54127.317100    2446.6780     342.5987    2416.0069     342.6617    0.1971     -35.3266     -34.9287  0.579 -0.232  762 
   54127.352800    2122.4185     335.7072    2092.9506     335.7765    0.1219    -775.8027    -767.3392 -5.118 -4.666  762 
   54149.238000    2271.0090     212.2297    2264.3889     212.6863    0.1202   -1558.7484   -1489.7969 -9.754 -10.137  762 
   54149.257400    1621.3162     293.5710    1569.0244     293.6663    0.0963    -574.1501    -566.6592 -2.421 -2.325  762 
   54150.328600    1055.6820     195.0144    1042.1409     195.5229    0.1428    -218.2461    -207.1259 -2.009 -1.737  762 
   54152.336000    -395.7451     177.8310    -286.3814     178.5230    0.0995    -238.9213    -223.8690 -1.599 -2.328  762 
   54152.342500    -263.2123     187.5660    -151.0735     188.1033    0.0233      11.2769      10.6745 -0.163  0.098  762 
   54156.154700   -4397.2641     202.1105   -4694.3520     202.8682    0.5057   -1229.8754   -1168.3705 -19.895 -24.930  762 
   54174.142000    -639.7464     162.0588    -577.7048     162.8735    0.2673   -1020.6654    -952.5892 -12.403 -12.565  762 
   54174.149600   -1209.7248     148.8166   -1104.3243     149.9739    0.3392    -707.6342    -652.8374 -10.285 -10.522  762 
   54176.305700     740.7515     193.5284     664.2287     194.1016    0.1459   -1746.0361   -1652.6347 -15.645 -14.312  762 
   54179.173100     743.2028     169.6208     830.4068     170.4541    0.0367    -692.1755    -643.5019 -6.477 -7.345  762 
   54201.218300    1191.0335     183.4601    1184.5212     184.0715    0.1341    -562.1302    -529.5306 -4.390 -5.007  762 
   54201.228100    1035.1351     217.3719     973.3527     217.7232    0.0070    -967.8156    -931.9071 -5.212 -6.167  762 
   54201.243600    1970.8104     261.7808    1945.0229     261.9878    0.2624    -186.2155    -182.0206 -1.726 -0.881  762 
   54205.179300    2937.5209     142.8620    3242.2240     143.8776    0.4490    -337.1549    -308.8484 -5.672 -5.207  762 
   54210.346400     954.6672     169.9221    1016.8202     170.6215    0.0998   -1780.5471   -1664.9284 -18.839 -19.571  762 
   54212.180600     867.4754     224.9929     859.6015     225.2670    0.1335   -1930.6682   -1863.5960 -16.350 -16.302  762 
   54213.208300     293.2548     221.1599     333.0151     221.4707    0.1014   -1035.3618    -996.7080 -11.412 -12.131  762 
   54230.223800    1142.6839     166.9269    1091.5186     167.7500    0.0397    -943.4463    -877.6542 -11.063 -11.444  762 
   54231.221900    2768.6108     245.1549    2756.1664     245.4027    0.2548    -802.0688    -778.6997 -3.118 -4.677  762 
   54240.235600    2563.6659     192.5987    2548.6818     193.0186    0.2230   -1050.2669   -1002.9397 -10.333 -10.460  762 
   54260.157900   -1226.5542     184.3704   -1397.3464     185.0678    0.3149    -900.9930    -849.7832 -10.435 -11.365  762 
   54260.162700    -972.8245     174.5665   -1205.2236     175.3680    0.2442    -631.6120    -592.4155 -8.703 -7.550  762 
   54260.175900    -896.5059     156.8452    -944.7147     157.8513    0.2936    -699.2330    -647.0140 -10.165 -9.641  762 
   54261.162600    -602.6676     196.4849    -587.7585     196.8706    0.1586    -564.6804    -539.6095 -5.143 -5.407  762 
   54261.174500    -744.3168     181.2963    -798.5606     181.9369    0.2525    -880.2067    -828.6854 -8.525 -9.435  762 
   54264.164600    -815.6428     161.7887    -827.7689     162.6333    0.2486    -492.6116    -460.3949 -7.291 -7.277  762 
   54264.180400    -875.7438     160.1556    -851.0941     160.7882    0.2418    -492.4667    -463.4785 -6.359 -6.691  762 
   54265.184200     174.9911     211.3426     163.4202     211.6104    0.0945    -975.1105    -940.5439 -7.582 -7.717  762 
   54265.195400    -484.8293     187.0104    -447.9765     187.3774    0.1876    -942.0446    -899.4442 -9.845 -9.338  762 
   54275.170700    -339.0163     333.4585    -368.4388     333.5436    0.0500    -156.4849    -154.1348 -1.399 -1.188  762 
   54275.178200     758.7081     310.3446     746.6875     310.4466    0.0473    -302.1144    -296.9746 -4.125 -2.621  762 
   54384.470800    3606.2256     224.8414    3572.4408     225.1826    0.4510    -454.5088    -437.5327 -2.611 -2.912  762 
   54384.481300    2412.9183     205.2792    2360.3886     205.7493    0.2337    -959.9439    -914.1451 -6.229 -7.136  762 
   54385.508300    2067.0679     192.7345    2117.4050     193.2583    0.1893    -989.9238    -936.9624 -10.882 -10.495  762 
   54386.497100    1645.3643     214.8426    1618.8751     215.2115    0.1379    -729.6650    -700.6277 -4.527 -5.005  762 
   54386.502700    3085.1517     220.1115    3081.0360     220.4147    0.3365    -519.2542    -500.8968 -2.630 -3.483  762 
   54388.451200   -2239.9864     151.0858   -2583.0229     152.5037    0.3285    -170.3995    -154.9343 -3.069 -3.053  762 
   54533.213700     303.0524     290.8522     249.3383     291.2966    0.0831    -811.4470    -781.4538 -4.395 -5.422  762 
   54534.352300    2949.9307     313.7437    2984.2046     314.0541    0.5626     331.5478     322.9077  2.449  1.791  762 
   54535.298300    4294.3312     232.3799    4349.4405     233.3825    0.7657    1321.3178    1236.5282 13.870 13.174  762 
   54536.149900    4019.8521     269.5366    3989.1715     269.8996    0.6687    2204.9168    2123.2767 22.061 21.263  762 
   54537.401500    5093.6145     190.1503    5256.2727     191.7036    0.8138     -48.1673     -44.6470  0.587 -0.818  762 
   54538.182200    6104.8223     422.9582    6107.0860     423.1162    0.6705     123.7895     121.8400  0.779  0.629  762 
   54538.197200    5461.9519     351.0875    5429.7016     351.3716    0.7220     626.2970     609.4436  4.007  4.394  762 
   54590.205000    1458.7566     200.6142    1413.4702     202.3193    0.3289     -11.6673     -10.7337  0.133 -0.173  762 
   54792.348600    -159.2136     226.3756    -234.7624     226.8003    0.1940    2025.7698    1941.5409 31.250 28.800  762 
   54792.505800       0.0000       3.7639       0.0000       3.7639       nan       0.0000       0.0000  0.000  0.000  762 
   54793.506900    3278.5532     328.3109    3257.1214     328.3937    0.7157   16626.2736   16384.7092 121.051 122.607  762 
   54794.486000       0.0000       3.1282       0.0000       3.1282       nan       0.0000       0.0000  0.000  0.000  762 
   54860.203100   -3728.6228     320.0828   -3878.5633     320.7982    0.5370     305.9029     292.1065  1.718  1.952  762 
   54861.126100   -3929.6197     318.8744   -4055.6746     319.3533    0.4573     743.8333     715.7311  5.214  5.740  762 
   54862.262500   -3241.4987     334.6706   -3296.7909     335.1914    0.4577     724.5237     698.6960  4.448  4.050  762 
   54912.158000   -3382.6938     303.9306   -3527.5340     304.0294    0.5095   19349.5772   19030.3375 141.086 144.511  762 
   54914.124500    7894.0697     845.9189    7778.4121     845.9760    0.5241  -21038.5755  -21027.3520 -29.047 -35.848  762 
   55126.484100   -1816.6457     283.8882   -1903.3087     284.5305    0.0832    1480.9514    1412.5062 13.754 14.004  762 
   55126.506900    -265.0184     276.0437    -320.9929     276.6958    0.2117    1454.0204    1386.5073 14.103 14.436  762 
   55208.301900       0.0000       3.4327       0.0000       3.4327       nan       0.0000       0.0000  0.000  0.000  762 
   55208.332500       0.0000       3.4723       0.0000       3.4723       nan       0.0000       0.0000  0.000  0.000  762 
   55273.269300     465.0446     281.7457     391.5908     282.4723    0.0082    -365.3191    -346.9369 -1.939 -2.636  762 
   55536.296400     210.9540     258.3855     162.6451     259.2264    0.0880     241.2960     227.2965  1.615  2.327  762 
   55538.328200    -769.8650     209.6521    -984.2226     211.7128    0.2126     186.1090     169.0358  4.521  2.952  762 
   55540.341300    -347.6633     392.6180    -383.2120     392.9180    0.0042     363.6730     355.5770  0.563  1.698  762 
   55599.206500     945.3833     364.3942     914.5713     364.6230    0.2293    1043.5894    1022.2630  6.330  5.182  762 
   55603.163800    -970.1812     305.8479    -984.0961     306.3890    0.1262     314.6304     301.3472  3.617  3.581  762 
   55679.251900    -158.2243     235.9447    -247.4692     237.2597    0.1609    -462.0163    -427.8587 -4.745 -5.398  762 
   55884.433200    -158.2243     235.9447    -247.4692     237.2597    0.1609    -462.0163    -427.8587 -4.745 -5.398  762 
   55889.434300   -1458.4136     295.3976   -1520.1106     296.1156    0.1535     721.1718     686.2530  5.985  5.782  762 
   55924.442100     849.5137     204.0026     843.1722     206.3228    0.2426     375.7518     343.0565  6.783  6.628  762 
   55925.373000    1669.8800     258.7211    1703.1221     259.6204    0.4930     501.9665     473.4869  6.624  5.061  762 
   55926.306500    1542.1516     211.6469    1499.8032     213.4719    0.4332     413.9236     380.4328  5.872  6.236  762 
   55927.348900    2784.3965     266.0842    2717.0902     267.0054    0.5637     475.2865     447.6156  5.167  5.020  762 
   55969.114700     -92.2751     318.0936    -125.3534     318.5072    0.1506    1047.1955    1012.3324  6.484  7.029  762 
   56045.159200      -0.9320     342.0428     -56.9465     342.4672    0.0094     112.3220     108.3685  1.523  0.975  762 
   56215.477100     955.7255     270.2542     964.0993     271.2568    0.0960    -506.8826    -475.9927 -5.451 -6.001  762 
   56217.469400    1261.5994     513.2046    1150.1063     513.4249    0.0857    -426.0733    -419.6705 -1.985 -1.813  762 
   56301.275300    -939.4807     325.8072    -952.9420     326.4233    0.5438   -2507.1799   -2403.4721 -16.824 -16.402  762 
