   54116.301000   10588.7229     465.1188   10250.7424     465.8651    0.4568   -2734.1429   -2675.5212 -9.585 -8.609  762 
   54127.317100    5858.9285     386.7448    6381.2469     387.5547    0.4639    1368.1337    1317.8993  9.109  9.057  762 
   54127.352800    7924.5752     383.2640    8480.9545     384.0357    0.5209    1080.0993    1044.0318  5.530  6.541  762 
   54149.238000      14.1866     291.8178    -524.4231     295.3788    0.0747    1351.9726    1214.2240  7.315  8.308  762 
   54149.257400    4652.3366     359.3504    4242.5717     360.4281    0.2664    -351.2082    -337.7757 -1.879 -1.395  762 
   54150.328600   -1118.6001     266.6279   -1819.7558     270.3478    0.3042    -921.4921    -814.9894 -6.934 -6.868  762 
   54152.336000     395.5775     245.9295     642.7947     250.1851    0.1489     544.2194     468.8343  5.889  5.089  762 
   54152.342500    1659.9948     256.2861    2333.2724     259.9482    0.3037     661.9742     581.6329  6.337  5.596  762 
   54156.154700   -8009.9168     250.8698   -8988.9339     254.0048    0.5460    -246.6940    -219.6658 -4.140 -4.630  762 
   54174.142000    1303.2011     226.3112    1739.7075     230.7244    0.3194     592.8147     511.3156  7.861  6.966  762 
   54174.149600    -495.8702     212.0091    -351.9527     217.0919    0.0496     770.1139     655.2717 11.012 10.805  762 
   54176.305700    3170.0675     262.8115    3702.2881     266.4088    0.3488     243.8817     214.9168  3.528  1.933  762 
   54179.173100    1895.2437     237.8018    1667.4387     242.5325    0.3455     843.5270     718.4634  9.915  8.426  762 
   54201.218300   -2255.5075     254.4733   -2863.5856     258.5392    0.3106     523.4052     455.8005  3.950  4.288  762 
   54201.228100   -4190.4219     292.1225   -5104.8813     295.1120    0.4109     764.6254     696.6837  4.170  4.586  762 
   54201.243600    1761.0148     340.7083    1641.1065     342.5878    0.2999     875.9383     826.1480  3.420  4.002  762 
   54205.179300   -1875.1733     205.5363   -1033.9927     210.4880    0.1032     299.0609     248.5218  4.281  4.372  762 
   54210.346400   -4631.8569     234.6560   -5075.8400     238.8492    0.5156    -325.9894    -278.5937 -2.724 -3.278  762 
   54212.180600    2585.4604     284.6910    2892.4997     287.2621    0.3481     493.2603     447.8095  5.468  4.052  762 
   54213.208300   -1639.8084     272.2885   -1558.3858     274.8429    0.1602     267.6513     240.5023  3.191  3.004  762 
   54230.223800   -3462.3106     230.0771   -3370.5412     234.4239    0.3064     841.2315     712.8406  8.055  9.462  762 
   54231.221900     -18.4302     316.0159      46.0552     318.2785    0.0898     819.7515     757.6276  4.687  4.576  762 
   54240.235600   -5116.4150     252.8218   -6101.6729     255.9698    0.3845     907.3378     801.8428  8.453  8.258  762 
   54260.157900   -8689.7598     246.2566  -10446.9649     250.2574    0.5803     704.8921     611.5300  8.641  7.993  762 
   54260.162700  -12499.1608     240.8919  -14710.5021     245.3683    0.6689    1073.2331     921.9387  9.879 11.404  762 
   54260.175900   -5723.2460     217.9202   -5722.6428     222.5120    0.4723     577.1155     483.9903  7.167  7.384  762 
   54261.162600   -9695.5934     262.2973  -10871.3978     265.4513    0.6418     411.4613     366.6351  3.101  3.536  762 
   54261.174500   -7222.0059     244.9732   -8222.6211     248.8065    0.5210     733.7289     636.4825  5.826  7.132  762 
   54264.164600   -5649.1849     218.7412   -6269.9410     222.9350    0.5869     407.3651     346.6887  7.587  5.524  762 
   54264.180400   -4298.4282     215.6515   -3502.1046     219.3416    0.3351     414.2680     356.6282  4.516  5.399  762 
   54265.184200    -614.0346     267.2602    -640.9927     269.6139    0.0164     524.8040     476.1851  3.600  3.976  762 
   54265.195400   -5827.8105     243.7193   -6292.2963     246.6509    0.4606     531.2402     471.2568  2.088  4.903  762 
   54275.170700   -2633.6135     378.5169   -3103.1808     379.5319    0.1808     577.6030     549.8919  4.662  4.197  762 
   54275.178200   -4327.7994     354.0662   -4731.4858     355.2566    0.2496     950.3814     896.6773  9.136  7.903  762 
   54384.470800    3122.4682     299.6929    2292.0153     302.7292    0.2448    1187.4854    1080.0974  7.175  7.193  762 
   54384.481300    2148.6607     277.1242    1277.0676     280.7293    0.2182    1462.7862    1305.4313  9.449 10.261  762 
   54385.508300     623.6805     257.4167     119.1343     261.2671    0.1052     778.8323     680.1432  8.041  7.674  762 
   54386.497100    5524.8906     286.2105    5134.3645     289.2540    0.4992     993.3343     900.7643  6.749  6.492  762 
   54386.502700    4125.9939     290.3728    4273.1577     293.1146    0.4866    1363.5862    1244.3211  8.543  8.810  762 
   54388.451200   -5044.8547     211.4975   -7459.7431     217.0123    0.3945     662.9373     553.8020 11.843 10.625  762 
   54533.213700   -1455.7884     386.5329   -2983.6572     390.5909    0.0943    1774.2228    1614.4391 11.135 11.128  762 
   54534.352300     407.0347     419.5479     818.7667     422.4568    0.1253     175.1252     163.4480  1.697  0.921  762 
   54535.298300   -4265.0136     336.2975   -5048.2600     342.9810    0.6693   -1491.3634   -1277.2352 -13.207 -13.675  762 
   54536.149900   -5181.3503     347.0688   -6320.2242     350.5248    0.3852     577.4438     520.5625  3.699  5.080  762 
   54537.401500   -4514.9473     280.0170   -6178.1752     287.4851    0.4345     -26.4770     -22.1895 -1.340 -0.394  762 
   54538.182200    -184.4653     522.6670    -799.1893     524.7229    0.1380    -838.3652    -798.2807 -2.840 -4.060  762 
   54538.197200   -1042.5823     441.7966   -1441.6160     444.8662    0.1075     510.3447     471.7420  3.231  3.389  762 
   54590.205000   -2200.0804     288.3631   -4073.0644     295.9740    0.2965     652.9963     543.5747  8.727  8.727  762 
   54792.348600    2166.3914     278.7736    1350.4050     281.5332    0.0609    -621.5523    -560.0016 -10.855 -8.242  762 
   54792.505800    1862.9585     365.6382    1328.1183     366.6288    0.0570    -342.2159    -324.2331 -3.967 -3.165  762 
   54793.506900    6274.6544     376.8263    5791.3234     377.9419    0.4189  -16028.7717  -15269.0427 -119.929 -115.400  762 
   54794.486000    2531.0838     339.3750    1402.6750     345.7446    0.1236    -149.0962    -127.7525 -1.765 -1.731  762 
   54860.203100    3913.1506     427.2333    2989.7981     431.7479    0.1237   -1701.5070   -1540.1074 -10.041 -10.218  762 
   54861.126100     872.4902     407.1249    -103.4745     410.8229    0.0828   -1058.5139    -965.1928 -8.309 -7.684  762 
   54862.262500    6986.0600     443.0929    6564.5214     446.8009    0.4913   -1750.3930   -1613.9823 -9.455 -9.371  762 
   54912.158000    4600.4213     345.3975    3567.3093     346.3734    0.4938  -18192.5269  -17320.8347 -127.795 -132.007  762 
   54914.124500   78594.6504    1041.9589   78554.8862    1042.2164    0.2495  -68579.4016  -68376.4279 -111.148 -116.288  762 
   55126.484100    2893.2317     371.0490    2982.1209     375.1225    0.2992    -456.2690    -409.8015 -4.108 -4.070  762 
   55126.506900    2941.8133     364.3048    2808.2909     368.6473    0.3362    -179.4961    -160.7902 -0.472 -1.665  762 
   55208.301900    4778.0514     330.4211    4514.5527     336.4013    0.3711    -629.3427    -544.8026 -7.406 -6.159  762 
   55208.332500    3383.7392     341.6577    2130.3784     348.2582    0.1271    -992.7888    -849.1728 -8.565 -9.481  762 
   55273.269300    1357.5009     387.4766     845.2300     392.4569    0.1929   -2491.2193   -2214.5466 -15.366 -16.839  762 
   55536.296400    5188.0423     348.0655    4553.0798     353.1780    0.3059   -1334.1411   -1170.0312 -12.729 -11.980  762 
   55538.328200    2758.0720     294.4887    1863.9045     301.9174    0.1460    -617.5149    -511.7194 -10.330 -9.066  762 
   55540.341300    4387.7358     504.2266    4049.7198     506.7936    0.0159   -4476.5740   -4231.5136 -21.175 -20.184  762 
   55599.206500    3524.8309     461.6088    2997.8461     463.8812    0.0984   -1820.9895   -1723.1549 -9.248 -8.700  762 
   55603.163800   -2776.5593     389.2444   -4314.3272     393.6264    0.3753   -1248.3950   -1115.7385 -12.812 -12.985  762 
   55679.251900     182.5725     325.3169     185.1766     331.4642    0.1707   -1679.8991   -1414.7104 -18.292 -18.205  762 
   55884.433200     182.5725     325.3169     185.1766     331.4642    0.1707   -1679.8991   -1414.7104 -18.292 -18.205  762 
   55889.434300    6150.1787     393.6021    6232.3710     398.2440    0.6154    -326.8788    -292.2185 -2.524 -2.490  762 
   55924.442100   -1212.1770     293.2482    -866.4507     300.6576    0.1247    -164.3765    -135.3666 -2.559 -2.680  762 
   55925.373000    2148.6445     354.8516    2361.1619     360.4902    0.3131    -413.2496    -360.7715 -4.604 -3.942  762 
   55926.306500    3595.2099     301.0460    4149.8899     307.9954    0.4973    -247.8040    -209.5366 -2.858 -3.528  762 
   55927.348900    2490.4722     359.7454    2482.3496     365.4267    0.3641    -385.6438    -334.8947 -4.823 -3.838  762 
   55969.114700    6963.9075     412.4793    7026.7003     415.6864    0.5254     198.0586     182.8894  1.202  1.274  762 
   56045.159200    3567.2870     425.9331    4015.6489     429.2871    0.2267   -1973.9720   -1796.1698 -15.399 -16.423  762 
   56215.477100   -1453.3724     374.9339   -1777.7962     380.7679    0.0357    2435.5131    2134.2541 23.881 25.227  762 
   56217.469400    3641.3332     633.3745    3336.4560     635.1787    0.4016    1401.0411    1348.7142  6.377  5.692  762 
   56301.275300    -171.3925     447.6811    -581.6425     452.0620    0.0636    1287.7920    1176.0325  8.769  7.688  762 
