   54116.301000    7983.0926     353.3499    7905.3838     353.5401    0.4715   -2444.3647   -2416.2339 -8.946 -7.731  762 
   54127.317100    5995.3458     340.0821    5960.6025     340.2796    0.3866   -1540.1236   -1512.5994 -9.206 -9.807  762 
   54127.352800    7679.9706     331.9686    7667.9031     332.1507    0.4435   -1952.9636   -1921.4462 -9.927 -11.362  762 
   54149.238000    3705.9121     203.7253    3618.1851     205.6365    0.3696   -1749.3007   -1605.8181 -11.877 -10.894  762 
   54149.257400    4367.9796     279.9317    4297.4862     280.2477    0.1039   -3253.2727   -3179.6376 -12.515 -13.000  762 
   54150.328600    3656.4887     190.4753    3764.8875     192.4789    0.6271     590.6153     537.8280  3.768  4.442  762 
   54152.336000    3151.0850     174.7191    3188.7123     177.6571    0.4106    -932.7518    -829.0244 -9.056 -8.562  762 
   54152.342500    3195.2949     183.2516    3276.0632     185.5390    0.4074    -934.1818    -844.6890 -6.950 -7.749  762 
   54156.154700    6206.0427     205.6038    6273.5230     207.8118    0.5350    -838.1580    -782.3458 -15.236 -16.043  762 
   54174.142000     755.4442     162.2722     141.6634     165.9424    0.0550    -520.6704    -460.3412 -5.113 -5.910  762 
   54174.149600     543.7250     150.4938     101.3426     155.3685    0.0289    -277.7457    -242.3834 -3.768 -3.756  762 
   54176.305700     463.2348     189.1966     659.0748     191.4083    0.0754   -1196.5618   -1082.6916 -9.262 -9.342  762 
   54179.173100     472.3192     168.8553     329.2304     172.5110    0.0544    -661.5850    -578.4917 -7.520 -6.502  762 
   54201.218300   -5651.8947     182.1337   -5832.2896     184.8747    0.8000    -399.8981    -355.1784 -2.311 -3.347  762 
   54201.228100   -5909.8655     210.0023   -6137.2950     211.5411    0.7617    -484.1824    -449.3958 -3.505 -2.992  762 
   54201.243600   -3675.7127     249.8863   -3760.6912     250.6802    0.5884   -1282.9378   -1229.6671 -6.936 -5.904  762 
   54205.179300   -4379.7585     147.0332   -5036.8734     152.2662    0.6371    -440.7482    -371.9073 -5.762 -6.163  762 
   54210.346400   -7083.8689     172.4688   -7646.2807     175.7921    0.8052    -782.3609    -684.2453 -8.668 -7.922  762 
   54212.180600   -6178.0422     225.2807   -6375.2743     226.5523    0.7925   -1848.6458   -1728.7765 -15.138 -14.749  762 
   54213.208300   -7330.3313     223.2179   -7607.8943     224.7145    0.7685   -1611.7884   -1497.1142 -16.976 -18.081  762 
   54230.223800   -7206.6697     168.9139   -7679.9946     172.5998    0.8234    -240.6473    -208.4044 -1.547 -2.724  762 
   54231.221900   -6673.3672     239.0208   -6737.4725     240.0796    0.7303    -660.3729    -623.9024 -4.421 -3.703  762 
   54240.235600   -3376.8946     193.2371   -3496.1859     195.0353    0.5280    -438.2881    -400.3003 -2.729 -4.144  762 
   54260.157900    1633.8019     186.2646    1853.7256     188.5324    0.3331     -31.6919     -28.5506  1.351 -0.373  762 
   54260.162700    -369.2438     174.4287    -442.9389     177.2596    0.0964     -48.2001     -42.7306 -0.081 -0.548  762 
   54260.175900     559.3684     158.3649     711.1799     162.0322    0.1404      58.1619      50.3363  1.308  0.743  762 
   54261.162600    1178.3373     197.0262    1181.1125     198.4574    0.1829    -151.5449    -139.7112 -1.653 -1.351  762 
   54261.174500    1673.9371     181.0427    1643.1136     183.4119    0.2609    -239.1236    -214.6095 -0.169 -2.420  762 
   54264.164600    1005.3298     164.3173     834.5198     167.6026    0.1790      87.3535      77.0975  0.122  1.198  762 
   54264.180400     971.1270     160.3099    1062.2182     162.9522    0.2390     278.7471     248.3210  2.765  3.591  762 
   54265.184200    1496.2521     206.6568    1460.8021     207.7183    0.1728    -118.7268    -110.9639 -1.342 -0.918  762 
   54265.195400    1537.9473     184.7866    1539.3325     186.3337    0.2378     -53.1288     -48.7383  1.001 -0.508  762 
   54275.170700    7208.0075     331.0357    7137.8827     331.3162    0.5299    -143.4935    -139.8986 -3.004 -1.073  762 
   54275.178200    3138.5762     307.5056    3114.9002     307.8929    0.3069     411.0448     398.2705 -1.781  3.541  762 
   54384.470800   -3968.3955     219.8914   -4310.9845     221.4651    0.6297   -1175.1407   -1091.1477 -7.081 -7.159  762 
   54384.481300   -3365.1852     203.0655   -3458.8472     205.0223    0.5720    -906.9940    -828.8794 -6.607 -6.318  762 
   54385.508300   -4245.7034     195.1211   -4512.5724     197.5424    0.6111    -346.0834    -312.0667 -3.612 -3.398  762 
   54386.497100   -4100.9767     211.1021   -4360.1104     212.6967    0.6657   -1297.7304   -1201.1780 -8.021 -8.394  762 
   54386.502700   -3496.8773     216.8631   -3676.5881     218.2123    0.5889   -1321.9901   -1235.0619 -9.143 -8.344  762 
   54388.451200   -2609.8655     155.7058   -3298.6624     160.6334    0.4155    -245.6765    -209.8095 -5.090 -3.991  762 
   54533.213700    9128.6624     278.9032    9152.2773     280.4078    0.8344    -329.9250    -309.2902 -2.077 -2.132  762 
   54534.352300    8436.5784     298.1778    8490.1223     299.2597    0.8932     167.2069     159.7791  0.371  0.869  762 
   54535.298300    6267.8655     230.5127    6418.7217     234.8052    0.7026   -1237.7591   -1090.2709 -10.873 -11.399  762 
   54536.149900    8880.6686     266.1951    8903.4671     267.6328    0.8399     117.1645     109.5936  1.827  1.096  762 
   54537.401500    5822.7741     194.2099    6134.6448     200.6688    0.7207     256.9148     220.7512  4.183  3.977  762 
   54538.182200    9888.3517     408.7719    9858.1591     409.3077    0.7692    -894.7118    -869.9139 -4.278 -4.459  762 
   54538.197200    8186.0878     346.1336    8218.2967     347.1564    0.7734    -270.8577    -258.5278 -1.793 -1.821  762 
   54590.205000    4495.4685     202.2262    4835.5437     208.4067    0.6405    -338.6098    -289.2681 -5.036 -4.624  762 
   54792.348600    8345.2764     230.1902    8414.3697     231.6282    0.7754     796.5402     744.4011 12.542 10.639  762 
   54792.505800    7813.8418     326.9536    7791.4664     327.2874    0.5460    1022.8126     994.9253 13.956  9.635  762 
   54793.506900    8602.4220     328.5573    8580.5976     328.8847    0.7743   11448.4220   11163.3812 80.292 81.201  762 
   54794.486000    7626.4980     249.3258    7899.6500     253.6609    0.7804    -131.6033    -116.9253 -2.080 -1.563  762 
   54860.203100   20049.7463     301.8251   20304.0520     303.5938    0.9367    -587.9098    -548.6083 -3.124 -3.658  762 
   54861.126100   20016.3550     311.1275   20090.6207     312.2845    0.9332    -165.2126    -156.5122 -1.451 -1.215  762 
   54862.262500   20435.5806     316.6602   20523.0739     317.9171    0.9505    -386.1008    -366.4008 -2.285 -2.072  762 
   54912.158000   15583.1836     295.5273   15561.9304     295.7688    0.7847   13855.7671   13504.9173 102.422 104.357  762 
   54914.124500   38861.2722     766.6354   38773.6615     766.6651    0.4744  -26445.4512  -26428.3005 -36.582 -45.883  762 
   55126.484100   27702.1988     273.3714   28133.9446     274.8834    0.9451     434.2794     406.4610  4.160  3.978  762 
   55126.506900   27678.0399     266.3504   28249.2022     268.0301    0.9378     980.8869     916.3580  7.912  9.394  762 
   55208.301900   -7364.6814     236.6965   -7976.5202     241.6857    0.8148     727.6191     634.1021  7.763  7.027  762 
   55208.332500   -6849.3693     245.0263   -7550.1631     250.6680    0.7844     722.3291     626.2989  7.290  6.987  762 
   55273.269300   -6126.4408     273.5298   -6391.3418     276.7026    0.7464     578.9282     523.0680  3.064  3.978  762 
   55536.296400   -1097.4852     258.4143   -1347.1795     261.7986    0.2138     131.8259     118.4993 -0.072  1.189  762 
   55538.328200    -466.4554     212.9278    -587.1738     220.5163    0.1741    -195.2039    -165.4846 -3.600 -2.872  762 
   55540.341300     853.3105     377.8108     699.1865     378.8014    0.0998   -1442.5194   -1388.3175 -7.191 -6.480  762 
   55599.206500   23842.3124     346.6462   23826.7670     347.1990    0.9319     601.8855     584.1948  3.037  2.905  762 
   55603.163800   22583.0881     302.6749   22952.7647     304.2058    0.9259    -236.4034    -221.7366 -2.728 -2.571  762 
   55679.251900   -2458.9874     236.7961   -2870.3146     242.2097    0.4583     384.8504     332.7900  6.656  4.202  762 
   55884.433200   -2458.9874     236.7961   -2870.3146     242.2097    0.4583     384.8504     332.7900  6.656  4.202  762 
   55889.434300    4245.0362     289.1572    4096.0656     291.8339    0.6969     249.7300     229.1422  1.875  1.896  762 
   55924.442100   -2451.0349     208.7050   -2956.1977     218.0567    0.3716     126.0579     106.0444  0.577  2.027  762 
   55925.373000   -3176.2174     259.1364   -3538.9268     263.3429    0.5892     165.9410     148.3264  1.837  1.554  762 
   55926.306500   -1971.2059     215.6499   -2762.9171     223.5383    0.4266     103.8536      89.1988  0.816  1.428  762 
   55927.348900   -2939.0485     267.9439   -3239.3570     271.9979    0.5174     140.2393     125.3112  1.646  1.378  762 
   55969.114700    8240.5324     310.0989    8281.7136     311.3850    0.8194     336.9310     319.2388  2.032  2.155  762 
   56045.159200   11846.7654     333.8744   12032.2687     335.2615    0.8809    1129.9519    1065.0149  9.057  9.584  762 
   56215.477100   -6001.2968     267.3009   -6696.9884     272.5907    0.7207   -1182.2047   -1043.0076 -15.484 -13.960  762 
   56217.469400   -4045.4351     490.3043   -4216.0818     491.0157    0.7284   -3761.4067   -3660.8889 -16.444 -16.006  762 
   56301.275300    1758.1571     309.5584    1664.1592     312.0540    0.0283   -1959.3867   -1810.8128 -12.987 -12.693  762 
