   54116.301000     350.6345     367.6968     294.7723     367.9112    0.0726   -1114.2509   -1100.1536 -4.399 -3.581  762 
   54127.317100   -5024.1148     314.6697   -5152.7302     315.0343    0.3371     610.9203     594.7954  3.403  4.716  762 
   54127.352800   -5563.4237     311.4484   -5752.9514     311.7823    0.3581     781.4677     762.8031  6.523  5.396  762 
   54149.238000    -872.8624     212.0761    -963.8511     213.7963    0.1922    -448.8676    -415.0015 -1.993 -2.885  762 
   54149.257400    2719.0357     284.4269    2761.5421     284.7218    0.2583       1.2648       1.2371 -1.037  0.005  762 
   54150.328600     718.4063     196.9052     691.3788     198.7046    0.1129     137.0685     126.0248  1.215  1.057  762 
   54152.336000    1750.1082     168.9471    2544.2334     172.1522    0.1569   -1110.6605    -980.8181 -12.046 -12.248  762 
   54152.342500     745.8840     176.7535    1505.8316     179.3952    0.0534   -1033.2918    -923.7447 -12.343 -10.358  762 
   54156.154700   -3633.0287     223.5566   -5239.0176     225.6571    0.2525    1256.7528    1170.9654 20.839 20.706  762 
   54174.142000    1594.5876     160.2686    2063.8691     163.9999    0.3584     155.9355     137.2174  2.065  2.035  762 
   54174.149600    -152.9897     152.9336    -207.3863     157.8667    0.0026     256.8166     222.0866  3.974  3.743  762 
   54176.305700    1652.3504     182.7082    1760.4451     185.3024    0.1254    -834.8613    -748.1907 -6.857 -7.732  762 
   54179.173100    1097.4393     168.0718    1259.5481     171.6039    0.0851    -851.9802    -746.1409 -9.298 -9.376  762 
   54201.218300   -1784.2561     190.0621   -2127.3888     192.1905    0.2612    -379.4574    -345.8177 -2.574 -3.118  762 
   54201.228100   -2447.4092     220.1789   -2435.8816     221.2503    0.2753     159.7087     150.8117  1.333  0.977  762 
   54201.243600   -1220.2801     258.9641   -1251.1668     259.6390    0.1120     492.3250     474.1444  2.512  2.320  762 
   54205.179300   -1520.0306     141.8497   -1428.5820     147.8285    0.1588    -104.1791     -88.6199 -2.944 -1.733  762 
   54210.346400    -704.5643     177.3871   -1161.4800     179.9948    0.2030    -384.3891    -344.3480 -2.661 -3.874  762 
   54212.180600     210.5891     212.7374     140.6492     214.2720    0.0864     619.9387     576.2223  6.511  5.888  762 
   54213.208300    2103.2120     215.8768    2312.7067     217.2142    0.3638     289.1745     270.3615  4.303  3.593  762 
   54230.223800    2284.2825     167.8502    2631.6374     170.6734    0.3963     -14.4543     -12.8382 -1.800 -0.175  762 
   54231.221900    4301.1128     241.6541    4440.3142     242.4445    0.5129    -239.0801    -227.9427 -1.484 -1.398  762 
   54240.235600    1786.4752     203.4722    1689.0876     204.7043    0.2648     346.8194     323.7123  1.754  3.066  762 
   54260.157900    4318.4745     200.9736    4212.7954     202.4300    0.3922    -796.6278    -739.9772 -6.505 -8.300  762 
   54260.162700    1521.3589     191.6371     950.2279     193.3584    0.0255    -761.3312    -700.7528 -8.244 -7.382  762 
   54260.175900    4957.1651     157.5110    5140.3852     160.9511    0.6829    -730.2974    -641.9867 -8.874 -10.096  762 
   54261.162600    5954.8181     218.1716    5976.3146     218.8575    0.4415   -1082.5686   -1032.5738 -7.917 -8.163  762 
   54261.174500    4559.6804     193.0497    4419.5930     194.6265    0.4728    -862.1023    -795.4760 -7.733 -8.009  762 
   54264.164600    5070.6371     168.3265    5263.4251     170.9143    0.5910    -597.5381    -535.1793 -7.441 -8.184  762 
   54264.180400    4328.2844     152.4729    5104.8869     155.5918    0.5436    -606.2361    -536.5383 -9.785 -9.471  762 
   54265.184200    4174.6700     202.8659    4056.6821     203.9671    0.3583   -1201.2409   -1125.6291 -9.224 -10.165  762 
   54265.195400    3779.7606     188.8309    3485.9300     190.1856    0.3639    -453.9551    -422.3054 -5.311 -4.357  762 
   54275.170700    3984.1479     342.3747    3931.7666     342.5979    0.2287   -1394.6284   -1365.7519 -11.370 -9.913  762 
   54275.178200    2832.0196     313.2755    2743.0287     313.6265    0.1334   -1419.7683   -1380.0745 -10.669 -11.986  762 
   54384.470800    -416.4765     225.8166    -588.1270     227.0984    0.2389   -1006.3788    -943.2900 -5.939 -6.296  762 
   54384.481300    1054.8783     205.4630     928.2943     207.1190    0.0234   -1165.8193   -1075.5999 -9.977 -8.533  762 
   54385.508300    1704.9362     197.2192    1370.1522     199.3862    0.0896    -841.0433    -764.8699 -6.990 -8.533  762 
   54386.497100    1284.4237     211.5534    1198.0361     212.9357    0.0473    -941.3288    -877.0509 -7.310 -6.550  762 
   54386.502700      59.7418     213.1946     -46.4034     214.5882    0.1377   -1043.6139    -972.6818 -7.175 -7.384  762 
   54388.451200    -864.1815     170.1121   -3029.2804     173.6978    0.2331    -583.0628    -520.7758 -6.609 -8.131  762 
   54533.213700    -244.0039     294.9303      15.7964     296.0807    0.2030   -1890.8267   -1791.8407 -10.725 -12.080  762 
   54534.352300   -2114.3998     302.3528   -1930.4553     303.6620    0.4535   -1197.4955   -1137.2421 -6.718 -6.848  762 
   54535.298300     825.1106     240.7235    1398.2129     244.3164    0.5507    2288.9700    2045.4486 21.365 21.341  762 
   54536.149900   -5646.9497     292.5675   -6103.7897     293.7570    0.5413   -1110.8219   -1053.5645 -8.501 -9.068  762 
   54537.401500   -2000.3972     220.6066   -2306.8632     225.0349    0.3528     -25.5141     -22.8726 -0.062 -0.322  762 
   54538.182200   -2259.8494     436.4684   -2338.7728     436.9697    0.4653   -1688.6551   -1648.5037 -8.295 -7.993  762 
   54538.197200   -2092.7354     359.4764   -2101.8964     360.4708    0.4120   -1466.1006   -1404.2339 -9.564 -9.761  762 
   54590.205000    3730.3042     213.8532    4052.9710     218.4225    0.5951    -452.2152    -398.3407 -5.403 -5.893  762 
   54792.348600    6326.5736     242.7892    5922.5488     244.0503    0.5443     765.3033     719.9516  8.082  9.446  762 
   54792.505800    6520.1495     335.3862    6514.3138     335.6730    0.3324    -951.7351    -928.1394 -10.830 -8.749  762 
   54793.506900   11056.6913     324.4596   11235.3065     324.7128    0.8122    8566.8543    8374.9787 63.612 65.117  762 
   54794.486000    4979.5790     262.9663    4787.2454     266.7568    0.6174      69.5844      62.6669  0.585  0.801  762 
   54860.203100    6749.1185     324.9985    6462.4835     326.7920    0.6943     -98.0287     -92.0974  0.637 -0.591  762 
   54861.126100    5318.8284     328.3798    5060.2217     329.5997    0.5753    1369.9103    1300.9476  9.750  9.775  762 
   54862.262500    6081.3812     333.0676    5781.4370     334.5627    0.6719    -195.0867    -184.7952 -1.817 -1.068  762 
   54912.158000   -1918.3038     301.7852   -1918.5258     302.0480    0.2199    5560.7635    5416.6108 41.762 42.565  762 
   54914.124500   51509.4114     840.8393   51451.7290     840.8808    0.6213  -28299.5050  -28273.7657 -48.258 -47.285  762 
   55126.484100    4688.3681     290.7131    4442.0418     292.7037    0.5770     684.1899     636.6017  7.144  6.151  762 
   55126.506900    3867.3860     288.2686    3587.4668     290.3629    0.5862     849.4652     790.5142  7.478  7.708  762 
   55208.301900    4541.8448     240.0045    4174.2066     244.1237    0.6282     660.8024     589.0806  6.216  6.717  762 
   55208.332500    5588.3122     254.6686    5552.3681     258.5164    0.7836     106.7955      95.5835  0.846  1.028  762 
   55273.269300    4891.2518     284.0214    4899.1735     286.3443    0.6752    -169.8875    -156.5135 -0.601 -1.189  762 
   55536.296400   -4332.1321     270.1526   -5138.4420     273.3503    0.4379    1101.6727     995.8170  8.937  9.792  762 
   55538.328200   -6104.8416     222.4182   -8006.6506     230.3136    0.6272     670.1951     568.1120 10.001  9.728  762 
   55540.341300      16.0798     392.7269    -179.9812     393.6822    0.0360     507.5992     489.3779  1.615  2.317  762 
   55599.206500    8970.6333     367.1373    8915.0355     367.7130    0.6684     409.2575     397.5094  0.190  1.968  762 
   55603.163800    6164.1330     331.8846    5819.1135     333.4467    0.6254    1227.5021    1157.6581 12.463 11.701  762 
   55679.251900    1356.3999     238.8244     630.8519     243.9397    0.1033      19.2019      16.8092  1.030  0.222  762 
   55884.433200    1356.3999     238.8244     630.8519     243.9397    0.1033      19.2019      16.8092  1.030  0.222  762 
   55889.434300   -1820.4325     294.7880   -2191.6086     297.6390    0.2293     198.6962     182.3729  2.516  1.602  762 
   55924.442100   -3481.8716     215.8596   -4478.3196     224.9273    0.4123     157.4180     134.1638  1.397  2.601  762 
   55925.373000   -2640.5660     259.0818   -3061.0235     263.2434    0.4102     211.5530     189.3399  2.168  2.175  762 
   55926.306500   -4189.6744     219.6750   -4808.3059     227.8420    0.5622     363.9464     310.2976  6.346  5.373  762 
   55927.348900   -3205.6270     268.3116   -3471.4475     272.3521    0.4876     205.8715     184.1508  1.314  2.203  762 
   55969.114700   -4029.1783     320.6597   -4193.7065     322.1268    0.4752     212.2859     200.3775  2.472  1.398  762 
   56045.159200    7257.1637     335.4192    7273.2360     336.9614    0.7243     -73.2652     -68.9937  0.113 -0.661  762 
   56215.477100   -4671.9374     316.6031   -4868.0972     318.8100    0.5359    -741.5215    -693.0580 -7.190 -6.313  762 
   56217.469400   -2350.0264     544.0711   -2447.6564     544.4777    0.3467    -765.1783    -752.3928 -2.365 -2.920  762 
   56301.275300    6711.9710     354.5704    6782.6608     355.6510    0.5090   -2590.0750   -2485.7185 -13.280 -13.941  762 
