   54116.301000   -1033.6086     413.8140   -1097.4772     413.9294    0.5012   -5602.4982   -5559.8149 -15.874 -17.899  762 
   54127.317100    -743.4605     354.0999    -721.7913     354.1996    0.0599      -7.3334      -7.2458 -0.879 -0.049  762 
   54127.352800   -1643.7430     349.1242   -1593.1801     349.2182    0.1077     373.7496     369.4159  0.524  2.297  762 
   54149.238000     343.1850     237.4236     304.3476     238.0301    0.1142   -1145.8462   -1097.1411 -7.941 -7.516  762 
   54149.257400    1606.1348     317.9919    1525.3504     318.1395    0.0072   -1454.5815   -1435.1822 -3.427 -5.922  762 
   54150.328600     558.1763     214.8629     525.8624     215.5419    0.0131    -464.8456    -442.7283 -4.660 -3.751  762 
   54152.336000   -2090.3509     196.1038   -2080.7332     197.0693    0.3468      43.4826      40.8100  1.011  0.433  762 
   54152.342500   -1051.1913     206.6754   -1031.1412     207.3966    0.1641    -192.0406    -182.1732 -1.806 -1.714  762 
   54156.154700  -13559.3281     212.5819  -14224.1058     213.7494    0.7937    -981.8962    -920.4535 -20.339 -20.000  762 
   54174.142000   -4610.3461     177.7562   -4578.8490     178.9034    0.6557    -353.0098    -329.1454 -5.420 -4.481  762 
   54174.149600   -4532.5176     163.1499   -4551.4217     164.7144    0.6710    -318.0625    -293.0358 -4.666 -4.893  762 
   54176.305700   -4673.5362     214.0193   -4770.9977     214.7978    0.6418    -783.0384    -741.5535 -6.953 -6.536  762 
   54179.173100   -5879.0950     188.1366   -5961.1865     189.3572    0.7372    -180.1103    -167.0170 -1.792 -1.951  762 
   54201.218300   -3866.7178     203.7536   -3959.9808     204.6212    0.6349    -323.7058    -304.8141 -3.804 -2.893  762 
   54201.228100   -3974.4761     241.7538   -4133.3411     242.2665    0.5970    -680.8115    -655.6124 -3.615 -4.338  762 
   54201.243600   -1959.5715     290.1642   -2019.1177     290.4611    0.2836    -253.6877    -248.1186 -2.494 -1.205  762 
   54205.179300    -788.8529     156.9003    -537.8840     158.3175    0.1134    -178.0958    -162.8826 -3.779 -2.847  762 
   54210.346400     720.7936     185.3499     643.5815     186.3220    0.0452   -1006.6514    -942.3011 -12.258 -11.205  762 
   54212.180600    1755.7457     239.7618    1785.9284     240.1595    0.1314    -751.4208    -725.6722 -6.678 -6.496  762 
   54213.208300     210.5696     231.9368     205.9126     232.4307    0.0085    -153.4065    -147.3018 -2.926 -1.829  762 
   54230.223800   -2952.3406     182.5660   -3182.6550     183.7415    0.4795    -372.9599    -346.0426 -5.027 -4.582  762 
   54231.221900    -639.7747     268.0170    -688.0622     268.3797    0.1492    -494.7489    -480.1618 -2.080 -2.904  762 
   54240.235600    1924.8870     207.4970    1864.2733     208.0673    0.1904    -584.0502    -557.3846 -3.267 -5.827  762 
   54260.157900    3042.4350     197.0487    2839.8056     197.9018    0.3585    -307.0389    -290.3575 -5.698 -3.900  762 
   54260.162700    3775.8891     189.1322    3529.1417     190.0612    0.4168    -328.7065    -309.9464 -5.448 -3.933  762 
   54260.175900    4939.9624     168.8410    4883.1068     170.0396    0.6618    -577.5554    -536.9230 -9.601 -8.167  762 
   54261.162600    4397.7380     212.1223    4285.9830     212.6426    0.4791    -674.7922    -646.5558 -7.040 -6.457  762 
   54261.174500    3784.4335     195.7318    3670.5868     196.4962    0.4520    -575.0745    -543.7274 -5.322 -6.207  762 
   54264.164600    2708.1523     172.9845    2677.0945     174.0363    0.4077    -547.2939    -511.7947 -7.982 -8.227  762 
   54264.180400    3531.7352     171.0484    3629.2026     171.8741    0.5411    -412.0183    -388.5161 -5.568 -5.778  762 
   54265.184200    2130.6556     225.9614    2147.7282     226.3227    0.1790    -671.5542    -648.5195 -5.664 -5.388  762 
   54265.195400    2822.9398     200.3376    2791.0754     200.8427    0.2790    -445.9133    -426.5856 -3.205 -4.463  762 
   54275.170700    2905.9021     344.3050    2874.2751     344.4275    0.2562    -109.7159    -108.0177 -3.382 -0.834  762 
   54275.178200    1829.5547     320.4884    1710.9007     320.6641    0.1527     -12.1119     -11.8863  0.316 -0.105  762 
   54384.470800    -714.8238     248.6778    -763.4078     249.1697    0.0532     412.2418     396.6204  2.443  2.658  762 
   54384.481300    -689.1996     226.1429    -734.7924     226.7801    0.0688     317.5130     302.8356 -0.157  2.392  762 
   54385.508300   -1596.7971     208.7433   -1567.3878     209.5349    0.2830    -125.7153    -118.5417 -2.877 -1.353  762 
   54386.497100     988.6303     236.2105     982.3142     236.6912    0.0486    -679.1663    -653.1582 -2.942 -4.722  762 
   54386.502700     -32.9309     241.3041     -31.7174     241.7540    0.0012      41.8666      40.3625 -0.102  0.286  762 
   54388.451200   -3857.5414     164.2158   -4318.5200     165.9610    0.4346    -226.3466    -205.1794 -3.241 -4.079  762 
   54533.213700   -6313.1634     321.5546   -6380.6525     322.2081    0.6986    -632.7882    -609.1665 -3.313 -4.235  762 
   54534.352300   -1809.3543     349.8634   -1775.2427     350.3102    0.3143     102.2293      99.5893  0.160  0.560  762 
   54535.298300   -1643.8374     261.0527   -1729.3157     262.5807    0.3770    -493.3349    -461.7678 -4.338 -4.985  762 
   54536.149900   -2585.7994     290.9053   -2657.9178     291.4863    0.0778    2183.1955    2095.0075 20.001 20.847  762 
   54537.401500     745.1617     211.5416     496.3308     213.7956    0.1900     454.6714     419.6094  7.644  7.651  762 
   54538.182200    1496.5510     456.7568    1484.9913     457.0041    0.2835     631.9267     621.4193  3.243  3.198  762 
   54538.197200     316.8103     377.3127     308.5617     377.7618    0.2029    1130.4762    1098.0644  7.791  7.971  762 
   54590.205000   -4913.9244     222.5791   -5444.2617     225.0150    0.5444     326.4529     298.9632  4.218  4.858  762 
   54792.348600   -6462.2405     237.8116   -6629.2964     238.4808    0.4978    1885.9318    1796.0186 28.670 27.049  762 
   54792.505800   -5126.1133     336.1155   -5178.3503     336.2737    0.1279    3337.7982    3272.8684 29.924 32.204  762 
   54793.506900     258.8913     340.3998     156.0505     340.5500    0.4795    7969.4638    7838.3573 63.495 59.483  762 
   54794.486000   -5520.9608     272.3170   -5957.7843     274.1929    0.5714     418.9418     389.3566  4.798  5.338  762 
   54860.203100   -7885.5026     355.0729   -8042.1936     355.9849    0.7968    -526.8703    -504.0000 -1.843 -3.373  762 
   54861.126100   -8450.8204     344.3419   -8608.6932     345.0180    0.7479     834.6462     801.6714  8.466  6.472  762 
   54862.262500   -5721.6862     370.9535   -5818.9383     371.6483    0.7295     -77.1850     -74.5324  1.556 -0.436  762 
   54912.158000  -10962.8955     315.9902  -11218.2880     316.1536    0.0370   10603.3687   10406.7268 75.293 79.345  762 
   54914.124500   17757.5507     939.6432   17679.8706     939.7293    0.6614  -35722.5065  -35691.2577 -35.593 -60.913  762 
   55126.484100   -5711.3043     307.6129   -5920.6632     308.5212    0.5891    1142.6759    1088.5715 12.868 10.902  762 
   55126.506900   -5783.7469     299.7534   -5876.6030     300.6794    0.5770    1805.2622    1719.5061 18.704 18.059  762 
   55208.301900   -4682.2943     261.9553   -5065.3818     263.5798    0.5960       0.0000       0.0000 -0.625  0.000  762 
   55208.332500   -4008.4428     271.2570   -4452.0059     273.0542    0.5952    -499.4756    -464.1237 -5.486 -5.228  762 
   55273.269300     -60.8181     313.4105     -94.6802     314.3372    0.0077     143.8410     137.1207  0.680  1.047  762 
   55536.296400   -4852.9641     282.7909   -4918.4749     283.9306    0.6522     477.9128     449.2585  5.547  4.656  762 
   55538.328200   -7190.5574     231.1453   -7582.5671     233.8868    0.8490     233.0675     210.0698  5.047  3.730  762 
   55540.341300   -4228.1199     432.3047   -4332.1371     432.7434    0.5934   -1595.0558   -1559.1009 -5.945 -7.494  762 
   55599.206500   -3151.5161     398.0885   -3194.0344     398.4186    0.2567     890.6561     872.0713  5.899  4.437  762 
   55603.163800   -1378.7277     325.1168   -1413.1581     325.9049    0.1731     391.5462     373.9054  4.291  4.460  762 
   55679.251900    -987.9501     257.3943   -1190.3786     259.1221    0.2391    -153.7069    -142.3646 -1.074 -1.826  762 
   55884.433200    -987.9501     257.3943   -1190.3786     259.1221    0.2391    -153.7069    -142.3646 -1.074 -1.826  762 
   55889.434300   -3253.4779     323.1876   -3337.3390     324.1459    0.3976     465.3709     443.4616  4.255  3.790  762 
   55924.442100    1582.7763     223.2615    1599.4167     225.9689    0.3530     117.1179     106.7970  2.577  2.107  762 
   55925.373000    1111.4183     282.9282    1096.8890     284.1593    0.3638     557.2006     525.9923  4.900  5.741  762 
   55926.306500     158.9706     232.2018     262.9703     234.3198    0.1159     323.0125     296.8504  4.282  4.998  762 
   55927.348900    1227.4067     289.4489    1216.8829     290.6696    0.2923     217.4404     204.7097  3.550  2.340  762 
   55969.114700   -4151.5478     347.0717   -4159.7732     347.6156    0.4559     878.4775     849.6512  8.088  5.964  762 
   56045.159200    -676.7466     364.4972    -744.0439     365.1142    0.0685     319.9886     308.3961  3.163  2.801  762 
   56215.477100    3449.9337     297.1892    3495.0918     298.3516    0.4400    -524.8628    -495.6053 -5.574 -6.072  762 
   56217.469400    6191.0417     557.3016    6160.2319     557.5220    0.4469   -2154.3717   -2126.2963 -9.528 -9.088  762 
   56301.275300   -5941.8588     366.9869   -6051.0800     367.8099    0.8261   -2343.6999   -2252.1364 -14.630 -15.077  762 
