   54116.301000    1925.0868     406.9662    1867.9151     407.1501    0.0500   -2493.7891   -2476.1006 -6.703 -7.934  762 
   54127.317100    5053.6722     354.1349    5011.7976     354.2624    0.3410    -482.0733    -476.7502 -1.679 -3.185  762 
   54127.352800    3002.5430     348.0818    2969.5813     348.2048    0.1682    -731.0504    -723.8411 -5.113 -4.436  762 
   54149.238000    1252.5475     234.3471    1134.0174     235.0363    0.1330   -2244.9652   -2153.5802 -15.290 -14.557  762 
   54149.257400     597.9709     314.6956     503.5885     314.9018    0.1329    1051.3746    1037.2360  3.925  4.238  762 
   54150.328600    1272.2491     212.3369    1228.7052     213.0124    0.2348     358.9671     342.6667  1.175  2.872  762 
   54152.336000    1167.4991     194.4954    1139.0855     195.3561    0.0709    -770.5544    -728.1478 -8.368 -7.517  762 
   54152.342500    2267.9778     204.9657    2217.6292     205.7309    0.1920    -805.2825    -767.7007 -7.720 -7.035  762 
   54156.154700   -8098.7960     210.2277   -7969.6139     210.6485    0.5083    -769.4704    -733.9282 -13.067 -15.675  762 
   54174.142000   -1355.6013     176.2672   -1316.7818     177.2022    0.4119   -1724.2940   -1618.7454 -21.174 -21.470  762 
   54174.149600   -1720.7626     161.3533   -1522.7737     162.3667    0.3972   -1479.6968   -1378.7419 -20.255 -22.431  762 
   54176.305700    2177.8907     211.2098    1972.2187     211.9857    0.0453   -2471.5623   -2359.1620 -20.654 -20.291  762 
   54179.173100     675.8622     185.2095     635.3559     186.1504    0.0483    -992.5159    -930.9895 -10.669 -10.603  762 
   54201.218300    2098.1011     200.1209    1961.2155     200.8908    0.1152   -1280.7175   -1215.5493 -12.557 -11.400  762 
   54201.228100     638.6933     238.1661     414.0019     238.7452    0.1766   -1695.5332   -1637.2944 -11.973 -10.723  762 
   54201.243600    1747.1706     285.9288    1654.6543     286.3163    0.0236   -1510.5607   -1478.7957 -7.098 -7.135  762 
   54205.179300    1432.5748     155.4839    1660.1755     156.4504    0.1358    -921.5295    -856.0367 -13.614 -14.396  762 
   54210.346400    1160.2440     183.0896     978.5292     183.9030    0.0895   -1840.9709   -1738.3515 -23.324 -20.355  762 
   54212.180600    4523.0648     238.8714    4420.5407     239.3213    0.1732   -2944.2710   -2849.9821 -23.123 -25.007  762 
   54213.208300     781.6897     232.3830     681.8795     232.7912    0.1032   -1650.2210   -1592.7919 -20.001 -19.257  762 
   54230.223800    1035.1848     180.7121     836.9582     181.6162    0.0953   -1633.7870   -1533.4399 -19.343 -19.750  762 
   54231.221900    3807.0684     264.5549    3772.5757     264.9426    0.1732   -2259.0156   -2199.5069 -13.330 -13.177  762 
   54240.235600    3612.5075     205.3748    3443.4119     205.8965    0.1709   -1999.7626   -1918.1639 -19.388 -19.857  762 
   54260.157900     494.4426     195.4798      75.0232     196.2231    0.1855   -1957.7835   -1859.8404 -27.384 -24.821  762 
   54260.162700    2123.7095     187.1974    1554.7606     188.0734    0.0086   -1547.0207   -1466.6782 -21.712 -18.459  762 
   54260.175900    2006.9637     168.5325    1701.4218     169.4974    0.0123   -1705.5259   -1599.7818 -23.799 -23.622  762 
   54261.162600    3569.1419     208.3341    3397.8985     208.8629    0.1695   -1884.8032   -1813.8811 -18.879 -18.275  762 
   54261.174500    3566.3476     193.3451    3395.0368     193.9831    0.1449   -2289.3625   -2180.8264 -23.145 -24.673  762 
   54264.164600    1681.1626     171.9751    1524.0659     172.7488    0.1564    -595.9606    -562.9936 -10.923 -8.840  762 
   54264.180400    3211.4471     171.4652    3049.2577     172.2247    0.2645   -1022.7272    -971.1774 -15.026 -13.882  762 
   54265.184200    1780.5369     225.6544    1599.8774     226.0603    0.0075   -1728.5995   -1672.9865 -14.741 -13.597  762 
   54265.195400    4347.9988     199.0867    4166.4331     199.5715    0.1766   -2343.6401   -2254.9778 -22.879 -23.160  762 
   54275.170700    3165.7974     343.5747    3009.6341     343.7134    0.0952   -1786.8273   -1761.1442 -13.345 -13.511  762 
   54275.178200    2682.1204     320.8999    2538.9709     321.0594    0.0972   -1408.6057   -1385.3720 -10.641 -12.093  762 
   54384.470800      68.8172     245.4297      -4.1353     245.9741    0.1849   -1447.7393   -1395.0347 -9.325 -9.256  762 
   54384.481300     -39.7430     223.4088     -53.6874     224.0334    0.2249   -1553.8879   -1484.7733 -11.251 -11.616  762 
   54385.508300     802.3789     206.5328     847.9520     207.1764    0.0717   -1411.4933   -1340.1245 -15.859 -15.039  762 
   54386.497100    1325.9518     233.5345    1282.3711     234.1053    0.1017    -582.1163    -560.0757 -5.429 -4.005  762 
   54386.502700    1654.1176     238.7517    1672.7558     239.2660    0.1367    -657.7073    -634.8874 -3.730 -4.439  762 
   54388.451200   -6217.9335     162.0028   -6053.0054     162.8797    0.4369    -416.3892    -383.2965  0.132 -7.542  762 
   54533.213700       0.0000       4.5100       0.0000       4.5100       nan       0.0000       0.0000  0.000  0.000  762 
   54534.352300    4362.1695     344.2238    4309.9629     344.8736    0.6618     603.0203     587.8047  2.282  3.266  762 
   54535.298300    2806.5558     255.9402    2629.5366     257.3383    0.6289    2201.5835    2073.5608 21.555 22.060  762 
   54536.149900     994.2984     286.9754    1011.5557     287.4687    0.4638    3319.2427    3199.5067 32.114 31.701  762 
   54537.401500       0.0000       2.6709       0.0000       2.6709       nan       0.0000       0.0000  0.000  0.000  762 
   54538.182200    4607.6839     450.5826    4544.7218     450.9150    0.5812    1472.0797    1448.9804  8.180  7.447  762 
   54538.197200    3292.3960     373.0792    3298.8057     373.5492    0.5990    1387.8820    1351.0123 10.648  9.757  762 
   54590.205000       0.0000       2.8755       0.0000       2.8755       nan       0.0000       0.0000  0.000  0.000  762 
   54792.348600       0.0004       2.9792       2.1624       3.0040    0.0018       0.0000       0.0000 15.701  0.000  762 
   54792.505800       0.0000       3.7738       0.0000       3.7738       nan       0.0000       0.0000  0.000  0.000  762 
   54793.506900    4704.9289     338.0417    4632.4547     338.2073    0.7049   27442.0347   27003.5402 201.202 203.030  762 
   54794.486000       0.0000       3.1385       0.0000       3.1385       nan       0.0000       0.0000  0.000  0.000  762 
   54860.203100      -8.4074     348.1227    -199.0564     348.9976    0.0777     716.9705     688.7514  4.407  4.571  762 
   54861.126100   -1309.9125     338.0073   -1268.6775     338.5637    0.0071    1251.6579    1208.2169 10.345  9.714  762 
   54862.262500       0.0000       5.0614       0.0000       5.0614       nan       0.0000       0.0000  0.000  0.000  762 
   54912.158000       0.0000       4.2995       0.0000       4.2995       nan       0.0000       0.0000  0.000  0.000  762 
   54914.124500       0.0000      13.4650       0.0000      13.4650       nan       0.0000       0.0000  1.785  0.000  762 
   55126.484100       0.0000       3.6586       0.0000       3.6586       nan       0.0000       0.0000  0.000  0.000  762 
   55126.506900       0.0000       3.5603       0.0000       3.5603       nan       0.0000       0.0000  5.988  0.000  762 
   55208.301900       0.0000       3.4395       0.0000       3.4395       nan       0.0000       0.0000  0.000  0.000  762 
   55208.332500       0.0000       3.4869       0.0000       3.4869       nan       0.0000       0.0000  0.000  0.000  762 
   55273.269300    2061.2995     309.1652    1837.3188     310.1677    0.2591       0.0000       0.0000  7.491  0.000  762 
   55536.296400       0.0127       3.6265      63.9709       8.7833    0.0223       0.0000       0.0000  4.131  0.000  762 
   55538.328200   -3625.5408     227.8559   -3523.8854     229.3249    0.4141     748.3068     686.8401 14.347 11.822  762 
   55540.341300    2328.8274     423.7103    2258.6577     424.1878    0.4195    1707.8294    1671.3678  8.383  8.006  762 
   55599.206500    4493.4613     390.7625    4505.1798     391.1387    0.6151    2574.3090    2525.5694 13.297 12.807  762 
   55603.163800     287.1176     321.1385     349.1540     321.7114    0.2543    1544.0244    1482.9986 18.037 17.596  762 
   55679.251900     495.2091     255.1768     278.5067     256.4767    0.1050     306.0376     286.1559  2.734  3.566  762 
   55884.433200     495.2091     255.1768     278.5067     256.4767    0.1050     306.0376     286.1559  2.734  3.566  762 
   55889.434300    1261.6996     318.7700    1115.4779     319.7188    0.3833    1518.4072    1452.4731 12.839 12.243  762 
   55924.442100    -944.6032     222.8502   -1230.5709     224.7150    0.1311     590.8234     544.3427  9.079 10.359  762 
   55925.373000   -1084.8382     281.8848   -1225.3368     283.0986    0.0475    1000.2642     945.9425  9.126 10.120  762 
   55926.306500   -2362.0068     231.2770   -2287.1262     232.7818    0.3325     636.7398     590.5713  8.590  9.660  762 
   55927.348900   -1807.0957     288.6060   -1871.3343     289.7308    0.1595     958.2077     904.0476  9.968 10.120  762 
   55969.114700     843.4619     341.2324     840.8907     341.8088    0.3968    2113.2860    2049.7134 13.232 14.312  762 
   56045.159200    1530.5029     362.7799    1408.3701     363.3900    0.3005     832.5044     804.9198  7.403  7.168  762 
   56215.477100   -1917.3844     295.0161   -1891.2496     296.0649    0.4921   -1974.7323   -1869.8095 -21.803 -22.773  762 
   56217.469400     555.5457     550.7979     604.3438     551.0941    0.2897   -3416.9129   -3371.7710 -14.827 -14.405  762 
   56301.275300    -923.1264     359.5234    -945.1011     360.3778    0.5988   -3890.1867   -3746.3138 -26.366 -25.084  762 
