   54116.301000    8322.8469     365.8614    8249.8146     366.0235    0.5311   -2279.7156   -2256.1525 -7.297 -7.335  762 
   54127.317100    1029.5966     318.2691     826.6648     318.4178    0.1315     956.0622     939.2698  5.289  7.109  762 
   54127.352800    -887.7250     315.4412   -1114.9249     315.6138    0.0597    1968.2968    1934.4916  8.721 13.094  762 
   54149.238000    -180.5201     206.1335    -178.3872     206.8745    0.0431     538.4197     510.6228  2.465  3.567  762 
   54149.257400   -1035.1377     283.2691   -1148.4866     283.4347    0.0776     204.5818     201.1215  1.832  0.852  762 
   54150.328600      68.5205     191.5542      62.6846     192.4175    0.0347     189.2589     178.3956  0.371  1.502  762 
   54152.336000    -799.1523     163.8379    -990.2717     166.0031    0.2081    -588.2993    -536.0283 -7.794 -6.543  762 
   54152.342500   -1360.1699     172.5947   -1680.9558     174.3423    0.3068    -834.3110    -768.3420 -10.536 -8.365  762 
   54156.154700     605.2327     212.2169     729.5079     213.1694    0.0867     439.0494     418.1776 11.203  7.729  762 
   54174.142000   -2777.1010     155.2758   -2395.9081     157.3708    0.1669      -5.4134      -4.9439  1.716 -0.072  762 
   54174.149600   -1925.4740     146.4528   -1349.2313     149.1610    0.1020     -81.7178     -73.5509  2.655 -1.224  762 
   54176.305700   -3674.9003     178.9197   -4128.3556     180.5762    0.3047     -73.4726     -67.7608 -0.459 -0.685  762 
   54179.173100   -2623.4677     162.2346   -2534.6683     164.3023    0.1841    -178.4329    -162.4161 -0.255 -2.022  762 
   54201.218300    -780.9018     181.8519    -428.5588     182.7162    0.0091     297.4646     280.2617  8.950  2.587  762 
   54201.228100   -3555.9124     214.0294   -3378.0029     214.4269    0.1640     855.6605     824.0230 10.747  5.438  762 
   54201.243600   -5737.1052     256.5184   -5762.3637     256.8182    0.3757     223.3077     217.6378  4.869  1.065  762 
   54205.179300    -374.0129     133.8455    -256.0189     137.8283    0.0025     337.8534     299.7516 14.468  5.797  762 
   54210.346400    1033.3027     169.3169    1202.0005     170.5941    0.0548    -451.7778    -419.8893  5.194 -4.810  762 
   54212.180600   -2265.3525     210.6526   -2428.3400     211.4305    0.0884    1055.4139    1005.7923 18.409  9.933  762 
   54213.208300    -264.8988     210.1412     -49.7166     210.8872    0.0429     694.2686     662.5021 17.387  8.797  762 
   54230.223800    1887.2235     159.3860    2335.7422     161.0057    0.2214     191.6280     176.5010 13.669  2.450  762 
   54231.221900   -2465.1583     239.3080   -2505.2632     239.7065    0.2475    -494.9325    -478.0628  5.763 -2.926  762 
   54240.235600    3622.2829     195.2787    3976.1710     195.7675    0.3519     357.2064     341.6853 10.960  3.340  762 
   54260.157900    3417.3547     191.8988    3866.1061     192.5417    0.3142    -383.8511    -365.4875 -1.329 -4.263  762 
   54260.162700    3950.3263     180.4055    4478.1256     181.0354    0.3480    -563.4483    -534.3525 -2.739 -5.979  762 
   54260.175900    2968.0037     149.6954    3170.4675     151.8734    0.3100    -277.8273    -253.0496 -2.228 -4.019  762 
   54261.162600    3298.3414     210.9701    3630.7551     211.1767    0.1926    -956.9799    -928.5162 -3.108 -7.610  762 
   54261.174500    2557.1499     185.2059    2956.1624     185.8950    0.2446    -583.5394    -551.5725 -4.133 -5.752  762 
   54264.164600    2149.3402     160.3306    2496.6786     161.9285    0.2447    -428.7243    -395.6561 -7.658 -6.190  762 
   54264.180400     -44.0483     146.8283    -384.0528     149.1732    0.0708    -261.0136    -237.2446 -5.097 -4.136  762 
   54265.184200    2232.4831     198.7124    2324.4382     199.1987    0.1359   -1205.2279   -1153.9889 -12.626 -10.429  762 
   54265.195400    3023.1753     182.0034    3293.7814     182.5646    0.3000    -763.6886    -728.3045 -7.851 -7.677  762 
   54275.170700    4024.1196     337.3246    4044.4658     337.4123    0.1356   -2449.4405   -2414.8065 -19.352 -17.882  762 
   54275.178200    1860.5777     306.9713    1854.6262     307.1350    0.0663   -1107.2608   -1086.4825 -14.975 -9.661  762 
   54384.470800    2270.0045     220.8290    2396.1768     221.2877    0.3598     444.5692     425.9593  5.655  2.847  762 
   54384.481300    3575.6959     200.8894    3695.2707     201.5512    0.4769     -85.4413     -80.9248  3.938 -0.638  762 
   54385.508300    1921.0605     190.7091    2214.4570     191.6571    0.2971       4.8047       4.5151  7.255  0.050  762 
   54386.497100     589.0493     208.5198     614.2066     209.1030    0.1034     -16.6748     -15.8936  4.266 -0.117  762 
   54386.502700    -159.9374     211.7982    -221.9061     212.3997    0.0272      58.5759      55.7867  7.178  0.413  762 
   54388.451200    2321.2527     158.1020    2521.0999     159.7767    0.1759    -279.2637    -258.0196  4.529 -4.245  762 
   54533.213700    -533.4569     287.1773    -476.2530     287.6247    0.0287      94.9182      91.6139 12.851  0.625  762 
   54534.352300   -1634.1761     300.6327   -1683.1256     301.1693    0.2171    -311.2204    -300.6802 12.022 -1.770  762 
   54535.298300    1980.8925     230.2631    2465.7105     232.0045    0.1974    -241.1030    -224.1016 13.213 -2.359  762 
   54536.149900    -944.1657     279.4776    -718.4634     279.8626    0.1272   -1380.8821   -1336.7447 -0.179 -12.016  762 
   54537.401500    5174.4913     201.7549    6071.5385     203.9745    0.4157    -446.2876    -414.6963 12.173 -6.250  762 
   54538.182200   -4762.4098     430.1844   -4827.6421     430.4547    0.4068    -235.4180    -231.1611  7.734 -1.139  762 
   54538.197200   -1503.9011     353.4145   -1463.8377     353.7808    0.1772    -748.5542    -727.9751  7.303 -5.070  762 
   54590.205000    2330.4722     200.5486    2953.0652     203.2895    0.2458    -475.2007    -432.8881 -12.881 -6.657  762 
   54792.348600   -1825.9890     236.1553   -1825.5950     236.8766    0.1480    -521.4360    -498.0000 -2.583 -6.686  762 
   54792.505800    -303.2039     329.2927    -291.7136     329.4525    0.0842   -1123.4010   -1103.9826 -9.249 -10.612  762 
   54793.506900    -932.3576     325.2466    -896.0150     325.3752    0.2117    4057.2700    3987.6738 30.735 30.572  762 
   54794.486000    -421.7731     251.6651    -241.8451     253.9137    0.0014     279.7654     258.7089  6.523  3.394  762 
   54860.203100   -1664.1030     317.9111   -1573.3078     318.6704    0.1232     -48.5228     -46.3982  6.106 -0.303  762 
   54861.126100   -3478.8658     323.6732   -3545.3431     324.1872    0.1615     908.7708     877.8355 12.569  6.617  762 
   54862.262500   -5639.9391     332.2510   -6048.5325     333.0402    0.4047    -431.5615    -414.4428  3.286 -2.378  762 
   54912.158000   -1462.7707     295.0413   -1355.2454     295.1242    0.1027    -851.2431    -837.5937 -13.526 -6.707  762 
   54914.124500   34441.6840     819.1265   34373.3518     819.3030    0.6328  -16520.1202  -16481.8657 -27.066 -28.463  762 
   55126.484100    1746.9794     282.8079    1764.1455     283.7363    0.3372     857.5424     813.1318 14.470  7.947  762 
   55126.506900    2047.0709     279.2211    2121.6101     280.1349    0.3845     668.5681     634.7271 15.863  6.303  762 
   55208.301900    -154.0658     232.0183    -349.6127     234.3137    0.0474      55.7581      51.0682 -2.942  0.587  762 
   55208.332500     661.6052     244.2810     661.8028     246.5553    0.1044      52.8870      48.5085 -1.625  0.536  762 
   55273.269300    3617.2694     274.4395    3573.2964     275.5312    0.3470    -257.3822    -242.7847  3.750 -1.872  762 
   55536.296400     166.1815     260.3833      16.0840     261.8341    0.0194     134.7684     125.4957 -3.334  1.248  762 
   55538.328200    -351.3842     206.7503    -386.8565     211.4008    0.0126     334.1974     295.7148  0.927  5.241  762 
   55540.341300    3199.0490     390.0427    3025.2521     390.5022    0.3671    -196.5417    -191.3739 -1.849 -0.900  762 
   55599.206500    1041.2269     364.4157     940.3267     364.7188    0.1972    1018.7503     996.5366  8.960  4.929  762 
   55603.163800    3418.1053     319.7267    3575.1478     320.4069    0.4565    1250.5429    1201.2227 20.380 12.551  762 
   55679.251900    5071.3646     225.4373    5362.8550     228.0743    0.5417     246.6492     225.1880  2.369  3.030  762 
   55884.433200    5071.3646     225.4373    5362.8550     228.0743    0.5417     246.6492     225.1880  2.369  3.030  762 
   55889.434300    -732.3585     288.3239    -956.1153     289.7204    0.0905     282.4813     265.3983  3.921  2.316  762 
   55924.442100    3265.3857     198.5060    2730.1855     204.6728    0.2224     109.1291      96.9138  9.024  1.937  762 
   55925.373000    1851.5397     249.2795    1542.8170     251.4800    0.2267     634.6584     587.2905 13.671  6.669  762 
   55926.306500      29.4232     206.4309    -388.2440     211.8625    0.0115     310.2462     275.3389 12.806  4.780  762 
   55927.348900     727.6156     257.7561     481.2384     260.0331    0.1019     533.3613     492.7217 13.196  5.855  762 
   55969.114700     107.0015     316.8769     -21.1032     317.5751    0.0099     105.5968     101.2083 -0.174  0.699  762 
   56045.159200      30.4785     328.2677     -73.0223     329.1650    0.0158     184.4161     176.5405  6.550  1.698  762 
   56215.477100    -884.0726     293.6095    -637.5731     294.7702    0.0862    -150.1620    -141.9359  7.977 -1.452  762 
   56217.469400    1399.7007     529.3031    1343.7457     529.5608    0.1881     178.6739     176.0166  4.316  0.709  762 
   56301.275300    3473.3560     341.7220    3464.2079     342.3635    0.3689   -1129.7669   -1087.2230 -8.487 -6.509  762 
