   54116.301000   -2852.0944     370.9324   -2896.6157     371.0014    0.2512     242.1155     240.5927  0.263  0.776  762 
   54127.317100   -4153.6865     331.5812   -4239.4553     331.6747    0.1883    2070.8526    2045.9428 11.782 14.259  762 
   54127.352800   -3704.3949     326.4706   -3806.9472     326.5611    0.2051    1713.8145    1695.1133 10.689 10.687  762 
   54149.238000    -157.7852     206.8713    -165.5672     207.4024    0.0556     492.3135     471.9245  3.496  3.248  762 
   54149.257400     901.2750     287.0945     821.8398     287.2007    0.1870   -2791.1066   -2758.6409 -11.203 -11.495  762 
   54150.328600    -111.2858     191.7069      -7.3044     192.2483    0.1589    -899.8974    -858.8743 -6.978 -7.147  762 
   54152.336000   -1705.4296     169.1303   -2102.8032     170.3579    0.3134     206.7422     192.5619  2.263  2.142  762 
   54152.342500   -1678.4472     178.3806   -2127.9355     179.3872    0.2528     212.9169     200.3088  1.944  1.984  762 
   54156.154700    2294.0015     206.5815    2357.8445     207.2052    0.2451     404.0931     388.7248  9.813  7.479  762 
   54174.142000   -2873.3336     157.0440   -3121.7255     158.4825    0.5015     298.7964     277.9926  2.662  3.755  762 
   54174.149600   -2407.6201     146.0839   -2691.7044     148.0521    0.4766     181.4690     167.2244  3.091  2.657  762 
   54176.305700   -2977.3578     184.3797   -3297.2677     185.2933    0.4544      79.5028      74.9756  0.493  0.696  762 
   54179.173100    -974.5470     163.6578   -1072.2970     164.9128    0.1595     375.4362     348.8100  4.885  4.102  762 
   54201.218300     443.7732     180.5350     575.6032     181.1923    0.0692    -233.2111    -221.0001 -2.793 -2.057  762 
   54201.228100     808.5289     212.6664     881.5572     212.9851    0.1506      45.6458      44.2129  0.120  0.293  762 
   54201.243600     -23.3633     257.3209     -55.8733     257.5240    0.1578    -923.0783    -905.4608 -4.035 -4.396  762 
   54205.179300   -1056.7918     137.0668   -1537.0565     139.3827    0.2571      67.9474      61.8040  0.900  1.093  762 
   54210.346400   -1244.2969     168.1266   -1123.3013     168.9953    0.0026    1182.8165    1110.1280 12.110 12.717  762 
   54212.180600   -1979.1343     217.4997   -2118.9548     217.9491    0.1694    1002.0187     965.5838  7.315  8.820  762 
   54213.208300   -2007.3846     214.6883   -2068.3879     215.1629    0.2684     304.9581     293.2343  2.880  3.690  762 
   54230.223800    -835.1642     161.2700    -990.7923     162.4429    0.1544     160.1580     149.0583  0.952  1.995  762 
   54231.221900    -305.1466     240.6204    -395.7881     240.9157    0.0574     800.4935     779.3374  5.261  4.699  762 
   54240.235600    2030.4848     192.5427    2200.2174     192.9288    0.3716     522.8123     501.9908  4.583  5.034  762 
   54260.157900    2994.2340     186.3589    3307.6455     186.8496    0.4389     172.8346     165.0256  2.201  2.028  762 
   54260.162700    2907.5508     174.4128    3218.5446     174.9824    0.4135     323.2123     306.9873  2.971  3.659  762 
   54260.175900    1583.7588     150.8971    1619.1931     152.1623    0.3875     381.1123     354.0616  4.125  5.378  762 
   54261.162600    4172.7426     202.2347    4382.9223     202.4691    0.4878     133.5123     129.4131  2.518  1.149  762 
   54261.174500    2512.1058     181.0111    2619.6392     181.5995    0.4190     223.7240     212.6754  2.171  2.296  762 
   54264.164600    3604.8338     158.8513    3861.7506     159.7484    0.5507    -190.6796    -179.3844 -2.562 -2.772  762 
   54264.180400    2298.2106     150.4413    2179.0253     151.5314    0.3888      -8.2232      -7.7135  0.801 -0.121  762 
   54265.184200    2344.2866     202.1897    2344.6770     202.5103    0.4331     695.9169     672.6492  5.058  5.799  762 
   54265.195400    2588.7890     181.9857    2703.7779     182.3811    0.3671      60.2593      57.8960  0.446  0.605  762 
   54275.170700    2639.3723     334.7228    2620.6079     334.7973    0.2526     454.8517     449.3341  1.731  3.384  762 
   54275.178200     745.7275     307.2680     753.7129     307.3765    0.0755      57.2411      56.3562  1.628  0.500  762 
   54384.470800   -3731.1609     222.5083   -3773.1216     222.9331    0.4932     321.5127     310.0145  2.070  2.055  762 
   54384.481300   -4066.3061     203.1959   -4152.7559     203.7877    0.5875     240.6648     229.6716  2.198  1.778  762 
   54385.508300   -2494.8444     191.4929   -2556.5989     192.2515    0.4257     416.3449     394.2223  3.718  4.329  762 
   54386.497100   -1857.4891     210.9140   -1986.2499     211.3813    0.3223     103.6134      99.6134  1.398  0.716  762 
   54386.502700   -3658.5953     215.9428   -3861.8036     216.4112    0.4784     155.2288     149.4361  1.909  1.056  762 
   54388.451200     183.3452     153.1856     511.8980     154.3518    0.0959     280.1048     259.7892  2.939  4.546  762 
   54533.213700      12.7055     286.5929      84.1402     286.9854    0.1688   -1288.0003   -1248.1602 -8.243 -8.569  762 
   54534.352300   -3061.8151     306.6686   -3216.2414     307.1119    0.5506      63.9412      62.2652  0.688  0.353  762 
   54535.298300    -306.0127     230.6787    -230.6661     231.9542    0.3054   -1176.8707   -1102.7540 -11.230 -11.526  762 
   54536.149900     856.2804     273.0151     919.3122     273.3577    0.1520   -2228.7273   -2158.4896 -19.368 -20.416  762 
   54537.401500    -364.2700     196.1031     -97.8179     197.8869    0.1442    -635.5784    -590.0334 -10.655 -9.646  762 
   54538.182200    -590.7689     425.1475    -597.7202     425.3075    0.3338   -1900.8678   -1875.2762 -9.890 -9.447  762 
   54538.197200   -1070.7675     352.5911   -1049.9191     352.8902    0.3539   -1121.6598   -1095.0600 -8.841 -7.673  762 
   54590.205000   -1597.3854     199.1878   -1445.3947     201.1771    0.3707    -311.9779    -287.1475 -4.565 -4.466  762 
   54792.348600   -3795.3281     232.2400   -3750.1226     232.7065    0.4879    -900.3939    -865.7504 -15.746 -11.916  762 
   54792.505800    -936.5957     329.0006    -977.0035     329.1043    0.3151   -4152.6628   -4089.7739 -36.841 -39.325  762 
   54793.506900   -2279.3336     331.1261   -2353.4952     331.2425    0.7004  -14706.7324  -14490.6732 -108.671 -108.071  762 
   54794.486000   -1705.4953     249.1086   -1559.4310     250.4838    0.2369      45.9824      43.0178 -0.612  0.566  762 
   54860.203100     205.3491     315.0136     267.3971     315.5935    0.2160   -1385.4495   -1335.0986 -8.218 -8.816  762 
   54861.126100    -148.7101     320.6987    -127.6325     321.0632    0.1900   -1184.3934   -1149.1857 -8.830 -8.796  762 
   54862.262500   -1262.2413     331.4905   -1296.1742     331.9524    0.4798   -1672.2135   -1623.1718 -9.046 -9.257  762 
   54912.158000   -2605.0184     299.1955   -2601.9219     299.2706    0.6524  -18964.4674  -18679.0254 -146.473 -146.577  762 
   54914.124500    4701.3380     829.1949    4618.7119     829.2264    0.6868  -21064.2210  -21048.7066 -36.957 -36.229  762 
   55126.484100   -2730.1793     281.4005   -2719.6495     282.0909    0.5478    -317.5457    -303.9315 -3.856 -2.960  762 
   55126.506900   -2611.7784     276.0979   -2621.4610     276.8542    0.5159    -162.1620    -155.1447 -1.935 -1.560  762 
   55208.301900   -4220.5083     231.6598   -4210.2174     233.1462    0.5939     531.3098     494.5768  5.163  5.550  762 
   55208.332500   -2578.6763     241.9272   -2441.0595     243.4055    0.4491     288.4590     268.6941  3.506  2.970  762 
   55273.269300   -3042.4543     275.3912   -3016.7406     276.2189    0.6095    -646.5636    -615.9678 -5.539 -4.713  762 
   55536.296400   -3281.4580     258.1561   -3266.8654     259.1632    0.5819    -519.4542    -490.6122 -4.264 -4.883  762 
   55538.328200   -3229.8237     206.4287   -3399.5602     209.3399    0.6711     123.0612     111.5638  1.939  1.935  762 
   55540.341300   -1569.9730     391.5063   -1571.7162     391.7641    0.4288   -1765.1604   -1733.0471 -7.939 -8.132  762 
   55599.206500   -2862.5825     364.7603   -2906.0911     364.9834    0.4104   -1043.7151   -1025.6087 -4.899 -5.097  762 
   55603.163800    -664.2194     312.7803    -586.5936     313.3107    0.1045     -50.7032     -48.8390 -0.340 -0.536  762 
   55679.251900   -1908.8689     229.0762   -1930.6261     230.8198    0.4458    -227.9100    -210.9924 -2.807 -2.729  762 
   55884.433200   -1908.8689     229.0762   -1930.6261     230.8198    0.4458    -227.9100    -210.9924 -2.807 -2.729  762 
   55889.434300   -4552.0515     290.4207   -4636.8129     291.3339    0.7261    -530.0069    -504.9062 -4.993 -4.280  762 
   55924.442100   -1636.5904     199.9683   -2140.5878     203.7474    0.3454    -225.4122    -204.4900 -2.981 -3.947  762 
   55925.373000   -1504.9225     252.6869   -1509.8174     253.9448    0.4102    -307.6906    -289.9708 -2.473 -3.144  762 
   55926.306500   -2847.3214     207.6419   -3220.5988     210.7723    0.5781     -56.7854     -51.9171 -0.242 -0.856  762 
   55927.348900   -3644.5758     261.5419   -3736.5653     262.9116    0.7285    -341.7305    -321.0737 -3.528 -3.649  762 
   55969.114700   -4326.0414     317.2703   -4413.8572     317.7457    0.6555    -610.0249    -591.2761 -4.114 -4.034  762 
   56045.159200   -1803.4177     333.0848   -1946.5879     333.6811    0.4132    -471.1708    -454.3929 -5.120 -4.213  762 
   56215.477100   -2714.6992     275.2577   -2889.3646     276.6337    0.3070    1234.6070    1165.0999 12.105 13.568  762 
   56217.469400    -905.1605     516.4749    -964.3452     516.6425    0.0031    1002.1911     990.9336  5.438  4.165  762 
   56301.275300    -863.4653     327.2086    -936.7351     327.8414    0.1336    1690.3463    1633.5480 10.802 10.592  762 
