   54116.301000    8349.1897     380.9505    8241.1066     381.3499    0.3970   -3988.6214   -3918.7899 -12.172 -12.733  762 
   54127.317100    1994.7256     324.6428    1655.5748     325.2228    0.0862    -538.7170    -520.1333 -3.605 -4.105  762 
   54127.352800    2809.2274     321.4738    2495.2270     321.9838    0.1865     238.2766     230.9985  2.191  1.627  762 
   54149.238000   -4161.4073     229.1818   -4102.1094     231.6912    0.4368     193.2504     174.5359 -0.336  1.209  762 
   54149.257400    -237.6675     296.4764    -292.7022     297.0750    0.1430   -1317.1953   -1275.1931 -5.576 -5.400  762 
   54150.328600    -163.4008     212.5411    -185.8775     215.0207    0.0522    -308.9536    -277.3915 -2.241 -2.327  762 
   54152.336000    2083.1738     185.4072    2986.1060     189.0788    0.1832   -1265.0226   -1081.8270 -13.651 -13.478  762 
   54152.342500    1718.6110     193.1384    2287.5795     196.5663    0.1068   -1288.5397   -1117.6194 -12.460 -12.492  762 
   54156.154700   -1690.3357     233.6653   -2368.9672     235.6540    0.1546     657.3583     602.0465 11.116 10.735  762 
   54174.142000    1496.1538     175.3554    1917.1635     178.5841    0.2545      28.9906      24.8897  2.109  0.370  762 
   54174.149600    -644.5210     167.9817    -451.0548     171.7084    0.0174     360.5305     304.0677  4.103  5.155  762 
   54176.305700    1549.6810     199.3685    1719.6933     202.7374    0.1075    -940.3329    -818.4937 -8.154 -8.426  762 
   54179.173100    1078.4452     183.8039    1536.8834     187.3399    0.0756   -1061.7581    -905.2615 -11.666 -11.390  762 
   54201.218300    5842.4725     203.8674    5683.0781     206.5161    0.5128    -708.6342    -632.0513 -5.285 -5.703  762 
   54201.228100    6595.8786     233.5903    6788.0909     235.1476    0.6133    -607.6716    -565.2635 -3.910 -3.651  762 
   54201.243600    5609.3064     273.0691    5658.1516     274.1800    0.5338   -1290.6490   -1228.7119 -5.386 -5.991  762 
   54205.179300    3532.1201     155.6550    3958.5380     159.9423    0.3524    -268.4012    -222.7459 -4.029 -4.375  762 
   54210.346400     730.4455     190.8847     762.7616     193.7560    0.0240    -619.6355    -543.5258 -5.944 -6.137  762 
   54212.180600     784.8876     226.5386     622.5628     228.5234    0.0869     254.4113     231.6404  2.376  2.360  762 
   54213.208300    1734.8426     227.5145    2065.3779     229.0988    0.2354    -204.0673    -187.2402 -1.736 -2.490  762 
   54230.223800    4832.3512     181.4479    5252.0275     184.5445    0.5482    -511.5406    -444.3203 -6.281 -6.085  762 
   54231.221900    6115.8954     255.8769    6379.3609     257.2072    0.5158   -1430.3692   -1341.6481 -7.964 -8.209  762 
   54240.235600    3562.9652     215.3837    3729.1815     217.0174    0.3438    -770.7422    -706.7100 -5.853 -6.712  762 
   54260.157900     931.3556     213.8984    1033.4371     215.7621    0.0150    -987.2819    -899.3596 -11.276 -10.151  762 
   54260.162700   -1108.3800     205.1066   -1219.3319     207.2309    0.1949    -737.4441    -666.2811 -6.790 -7.065  762 
   54260.175900     789.6104     172.3536     712.2564     176.1253    0.0032    -865.5666    -739.5211 -11.680 -11.663  762 
   54261.162600    4736.8292     230.8196    5096.6246     231.9210    0.2921   -1553.7790   -1458.1721 -9.774 -11.574  762 
   54261.174500    3199.3901     206.5073    3111.3644     208.6381    0.2035   -1443.7309   -1303.3338 -14.060 -13.180  762 
   54264.164600    3464.5115     181.1521    3622.7878     184.0750    0.3565    -610.9499    -534.4628 -7.205 -8.211  762 
   54264.180400    3286.4476     165.9838    3467.9093     169.3784    0.4040    -529.2009    -455.4501 -7.956 -8.043  762 
   54265.184200     645.3564     215.5546     537.2993     217.1521    0.0213    -804.5455    -739.6704 -8.514 -6.671  762 
   54265.195400    2579.5202     201.0572    2304.6138     202.8841    0.1315   -1074.4283    -980.0344 -9.153 -10.121  762 
   54275.170700    2650.6462     350.7404    2538.4418     351.1333    0.0184   -2378.4437   -2309.4575 -13.446 -16.778  762 
   54275.178200    2269.6972     321.5999    2185.4716     322.1107    0.0358   -1835.9305   -1768.1481 -16.179 -15.367  762 
   54384.470800    -161.4934     241.3561    -205.5590     243.2325    0.2196   -2086.2726   -1916.9665 -11.926 -12.751  762 
   54384.481300    -392.2516     221.5008    -313.7484     223.7912    0.1977   -1661.8587   -1498.3501 -12.392 -11.879  762 
   54385.508300    -128.4099     211.7282    -215.4976     214.2542    0.1216   -1031.0245    -915.2258 -9.226 -10.215  762 
   54386.497100    2486.8201     226.9933    2500.9224     228.9762    0.1315   -1301.3750   -1187.9315 -9.416 -8.844  762 
   54386.502700    1412.1495     228.4108    1289.6882     230.3860    0.0251   -1136.4349   -1038.5902 -8.317 -7.858  762 
   54388.451200   -2674.5313     184.3558   -3626.2693     188.0024    0.4181    -748.3450    -649.7722 -11.940 -10.238  762 
   54533.213700    2843.7930     313.7316    3546.4281     315.5587    0.2516    -934.7820    -870.7621 -4.641 -5.858  762 
   54534.352300    3405.4378     322.9734    3863.7583     324.9533    0.2892   -1456.5362   -1363.2056 -8.113 -8.175  762 
   54535.298300    6841.2186     260.7997    7981.4338     264.7783    0.8551    3504.9364    3068.1972 32.642 32.057  762 
   54536.149900     382.3915     306.3936     197.5781     308.0502    0.0598    -952.0645    -888.9974 -8.153 -7.669  762 
   54537.401500    3399.3898     237.9864    3920.7582     242.3714    0.5220      92.5425      81.3727  0.291  1.155  762 
   54538.182200    2340.0137     452.7767    2326.7931     453.6438    0.0374   -2740.0201   -2651.8261 -12.270 -12.833  762 
   54538.197200    1585.5326     376.4649    1685.5637     377.9914    0.0398   -1431.1301   -1350.7650 -9.640 -9.370  762 
   54590.205000    1219.5003     234.6504    1749.1532     239.7065    0.2065    -679.7448    -581.2181 -7.273 -8.643  762 
   54792.348600   -5752.0661     255.7137   -6340.3304     257.3267    0.5053     281.8011     259.4086  4.288  3.425  762 
   54792.505800   -4782.2603     343.8387   -4854.8735     344.3039    0.2994    -159.5311    -153.7688 -3.794 -1.451  762 
   54793.506900    2502.6596     335.2473    2813.2586     335.7061    0.5706    7586.1274    7334.2251 59.829 57.011  762 
   54794.486000   -2863.4487     285.6428   -3312.4547     290.1134    0.3703     345.6320     301.0423  4.485  3.858  762 
   54860.203100     897.1094     348.5040     691.3133     351.2531    0.1001     -11.3773     -10.4589  0.803 -0.067  762 
   54861.126100   -2157.6839     348.8279   -2677.8763     350.9311    0.1633     806.5997     749.1910  5.655  5.617  762 
   54862.262500   -3927.1853     358.0715   -4568.4122     360.7313    0.6094   -1059.8080    -981.7096 -5.920 -5.652  762 
   54912.158000    2818.0249     308.9438    3075.4110     309.3107    0.3785    4073.3604    3937.2364 24.327 30.765  762 
   54914.124500   40917.1780     861.5043   40733.9285     861.5784    0.3055  -34016.9931  -33950.3350 -56.220 -57.200  762 
   55126.484100   -4894.4969     312.2636   -5434.2971     315.1424    0.5118     357.0618     324.0090  2.381  3.137  762 
   55126.506900   -4403.4602     309.2275   -4776.9136     312.0254    0.5683     127.7490     116.1863  1.959  1.137  762 
   55208.301900   -3568.0443     264.1006   -4092.9603     268.8458    0.5028     364.4542     314.9883  3.697  3.599  762 
   55208.332500   -1355.4363     278.3341   -1429.2098     282.9113    0.2561     145.1141     125.7350  0.524  1.356  762 
   55273.269300    5257.2892     306.2704    5451.7633     309.5788    0.6681     321.1014     289.0027  2.251  2.191  762 
   55536.296400   -3271.0185     289.5372   -3948.4735     293.2124    0.3077     822.1423     726.3216  7.305  7.158  762 
   55538.328200   -3244.6317     242.3373   -4197.9030     248.7898    0.3526     729.5735     600.7001  9.879 10.353  762 
   55540.341300    -531.7047     413.4761    -673.5522     415.0540    0.0576    1150.6370    1095.7907  4.447  5.169  762 
   55599.206500   -2436.4645     387.5795   -2516.5995     388.8241    0.2637    -193.5625    -185.1846 -1.218 -0.913  762 
   55603.163800   -2851.4238     350.8831   -3164.2657     353.1237    0.1765    1486.8504    1370.8380 12.104 13.904  762 
   55679.251900     -86.7322     259.6537    -464.3300     265.0920    0.0277     359.8216     305.5114  2.852  4.050  762 
   55884.433200     -86.7322     259.6537    -464.3300     265.0920    0.0277     359.8216     305.5114  2.852  4.050  762 
   55889.434300   -1535.5601     316.5912   -2056.8509     320.1741    0.2050     146.0378     130.9412  0.550  1.149  762 
   55924.442100   -1506.4618     237.8343   -1989.9659     245.3141    0.2103      97.0741      79.6051  2.052  1.554  762 
   55925.373000   -1479.0801     280.4629   -1645.8690     284.8401    0.2075     322.6363     281.7623  3.575  3.239  762 
   55926.306500   -5486.1038     242.1789   -6150.5808     248.7198    0.6375     159.0398     131.2796  3.926  2.288  762 
   55927.348900   -1147.6454     289.1549   -1355.5725     293.6917    0.2086     -27.2240     -23.7183 -0.699 -0.284  762 
   55969.114700   -3720.3469     340.6330   -3873.2704     342.7839    0.4099     299.9651     278.4196  1.303  1.941  762 
   56045.159200     131.1575     356.1973      32.3064     358.7059    0.0202     135.9565     125.0933 -0.044  1.196  762 
   56215.477100   -3273.4482     335.8141   -3363.0673     338.3772    0.4210   -1190.7769   -1095.1665 -9.451 -10.067  762 
   56217.469400   -1090.7351     562.6720   -1157.0989     563.4137    0.4600   -3082.5646   -3010.6744 -12.326 -11.689  762 
   56301.275300    -386.9749     379.2708    -428.4255     381.2269    0.3424   -2182.9152   -2059.0531 -12.472 -11.580  762 
