   54116.301000     415.4676     337.9096     354.5148     337.9249    0.1347     893.1750     891.1461  1.679  2.902  762 
   54127.317100    1500.3203     296.5210    1469.6371     296.5308    0.1722     147.4290     146.9394  0.907  1.153  762 
   54127.352800     215.6899     293.0049     171.7112     293.0175    0.1074     924.6409     921.4758  5.650  6.445  762 
   54149.238000    -264.2298     178.6787    -297.1568     178.7373    0.0231     412.4581     406.1144  2.613  2.836  762 
   54149.257400      18.9822     261.6094     -36.5676     261.6231    0.0664     662.1440     659.3305  3.867  2.806  762 
   54150.328600     237.1530     166.6647     203.1647     166.7255    0.1439     448.3646     441.6750  3.078  3.716  762 
   54152.336000      59.0578     136.1672      70.9952     136.2758    0.0681    -356.5072    -348.2191 -5.614 -4.376  762 
   54152.342500    -278.8329     144.6893    -288.1433     144.7788    0.2081    -678.5180    -663.3590 -7.749 -7.462  762 
   54156.154700    -631.1077     198.4658    -672.5230     198.5180    0.0375     969.0826     959.0298 16.137 17.233  762 
   54174.142000     -37.8031     128.3667     -84.0863     128.5351    0.0335     -41.7961     -40.7542 -0.125 -0.603  762 
   54174.149600    -358.8407     120.2126    -392.9032     120.4259    0.0869      84.3550      81.8904  1.171  1.377  762 
   54176.305700    -453.7995     150.5253    -469.2583     150.6157    0.2175    -431.6026    -422.4341 -5.071 -4.388  762 
   54179.173100    -673.9884     135.1231    -699.8213     135.2683    0.3450    -601.5991    -586.0281 -6.860 -7.394  762 
   54201.218300     310.9217     158.5959     272.4573     158.6630    0.0209    -190.8373    -187.7115 -2.112 -1.710  762 
   54201.228100      44.7995     190.1289      26.9093     190.1589    0.0513     248.2039     245.6878  1.084  1.605  762 
   54201.243600     279.6416     229.8132     260.6071     229.8349    0.1810     610.5470     606.3134  1.937  2.969  762 
   54205.179300    -170.3698     109.1523    -200.3016     109.4381    0.1343    -234.9026    -227.0186 -4.638 -4.477  762 
   54210.346400    -763.6213     147.5543    -794.6845     147.6486    0.2940    -538.7199    -528.1254 -5.408 -5.993  762 
   54212.180600    -132.3163     186.4837    -162.6547     186.5308    0.0892     623.2709     615.6118  4.540  6.265  762 
   54213.208300    -106.7098     191.7970    -127.4641     191.8345    0.0277     301.2290     297.8801  3.182  3.995  762 
   54230.223800    -154.4622     137.2025    -172.3079     137.3024    0.0830    -174.4196    -170.7116 -2.648 -2.367  762 
   54231.221900      26.1055     215.4178      -2.5878     215.4433    0.1411    -936.0059    -927.7464 -4.429 -5.697  762 
   54240.235600    -197.7947     178.5045    -212.6380     178.5374    0.1006    -377.3796    -373.2789 -4.148 -3.575  762 
   54260.157900     110.3613     174.8554      94.3315     174.8985    0.0879    -581.3661    -574.5200 -6.078 -6.504  762 
   54260.162700     373.2605     162.6552     340.4423     162.7078    0.0644    -638.5128    -629.9611 -6.112 -6.764  762 
   54260.175900    -128.4104     127.5603    -153.0359     127.7027    0.1398    -363.4441    -354.5690 -7.566 -5.650  762 
   54261.162600    1346.6392     194.3731    1318.6401     194.3940    0.0406   -1067.7545   -1060.1353 -8.581 -8.404  762 
   54261.174500     376.9047     166.0646     342.3729     166.1134    0.0576    -663.7215    -654.1290 -6.051 -6.659  762 
   54264.164600     108.5306     140.6238     110.9019     140.7084    0.0626    -372.2874    -365.4835 -6.230 -5.668  762 
   54264.180400     230.4596     124.0208     237.4485     124.1379    0.0285    -128.6336    -125.8959 -3.110 -2.253  762 
   54265.184200      71.4612     179.0507      37.2297     179.0839    0.1280    -893.2596    -883.3261 -6.975 -8.048  762 
   54265.195400     643.9320     164.3660     622.7680     164.4040    0.0138    -561.5528    -554.8607 -6.839 -5.797  762 
   54275.170700    -238.0739     326.4658    -283.2560     326.4766    0.1015    -758.1299    -755.2023 -8.266 -5.517  762 
   54275.178200     -51.1042     295.5264     -80.6985     295.5369    0.0906    -775.4307    -771.9591 -7.913 -6.785  762 
   54384.470800     800.9058     195.6556     763.9894     195.6937    0.0637   -1123.7299   -1111.6091 -7.664 -7.429  762 
   54384.481300     105.8357     175.6675      72.3175     175.7223    0.2282   -1272.2145   -1254.2083 -8.489 -9.941  762 
   54385.508300    -248.6165     168.1672    -271.6633     168.2325    0.2361    -846.7345    -833.1984 -9.505 -9.303  762 
   54386.497100     197.9183     182.2713     183.6083     182.3085    0.1273    -818.2864    -808.8873 -6.439 -6.029  762 
   54386.502700     -57.3258     184.5105     -83.7975     184.5515    0.1470    -692.5570    -684.4131 -4.864 -5.162  762 
   54388.451200    -551.8824     139.6373    -631.7893     139.7612    0.2133    -393.8243    -385.8730 -7.911 -6.129  762 
   54533.213700    1021.0388     256.9845    1007.8434     257.0197    0.0867   -1438.7279   -1425.7145 -8.324 -9.659  762 
   54534.352300     404.4414     261.8341     399.9038     261.8709    0.2665   -1379.7465   -1366.8521 -7.692 -8.184  762 
   54535.298300     351.8749     195.5704     351.1359     195.6879    0.1014    -688.5176    -674.5742 -6.915 -7.073  762 
   54536.149900      84.7385     260.7271      53.6883     260.7593    0.2379   -1650.5032   -1636.6665 -13.964 -14.284  762 
   54537.401500     301.3499     177.8584     293.2990     177.9976    0.1409      71.6453      70.2208  1.093  1.010  762 
   54538.182200     297.4149     402.0056     270.2780     402.0221    0.2491   -2142.4185   -2133.5521 -10.037 -10.384  762 
   54538.197200      38.7133     325.5459      25.5207     325.5698    0.1706   -1036.2732   -1029.1287 -7.905 -7.145  762 
   54590.205000    -687.6896     171.4648    -665.7115     171.6157    0.2050    -453.9667    -443.6469 -6.373 -6.685  762 
   54792.348600    -100.6663     219.7387    -138.7813     219.7780    0.0543     525.7905     520.6755  5.777  6.868  762 
   54792.505800     131.9515     319.5593      59.9473     319.5772    0.0723     927.3661     923.3283 10.328  8.787  762 
   54793.506900    1884.2903     308.6596    1847.7800     308.6701    0.5943    8290.4334    8257.9098 64.442 64.002  762 
   54794.486000    -477.1225     220.8091    -500.2252     220.9428    0.0843     853.4110     836.9557 10.658 10.824  762 
   54860.203100     231.3193     282.6586     207.0858     282.7174    0.0797      98.1811      97.0513  0.832  0.627  762 
   54861.126100     682.8297     295.0142     651.5466     295.0524    0.2143     533.8409     529.3072  4.485  3.967  762 
   54862.262500     522.2102     292.2874     496.1170     292.3368    0.1524      31.5542      31.2350  0.509  0.180  762 
   54912.158000   -1544.3135     283.9603   -1585.7119     283.9703    0.2915    5922.6990    5895.6233 45.296 46.918  762 
   54914.124500    2263.3690     776.3318    2200.4728     776.3543    0.1657   -4388.3670   -4385.7631 -7.479 -7.484  762 
   55126.484100    -118.4538     253.1435    -149.7757     253.2100    0.0511     378.5670     374.0032  3.886  3.631  762 
   55126.506900     134.9644     250.4900     100.4217     250.5611    0.1774     702.4506     693.8761  6.366  6.803  762 
   55208.301900    -158.6193     195.4903    -193.8968     195.6479    0.1811     890.0246     870.9642  9.412  9.995  762 
   55208.332500     106.9024     210.1328      79.2682     210.2760    0.0823     224.9247     220.1482  1.717  2.399  762 
   55273.269300      14.1448     239.8303      -8.6183     239.9105    0.0549    -219.7734    -216.3857 -3.091 -1.658  762 
   55536.296400    -119.5734     227.6437    -140.4358     227.7311    0.0922     544.6126     535.7036  4.108  5.287  762 
   55538.328200    -255.1111     173.4256    -316.6876     173.7445    0.0037     336.1293     326.4889  5.765  5.714  762 
   55540.341300    1302.3767     352.7600    1264.9598     352.7901    0.1823    -194.6847    -193.4668 -1.413 -0.912  762 
   55599.206500   -1217.4984     334.9912   -1272.3555     335.0210    0.0972     494.0533     491.0842 -0.214  2.426  762 
   55603.163800    -499.6889     298.5009    -512.9108     298.5388    0.0814     966.1708     956.7523  9.245  9.744  762 
   55679.251900    -417.8783     194.4041    -464.4858     194.5979    0.1432    -101.0661     -98.4544 -2.144 -1.324  762 
   55884.433200    -417.8783     194.4041    -464.4858     194.5979    0.1432    -101.0661     -98.4544 -2.144 -1.324  762 
   55889.434300     314.4825     250.7111     291.0036     250.7863    0.1049     180.6462     178.1119  1.526  1.565  762 
   55924.442100      15.1230     166.6032      -6.3232     166.9739    0.0103     -24.2786     -23.5613 -1.021 -0.467  762 
   55925.373000    -109.6604     213.3426    -123.9988     213.4699    0.0479     298.8195     292.9412  2.631  3.368  762 
   55926.306500    -347.0140     170.4164    -366.9925     170.7661    0.0633     197.6981     191.9659  2.863  3.355  762 
   55927.348900      -7.6827     222.7068     -35.1826     222.8371    0.0159      90.4100      88.6987  1.072  1.065  762 
   55969.114700    1476.8292     281.8757    1450.5814     281.9126    0.2818     -42.9170     -42.5417  0.359 -0.296  762 
   56045.159200     733.3409     299.2265     714.7104     299.2693    0.1367     -17.1719     -17.0091 -0.832 -0.164  762 
   56215.477100     110.7777     269.1520     113.1703     269.2034    0.0918    -453.5086    -448.5552 -4.257 -4.239  762 
   56217.469400     432.1959     501.3503     400.1650     501.3680    0.1792     875.7475     873.0303  2.851  3.426  762 
   56301.275300    -999.9503     309.0447   -1022.2763     309.0884    0.3127    -437.7994    -434.0345 -3.075 -2.482  762 
