   54116.301000   17586.5068     415.1527   16729.7342     417.4662    0.6343   -5163.5586   -4953.5142 -16.578 -15.904  762 
   54127.317100    7328.4617     382.7042    8176.4009     384.7337    0.4240    -253.4070    -238.2622 -2.110 -1.583  762 
   54127.352800    7563.8807     375.9809    8304.4467     377.9800    0.3725   -1290.5024   -1218.3834 -6.805 -7.390  762 
   54149.238000    3662.5300     276.0258    2879.5481     287.0290    0.2066   -1131.1373    -920.5734 -5.815 -6.287  762 
   54149.257400   11130.1065     331.1562   10240.1483     334.3602    0.4177   -4536.5240   -4223.1967 -18.751 -17.347  762 
   54150.328600    1357.6901     258.5138     988.9804     269.8051    0.0910    -335.3327    -266.7790 -2.440 -2.237  762 
   54152.336000     -67.5053     245.0906     580.3396     258.9066    0.0401    -264.1706    -201.3687 -1.820 -2.111  762 
   54152.342500     117.8937     253.3706    1543.0269     265.0839    0.1183    -121.6361     -95.7102 -2.192 -0.890  762 
   54156.154700    -143.5149     257.7573   -2255.5763     269.8280    0.1741   -1026.3379    -844.8111 -16.659 -17.906  762 
   54174.142000    2327.3055     228.3203    1968.7285     243.2367    0.2232     340.0443     257.2469  2.714  3.424  762 
   54174.149600     621.4353     215.6070    1248.6407     233.0281    0.1458     218.9186     161.5101  2.564  2.620  762 
   54176.305700    2414.3497     258.7246    3789.5828     270.0894    0.2731    -524.4145    -414.8504 -2.958 -3.622  762 
   54179.173100    2766.3247     237.6154    2964.5961     252.8308    0.2985    -207.3779    -153.8458 -2.805 -1.772  762 
   54201.218300     -91.5798     248.9616    -885.8912     261.6355    0.0961     151.5895     116.7923  2.178  1.107  762 
   54201.228100    -342.4095     275.6625   -1812.8865     284.4877    0.0998     658.3402     551.8155  3.274  3.669  762 
   54201.243600    6302.0903     313.2654    6070.3412     318.9936    0.4088    -475.3686    -425.1963 -0.964 -2.054  762 
   54205.179300   -1155.1755     212.3368    1126.9000     229.5113    0.0732     -19.9682     -14.0680 -0.615 -0.241  762 
   54210.346400    -596.8900     234.6936   -1980.1614     248.5466    0.1946   -1035.5487    -776.0761 -9.508 -9.142  762 
   54212.180600    5360.8829     283.2135    5911.9522     290.7281    0.4045    -843.8743    -711.6994 -6.454 -6.228  762 
   54213.208300     953.5525     276.8138    1602.1819     284.8286    0.0952    -699.1362    -580.8180 -6.751 -7.143  762 
   54230.223800    -487.5551     232.6276    -456.3576     247.0069    0.0497     -62.9650     -46.5426 -0.275 -0.615  762 
   54231.221900    1480.2815     300.0197    1843.2650     306.8418    0.1812     177.7068     153.6565 -0.281  0.921  762 
   54240.235600   -2009.0261     250.7031   -3945.0626     260.6993    0.2491     528.4305     423.3820  3.798  4.415  762 
   54260.157900   -7665.6822     248.8596  -11094.5666     261.5875    0.5529     305.1723     235.0915  1.385  3.126  762 
   54260.162700   -8367.5913     239.9597  -11312.7132     253.5524    0.5332     391.6835     296.7440  4.042  3.802  762 
   54260.175900   -2817.7993     222.7521   -2397.2945     237.9794    0.2377     401.0772     292.0471  5.367  4.397  762 
   54261.162600   -7108.7741     258.2935   -8623.0908     267.3769    0.4976     413.0341     334.8565  3.268  3.290  762 
   54261.174500   -3449.6933     244.0549   -5719.7570     256.3986    0.3677    -197.0309    -151.8312 -2.397 -1.728  762 
   54264.164600   -4080.3868     224.0255   -6112.2559     238.5156    0.5095    -211.7239    -158.6452 -0.857 -2.520  762 
   54264.180400   -2732.9775     221.0412   -1400.1077     232.9744    0.1107     157.7653     120.4318  2.984  1.780  762 
   54265.184200     264.1857     262.5025     270.4610     269.5781    0.0400     253.3918     212.7237  2.248  1.773  762 
   54265.195400   -2881.3255     242.2163   -3792.6221     251.3290    0.2544     327.4053     263.6448  2.591  2.766  762 
   54275.170700   -4766.8024     373.9984   -5444.5851     376.8857    0.2638     296.6209     272.4022 -1.478  2.102  762 
   54275.178200   -4338.1320     351.9355   -5418.2227     355.5463    0.2690    -185.8220    -168.0023 -1.385 -1.498  762 
   54384.470800    5159.2848     285.6834    3827.9590     294.7185    0.2462    -732.6238    -612.3618 -3.627 -4.063  762 
   54384.481300    4477.2753     268.9281    3225.3946     279.7477    0.2403    -320.5391    -259.0352 -0.676 -2.013  762 
   54385.508300    1408.7495     258.3545     668.4461     270.2607    0.0482    -304.1730    -237.7427 -3.717 -2.660  762 
   54386.497100    7201.5539     275.4138    6796.4963     284.3712    0.4561    -278.1568    -231.6022 -1.145 -1.648  762 
   54386.502700    7233.1199     279.6562    7687.2173     287.6714    0.4364      53.7798      45.4421 -0.302  0.315  762 
   54388.451200    1239.8008     217.7155   -2943.4476     235.8962    0.1630     244.3988     175.2143  2.849  3.419  762 
   54533.213700    5626.6005     367.4941    4339.1559     378.4327    0.4134    -181.3780    -152.4227 -2.225 -1.056  762 
   54534.352300    6165.3588     390.6474    7272.9314     398.8845    0.4848   -1062.0461    -934.2411 -4.940 -5.166  762 
   54535.298300   -2055.6345     331.0794   -3268.6908     351.7051    0.5694   -2057.7578   -1533.9403 -16.352 -16.337  762 
   54536.149900      49.4314     342.0806   -1311.2784     352.1253    0.1247      94.9112      78.8120  0.834  0.787  762 
   54537.401500    1486.2881     282.8875   -1947.9870     308.5386    0.1028     340.1708     245.2386  5.038  4.447  762 
   54538.182200    4064.2695     491.0131    3000.9897     496.7788    0.0654   -2523.1817   -2306.2302 -11.264 -11.852  762 
   54538.197200    2338.1872     428.4310    1841.6457     437.1136    0.1371    -813.0676    -707.1944 -3.712 -5.060  762 
   54590.205000    -809.1235     292.6797   -3306.1828     317.5290    0.2940    -311.9022    -221.5955 -3.519 -3.590  762 
   54792.348600     172.6689     285.9901    -887.1515     295.2666    0.0089     927.2187     767.2019  8.963 11.302  762 
   54792.505800   -1003.0739     366.4506   -2022.1012     369.6629    0.0425    1384.8489    1261.3693 10.761 12.348  762 
   54793.506900    8552.0982     372.3913    7639.4856     375.6785    0.4302    1847.2578    1698.4750 11.353 12.643  762 
   54794.486000    2138.4786     342.7429     340.0719     363.9527    0.0356      27.0912      20.3409  0.794  0.277  762 
   54860.203100    5794.8619     404.6435    4134.8936     419.0868    0.2481   -1418.0181   -1167.6248 -8.181 -7.814  762 
   54861.126100    2746.9719     398.3932    1128.3641     408.8642    0.0478    -483.3208    -408.5198 -3.203 -3.231  762 
   54862.262500    7458.8881     415.8332    6848.1155     427.1914    0.5875   -1442.8434   -1234.0786 -8.102 -7.092  762 
   54912.158000   12221.0130     337.7993   10464.8813     340.5144    0.4264    3254.2532    2985.4810 25.237 22.979  762 
   54914.124500  127381.6763     860.9449  126754.8433     861.3325    0.8124  -54744.3668  -54517.9931 -90.644 -93.160  762 
   55126.484100     991.1367     368.6577    -223.5204     382.0007    0.0165     495.8631     403.9005  2.626  4.013  762 
   55126.506900      16.6967     361.6262   -1060.7557     375.9132    0.0328     946.7351     767.5370  6.606  7.997  762 
   55208.301900    3056.0632     329.4040    1545.5902     349.2524    0.1838     509.5423     383.4561  3.481  4.323  762 
   55208.332500    5849.2433     337.5287    3727.6876     359.3950    0.3257    -177.1776    -131.4386 -0.611 -1.481  762 
   55273.269300    3671.0384     370.1071    2501.3190     385.7877    0.1154   -1427.2290   -1138.6477 -8.488 -8.693  762 
   55536.296400    5542.4549     346.0548    3940.4835     362.6390    0.2539   -1475.5585   -1149.6006 -10.082 -11.772  762 
   55538.328200    3880.0995     302.6814    2559.0667     329.5657    0.2627    -271.7639    -191.7117 -3.678 -3.383  762 
   55540.341300   11844.5261     465.3937   10941.8009     473.2372    0.6266   -3560.2714   -3199.3353 -15.558 -15.150  762 
   55599.206500    8471.8227     430.4261    7711.3324     436.9175    0.5095   -1929.3680   -1741.4740 -8.932 -8.749  762 
   55603.163800    1655.1065     390.1998    -782.1662     403.4523    0.0925    -483.4579    -395.6612 -4.293 -4.661  762 
   55679.251900    1867.9101     328.1095     888.9021     349.6088    0.0470    -648.5569    -472.2547 -6.401 -6.043  762 
   55884.433200    1867.9101     328.1095     888.9021     349.6088    0.0470    -648.5569    -472.2547 -6.401 -6.043  762 
   55889.434300    7783.1737     384.1656    7413.2940     399.1230    0.5199     -71.4850     -57.8868  0.333 -0.488  762 
   55924.442100    2428.1884     299.6434    3533.2019     328.4724    0.2599     264.0071     186.4781  2.817  3.635  762 
   55925.373000    4143.6269     352.5029    4512.8545     370.9537    0.5294     449.2201     348.7537  2.662  3.746  762 
   55926.306500    3306.2089     307.5652    3510.6347     333.8482    0.3642     115.1015      83.6870  0.955  1.383  762 
   55927.348900    4441.1674     360.5534    4185.5063     379.1124    0.5136     -17.1000     -13.1974 -0.039 -0.149  762 
   55969.114700    8807.7749     396.8418    8811.0879     406.4532    0.5639     259.0126     222.8918  0.583  1.536  762 
   56045.159200    5632.1564     422.4997    5751.8549     433.1740    0.4972    -201.9595    -170.3113 -3.480 -1.542  762 
   56215.477100   -1794.3501     369.3828   -3349.6643     389.9548    0.2050    -120.0039     -91.8267 -1.636 -1.184  762 
   56217.469400    4917.8847     581.5140    4066.8434     587.2837    0.1964   -1275.1051   -1181.6122 -6.258 -5.110  762 
   56301.275300    1073.5510     418.1715     927.0294     432.2645    0.0314    -801.4044    -664.6611 -5.053 -4.563  762 
