   54116.301000   10143.2353     425.5967    9984.0375     426.5212    0.4554   -2855.5684   -2811.8759 -6.968 -9.088  762 
   54127.317100   -9021.0648     355.8815   -9935.9912     356.8076    0.3269    2467.5328    2412.5041 13.109 17.360  762 
   54127.352800   -9698.3764     353.7729  -10504.2592     354.6859    0.3577    2907.5677    2850.7759 13.561 18.481  762 
   54149.238000   -1495.0235     253.3711   -1182.9109     255.8338    0.0395     953.6545     898.6895  7.027  6.202  762 
   54149.257400    6753.6526     326.7708    6763.5246     327.6730    0.3020   -2808.9227   -2742.6325 -10.803 -11.469  762 
   54150.328600   -1687.5590     231.7407   -1022.9071     234.0347    0.1554    -421.3497    -395.3699 -2.858 -3.305  762 
   54152.336000   -1617.9021     203.3377   -2849.8998     207.1793    0.2054     260.5241     238.9473  3.170  2.758  762 
   54152.342500   -4344.2529     214.8159   -6133.9634     218.5371    0.2944     796.3670     734.4981  5.246  7.549  762 
   54156.154700    6078.2004     226.5196    6548.0544     228.2225    0.3112     579.2623     555.0554 16.633 10.585  762 
   54174.142000   -1982.6776     187.5647   -2142.1495     191.4306    0.2257      11.2210      10.3672 -0.767  0.144  762 
   54174.149600   -1274.1147     174.2638   -1164.7001     178.7898    0.1424    -169.0235    -155.7333 -2.769 -2.531  762 
   54176.305700   -4510.8948     221.5311   -5332.7645     224.6209    0.3816      26.2933      24.3526 -1.954  0.233  762 
   54179.173100    -815.7404     197.5543    -558.0860     201.0429    0.0401     300.9105     276.5601  2.267  3.327  762 
   54201.218300     674.6548     218.8139    1382.0531     221.1376    0.1321     -66.3814     -62.1200 -0.725 -0.575  762 
   54201.228100     -22.6162     256.9279     790.9973     258.7586    0.0504    -252.3410    -240.4770 -1.984 -1.584  762 
   54201.243600     203.9107     305.9799     143.9398     307.5769    0.0346    -423.2806    -408.3834 -2.914 -1.983  762 
   54205.179300   -1137.4677     163.3817   -1963.0534     168.9904    0.1355     311.9581     281.0278  4.735  5.158  762 
   54210.346400    3471.8322     199.3423    4081.2702     201.7382    0.3768     296.7264     276.3304  3.753  3.171  762 
   54212.180600   -2955.5702     249.1565   -3682.2969     251.2978    0.2451     444.2899     420.3436  2.562  3.962  762 
   54213.208300    -139.8377     237.6604     -62.4572     239.2017    0.0044      99.2513      94.5162  0.988  1.215  762 
   54230.223800    3600.9608     189.9171    4118.6475     192.7205    0.4348     359.3081     332.2735  6.203  4.507  762 
   54231.221900     816.0524     281.5530     682.2720     283.1580    0.1812     877.4584     842.4186  4.772  5.102  762 
   54240.235600    3629.5741     223.5641    4557.6358     224.9791    0.3032     180.3317     171.1771  0.071  1.698  762 
   54260.157900    4385.7251     216.5015    5762.5266     217.9956    0.2989     -81.0418     -76.9422  3.394 -0.929  762 
   54260.162700    2899.0168     207.5814    4371.5932     209.3002    0.2325      -4.8159      -4.5546  3.511 -0.053  762 
   54260.175900    3456.6959     177.8017    3842.3464     181.0828    0.5152     502.0230     462.3086  6.988  7.159  762 
   54261.162600    7369.2036     237.5890    8856.9362     238.6583    0.3529      78.1608      75.2807  3.731  0.650  762 
   54261.174500    4737.5395     212.7246    5743.1899     214.4163    0.4247     640.9588     605.8605  8.762  6.456  762 
   54264.164600    2940.9247     184.3301    3857.9926     186.7971    0.3263      26.2055      24.4134  1.335  0.380  762 
   54264.180400    1683.9940     174.4802    1084.2034     177.7785    0.1125     225.9046     208.7678  3.431  3.413  762 
   54265.184200    2046.2673     231.8109    2243.5670     233.2368    0.2449     -10.8742     -10.3729  1.962 -0.091  762 
   54265.195400    3468.6321     210.7005    4192.6064     212.1993    0.3446     206.8438     196.4265  2.629  2.053  762 
   54275.170700    4710.5768     358.9379    5064.5229     359.3526    0.3130     156.0387     153.1071 -0.114  1.143  762 
   54275.178200    4303.1823     329.2049    4634.7664     329.7090    0.2565    -678.7074    -663.3887 -2.876 -5.867  762 
   54384.470800     661.4117     265.0007     845.6215     266.8798    0.0782     -64.6754     -61.5424  0.657 -0.408  762 
   54384.481300    -411.8691     242.4486    -365.9240     244.6491    0.0070     453.8724     428.0397  3.819  3.340  762 
   54385.508300     313.7145     223.0571     660.6668     225.2669    0.0760       4.7548       4.4647  0.175  0.049  762 
   54386.497100   -1653.9458     251.7826   -1657.6535     253.9053    0.1268     701.6861     664.8348  4.093  4.822  762 
   54386.502700   -2580.2268     255.5401   -3081.1836     257.7320    0.2538     618.5436     586.2956  3.805  4.216  762 
   54388.451200    7642.2782     178.9686    8587.5436     181.6502    0.3176    -241.2299    -224.7309  2.076 -3.860  762 
   54533.213700   -3427.6646     343.2995   -2431.3268     345.4465    0.2376    -888.6842    -847.4634 -6.115 -5.781  762 
   54534.352300   -8845.7243     371.9606   -9755.5820     375.2562    0.6645     346.6828     330.2403  0.913  1.896  762 
   54535.298300    1481.1709     282.8641    2279.0720     287.1402    0.4131    2196.7034    2035.5705 22.262 21.370  762 
   54536.149900    2483.6503     313.6861    3185.2641     315.1954    0.0837   -2089.6875   -2003.0777 -18.457 -18.531  762 
   54537.401500    1524.4692     237.7488    3262.6298     241.6513    0.1231   -1121.8514   -1047.1237 -17.467 -16.671  762 
   54538.182200    1728.9302     485.0462    1862.0267     486.4605    0.1260    -633.0847    -617.1671 -2.720 -3.072  762 
   54538.197200     -61.0759     403.3949      97.7766     405.2714    0.0523    -503.9575    -485.1892 -3.657 -3.391  762 
   54590.205000      18.2291     239.4383    1188.0579     243.8907    0.0525    -531.0286    -487.4939 -6.297 -7.564  762 
   54792.348600    -924.5170     255.6365    -656.7787     256.9830    0.2611   -2389.6083   -2288.2184 -29.203 -31.375  762 
   54792.505800   -1397.7285     347.9405   -1211.3045     348.3513    0.4012   -5490.5712   -5368.8476 -52.688 -51.605  762 
   54793.506900   -3155.2773     356.7980   -3335.8553     357.5459    0.7355  -16131.0606  -15682.8631 -115.578 -118.374  762 
   54794.486000   -2534.2453     293.4483   -1531.5688     297.1804    0.1496    -527.2855    -489.4150 -6.192 -6.443  762 
   54860.203100    -105.4141     379.1284     321.7478     381.7856    0.1242   -1810.9441   -1717.0008 -10.657 -11.258  762 
   54861.126100   -2557.4069     371.3399   -2105.3923     373.2559    0.2421    -870.5042    -833.3220 -6.751 -6.348  762 
   54862.262500   -7062.8647     399.0480   -7560.8173     401.9503    0.5879   -1411.3878   -1343.8451 -7.451 -7.679  762 
   54912.158000    -798.9361     320.2551    -269.7014     320.6213    0.5366  -20598.0667  -20149.3091 -160.358 -158.308  762 
   54914.124500  106585.8119     933.4720  106773.9263     933.8954    0.8310  -38246.8096  -38162.2674 -41.750 -65.611  762 
   55126.484100   -6630.4174     328.0032   -6606.0139     330.5024    0.5798    -642.7462    -610.4658 -4.846 -5.960  762 
   55126.506900   -6303.6781     324.3236   -6011.8254     327.0953    0.5922    -384.8373    -364.1943 -3.456 -3.649  762 
   55208.301900   -7549.9332     281.2495   -7464.7969     285.5391    0.6022      21.4156      19.7809  0.582  0.224  762 
   55208.332500   -5089.4938     293.2585   -4301.7974     297.3334    0.2868     473.3435     435.7409  3.843  4.811  762 
   55273.269300   -2100.9188     335.0549   -1674.4676     338.2018    0.2728   -1105.3332   -1037.0515 -7.441 -7.929  762 
   55536.296400   -4029.0372     304.8450   -3710.9214     307.8269    0.3727    -273.9994    -256.9380 -1.734 -2.560  762 
   55538.328200   -1314.1700     242.9355    -966.1373     249.0021    0.1107     -56.2129     -51.0568  0.737 -0.896  762 
   55540.341300    1954.4053     459.7071    1890.2630     461.7386    0.0447   -1471.1973   -1422.5814 -6.575 -6.676  762 
   55599.206500   -2065.1143     424.1067   -1917.2507     425.7717    0.3244   -1489.9288   -1444.6894 -6.652 -7.157  762 
   55603.163800    1031.3728     354.6929    1615.7633     356.4962    0.1094    -178.7264    -170.9099 -0.334 -1.845  762 
   55679.251900    3296.1150     269.4333    3660.8606     273.6551    0.3684    -499.2975    -459.4187 -6.510 -6.035  762 
   55884.433200    3296.1150     269.4333    3660.8606     273.6551    0.3684    -499.2975    -459.4187 -6.510 -6.035  762 
   55889.434300   -5254.5610     344.6062   -5696.9673     348.0807    0.6144    -970.1332    -913.5236 -8.536 -7.830  762 
   55924.442100     243.1127     236.1146    -547.5251     244.5368    0.0468    -129.0191    -116.8042 -2.558 -2.297  762 
   55925.373000   -3430.0602     302.2985   -3444.3061     306.7233    0.5122    -437.1924    -406.6999 -6.203 -4.500  762 
   55926.306500   -1234.7646     245.7506   -1845.8853     252.9567    0.1731     -31.2934     -28.7005 -2.437 -0.485  762 
   55927.348900   -2869.7167     307.3906   -2868.9280     311.3889    0.4631    -486.9942    -452.6120 -5.958 -5.245  762 
   55969.114700   -5363.1013     372.0998   -5839.2598     374.5942    0.5157    -340.7393    -326.6079 -1.396 -2.241  762 
   56045.159200    -981.9791     376.3252   -1537.4563     378.6614    0.1517    -306.4819    -291.9442 -5.380 -2.741  762 
   56215.477100   -3588.1745     333.1803   -3358.3631     337.1193    0.2292    1085.1087    1021.9780 10.056 11.200  762 
   56217.469400    3189.9095     593.2468    2987.3273     594.7288    0.2662    -345.3599    -338.1652 -1.400 -1.391  762 
   56301.275300   -5075.0963     405.2423   -4988.6514     408.5013    0.5360     630.8619     601.2553  4.015  3.747  762 
