   54116.301000    2155.0948     349.7765    2047.9911     349.9155    0.1672    -419.3229    -414.7949 -1.794 -1.335  762 
   54127.317100   -1479.2173     328.8066   -1723.1347     329.0051    0.1028     320.0315     314.4234  2.251  2.154  762 
   54127.352800    -497.4782     322.1631    -670.6343     322.3335    0.0207     943.0735     928.6030  6.386  5.756  762 
   54149.238000    -950.6275     197.9617    -925.8830     199.2837    0.0026    1009.5384     940.0814  6.857  6.441  762 
   54149.257400    1249.1665     275.0164    1165.5330     275.2280    0.0725   -1942.6255   -1905.2290 -6.008 -7.902  762 
   54150.328600    -441.0459     185.7647    -199.7379     187.1108    0.0275      46.2070      42.8069  1.364  0.354  762 
   54152.336000   -2111.6671     165.9538   -2771.5857     168.7345    0.3692     -52.6207     -47.0869 -0.070 -0.518  762 
   54152.342500   -2073.0306     174.3791   -2961.8206     176.7188    0.3015    -110.9262    -100.7101 -0.628 -0.986  762 
   54156.154700    2602.9594     207.3199    3004.8443     208.6871    0.2351     653.9989     617.8603 10.399 11.837  762 
   54174.142000   -1986.9699     155.1517   -2246.5346     158.2393    0.4024       6.8786       6.1615  1.146  0.082  762 
   54174.149600   -1785.1830     144.8590   -1909.1718     149.0195    0.3723      89.9179      79.6734  0.218  1.241  762 
   54176.305700   -2278.3940     179.6228   -2816.3886     181.7005    0.3924    -113.6216    -103.5334 -0.931 -0.951  762 
   54179.173100   -1402.2017     160.9559   -1394.9121     163.8349    0.2712     194.7976     173.4903  1.233  2.013  762 
   54201.218300     188.7059     175.6213     492.1514     177.2609    0.0154    -443.9849    -406.2543 -4.636 -3.777  762 
   54201.228100     869.0999     203.7467    1079.3476     204.5269    0.1083    -372.9900    -353.6114 -2.182 -2.347  762 
   54201.243600     820.4697     244.3260     751.0223     244.7973    0.0402   -1007.4063    -974.8408 -4.513 -4.708  762 
   54205.179300    1075.4133     136.1400     764.5228     140.8653    0.1231     -67.3165     -58.4963 -2.632 -1.016  762 
   54210.346400    2060.5784     164.9553    2201.9828     167.0237    0.5212    1559.8927    1410.9891 15.563 16.077  762 
   54212.180600     639.8942     213.8817     374.9579     214.8569    0.2592    2038.3274    1926.0491 16.354 17.292  762 
   54213.208300    2559.1818     212.8895    2585.5610     213.8845    0.5080    1160.0824    1096.3844 12.305 13.667  762 
   54230.223800      46.5813     159.5838    -120.9631     162.2360    0.0664    -273.5858    -244.3604 -2.693 -3.256  762 
   54231.221900    -230.4015     232.1124    -336.7248     232.7698    0.0158     236.2092     226.0694  2.067  1.354  762 
   54240.235600    -705.4568     190.0555    -454.4546     191.1082    0.0465      93.6339      87.4430  1.166  0.877  762 
   54260.157900   -1136.2861     185.6889    -679.3812     187.0805    0.0417     389.8974     359.8131  4.465  4.417  762 
   54260.162700    -420.8855     172.2894     407.8362     173.7225    0.0738     385.0098     352.8698  6.390  4.240  762 
   54260.175900   -1316.1464     151.1909   -1938.0629     154.5224    0.2369     310.8772     275.1170  3.869  4.144  762 
   54261.162600      97.5467     198.5252     547.1757     199.1780    0.1036     525.3232     497.5844  3.657  4.415  762 
   54261.174500    -784.2875     178.9547    -483.3915     180.4284    0.0447     175.7673     161.4434  1.277  1.744  762 
   54264.164600    2581.8695     158.8605    2938.2104     161.1044    0.4629      60.0476      54.4055 -0.565  0.835  762 
   54264.180400    1986.2198     150.4242    1600.1682     152.9711    0.2406     -47.5367     -42.9106 -0.475 -0.665  762 
   54265.184200    2017.9530     198.3789    2003.6045     199.1565    0.3091     372.3281     352.5523  2.220  3.022  762 
   54265.195400    2765.2586     179.0891    2983.0206     180.0934    0.3651     464.2676     434.7489  2.914  4.536  762 
   54275.170700    -363.9619     331.7598    -327.7567     331.9320    0.1000    -734.1663    -720.0200 -5.186 -5.413  762 
   54275.178200    -226.2875     304.8264    -234.9875     305.0889    0.0592    -448.3738    -437.3711 -3.777 -3.880  762 
   54384.470800   -4107.6066     214.3286   -4180.2972     215.3160    0.5173     220.5252     207.7523  1.000  1.367  762 
   54384.481300   -3514.4563     197.2023   -3801.5853     198.6164    0.5448    -116.3832    -107.8961 -1.344 -0.826  762 
   54385.508300   -4178.0057     189.7453   -4223.5308     191.4804    0.6064     161.0592     147.7225  1.381  1.602  762 
   54386.497100   -4516.2903     204.5220   -4680.1612     205.6168    0.6241     -44.1178     -41.3634 -0.477 -0.294  762 
   54386.502700   -5496.3161     209.6201   -5760.5715     210.6504    0.5852     334.8354     315.3603  1.946  2.193  762 
   54388.451200     268.8509     153.3119     694.8326     156.2120    0.0568     -90.3017     -80.0887 -2.124 -1.401  762 
   54533.213700   -1586.6250     275.9727   -1372.7735     276.9126    0.2125    -266.5977    -252.9155 -2.798 -1.730  762 
   54534.352300   -2571.1197     291.8234   -2846.1040     292.7819    0.4542    -119.7987    -114.8333 -0.915 -0.642  762 
   54535.298300    1318.6702     223.7615    1571.7307     226.8773    0.2675    -309.3602    -278.6811 -3.756 -2.894  762 
   54536.149900    2141.6565     267.2266    2391.7118     268.0285    0.0948   -1646.0484   -1565.0457 -13.345 -14.867  762 
   54537.401500    1849.4643     193.2295    2223.8192     197.6535    0.3239    -176.3909    -156.5918 -5.728 -2.581  762 
   54538.182200    2642.3762     409.1453    2644.2091     409.4748    0.2675    -707.8398    -692.7316 -3.718 -3.484  762 
   54538.197200    2037.8448     343.5825    2046.9417     344.2569    0.1742    -939.0557    -904.8227 -6.527 -6.291  762 
   54590.205000    -884.0602     197.1741    -525.0270     201.8451    0.1097    -122.1577    -107.1403 -0.768 -1.666  762 
   54792.348600   -2380.0352     232.2381   -2395.3146     233.3282    0.3599    -571.2181    -538.3974 -6.356 -7.346  762 
   54792.505800     875.6072     327.0708     909.5610     327.2927    0.0703   -2022.1336   -1976.6527 -21.734 -18.941  762 
   54793.506900     -46.4391     327.0279     -48.9216     327.2478    0.4110   -5670.3044   -5551.2277 -39.542 -40.782  762 
   54794.486000   -1184.4053     246.4898    -768.4625     249.7250    0.0743     243.9599     220.1161  2.760  2.884  762 
   54860.203100      77.0684     302.1250     228.1181     303.5695    0.0509     114.6429     107.6407  1.353  0.710  762 
   54861.126100     411.0573     313.2656     491.5936     314.1393    0.0139    -408.7303    -389.7555 -3.016 -2.956  762 
   54862.262500   -1065.7582     316.8219   -1233.0456     317.9638    0.2689    -657.8658    -626.1714 -3.835 -3.537  762 
   54912.158000     568.0544     294.0670     676.2553     294.2255    0.3876   -8570.2356   -8382.2346 -63.376 -65.927  762 
   54914.124500   22616.4636     762.4405   22542.7457     762.5018    0.0077  -22462.7466  -22428.8982 -37.855 -39.043  762 
   55126.484100    -731.6486     275.7634    -692.1518     277.3370    0.0496     418.4972     391.0497  3.053  3.790  762 
   55126.506900     132.6161     270.2180     226.3444     271.9016    0.0979     340.8761     318.4477  3.060  3.186  762 
   55208.301900   -1332.4934     225.9152   -1186.6707     229.2620    0.0628     881.7570     788.9514  8.810  8.787  762 
   55208.332500    -450.0494     235.9090      82.6078     239.2613    0.1209     957.3762     856.1701  9.769  9.445  762 
   55273.269300   -1342.2955     264.0707   -1321.3285     266.0761    0.2466      94.5919      87.3750  0.080  0.667  762 
   55536.296400   -2780.7963     253.3375   -2677.8023     255.6220    0.4069      72.8904      66.6450 -0.855  0.658  762 
   55538.328200   -2538.3513     205.8245   -2603.0606     212.0954    0.4547     -52.2223     -45.0569  0.243 -0.779  762 
   55540.341300    -516.9511     373.2306    -579.1221     373.8424    0.1384    -369.3127    -358.1477 -2.001 -1.665  762 
   55599.206500   -2477.6430     349.7697   -2541.3647     350.2526    0.3430    -562.5358    -546.8593 -2.580 -2.699  762 
   55603.163800    -878.2208     309.7331    -705.4017     311.0416    0.1215    -201.5769    -190.1539 -1.054 -2.081  762 
   55679.251900     282.1849     226.0014     236.7590     229.9935    0.0354    -455.5041    -404.1211 -5.151 -5.202  762 
   55884.433200     282.1849     226.0014     236.7590     229.9935    0.0354    -455.5041    -404.1211 -5.151 -5.202  762 
   55889.434300   -1580.4373     281.9233   -1718.1766     283.9882    0.2800     195.5288     181.4630  1.985  1.522  762 
   55924.442100     -30.8877     198.5898    -479.5614     206.4849    0.0914    -112.1759     -96.9139 -0.794 -1.860  762 
   55925.373000     -24.9587     247.5614      30.2285     250.5213    0.0210      66.0068      60.1559  1.710  0.644  762 
   55926.306500   -1079.7768     205.7182   -1486.2298     212.3754    0.3110    -146.4242    -128.1463 -0.916 -2.083  762 
   55927.348900   -2338.1657     257.6422   -2307.5392     260.5876    0.4791     -78.1532     -71.0037  0.178 -0.797  762 
   55969.114700   -4205.0224     307.8144   -4376.8954     308.8887    0.6484    -454.9480    -433.0109 -2.543 -2.922  762 
   56045.159200   -1109.4528     327.5682   -1291.1096     328.8745    0.2564    -346.0927    -327.6482 -3.732 -3.022  762 
   56215.477100   -3007.3830     268.1072   -3319.8186     271.4708    0.4635     494.4097     449.9879  5.997  5.406  762 
   56217.469400   -1505.0414     493.1177   -1560.5081     493.4850    0.1023     893.3271     876.4420  4.265  3.710  762 
   56301.275300    -834.0681     310.6579   -1061.0333     312.2512    0.0105    1068.2376    1007.1556  7.141  6.623  762 
