   54116.301000    9253.6818     418.0586    9210.8256     418.3046    0.6584    1794.3220    1775.8884  5.020  5.748  762 
   54127.317100   -3191.4151     345.8039   -3507.0693     345.9872    0.0624    2386.4482    2347.4789 13.696 16.927  762 
   54127.352800    -781.3526     343.7642    -986.8832     343.9021    0.0852    2536.3529    2500.8301 13.378 16.248  762 
   54149.238000     498.6274     240.4120     403.3317     241.2048    0.1330     610.6159     582.4435  5.606  4.033  762 
   54149.257400    7563.0900     318.0455    7473.8107     318.2233    0.4365   -1231.2818   -1212.6950 -3.335 -5.088  762 
   54150.328600    1731.3491     219.1393    1868.7229     219.9764    0.1798    -486.4688    -462.0972 -4.569 -3.871  762 
   54152.336000   -1030.2438     192.2894   -1682.7472     194.5574    0.1491     374.6170     345.2099 -0.453  3.990  762 
   54152.342500   -2670.6104     203.1256   -3780.2063     205.0965    0.2339     834.3503     774.8433  2.238  7.977  762 
   54156.154700    3201.9073     222.4829    3591.5035     223.7632    0.2332     380.9162     361.4000  9.616  6.877  762 
   54174.142000   -5096.2073     178.9506   -5685.6168     181.6679    0.6245    -517.1732    -473.4344 -8.343 -6.573  762 
   54174.149600   -4207.2031     167.3880   -4550.1370     170.9817    0.5683    -297.9920    -269.6453 -5.607 -4.367  762 
   54176.305700   -5472.6018     210.8649   -6147.5657     212.4696    0.4857     288.9167     269.2557 -0.994  2.587  762 
   54179.173100   -1054.3266     187.2356   -1038.9938     189.3874    0.1625     -11.6217     -10.6987 -4.199 -0.129  762 
   54201.218300    2305.6540     207.7662    2612.4159     208.7084    0.2405    -800.5843    -755.5484 -4.438 -7.011  762 
   54201.228100    3440.8632     244.7947    3556.8895     245.2256    0.2574   -1414.3863   -1365.3078 -8.685 -9.025  762 
   54201.243600    2130.2613     294.9243    2074.1805     295.2587    0.1619    -740.8903    -722.8521 -3.355 -3.524  762 
   54205.179300    -317.8832     155.8428   -1095.3002     160.3828    0.0940     276.7962     246.3164  1.942  4.508  762 
   54210.346400    4438.6126     190.4396    4857.1216     191.7016    0.4489      15.0659      14.0844  4.094  0.162  762 
   54212.180600   -2316.0725     237.9225   -2723.3922     238.8355    0.1927     895.3238     854.5884  6.456  8.074  762 
   54213.208300   -1215.2125     230.3747   -1287.9403     231.3705    0.2144    -294.1307    -279.8039 -4.414 -3.600  762 
   54230.223800    1449.2302     181.7610    1953.2657     183.5334    0.2440      34.3028      31.7024  0.856  0.430  762 
   54231.221900    1092.3093     271.6822    1024.8205     272.0941    0.1353     127.4115     123.3149  1.844  0.749  762 
   54240.235600    5332.4955     214.2178    5802.6445     214.7913    0.4443    -111.3540    -106.5056  1.239 -1.058  762 
   54260.157900    4763.7247     208.1432    5584.5026     208.8736    0.3719    -153.4539    -145.8621  5.274 -1.759  762 
   54260.162700    4484.9394     198.3852    5308.2151     199.1254    0.3148    -687.8023    -652.2389  0.443 -7.563  762 
   54260.175900    1797.5543     170.6196    2125.7873     172.9203    0.3260     425.1692     389.4263  7.323  6.027  762 
   54261.162600    6974.4368     228.6352    7438.6897     228.8726    0.3649    -813.1877    -788.2875  2.270 -6.807  762 
   54261.174500    4738.1442     204.4961    5303.2974     205.2371    0.4271     104.8925      99.3625  8.570  1.059  762 
   54264.164600    3385.5879     177.6454    4071.6006     179.3496    0.3728    -381.6683    -353.6262 -2.377 -5.503  762 
   54264.180400    1173.9885     167.3537     844.1143     169.7391    0.1131     140.2628     128.9114  0.479  2.107  762 
   54265.184200    2076.6665     222.8614    2133.3550     223.3886    0.2287    -156.5906    -150.3913 -0.442 -1.318  762 
   54265.195400    4502.1736     201.7567    4846.5035     202.3928    0.3686    -429.9533    -410.9396 -1.870 -4.302  762 
   54275.170700    6201.8260     351.8822    6316.9726     351.9788    0.4182      -6.2640      -6.1742 -0.166 -0.046  762 
   54275.178200    4628.1742     322.2745    4718.4453     322.4562    0.3211    -381.5657    -374.1782 -0.939 -3.317  762 
   54384.470800    3574.4373     253.4791    3568.8707     253.9971    0.4682    1089.7900    1048.0646  6.509  6.979  762 
   54384.481300    2409.9847     231.3441    2372.8494     232.0826    0.3796     734.6536     699.1214  6.596  5.469  762 
   54385.508300     828.0974     213.5506     933.3834     214.7362    0.1387     134.3765     126.3995  2.554  1.400  762 
   54386.497100     -17.3048     240.0504    -118.7732     240.6858    0.1125     987.4110     946.3308  7.237  6.895  762 
   54386.502700   -1920.1370     243.8955   -2136.9243     244.5442    0.0997    1372.5510    1316.0480  9.562  9.501  762 
   54388.451200    5014.3918     173.1301    5880.5381     174.9196    0.3001    -286.0824    -264.2130  1.622 -4.531  762 
   54533.213700   -2981.6413     328.3532   -2845.8568     328.9155    0.4046    -874.0004    -843.0923 -5.588 -5.781  762 
   54534.352300   -5348.9952     352.9982   -5627.6710     353.6583    0.4635    1430.5704    1386.4495  6.755  8.001  762 
   54535.298300     615.1035     266.3499     844.9693     268.4047    0.3724    2186.0624    2038.6203 26.296 21.409  762 
   54536.149900    2144.7561     302.4954    2430.7540     303.0344    0.0161   -2704.5407   -2610.1992 -17.563 -24.221  762 
   54537.401500    4091.2578     225.0223    5193.4809     227.6888    0.3016   -1242.9986   -1153.3907 -7.609 -18.324  762 
   54538.182200    4027.3796     471.3620    4011.1594     471.6417    0.4292     -33.9325     -33.3485  5.120 -0.167  762 
   54538.197200     466.5239     387.9504     548.2085     388.4066    0.0772      -8.7117      -8.4749  2.732 -0.059  762 
   54590.205000    1566.3141     227.7227    2454.3518     230.7738    0.1982    -703.4777    -642.6005 -1.465 -9.961  762 
   54792.348600    2561.4327     249.4582    2606.1477     250.3436    0.1015   -1660.4939   -1582.5725 -18.661 -21.657  762 
   54792.505800    2221.5003     342.0806    2253.5902     342.2888    0.1643   -4841.6768   -4745.3471 -42.449 -45.678  762 
   54793.506900     429.9817     346.3600     345.1109     346.6017    0.5568  -12523.6020  -12296.1544 -95.190 -93.164  762 
   54794.486000    2094.8514     279.4899    2664.0360     281.8035    0.2236    -316.0828    -293.1619  1.870 -3.858  762 
   54860.203100    4147.5371     361.8919    4191.0519     362.7019    0.4524    -581.0802    -557.5690 -1.294 -3.668  762 
   54861.126100    3098.5266     356.1429    3156.3720     356.6988    0.3431      -8.1784      -7.9034  2.664 -0.060  762 
   54862.262500    4641.2704     379.9352    4258.4842     380.6763    0.3935     273.0154     263.5561  1.799  1.511  762 
   54912.158000    1239.2834     313.6294    1282.5511     313.7555    0.5867  -20266.3320  -19888.7916 -155.955 -156.688  762 
   54914.124500   94852.0893     931.0468   95084.2077     931.2302    0.9290     842.0666     840.5215 -6.182  1.444  762 
   55126.484100   -3694.2812     315.7615   -3978.7943     316.9424    0.3822     387.4397     367.5310  1.322  3.587  762 
   55126.506900   -2678.1100     309.3236   -2805.2196     310.5956    0.3857     -21.2991     -20.2416 -0.060 -0.203  762 
   55208.301900     202.8230     265.1817     211.0827     267.3626    0.0719     374.9520     347.5684  4.890  3.935  762 
   55208.332500    2049.3983     276.5623    2356.9731     278.8771    0.2975     418.2079     387.3609  5.619  4.278  762 
   55273.269300    1129.0528     318.3490    1130.9081     319.4755    0.1262    -245.9826    -233.5231  1.033 -1.792  762 
   55536.296400     515.3331     291.9199     451.7878     293.4156    0.0869     425.4580     399.0627  9.071  3.978  762 
   55538.328200    -663.2551     234.6558    -458.2095     239.4873    0.0162     356.4821     317.7665 10.126  5.568  762 
   55540.341300    7543.3706     443.5107    7405.1383     443.9334    0.6394     438.7780     428.8064  7.719  2.020  762 
   55599.206500     463.7420     410.4795     364.4789     410.8274    0.0318     -52.6860     -51.5322  5.082 -0.256  762 
   55603.163800     783.9889     343.0536    1000.9065     343.9730    0.1466     605.3977     579.5234 11.830  6.258  762 
   55679.251900    1254.2544     258.9915    1329.5244     262.0009    0.2046     -59.3948     -54.3316  0.986 -0.714  762 
   55884.433200    1254.2544     258.9915    1329.5244     262.0009    0.2046     -59.3948     -54.3316  0.986 -0.714  762 
   55889.434300    4231.8431     326.4203    4078.3929     327.6946    0.4617    -690.1096    -656.1151 -7.755 -5.633  762 
   55924.442100    -801.3156     228.9888   -2181.4685     236.3000    0.1885    -315.5270    -279.1166 -10.784 -5.480  762 
   55925.373000   -3577.2661     286.7296   -3932.0952     289.2082    0.5961    -222.5584    -207.4511 -6.478 -2.295  762 
   55926.306500   -3786.6143     237.9076   -5006.9370     243.9727    0.4737     -13.8850     -12.4239 -4.076 -0.209  762 
   55927.348900   -4335.6525     294.3881   -4697.4200     296.9577    0.7041    -497.5962    -461.6823 -6.420 -5.353  762 
   55969.114700    -444.8159     357.5632    -613.7652     358.2057    0.0468     237.9589     229.6497  3.016  1.579  762 
   56045.159200    -127.1765     364.0561    -503.7702     365.1786    0.0720    -113.3752    -108.3728 -4.239 -1.020  762 
   56215.477100    -504.3189     317.0115    -553.5643     318.8828    0.0041     551.7227     520.4407 10.084  5.699  762 
   56217.469400    2214.1137     580.6528    2147.1899     580.9948    0.3431     808.3906     795.8849  6.009  3.283  762 
   56301.275300   -2448.9851     385.0090   -2501.5221     385.7754    0.3495     209.3440     202.2667  3.658  1.266  762 
