   54116.301000   -2734.4332     400.7141   -2910.5928     400.9598    0.3255   -1107.4081   -1094.1644 -3.366 -3.555  762 
   54127.317100  -10527.2677     329.9374  -10844.6080     330.1672    0.5100    1631.0904    1597.2598 12.729 12.369  762 
   54127.352800  -12135.9872     328.1650  -12385.8014     328.3870    0.5858    2251.5214    2207.9822 15.283 15.319  762 
   54149.238000    1921.6140     230.7814    1964.1111     231.4567    0.3376     243.9705     232.2505  2.367  1.610  762 
   54149.257400    3482.9229     306.2181    3377.7050     306.4359    0.1666   -1474.8772   -1448.8205 -6.020 -6.124  762 
   54150.328600   -5282.0396     212.8156   -5263.2273     213.6067    0.6118     -92.4860     -87.4125 -2.137 -0.737  762 
   54152.336000   -5603.9295     183.1780   -5884.3392     184.9401    0.7100    -560.0093    -514.7355 -6.373 -6.285  762 
   54152.342500   -4655.0659     192.1452   -5028.8480     193.5852    0.6291    -668.3971    -620.0708 -5.703 -6.778  762 
   54156.154700   -1320.9983     222.7580   -1230.7769     223.6213    0.0024    1264.0065    1207.7778 19.374 22.199  762 
   54174.142000   -2284.8465     169.8681   -2197.7767     171.7851    0.3378      70.5440      64.7657  0.000  0.956  762 
   54174.149600   -1982.7624     159.7803   -1683.2516     162.2804    0.2085     252.2079     229.3407  2.909  3.905  762 
   54176.305700   -3524.9519     198.9446   -3959.3796     200.2248    0.5179    -380.0563    -352.9853 -3.013 -3.562  762 
   54179.173100      97.7642     178.6935     296.5276     180.2135    0.0505    -632.5678    -583.1416 -6.285 -7.293  762 
   54201.218300   -1517.2007     203.1012   -1381.8964     203.8989    0.2634    -269.7939    -254.2902 -2.626 -2.316  762 
   54201.228100    -693.1101     238.5122    -650.3177     238.9855    0.1376    -271.5167    -261.0528 -1.322 -1.694  762 
   54201.243600   -1455.1220     283.1246   -1523.0308     283.5235    0.2801    -398.5653    -387.7662 -1.681 -1.894  762 
   54205.179300    -839.4549     147.8215    -976.6377     151.2114    0.1129      33.3787      30.0658 -1.200  0.585  762 
   54210.346400    3503.5671     185.1745    3619.8455     186.1511    0.4238     178.4001     167.0652  1.251  1.906  762 
   54212.180600   -5720.4985     226.3725   -6140.2860     227.1817    0.5272     583.6693     554.7636  5.761  5.570  762 
   54213.208300   -8478.8282     224.5366   -8525.1213     225.3055    0.6703    1036.2457     986.3859 10.927 13.040  762 
   54230.223800   -3919.8856     177.3523   -3718.8035     178.7003    0.4826    -346.8369    -321.0025 -3.392 -4.388  762 
   54231.221900   -7226.4734     262.4387   -7355.1513     262.9497    0.6874       0.3211       0.3092 -1.444  0.002  762 
   54240.235600    6364.0069     211.2308    6515.0705     211.6677    0.6434     219.2377     210.1642 -0.712  2.027  762 
   54260.157900   -2229.1088     208.0317   -1972.6180     208.6319    0.2180    -201.9246    -192.2520 -3.698 -2.229  762 
   54260.162700   -3031.5913     200.0550   -2770.2146     200.6737    0.3431    -280.4660    -266.1393 -2.753 -2.895  762 
   54260.175900   -5159.9870     166.4521   -5390.4129     168.3845    0.6398    -145.8836    -133.3549 -2.387 -2.101  762 
   54261.162600   -3690.2176     229.3165   -3512.2215     229.6242    0.3499    -308.3871    -297.7459 -3.442 -2.445  762 
   54261.174500   -7340.6942     203.9448   -7395.8246     204.7297    0.6871    -175.1988    -165.2663 -3.418 -1.703  762 
   54264.164600    4633.8315     173.0439    5047.5852     174.2075    0.5540    -167.0008    -155.9952 -2.253 -2.421  762 
   54264.180400    2623.3424     159.2525    2454.3878     161.0165    0.3878     -49.2542     -45.5114 -0.821 -0.788  762 
   54265.184200    -165.1246     215.4107    -322.1239     215.9201    0.0910    -525.0207    -503.0791 -5.182 -4.495  762 
   54265.195400      88.0892     198.3239      52.3830     198.8887    0.0164      74.2573      70.8831  0.736  0.735  762 
   54275.170700    1582.7228     349.8045    1580.2025     349.9119    0.0241   -1308.6881   -1288.6519 -8.989 -9.469  762 
   54275.178200     352.2824     320.2271     315.7118     320.3909    0.0676   -1066.8280   -1045.6917 -7.553 -9.134  762 
   54384.470800    1257.7995     243.9087    1281.8244     244.4405    0.0463    -966.6610    -926.0875 -6.484 -6.183  762 
   54384.481300    2211.3622     220.9988    2311.5049     221.6238    0.2060    -884.9480    -841.3110 -7.097 -6.690  762 
   54385.508300   -1570.5990     207.0089   -1416.1960     207.8928    0.2746    -570.9720    -536.7318 -7.498 -6.036  762 
   54386.497100   -1721.6875     229.3395   -1712.9452     229.9283    0.2354    -113.8548    -108.5977 -0.956 -0.809  762 
   54386.502700   -2427.8827     230.9511   -2462.8565     231.5521    0.3333       3.1920       3.0464  1.064  0.023  762 
   54388.451200   -4350.4752     174.2820   -4202.9855     175.6194    0.4102    -139.0049    -129.5372 -1.440 -2.108  762 
   54533.213700    -701.5398     318.1422    -520.8106     318.6531    0.1873    -792.4856    -763.5029 -4.715 -5.177  762 
   54534.352300   -7795.6959     334.8697   -7953.9807     335.6569    0.8140    -452.5163    -435.6982 -3.032 -2.598  762 
   54535.298300   -2320.2893     258.7493   -2060.2809     260.3040    0.0060    2168.8442    2020.4292 20.893 21.278  762 
   54536.149900     569.6168     302.2717     739.2947     302.6320    0.0416   -1159.2244   -1122.3004 -9.465 -9.890  762 
   54537.401500    4608.1481     225.6898    5174.9689     227.2949    0.5017    -506.5759    -475.1105 -6.839 -6.990  762 
   54538.182200    1900.6197     461.4393    1933.4080     461.7255    0.2391     -76.1386     -74.7859 -0.941 -0.366  762 
   54538.197200    1309.9368     377.7415    1395.6123     378.1650    0.1423    -395.2430    -383.5976 -3.568 -2.686  762 
   54590.205000   -2216.3771     224.4390   -1821.6519     226.5435    0.3322    -380.9387    -351.3009 -4.666 -5.302  762 
   54792.348600    -193.7799     247.0891    -453.0434     247.8093    0.2271   -1469.8486   -1403.8982 -15.614 -18.972  762 
   54792.505800    2454.2244     339.8946    2473.9561     340.0318    0.0273   -2892.2889   -2839.3683 -28.985 -27.036  762 
   54793.506900     330.5994     336.5663     299.3393     336.7157    0.2746   -4096.6426   -4026.0582 -31.797 -31.352  762 
   54794.486000   -7501.5980     276.8569   -7610.9790     278.8952    0.8041     295.9567     274.3391  2.978  3.563  762 
   54860.203100     683.6450     352.3322     810.9165     353.0376    0.0249    -982.7086    -942.7863 -6.519 -6.092  762 
   54861.126100   -4749.9878     348.4364   -4718.7794     349.0096    0.6060    -321.1564    -309.0433 -2.169 -2.350  762 
   54862.262500   -7536.9124     366.6049   -7944.7418     367.5720    0.7885   -1455.0898   -1393.7095 -8.434 -8.070  762 
   54912.158000    4807.1888     310.4151    4841.1194     310.5059    0.2930  -11496.4285  -11300.7545 -87.353 -88.121  762 
   54914.124500   47195.0932     913.1193   47156.6615     913.1635    0.4249  -33273.4970  -33242.9850 -55.181 -56.096  762 
   55126.484100   -2831.1804     307.4648   -2879.8730     308.3794    0.3820     309.8773     294.5093  1.954  2.874  762 
   55126.506900   -1087.8018     303.1520   -1088.8173     304.0131    0.1701      -2.7281      -2.6021 -0.187 -0.026  762 
   55208.301900   -6754.7235     258.7475   -7036.7948     260.7687    0.8031     537.4161     496.4088  5.770  5.688  762 
   55208.332500   -4548.2721     272.2199   -4496.5473     274.0504    0.6574     529.4228     490.9468  6.223  5.345  762 
   55273.269300   -5572.4461     310.6991   -5608.6017     311.8015    0.7926    -962.9777    -909.9500 -6.039 -6.923  762 
   55536.296400   -7646.9190     285.4355   -7965.8775     286.8958    0.7324     594.1904     554.7144  6.307  5.528  762 
   55538.328200   -5419.1793     229.6471   -5604.8946     233.3257    0.7114     253.1994     227.3472  6.083  3.953  762 
   55540.341300     763.2878     425.6105     716.7852     426.1173    0.0647    -252.7188    -246.1642 -2.219 -1.168  762 
   55599.206500     684.9638     396.6960     600.5510     397.1129    0.1429   -2015.4014   -1967.0666 -10.449 -9.769  762 
   55603.163800   -3118.1252     342.5943   -3071.5339     343.3014    0.2761     830.4004     795.3871  8.511  8.280  762 
   55679.251900    1280.6801     250.2420    1335.9769     252.4157    0.2353    -324.8455    -299.0927 -3.668 -3.959  762 
   55884.433200    1280.6801     250.2420    1335.9769     252.4157    0.2353    -324.8455    -299.0927 -3.668 -3.959  762 
   55889.434300   -3353.8553     315.3550   -3462.3274     316.5744    0.4732       7.9199       7.4892  0.015  0.066  762 
   55924.442100   -3795.4660     223.0316   -4519.8392     228.2033    0.4837     -91.9751     -82.8019 -1.229 -1.627  762 
   55925.373000   -5877.6780     275.9961   -6211.2812     277.9683    0.7467    -322.4528    -299.7297 -3.115 -3.434  762 
   55926.306500   -2730.2040     228.4362   -3985.1846     233.4058    0.4308    -242.0021    -217.5598 -2.957 -3.795  762 
   55927.348900   -1964.0205     282.0867   -2117.3102     283.9332    0.4097    -191.8396    -178.5772 -3.604 -2.131  762 
   55969.114700   -3463.5025     343.4054   -3639.1107     344.1453    0.4337      11.3226      10.8775 -0.336  0.076  762 
   56045.159200   -6631.2444     355.4384   -6886.5641     356.3468    0.6631    -232.4364    -221.8991 -1.267 -2.111  762 
   56215.477100   -9381.5070     330.6392   -9521.1791     331.7862    0.8313    -226.9419    -215.9261  0.188 -2.058  762 
   56217.469400    5035.2224     575.1377    5014.6489     575.4174    0.4596     -79.0614     -78.0233 -0.297 -0.307  762 
   56301.275300   -7961.7569     386.8644   -8026.3796     387.6254    0.7904     132.5501     128.1522  0.544  0.739  762 
