   54116.301000   10573.6013     361.6338   10461.3037     362.0052    0.4628   -5154.9211   -5060.9775 -15.269 -16.210  762 
   54127.317100    2266.8670     349.2884    2343.6317     349.5220    0.0767   -3328.7110   -3259.9736 -20.693 -20.814  762 
   54127.352800    1357.6188     341.8524    1371.3846     342.1141    0.1385   -3173.4545   -3107.7992 -18.679 -18.138  762 
   54149.238000    2159.2615     213.6977    2283.3764     215.8904    0.0751   -3237.3094   -2931.3841 -21.137 -20.009  762 
   54149.257400    6317.4720     287.2611    6090.5377     287.7566    0.0648   -5465.8830   -5300.0611 -20.470 -21.665  762 
   54150.328600    1114.3677     199.2677    1389.9612     201.5604    0.1465    -268.5161    -240.9410 -1.460 -2.012  762 
   54152.336000    1492.2066     185.0283    1970.5082     187.9203    0.1085   -1312.9422   -1155.4238 -11.692 -11.816  762 
   54152.342500     989.9391     194.1187    1327.0374     196.4695    0.0072   -1541.6203   -1379.5229 -12.415 -12.496  762 
   54156.154700    3365.5017     206.6495    3499.0045     208.6834    0.2035   -1545.3932   -1426.5898 -27.724 -31.106  762 
   54174.142000    2518.2384     170.0213    2369.9891     173.4545    0.2137   -1046.1290    -919.0038 -12.291 -11.809  762 
   54174.149600    2491.8313     157.3581    2385.4311     161.6611    0.2316   -1022.1153    -886.1732 -14.356 -13.950  762 
   54176.305700    -207.7800     200.1687      79.3337     202.5021    0.2249   -2136.1909   -1912.7584 -15.828 -16.291  762 
   54179.173100    2317.1477     177.1827    2563.3953     180.6771    0.2348   -1124.6316    -974.6656 -10.872 -10.971  762 
   54201.218300     118.8935     188.5671     333.8258     191.2953    0.1466   -1376.2515   -1210.1116 -11.942 -11.639  762 
   54201.228100   -1351.0352     217.4100   -1282.9267     219.0975    0.3254   -1436.4036   -1319.1911 -9.243 -8.887  762 
   54201.243600    1228.8384     257.9586    1250.1224     258.9364    0.0746   -2173.2014   -2062.7253 -9.892 -9.945  762 
   54205.179300    3104.6324     153.2070    3773.6934     157.3323    0.4455    -541.8759    -458.1042 -7.064 -7.597  762 
   54210.346400   -1336.0682     177.7534   -1225.6477     180.7883    0.2650   -1687.3819   -1465.1801 -17.017 -17.372  762 
   54212.180600    1679.4047     232.6099    1733.5202     233.8757    0.1254   -2880.4713   -2685.4793 -23.169 -22.668  762 
   54213.208300     392.6863     227.8814     582.2970     229.2638    0.1353   -1978.8017   -1832.5748 -23.229 -22.205  762 
   54230.223800      15.3066     174.6046     198.4301     177.9186    0.0862    -865.8775    -746.8918 -9.129 -9.876  762 
   54231.221900    1881.3387     246.0192    2053.8843     247.1407    0.0817   -1503.1919   -1409.4218 -8.811 -8.403  762 
   54240.235600     -77.2862     197.2982     252.4669     199.1268    0.0524    -850.9611    -770.7108 -8.376 -8.217  762 
   54260.157900    -441.8388     190.4763      32.9247     192.8716    0.0186    -193.2116    -171.8079 -3.424 -2.352  762 
   54260.162700    -201.9825     178.8277      91.5700     181.7024    0.0251    -346.0722    -303.5001 -4.381 -4.077  762 
   54260.175900   -1259.9255     165.9844    -957.7144     169.5616    0.2267    -617.6879    -528.4812 -6.865 -7.902  762 
   54261.162600   -2144.1667     201.3236   -1957.0366     203.0507    0.2550    -339.4304    -308.6799 -4.139 -3.136  762 
   54261.174500   -2326.6008     187.0954   -2055.4233     189.6262    0.2645    -573.8923    -506.8920 -6.512 -5.923  762 
   54264.164600   -2815.5619     170.4356   -2571.8429     173.5159    0.2985    -237.6251    -206.8101 -3.101 -3.305  762 
   54264.180400   -1626.3528     168.7401   -1513.1280     171.4222    0.2612    -410.7571    -362.4994 -4.099 -5.192  762 
   54265.184200   -3716.8401     214.9956   -3468.3612     216.1733    0.3190    -162.7734    -150.7980 -2.015 -1.243  762 
   54265.195400   -2513.7396     191.4125   -2202.2238     193.1086    0.2242     -63.5027     -57.5694 -1.533 -0.610  762 
   54275.170700   -2984.6633     334.2971   -2884.4483     334.6624    0.2332     -73.4541     -71.1667 -3.011 -0.556  762 
   54275.178200   -2352.3179     311.2097   -2348.7915     311.6941    0.1825    -139.8208    -134.5968  0.037 -1.215  762 
   54384.470800    1217.2279     227.8159    1009.1492     229.5223    0.0998   -2306.8124   -2119.6844 -15.757 -14.035  762 
   54384.481300    2040.5766     211.0560    1997.0235     213.1336    0.0064   -2131.4325   -1927.3024 -15.484 -14.809  762 
   54385.508300    2080.2675     200.6952    2079.6566     203.0926    0.0749   -1650.9913   -1479.2626 -16.228 -16.370  762 
   54386.497100    3365.8530     218.7945    3366.4300     220.4552    0.1308   -2244.7546   -2064.1551 -14.371 -14.462  762 
   54386.502700    3305.7003     225.1237    3384.4969     226.5341    0.1180   -2241.0404   -2081.0605 -14.923 -14.004  762 
   54388.451200    3976.4291     157.7081    4014.7329     161.8717    0.3946    -654.7144    -556.0190 -10.978 -11.300  762 
   54533.213700    4265.0520     290.3763    4312.3443     292.3536    0.4968    -437.1702    -404.3051 -3.688 -2.826  762 
   54534.352300    2454.2106     313.8255    2777.1511     315.1678    0.3438    -488.0451    -461.6740 -2.167 -2.497  762 
   54535.298300    2648.4536     242.4284    2696.4941     247.3954    0.6571     881.5857     762.2906  8.436  8.110  762 
   54536.149900    3641.9584     272.1922    3658.5848     273.9970    0.4304    1163.9402    1074.1080 10.106 11.155  762 
   54537.401500     435.7578     202.3185     894.7018     208.6201    0.2186     309.9062     261.6991  5.599  5.032  762 
   54538.182200    4167.6125     418.2951    4239.8612     419.0666    0.2232   -1437.9295   -1384.7852 -7.673 -7.208  762 
   54538.197200    2279.9793     356.0207    2437.2944     357.3525    0.2475    -221.1758    -208.8090 -1.659 -1.493  762 
   54590.205000     760.1681     211.9905    1258.3004     217.9623    0.1584    -310.6217    -260.5042 -3.240 -4.318  762 
   54792.348600       0.0000       2.9784       0.0000       2.9784       nan       0.0000       0.0000 10.555  0.000  762 
   54792.505800    3799.7890     328.2774    3749.0349     328.6782    0.5001    5002.1903    4834.4723 45.135 47.769  762 
   54793.506900    9149.7789     331.9095    9010.4152     332.3421    0.7186   23744.2872   23004.1516 170.407 167.941  762 
   54794.486000     747.5711     260.0006     524.7875     264.8248    0.0920     -50.2068     -43.6229 -0.108 -0.600  762 
   54860.203100    3897.7059     318.1876    3549.9329     321.0978    0.4911    -312.1374    -283.5897 -2.029 -1.921  762 
   54861.126100    2650.7456     324.2332    2257.8054     326.1085    0.2674     660.3432     612.9727  3.227  4.858  762 
   54862.262500    4344.1520     333.6640    4014.2837     335.8277    0.5243     176.2756     163.7249  0.556  0.934  762 
   54912.158000    5990.9502     299.1206    5790.2693     299.4851    0.6816   29532.2656   28560.7687 220.209 222.011  762 
   54914.124500   76599.9686     759.6411   76400.2007     759.7856    0.8394  -15921.0372  -15890.9398 -30.460 -27.817  762 
   55126.484100    2642.3346     290.1886    2277.5473     292.7926    0.3392     445.5043     406.2398  1.962  4.040  762 
   55126.506900    2974.1674     282.2012    2633.5511     285.1444    0.4906     573.9729     521.4627  5.928  5.467  762 
   55208.301900       0.0000       3.4242       0.0000       3.4242       nan       0.0000       0.0000  0.000  0.000  762 
   55208.332500       0.8522       3.8406    3661.9950     113.2224    0.3864       0.0000       0.0000 -0.366  0.000  762 
   55273.269300    2343.7985     283.1738    2253.4965     286.4238    0.3313     485.3968     434.6459  3.475  3.341  762 
   55536.296400    3086.9674     266.5558    2595.8481     270.1246    0.3242    -143.9569    -128.0191 -2.733 -1.311  762 
   55538.328200    2974.1571     220.7297    2529.1175     227.6024    0.3016      16.8929      14.1301  0.287  0.253  762 
   55540.341300    6847.5714     387.4362    6671.8289     388.7084    0.5345    -250.3926    -238.6624 -0.663 -1.122  762 
   55599.206500    6522.6028     360.4807    6185.5857     361.5654    0.4910     580.4516     554.1553  2.579  2.782  762 
   55603.163800    5057.2633     311.8544    4936.4711     314.1433    0.5979     -16.2162     -14.8985  0.369 -0.180  762 
   55679.251900     280.5289     246.0874     -33.7837     251.2968    0.0737     499.5504     426.7221  5.971  5.455  762 
   55884.433200     280.5289     246.0874     -33.7837     251.2968    0.0737     499.5504     426.7221  5.971  5.455  762 
   55889.434300    2378.5595     301.7888    1875.8238     305.0032    0.2297     -60.5975     -54.8840 -0.335 -0.456  762 
   55924.442100    3041.8534     216.1574    3025.4931     223.7342    0.5040     398.6403     332.8388  7.738  6.549  762 
   55925.373000    1802.3123     269.1296    1389.9410     273.4369    0.3461     510.0699     451.8225  4.807  4.749  762 
   55926.306500    1822.2383     224.9920    1042.0521     231.9413    0.1949     435.8596     370.6587  4.884  6.023  762 
   55927.348900    2388.4127     277.4134    2006.3614     281.5432    0.3979     686.3309     607.4176  5.904  6.722  762 
   55969.114700    4666.0849     322.4648    4542.0233     324.1491    0.4913     705.2081     659.2157  4.524  4.485  762 
   56045.159200    1662.0628     347.0592    1507.6626     348.9890    0.4050    1069.6393     993.9862  8.238  8.976  762 
   56215.477100    5705.4172     268.3827    6491.1959     272.5520    0.3633   -2380.8358   -2098.5900 -29.668 -30.105  762 
   56217.469400    8652.6655     494.4400    8642.2294     495.2876    0.3932   -5047.5783   -4879.0314 -22.503 -21.785  762 
   56301.275300    5232.9834     318.1972    5732.8861     320.8522    0.2741   -3474.5519   -3170.7804 -23.504 -23.120  762 
