   54116.301000   68527.8998     452.9876   68375.6677     453.7708    0.9480   -7448.5289   -7282.6818 -22.237 -23.361  762 
   54127.317100   21682.8422     387.0339   22678.3944     387.7129    0.5567     362.0533     349.0907  2.417  2.348  762 
   54127.352800   21310.8816     382.7225   22193.4103     383.3641    0.5327      96.3078      93.1397  0.120  0.575  762 
   54149.238000   38417.1677     284.3822   38792.0739     288.2410    0.9361   -3249.8181   -2906.5861 -19.063 -19.716  762 
   54149.257400   48540.0241     352.4527   48419.4226     353.4405    0.9302   -1370.8539   -1318.2264 -4.948 -5.403  762 
   54150.328600   42749.4580     257.3964   44731.1434     261.4002    0.9049     349.1072     307.9050  3.546  2.589  762 
   54152.336000   53462.6844     239.7384   56816.2194     244.6663    0.9109    -854.9577    -738.0474 -7.987 -7.678  762 
   54152.342500   54441.9525     250.1637   57328.4692     254.0089    0.9074    -745.5376    -657.7455 -5.585 -6.069  762 
   54156.154700   21228.0904     249.7132   22076.6923     256.3781    0.2684   -1750.4464   -1492.7210 -35.618 -32.291  762 
   54174.142000   -5244.7298     229.3294   -3345.5763     236.8119    0.3059   -2288.2371   -1895.8144 -27.053 -25.418  762 
   54174.149600   -6462.8949     214.4790   -4278.7188     224.2565    0.2939   -1681.7606   -1357.8440 -23.764 -22.377  762 
   54176.305700     487.9771     266.0817     576.3768     271.1945    0.0666   -2666.3665   -2319.7779 -16.447 -20.064  762 
   54179.173100    7930.7790     238.3742    9071.3877     245.9031    0.3968   -1800.8054   -1493.5213 -16.049 -17.151  762 
   54201.218300   33690.0404     247.3871   35235.6831     252.4262    0.8816   -1116.5009    -965.6110 -6.449 -9.079  762 
   54201.228100   33028.0640     284.4568   32931.9631     287.4824    0.9402   -1468.5079   -1336.0477 -5.129 -8.758  762 
   54201.243600   35941.0465     332.6482   36538.1901     334.3714    0.9129   -1509.4190   -1421.6220 -4.975 -6.867  762 
   54205.179300   23603.8171     205.4064   29945.6758     213.2654    0.6760    -822.1157    -658.2372 -12.498 -11.214  762 
   54210.346400   22545.7861     229.8663   24478.4053     236.2570    0.7634   -1703.8370   -1435.5239 -12.952 -16.907  762 
   54212.180600   27604.9427     282.2104   29165.8542     285.0574    0.7213   -2358.4124   -2137.7836 -17.494 -18.892  762 
   54213.208300   21211.1609     272.6461   23018.2010     276.3801    0.7428   -1567.1693   -1394.6644 -15.310 -16.992  762 
   54230.223800   66699.1793     220.5297   70282.2537     226.1777    0.9310   -1565.8658   -1332.2876 -14.822 -17.275  762 
   54231.221900   72569.4567     303.9390   73922.0222     305.6221    0.9482    -571.3567    -532.8704 -2.795 -3.202  762 
   54240.235600   44868.9677     244.3588   46354.0498     248.2543    0.9116   -1740.1478   -1537.2904 -11.529 -15.967  762 
   54260.157900   19811.8423     239.9550   18366.4762     246.8959    0.5873   -1688.2359   -1441.0951 -14.729 -19.329  762 
   54260.162700   19199.9242     234.0116   16420.1094     241.5719    0.4669   -1448.1303   -1227.7457 -9.718 -15.481  762 
   54260.175900   23384.8456     214.8136   24500.0029     223.1666    0.7653   -1318.2234   -1089.6527 -13.699 -16.243  762 
   54261.162600   21757.2361     252.4217   22001.0712     256.6137    0.6941   -1850.4923   -1636.3667 -13.636 -16.526  762 
   54261.174500   22445.1722     239.3877   22496.0625     245.3025    0.7811   -2365.5940   -2023.8390 -17.270 -22.983  762 
   54264.164600   27539.6004     214.7686   30117.1885     222.0407    0.8573    -591.5973    -494.8542 -5.608 -7.837  762 
   54264.180400   31393.1623     213.4851   34318.1389     219.1354    0.8558    -708.9284    -606.4534 -6.379 -8.752  762 
   54265.184200   38178.0645     263.1552   39668.2646     265.5600    0.8835   -1167.8147   -1062.9086 -7.068 -8.657  762 
   54265.195400   40857.1195     237.2997   42921.7743     240.7569    0.8862    -986.8051    -877.3175 -5.965 -9.044  762 
   54275.170700   46511.1567     371.1259   46768.4613     372.1626    0.9328    -744.7257    -710.9955 -0.522 -5.456  762 
   54275.178200   46502.8591     349.0042   46773.3704     350.3683    0.9275      43.8483      41.4773  3.239  0.363  762 
   54384.470800   78161.8533     286.7097   78255.9539     289.2685    0.9610   -2205.3967   -2012.9524 -14.679 -13.401  762 
   54384.481300   79663.2439     264.0447   80479.7147     267.1925    0.9454   -2514.8075   -2254.2861 -18.184 -17.696  762 
   54385.508300   78500.0041     244.4754   81330.8117     248.4975    0.9143   -1101.1401    -963.7251 -12.966 -10.903  762 
   54386.497100   84015.4259     272.6601   84883.6166     274.9935    0.9515   -3102.0883   -2835.8690 -21.035 -20.332  762 
   54386.502700   85480.1340     276.7519   86661.9863     278.8300    0.9526   -2668.1135   -2458.4890 -16.834 -17.259  762 
   54388.451200   49863.2697     204.9519   51725.1254     213.8238    0.5939   -1343.5216   -1068.6759 -27.600 -21.233  762 
   54533.213700       0.0000       4.5023       0.0000       4.5023       nan       0.0000       0.0000  0.000  0.000  762 
   54534.352300   48692.6387     405.4965   49785.2884     407.7552    0.9293    1228.5455    1153.4222  9.852  6.434  762 
   54535.298300   53086.0674     318.7235   55974.6565     326.8839    0.9486    2708.5270    2315.5209 26.137 24.799  762 
   54536.149900   54949.2476     334.0524   55878.6808     337.6402    0.9099    3039.8446    2738.7127 27.102 27.149  762 
   54537.401500       0.0000       2.6630       0.0000       2.6630       nan       0.0000       0.0000  0.000  0.000  762 
   54538.182200   75113.7966     501.7804   75468.7901     503.1356    0.9748     550.5175     527.3876  4.946  2.706  762 
   54538.197200   70275.7275     423.2791   71454.3744     425.7939    0.9464    1076.8702    1001.0580  6.163  7.255  762 
   54590.205000       0.0000       2.8642       0.0000       2.8642       nan       0.0000       0.0000  0.000  0.000  762 
   54792.348600      -5.4847       5.6113  -15973.8815     254.0538    0.5609       0.0000       0.0000 19.559  0.000  762 
   54792.505800       0.0000       3.7629       0.0000       3.7629       nan       0.0000       0.0000  0.000  0.000  762 
   54793.506900    3636.4775     371.2799    2941.6082     372.8559    0.5376   29050.0043   27505.5043 209.658 207.298  762 
   54794.486000       0.0000       3.1262       0.0000       3.1262       nan       0.0000       0.0000  0.000  0.000  762 
   54860.203100  -23810.4946     429.0076  -26072.5954     436.2530    0.7170     860.3301     758.2784  5.013  5.035  762 
   54861.126100  -26040.4762     408.9553  -28502.1502     414.7209    0.6883     913.6803     810.7176  2.999  6.552  762 
   54862.262500       0.0000       5.0490       0.0000       5.0490       nan       0.0000       0.0000  0.000  0.000  762 
   54912.158000       0.0000       4.2922       0.0000       4.2922       nan       0.0000       0.0000  0.000  0.000  762 
   54914.124500       0.0000      13.4675       0.0000      13.4675       nan       0.0000       0.0000 -34.902  0.000  762 
   55126.484100       0.0000       3.6485       0.0000       3.6485       nan       0.0000       0.0000  1.380  0.000  762 
   55126.506900       0.0004       3.5511       2.5096       3.6083    0.0023       0.0000       0.0000 12.078  0.000  762 
   55208.301900       0.0000       3.4280       0.0000       3.4280       nan       0.0000       0.0000  0.000  0.000  762 
   55208.332500       0.0000       3.4770       0.0000       3.4770       nan       0.0000       0.0000  0.000  0.000  762 
   55273.269300  -58587.0436     397.7731  -60315.7651     406.4795    0.8728    1416.7887    1218.5479 11.865  9.193  762 
   55536.296400    -747.6466      34.9069  -87346.0288     376.8661    0.9396       0.0000       0.0000  6.043  0.000  762 
   55538.328200  -84628.9522     322.2735  -97440.9120     345.0867    0.8819     606.6195     448.4636  7.477  7.793  762 
   55540.341300  -83391.7148     512.3373  -84519.9307     516.9676    0.9487     -14.8312     -13.6839 -1.558 -0.066  762 
   55599.206500   15175.2936     453.1460   15347.8389     455.4824    0.7655    1049.1864     986.8555  6.406  5.016  762 
   55603.163800  -12115.5619     388.4136  -13001.8831     395.8151    0.6741    1454.2465    1260.5772 13.299 15.028  762 
   55679.251900   -2579.2697     328.7669   -4567.3466     341.4982    0.2096     938.7402     761.1407 11.158  9.557  762 
   55884.433200   -2579.2697     328.7669   -4567.3466     341.4982    0.2096     938.7402     761.1407 11.158  9.557  762 
   55889.434300   15605.5928     389.2258   15207.4570     395.9737    0.7317    1640.1543    1440.3331 12.669 12.185  762 
   55924.442100   13453.4976     292.4756   15029.9926     309.7595    0.6017     860.9115     682.9086 12.944 13.161  762 
   55925.373000   12326.8153     352.9183   11888.7829     362.2504    0.7243     834.8482     709.6315  8.439  7.647  762 
   55926.306500    9444.0098     303.5711   10120.1083     318.3529    0.6055     546.8449     437.9137  6.153  7.241  762 
   55927.348900   16203.0670     358.8872   15716.7404     368.3530    0.7811     832.0793     703.1161  8.576  7.929  762 
   55969.114700   35393.5946     402.5292   35535.8558     405.9867    0.8932    1157.1387    1060.4905  5.769  7.423  762 
   56045.159200   67035.4259     415.6523   67827.0063     419.2578    0.9659    1372.4309    1253.6243 13.836 11.208  762 
   56215.477100  100738.6688     347.1887  103530.7264     352.7639    0.9162   -2940.1834   -2589.1329 -35.735 -31.356  762 
   56217.469400  125150.1905     602.1599  124921.8415     603.2909    0.9851   -7447.3387   -7217.6718 -31.809 -30.748  762 
   56301.275300   81066.4140     421.0635   81320.7654     424.6893    0.9640   -5900.6006   -5415.9866 -37.380 -36.060  762 
