   54116.301000   71873.9884     391.4279   73684.6947     392.5417    0.7548       0.0000       0.0000 -0.102  0.000  762 
   54127.317100   48228.2315     362.0345   49754.9620     363.0835    0.6484       0.0000       0.0000  2.544  0.000  762 
   54127.352800   49859.9072     355.2635   51664.0038     356.2730    0.6688       0.0000       0.0000  3.860  0.000  762 
   54149.238000   44142.2160     246.4209   46176.9822     253.1767    0.7194       0.0000       0.0000  1.451  0.000  762 
   54149.257400   60531.6924     310.6226   62479.7621     312.2593    0.7377       0.0000       0.0000 -3.300  0.000  762 
   54150.328600   35688.8492     231.1128   36899.9920     238.3754    0.6829       0.0000       0.0000 -1.603  0.000  762 
   54152.336000   11813.4751     215.2853   11787.4299     224.8481    0.6530       0.0000       0.0000  1.639  0.000  762 
   54152.342500   19176.1164     223.6254   19558.5508     231.4886    0.7091       0.0000       0.0000  3.097  0.000  762 
   54156.154700   -1313.4086     237.7856   -5225.4604     246.5526    0.1998       0.0000       0.0000 -1.128  0.000  762 
   54174.142000   24696.6799     200.2460   25893.1920     210.8953    0.5022       0.0000       0.0000  3.883  0.000  762 
   54174.149600   19745.4779     188.2032   19677.8731     201.8850    0.4487       0.0000       0.0000  5.193  0.000  762 
   54176.305700   22097.8638     228.8233   23174.6962     236.3133    0.7476       0.0000       0.0000  1.161  0.000  762 
   54179.173100   19771.7682     208.9193   19681.3204     219.9941    0.5845       0.0000       0.0000  3.994  0.000  762 
   54201.218300   25241.0819     221.5428   24784.0643     229.8506    0.6122       0.0000       0.0000  2.142  0.000  762 
   54201.228100   40284.7576     249.4333   41812.5425     254.6467    0.6666       0.0000       0.0000  3.058  0.000  762 
   54201.243600   57356.0257     287.6763   60242.4361     290.7944    0.7617       0.0000       0.0000  2.285  0.000  762 
   54205.179300    5958.1852     184.5384    1761.4707     198.6855    0.0450       0.0000       0.0000  1.515  0.000  762 
   54210.346400   16255.1128     209.1865   14840.4231     218.7482    0.5706       0.0000       0.0000 -1.126  0.000  762 
   54212.180600   26570.5183     257.2847   26955.6557     261.9962    0.6142       0.0000       0.0000 -4.989  0.000  762 
   54213.208300    8210.0474     253.5075    6964.7120     258.7811    0.3019       0.0000       0.0000 -3.680  0.000  762 
   54230.223800    4004.2061     206.0117    1560.3766     216.4332    0.0846       0.0000       0.0000  3.138  0.000  762 
   54231.221900   45620.0639     274.8580   47580.9629     278.8022    0.7499       0.0000       0.0000  2.084  0.000  762 
   54240.235600   17485.4042     228.0681   16287.6795     234.4786    0.5185       0.0000       0.0000  0.922  0.000  762 
   54260.157900   12032.8041     224.4509   10103.9686     232.5145    0.4022       0.0000       0.0000  2.629  0.000  762 
   54260.162700   15336.8855     214.4579   13227.8274     223.4250    0.4348       0.0000       0.0000  3.000  0.000  762 
   54260.175900    -403.9599     196.1163   -2055.5674     207.1647    0.1769       0.0000       0.0000  3.102  0.000  762 
   54261.162600   27399.8140     235.0589   26731.5055     240.5578    0.5486       0.0000       0.0000  4.268  0.000  762 
   54261.174500   19586.6493     219.4891   18093.0150     227.5949    0.5824       0.0000       0.0000  1.539  0.000  762 
   54264.164600   -1940.1908     200.1166   -4696.9890     210.5255    0.3640       0.0000       0.0000  0.210  0.000  762 
   54264.180400    -901.1367     195.4244   -2778.5879     203.9792    0.1311       0.0000       0.0000  2.620  0.000  762 
   54265.184200   40086.7630     238.8874   41430.6256     243.0639    0.6947       0.0000       0.0000 -1.410  0.000  762 
   54265.195400   20781.0602     219.0860   19999.9925     224.8270    0.5461       0.0000       0.0000  1.690  0.000  762 
   54275.170700   44242.0698     357.2741   44745.3890     358.7433    0.7147       0.0000       0.0000  0.040  0.000  762 
   54275.178200   32573.2040     334.2205   32600.8959     336.1147    0.6849       0.0000       0.0000  1.783  0.000  762 
   54384.470800   59484.0078     255.1597   61770.9429     259.9624    0.7896       0.0000       0.0000  1.283  0.000  762 
   54384.481300   58944.5164     237.7327   61879.2271     243.6471    0.8020       0.0000       0.0000  1.087  0.000  762 
   54385.508300   36457.6213     228.5598   37051.3190     235.8069    0.7622       0.0000       0.0000  1.128  0.000  762 
   54386.497100   59223.2937     244.8527   61694.9062     249.7560    0.7811       0.0000       0.0000  1.479  0.000  762 
   54386.502700   62889.3509     249.2865   66079.4974     253.6756    0.7902       0.0000       0.0000  0.952  0.000  762 
   54388.451200   13834.1303     189.1292   11449.7704     201.9003    0.5699       0.0000       0.0000  0.414  0.000  762 
   54533.213700   50974.7668     330.8695   52360.9502     336.9431    0.7272       0.0000       0.0000  1.460  0.000  762 
   54534.352300   56658.9360     351.6415   60051.7466     356.1218    0.6990       0.0000       0.0000 -2.322  0.000  762 
   54535.298300   23527.2834     288.9769   23319.6826     302.4379    0.5526       0.0000       0.0000 -6.858  0.000  762 
   54536.149900   29195.0154     311.8093   28491.7073     317.5611    0.6509       0.0000       0.0000 -2.806  0.000  762 
   54537.401500   -4436.0173     248.0215   -9158.9485     266.9515    0.4125       0.0000       0.0000 -0.440  0.000  762 
   54538.182200   61870.7600     458.5542   64098.7113     461.3503    0.7346       0.0000       0.0000 -5.908  0.000  762 
   54538.197200   44772.3027     394.3477   46160.9058     399.0466    0.6990       0.0000       0.0000 -1.834  0.000  762 
   54590.205000  -14802.4343     260.6796  -21660.4759     280.9665    0.6883       0.0000       0.0000 -0.978  0.000  762 
   54792.348600   34814.9278     260.0124   35013.6277     265.2065    0.8687       0.0000       0.0000 -3.239  0.000  762 
   54792.505800   48975.5980     348.2425   49466.3128     349.6851    0.8709       0.0000       0.0000 -5.733  0.000  762 
   54793.506900   65015.7737     351.9303   67382.2430     353.3805    0.7837       0.0000       0.0000 -37.654  0.000  762 
   54794.486000   32856.7664     299.4096   34034.7889     312.6758    0.8752       0.0000       0.0000  0.171  0.000  762 
   54860.203100   52989.0110     364.8014   55888.4271     372.9372    0.7986       0.0000       0.0000 -5.251  0.000  762 
   54861.126100   34678.3815     363.6170   34625.4552     369.4870    0.6670       0.0000       0.0000 -1.462  0.000  762 
   54862.262500   53116.9124     377.0105   56081.0343     383.2015    0.7653       0.0000       0.0000 -3.959  0.000  762 
   54912.158000   28443.1869     324.1425   28441.5360     325.6095    0.4961       0.0000       0.0000 -45.962  0.000  762 
   54914.124500  124571.4700     835.9629  125070.2837     836.1512    0.7151  -18764.7985  -18711.5368 -40.511 -31.923  762 
   55126.484100   61524.6943     325.7995   64785.1981     332.6433    0.8498       0.0000       0.0000 -0.149  0.000  762 
   55126.506900   59610.5373     319.5382   63269.0331     327.1384    0.8290       0.0000       0.0000  1.318  0.000  762 
   55208.301900   21946.5409     290.9590   22548.4023     304.4509    0.5995       0.0000       0.0000  3.460  0.000  762 
   55208.332500   21148.2116     300.2071   21195.0374     315.4474    0.6485       0.0000       0.0000  0.002  0.000  762 
   55273.269300   21113.4851     335.4962   21409.5193     345.9311    0.5049       0.0000       0.0000 -5.564  0.000  762 
   55536.296400   32809.4512     310.5120   33733.9685     321.1948    0.7029       0.0000       0.0000 -6.106  0.000  762 
   55538.328200      -4.4095      15.2503   -2251.1383     284.5900    0.1624       0.0000       0.0000 -3.985  0.000  762 
   55540.341300   59386.1184     430.6689   62226.0279     434.8355    0.7426       0.0000       0.0000 -5.075  0.000  762 
   55599.206500   40598.5832     402.0792   42200.6038     405.8077    0.6160       0.0000       0.0000 -4.787  0.000  762 
   55603.163800    4676.1278     361.1259    1535.6112     369.9180    0.0451       0.0000       0.0000 -7.125  0.000  762 
   55679.251900    7346.4280     291.4566    6914.2209     306.8590    0.4401       0.0000       0.0000 -5.925  0.000  762 
   55884.433200    7346.4280     291.4566    6914.2209     306.8590    0.4401       0.0000       0.0000 -5.925  0.000  762 
   55889.434300   66579.6198     337.9813   70623.6420     345.9521    0.8512       0.0000       0.0000 -0.894  0.000  762 
   55924.442100   11355.0985     258.5008   15184.7403     280.4646    0.5224       0.0000       0.0000  0.204  0.000  762 
   55925.373000   42665.5943     308.9198   46081.3999     320.2004    0.8045       0.0000       0.0000  0.311  0.000  762 
   55926.306500   23735.0524     264.6203   24951.9400     283.4504    0.6863       0.0000       0.0000  0.283  0.000  762 
   55927.348900   32621.3891     317.5334   33837.4167     329.1306    0.8186       0.0000       0.0000 -0.498  0.000  762 
   55969.114700   53253.4729     362.0385   57019.3225     367.5318    0.6950       0.0000       0.0000 -0.697  0.000  762 
   56045.159200    7782.3694     390.1725    7367.5841     396.9047    0.2489       0.0000       0.0000 -2.901  0.000  762 
   56215.477100   43011.9626     324.5744   43956.2420     337.7278    0.7657       0.0000       0.0000  8.144  0.000  762 
   56217.469400   85548.4586     542.5467   88134.4948     545.0754    0.8061       0.0000       0.0000  7.095  0.000  762 
   56301.275300   61441.1972     373.8704   65177.0200     381.9312    0.7565       0.0000       0.0000  4.451  0.000  762 
