   54116.301000     260.2877     412.3612     201.4668     412.4222    0.2778    3075.9351    3056.7080  9.135  9.833  762 
   54127.317100     453.5811     351.3723     419.4670     351.4399    0.1207     967.9740     956.7124  7.189  6.551  762 
   54127.352800    -508.3353     347.0684    -557.6942     347.1315    0.0182     764.9423     756.6975  4.323  4.721  762 
   54149.238000     697.3117     236.5779     656.2658     237.0246    0.2321     919.3356     881.6637  5.946  6.029  762 
   54149.257400    3065.0614     316.3140    2994.6354     316.4035    0.3005     732.0361     723.6247  2.587  2.986  762 
   54150.328600     385.7931     215.7001     345.6333     216.2139    0.1306   -1207.6198   -1148.1802 -9.789 -9.645  762 
   54152.336000   -1607.2313     195.1533   -1603.1584     195.9796    0.1397     986.7763     917.6075  8.459  9.877  762 
   54152.342500   -1068.4737     205.1858   -1114.1741     205.8062    0.0231    1039.1422     979.3959  9.659  9.364  762 
   54156.154700   -2778.3355     216.7779   -3164.7160     217.6638    0.3499     -52.4206     -48.7400 -1.189 -1.008  762 
   54174.142000     574.4732     177.1984     540.5107     178.1180    0.2788    1091.7729    1008.2245 13.656 13.722  762 
   54174.149600     782.6692     164.3517     787.0709     165.5918    0.3196    1071.7624     970.8459 17.880 15.976  762 
   54176.305700     405.8764     210.8009     471.5280     211.3347    0.2022     854.8854     810.5959  7.212  7.255  762 
   54179.173100    -539.4801     187.1835    -664.0207     188.2181    0.0354     905.8096     833.5899  9.512  9.758  762 
   54201.218300    -434.5991     203.4837    -526.2485     204.1434    0.0560     901.0318     847.9637  8.473  7.962  762 
   54201.228100    -720.2751     240.3338    -789.0755     240.6520    0.1160    1623.8679    1569.3183 12.005 10.347  762 
   54201.243600     -81.6483     289.4160    -125.1636     289.5956    0.3345    2632.9906    2581.8017 11.489 12.492  762 
   54205.179300   -1408.4988     158.6326   -1522.8499     160.0800    0.2115     562.4239     500.0762  9.202  8.796  762 
   54210.346400   -2284.4989     187.6791   -2431.7594     188.5466    0.3342    -247.2437    -228.7660 -1.552 -2.679  762 
   54212.180600   -1259.9066     239.1856   -1266.2924     239.5084    0.0582     891.3258     857.8124  6.918  7.719  762 
   54213.208300   -2491.6856     232.0163   -2462.4777     232.4437    0.3544      86.8838      82.8199  0.697  1.032  762 
   54230.223800     579.7795     181.8619     592.5933     182.7700    0.1794     583.3561     537.0548  8.870  7.123  762 
   54231.221900    -172.7484     267.2263    -221.4764     267.4772    0.2622    2452.2927    2385.0953 14.380 14.360  762 
   54240.235600   -1586.9078     209.6726   -1733.4452     210.1854    0.0959    1032.1205     978.6078 11.456 10.039  762 
   54260.157900   -2294.5732     201.3356   -2449.1957     202.0578    0.2102    1211.0505    1132.6915 14.609 14.694  762 
   54260.162700   -2431.3850     192.4959   -2538.3877     193.2404    0.1872    1324.5645    1235.2183 15.154 15.273  762 
   54260.175900   -1456.3722     171.4658   -1503.7885     172.5806    0.1381     843.7604     766.5872 11.440 11.632  762 
   54261.162600     -28.2101     216.2307     -46.4455     216.5852    0.1592    1096.3078    1050.9734  9.547 10.020  762 
   54261.174500     528.1388     198.1421     470.9722     198.7714    0.1360     381.2916     358.6062  4.403  4.001  762 
   54264.164600    -420.9697     176.2512    -513.3099     177.2196    0.0205     421.5634     386.0456  7.091  6.104  762 
   54264.180400     904.4708     171.1547     964.4915     171.8947    0.2519     481.2393     445.1878  6.576  6.752  762 
   54265.184200    1727.3197     223.7823    1759.2993     224.0462    0.3521    1024.3334     988.5784 10.149  8.310  762 
   54265.195400    2484.3729     200.2081    2371.6996     200.6250    0.3341     431.7111     411.0809  5.532  4.285  762 
   54275.170700    1044.0627     345.9719     975.4489     346.0676    0.1233     482.8975     475.3605  5.070  3.629  762 
   54275.178200   -1483.0117     320.7980   -1516.4041     320.9260    0.0695     827.5551     810.7883  6.074  7.170  762 
   54384.470800    1177.9275     247.9312    1143.1252     248.2580    0.3679    1450.3197    1401.1933  9.116  9.309  762 
   54384.481300    1238.8054     226.0566    1115.5377     226.5341    0.3183     997.5307     953.3240  7.458  7.459  762 
   54385.508300     973.2006     209.1713     925.2635     209.8225    0.2917     926.3440     871.5570  8.832  9.790  762 
   54386.497100     494.5760     235.7228     436.7866     236.0766    0.2901    1496.7970    1442.0555 10.284 10.366  762 
   54386.502700     100.2216     240.5554      61.0608     240.8735    0.2184    1478.6588    1428.8800  8.136 10.081  762 
   54388.451200   -1098.3022     167.7491   -1388.4384     169.1649    0.1475     508.2036     456.5008  6.965  8.618  762 
   54533.213700   -2473.8501     320.3782   -2568.9576     320.8161    0.2292    1194.1796    1153.3301  7.291  7.942  762 
   54534.352300   -2652.4860     349.2826   -2701.5692     349.5857    0.5630    -357.8631    -349.1280 -1.217 -1.962  762 
   54535.298300   -4133.1712     264.3387   -4146.9590     265.5742    0.7447   -1301.9963   -1206.7153 -10.968 -12.848  762 
   54536.149900    -378.2386     292.7263    -431.7580     293.1402    0.2083   -1039.3120    -999.4105 -8.675 -9.712  762 
   54537.401500   -1603.5103     219.6539   -1677.4561     221.4726    0.2948    -144.4169    -129.6589 -1.505 -2.260  762 
   54538.182200     827.5603     458.6173     788.8957     458.7733    0.0985     -53.9994     -53.2158 -0.354 -0.271  762 
   54538.197200    1068.4650     378.9661    1039.8018     379.2740    0.2108     277.8305     270.4896  1.958  1.932  762 
   54590.205000   -1771.5211     226.1040   -1957.4718     228.0038    0.2976     316.6131     283.6440  4.240  4.523  762 
   54792.348600    1242.5686     240.5521    1125.4843     241.0445    0.0422    -835.8340    -794.9422 -10.428 -11.576  762 
   54792.505800    1408.2450     337.5978    1324.8356     337.7202    0.0294   -1803.8358   -1767.5250 -17.252 -17.194  762 
   54793.506900    5792.0448     344.0085    5745.2229     344.1046    0.5369  -22615.8375  -22270.5115 -169.907 -167.652  762 
   54794.486000    1900.6624     274.2571    1745.5426     275.6241    0.2627    -256.9257    -236.6702 -2.521 -3.190  762 
   54860.203100    1985.8037     353.2848    1890.7494     353.8477    0.1416   -1266.8108   -1218.9087 -7.674 -8.086  762 
   54861.126100    2425.8456     344.3139    2359.7068     344.6938    0.1630   -1372.5579   -1328.7802 -10.445 -10.472  762 
   54862.262500    2713.7308     370.2346    2669.4745     370.6161    0.3197   -1200.9615   -1166.8444 -6.601 -6.735  762 
   54912.158000    3521.0224     315.1563    3425.4908     315.2363    0.5857  -25893.6976  -25501.3385 -197.398 -195.483  762 
   54914.124500   30702.2411     946.8286   30668.2862     946.8677    0.0083  -30859.5313  -30839.2486 -51.221 -52.240  762 
   55126.484100    -585.9192     306.8055    -662.7028     307.4213    0.1690    -329.4190    -314.8165 -4.550 -3.119  762 
   55126.506900    -295.2992     300.4979    -398.6227     301.1705    0.1072    -213.6069    -203.4650 -0.536 -2.103  762 
   55208.301900    1720.0570     260.3693    1685.3404     261.4089    0.1960    -743.0854    -693.5999 -7.153 -7.839  762 
   55208.332500    1518.7186     271.8465    1363.2059     273.1966    0.1544    -686.8576    -634.8096 -6.490 -7.089  762 
   55273.269300   -1814.5961     313.7304   -1843.8145     314.4023    0.6323   -2482.3985   -2365.7641 -17.493 -17.999  762 
   55536.296400    2416.6316     282.5003    2326.8058     283.3369    0.1675   -1317.6895   -1243.7751 -12.645 -12.695  762 
   55538.328200    -135.7785     233.0375    -400.0382     235.4065    0.1930    -671.9109    -595.8302 -12.376 -10.463  762 
   55540.341300    3973.4001     432.9373    3899.5107     433.1685    0.0785   -4533.7363   -4451.4716 -19.846 -21.143  762 
   55599.206500    2703.2151     399.3233    2586.0828     399.5242    0.0991   -3617.9927   -3553.9369 -18.975 -17.849  762 
   55603.163800     352.5999     329.9076     217.7476     330.5590    0.1621   -1345.3449   -1282.1666 -14.936 -14.785  762 
   55679.251900   -1756.5334     259.5857   -1855.6149     261.1005    0.5498   -1542.4378   -1406.8049 -18.846 -18.060  762 
   55884.433200   -1756.5334     259.5857   -1855.6149     261.1005    0.5498   -1542.4378   -1406.8049 -18.846 -18.060  762 
   55889.434300     -89.5898     322.5874    -157.0373     323.2772    0.0480    -125.1499    -119.3174 -0.786 -1.015  762 
   55924.442100    1654.0418     229.7431    1530.2904     232.4518    0.2606    -243.4174    -213.1361 -5.043 -4.157  762 
   55925.373000    1223.6099     284.0078    1168.2404     285.0261    0.1432    -513.6544    -481.5190 -5.704 -5.244  762 
   55926.306500    -745.3799     236.1427    -808.0314     238.1489    0.1983    -180.9262    -162.4579 -1.751 -2.717  762 
   55927.348900    -884.0133     291.2949    -955.4097     292.4355    0.2869    -485.1082    -452.7389 -4.975 -5.158  762 
   55969.114700     570.6144     347.1976     516.0288     347.5570    0.0227    -401.1604    -389.6368 -2.010 -2.703  762 
   56045.159200   -1256.9118     363.1622   -1280.5931     363.6338    0.3456   -1055.7926   -1016.4879 -9.515 -9.262  762 
   56215.477100    -835.1343     301.0491   -1058.2957     302.2039    0.1819    2585.0184    2422.4138 29.197 29.017  762 
   56217.469400   -1037.7867     559.9612   -1071.8791     560.1117    0.4832    6235.1597    6161.1059 25.325 26.065  762 
   56301.275300   -2883.3276     367.0765   -2963.1897     367.6148    0.0509    3432.1542    3313.2922 20.310 21.814  762 
