   54116.301000    3625.4055     379.3010    3469.4764     379.6731    0.1559   -1692.3593   -1663.3910 -4.071 -5.393  762 
   54127.317100   -5593.0857     333.4180   -6382.8784     334.0854    0.2255    1728.3755    1670.6971 13.446 12.385  762 
   54127.352800   -6050.6505     329.3614   -6744.2224     329.9611    0.1959    2505.6134    2430.7668 17.072 16.173  762 
   54149.238000    -485.6060     224.6683    -605.8249     227.5306    0.1884    2170.5864    1965.6807 13.445 13.637  762 
   54149.257400    2862.1787     294.6013    2690.9143     295.1778    0.3475    1432.6347    1389.7117  5.492  5.866  762 
   54150.328600    -467.4515     209.7220    -295.4470     212.7153    0.1139    1262.4305    1132.5820  8.937  9.448  762 
   54152.336000   -2068.7654     186.1224   -3789.7230     192.5894    0.3229     488.6018     415.3949  3.903  4.899  762 
   54152.342500   -2352.5000     194.4227   -4282.5445     199.8859    0.3122     568.7907     492.0112  4.869  5.187  762 
   54156.154700    5618.1889     228.0664    6171.4119     231.1765    0.4202    1454.9812    1335.9711 20.836 24.307  762 
   54174.142000   -1826.3290     175.2918   -1484.6108     181.8041    0.1779     193.0534     164.6176  2.880  2.316  762 
   54174.149600    -443.3512     165.9011     491.1205     174.0463    0.0683     160.6027     134.7274  3.182  2.181  762 
   54176.305700   -5166.3149     201.1243   -6762.7776     206.0897    0.4488     696.8006     603.4728  5.625  5.925  762 
   54179.173100    -909.7008     182.5864    -689.5341     188.5753    0.0559     435.0036     369.5331  4.372  4.489  762 
   54201.218300     839.3755     200.5118    1428.1620     203.7773    0.2444     376.5378     334.4306  3.078  3.067  762 
   54201.228100    1628.8251     229.4896    2191.7316     231.1280    0.2704     346.0143     321.5537  3.496  2.117  762 
   54201.243600     992.9731     270.5163     923.8793     271.6605    0.1482      84.4948      80.4963 -0.375  0.393  762 
   54205.179300    -868.2714     155.1344   -1586.5570     165.6170    0.0901     611.0442     498.0623 10.098  9.241  762 
   54210.346400    2395.0225     188.0389    2949.9908     192.1969    0.3758    -233.7762    -203.4509 -1.005 -2.301  762 
   54212.180600   -3047.0476     230.1871   -4315.3785     233.0392    0.2598    1093.2811     994.5116  9.858  9.583  762 
   54213.208300     560.9548     228.2532     663.6476     230.8663    0.2377     969.5125     885.1103  9.791 11.454  762 
   54230.223800    2433.7169     179.6744    3911.1098     184.4496    0.4043     311.5161     268.2610  2.271  3.638  762 
   54231.221900     809.5648     254.8009     731.1527     256.3378    0.0641    -260.7639    -244.1662 -0.336 -1.486  762 
   54240.235600    2209.4540     211.3205    3296.3247     213.2937    0.2821     528.3768     482.5354  4.312  4.696  762 
   54260.157900    5017.3764     208.1926    6847.2497     210.4776    0.4145      25.7661      23.3754  0.685  0.272  762 
   54260.162700    4436.6048     197.1257    6565.3009     199.4890    0.3669     222.4558     200.1765  3.577  2.243  762 
   54260.175900     363.6166     171.0682     801.6058     177.3674    0.1528      51.0280      43.0467  1.238  0.665  762 
   54261.162600    8499.9467     223.1587    9881.1075     224.1452    0.4632     486.9254     458.0140  3.024  3.794  762 
   54261.174500    2381.5267     202.0158    3779.0617     204.5926    0.3371     255.3787     229.0937  1.563  2.380  762 
   54264.164600      63.1535     179.9401    1267.2531     184.7454    0.1393    -167.6525    -144.6571 -1.696 -2.214  762 
   54264.180400   -2398.1678     167.8001   -3831.3331     174.4048    0.3759    -167.0321    -141.4232 -1.517 -2.363  762 
   54265.184200     396.4322     215.0050     944.9191     216.7656    0.0812    -239.6817    -220.2697 -2.732 -1.957  762 
   54265.195400    3054.3957     198.1184    4263.5663     200.0947    0.2990    -462.6070    -421.6813 -3.626 -4.393  762 
   54275.170700    3505.5060     347.5145    3738.4424     347.9127    0.2358    -393.4008    -382.1837 -4.253 -2.827  762 
   54275.178200    1996.2054     319.1534    2117.9406     319.8042    0.1400    -451.5443    -434.3273 -2.961 -3.833  762 
   54384.470800    2571.3839     237.8305    2881.1786     239.7452    0.2878    -331.2354    -306.2033 -2.190 -2.038  762 
   54384.481300    2658.9908     218.8838    2870.3057     221.5192    0.3904     499.4208     452.7188  2.930  3.537  762 
   54385.508300    1972.3580     209.7000    2429.0706     213.1693    0.2524    -142.8687    -127.0980 -0.878 -1.399  762 
   54386.497100     334.3276     225.9522     353.6550     228.1882    0.2181    1020.1650     934.6010  6.273  6.845  762 
   54386.502700   -1097.5551     229.1424   -1446.5087     231.3882    0.0865     797.2643     731.4900  5.297  5.345  762 
   54388.451200    9506.9404     175.1537   10808.4337     179.9073    0.4627     716.6388     627.1596  9.423 10.232  762 
   54533.213700     305.7769     309.2233     604.6094     311.2788    0.0425    -254.7955    -236.7967 -1.310 -1.614  762 
   54534.352300   -3496.1603     324.2084   -3952.3200     326.5022    0.4847     350.3826     327.8753  1.542  1.915  762 
   54535.298300     224.1744     259.9092     848.3934     265.9948    0.1216   -2059.5243   -1786.1077 -18.806 -18.583  762 
   54536.149900    2977.6466     297.3252    3558.8679     298.9909    0.2421    -953.1470    -891.2145 -9.506 -8.034  762 
   54537.401500    2758.9079     229.0751    5458.6915     235.6332    0.2755    -466.9823    -405.0386 -5.888 -6.082  762 
   54538.182200    3332.8537     445.3288    3338.8204     446.1680    0.3357    -601.3682    -582.3515 -2.464 -2.882  762 
   54538.197200     475.1258     373.3795     695.9310     374.9863    0.1178      70.5004      66.6865 -0.237  0.463  762 
   54590.205000    -557.9129     229.2657    1158.8578     237.2927    0.1070      27.5092      23.2038 -0.606  0.351  762 
   54792.348600    1292.3504     252.1614    1235.7035     254.7061    0.1568     -33.8405     -31.0849 -3.943 -0.413  762 
   54792.505800     684.3090     341.4683     728.6626     342.0896    0.1048   -2268.6416   -2186.2224 -20.453 -20.798  762 
   54793.506900    -754.9855     339.0517    -859.6324     339.6908    0.1621   -1222.4310   -1179.2827 -8.079 -8.940  762 
   54794.486000    -375.6326     279.4732     387.5726     286.1957    0.0757     519.2500     451.0823  6.369  5.828  762 
   54860.203100    3259.1329     340.2999    3697.6792     343.1769    0.3729    -372.2181    -343.1257 -1.792 -2.239  762 
   54861.126100    2417.5318     344.1532    2335.8571     346.2422    0.3414    -133.4103    -124.6791 -1.680 -0.939  762 
   54862.262500       0.0000       5.1169       0.0000       5.1169       nan       0.0000       0.0000 -6.865  0.000  762 
   54912.158000    3368.4734     306.5805    3911.5257     306.9614    0.0673   -5746.5528   -5553.8071 -45.516 -44.004  762 
   54914.124500   45549.7251     835.2073   45393.1193     835.2716    0.4178  -33257.3591  -33204.9972 -56.840 -56.718  762 
   55126.484100     457.8832     306.4408     484.6250     310.0099    0.0690      88.0356      79.9647  1.553  0.774  762 
   55126.506900     786.1501     302.2966    1141.8790     305.7881    0.1594     223.7633     203.5315  3.909  2.008  762 
   55208.301900   -1417.0447     259.2194   -1745.6709     266.4266    0.1486     449.1342     386.3510  4.833  4.366  762 
   55208.332500     778.3205     271.3250    1778.5914     277.9561    0.1807     333.0089     287.5325  2.677  3.140  762 
   55273.269300    1767.0629     300.7649    1824.9223     304.8150    0.2117    -105.6908     -94.9326 -0.510 -0.727  762 
   55536.296400     371.2405     284.6018     198.6744     289.6072    0.0576     161.0870     142.5079  1.708  1.403  762 
   55538.328200    2822.8440     233.9227    3616.7864     245.6888    0.4146     179.0974     148.8223  3.843  2.561  762 
   55540.341300    3757.4569     409.7088    3626.6697     411.1957    0.4243    -358.5499    -342.8704 -1.696 -1.611  762 
   55599.206500    1253.3842     382.9648     976.5122     384.1843    0.0439   -1480.4846   -1420.7466 -8.373 -7.032  762 
   55603.163800    3987.5347     341.7867    4510.3110     344.4396    0.4551     896.1444     828.9493  8.104  8.652  762 
   55679.251900    2279.5929     255.5787    3130.2925     263.5126    0.3857     -68.1506     -57.7913 -1.464 -0.758  762 
   55884.433200    2279.5929     255.5787    3130.2925     263.5126    0.3857     -68.1506     -57.7913 -1.464 -0.758  762 
   55889.434300    -328.1308     313.8400    -665.5283     318.4235    0.1626    -464.6303    -417.9522 -3.773 -3.601  762 
   55924.442100    2869.6239     227.9359    1844.1599     243.7973    0.1230      69.4356      57.3666 -0.326  1.106  762 
   55925.373000     240.0003     277.8751    -331.3189     284.6978    0.0418      55.5789      48.6212  0.903  0.541  762 
   55926.306500     627.4685     234.8585    -240.0878     249.0146    0.0224      55.0857      45.7640 -0.695  0.769  762 
   55927.348900    -160.8097     286.7744    -466.7376     293.5419    0.1286    -243.3310    -212.6071 -2.049 -2.471  762 
   55969.114700    -542.0999     337.7276   -1082.9120     340.2394    0.1085     -16.6253     -15.4890 -2.534 -0.106  762 
   56045.159200     733.2435     354.0962      74.1905     357.3665    0.0505    -590.4858    -543.2334 -4.947 -5.136  762 
   56215.477100    3892.8843     314.4142    4793.7388     318.7927    0.4294     297.8835     269.9531  2.099  2.803  762 
   56217.469400    5750.9994     544.3166    5704.4554     545.0651    0.4002   -2262.6220   -2208.4989 -7.561 -8.961  762 
   56301.275300    2640.4404     361.7087    2647.8942     364.2283    0.3880      98.2074      92.0046  0.670  0.559  762 
