   54116.301000    7617.1386     377.8080    7343.5146     378.6299    0.2867   -3821.7354   -3739.6845 -11.821 -12.144  762 
   54127.317100   -7067.1083     330.9789   -7504.8961     331.8061    0.3872    1720.0587    1663.0951 13.150 12.653  762 
   54127.352800   -5593.4938     327.3803   -6184.5329     328.2283    0.2550    2063.3086    2002.3960 12.829 13.616  762 
   54149.238000     343.1331     226.6806      96.5941     229.8573    0.1327     907.4267     821.3352  6.083  5.710  762 
   54149.257400    6426.8884     294.3757    6159.7320     295.3508    0.4790     -92.7373     -89.5802  0.049 -0.379  762 
   54150.328600    -670.5601     211.4016    -893.7399     214.3678    0.0558     567.6423     512.3116  3.739  4.279  762 
   54152.336000     885.6920     184.5616     725.8141     188.3741    0.0908     -62.6321     -54.4553 -2.664 -0.662  762 
   54152.342500    1170.8365     192.9372     661.8649     196.6558    0.0329    -436.1260    -383.7757 -3.907 -4.174  762 
   54156.154700   -3181.8924     229.2120   -3475.1094     230.4548    0.2366     749.5146     701.6679 12.855 12.593  762 
   54174.142000   -1928.6634     174.5091   -1725.8173     177.9356    0.2095     143.3273     125.8955  1.857  1.810  762 
   54174.149600   -3332.1022     166.0767   -2933.8175     169.5162    0.2795     477.7990     415.9034  5.994  6.824  762 
   54176.305700   -3968.5852     199.8351   -4550.6023     203.4516    0.5678     -74.8497     -66.0282  0.167 -0.666  762 
   54179.173100   -1936.4057     182.6272   -2065.2008     186.3352    0.3345    -385.0931    -333.6335 -3.583 -4.120  762 
   54201.218300    5121.9369     201.2322    5019.7340     204.1766    0.4809      42.5094      38.2974  0.384  0.349  762 
   54201.228100    3223.6488     231.9346    3469.4446     234.2458    0.3927     -62.5930     -58.0835 -0.753 -0.381  762 
   54201.243600    4407.3848     271.6523    4172.0636     273.4916    0.3867    -707.2128    -670.8846 -3.561 -3.275  762 
   54205.179300     -75.2286     153.6539    -237.3404     157.6453    0.0038     242.9081     206.9130  4.014  3.947  762 
   54210.346400    3943.8184     187.3550    3596.7030     190.0711    0.2623    -470.9150    -421.9449 -4.216 -4.765  762 
   54212.180600      87.9294     228.2938    -306.7077     230.5139    0.0420     683.6654     629.1228  6.461  6.210  762 
   54213.208300    2556.1462     225.6110    2578.4584     227.0258    0.3283     603.6597     562.7420  7.777  7.399  762 
   54230.223800    3211.1571     178.3312    3396.8392     181.1492    0.3566    -146.9782    -130.4834 -2.574 -1.788  762 
   54231.221900    2662.6892     255.7863    2634.2929     257.5725    0.2211    -947.0802    -887.7126 -5.009 -5.413  762 
   54240.235600    5680.0897     212.1876    5821.7395     213.8911    0.4820      28.3990      26.3174 -0.500  0.253  762 
   54260.157900    6132.6506     209.4530    6404.1079     211.2569    0.5376    -271.4190    -251.2145 -2.906 -2.871  762 
   54260.162700    5267.0126     199.0355    5542.8012     201.2453    0.5041    -228.0100    -209.1866 -3.213 -2.292  762 
   54260.175900    5308.0730     167.5281    4773.1031     170.5925    0.3599    -226.2255    -200.2349 -3.778 -3.133  762 
   54261.162600    8272.2074     227.7840    8876.8798     229.2606    0.5133    -619.6500    -584.4613 -3.843 -4.706  762 
   54261.174500    3857.4453     202.8113    4135.4174     204.8156    0.3623    -118.7227    -108.6997 -2.492 -1.115  762 
   54264.164600    4147.8649     176.8687    4291.5198     179.0381    0.3769    -229.1416    -206.6634 -2.240 -3.171  762 
   54264.180400    1542.1573     163.3695    1257.7767     166.1149    0.1085     -92.9409     -82.3787 -2.478 -1.423  762 
   54265.184200    3433.8606     213.9979    3407.3689     215.6551    0.2779    -724.6013    -672.6685 -6.213 -6.054  762 
   54265.195400    6230.7319     198.0924    6385.1449     199.8201    0.4614    -826.2177    -763.4162 -6.603 -7.959  762 
   54275.170700    7089.9766     348.9245    7081.4959     349.3862    0.4663    -478.2761    -465.6995 -3.770 -3.416  762 
   54275.178200    3383.1962     319.3093    3285.2428     319.8639    0.1871    -540.6891    -522.8784 -1.129 -4.604  762 
   54384.470800   -1559.4782     240.5952   -1169.7510     242.8061    0.1433    -473.0508    -435.9012 -4.039 -2.899  762 
   54384.481300    -815.7954     221.0973    -269.3415     223.5422    0.0843    -605.5749    -550.7980 -5.152 -4.318  762 
   54385.508300   -1927.9326     210.6897   -1558.4062     212.9993    0.2128    -696.1607    -628.5086 -6.443 -6.936  762 
   54386.497100    -791.5012     227.7826    -514.3650     230.2041    0.0536      60.0598      54.9879  0.723  0.405  762 
   54386.502700   -2179.2921     230.2295   -1953.0358     232.6058    0.1893     289.2139     265.2097  0.335  1.961  762 
   54388.451200   -1558.4697     178.5371   -2098.3055     181.2891    0.1436     173.0910     154.5824  2.105  2.472  762 
   54533.213700    -660.3434     312.8700     134.5201     315.3916    0.0596    -760.5513    -706.8833 -5.375 -4.791  762 
   54534.352300   -2915.9504     326.3282   -3054.9548     329.9101    0.6187   -1200.2528   -1115.7796 -6.570 -6.575  762 
   54535.298300    1294.5084     261.1417    1894.4729     266.0372    0.0971   -1336.1340   -1178.5262 -12.021 -12.268  762 
   54536.149900   -1013.8624     302.4348    -908.0552     304.2812    0.2299   -1476.5630   -1384.2651 -13.096 -12.240  762 
   54537.401500    5641.5374     230.6417    6124.8463     234.6547    0.4488    -350.5893    -315.9885 -5.052 -4.622  762 
   54538.182200    2471.2621     449.6881    2539.1813     451.0818    0.0552   -2174.2414   -2099.0567 -9.880 -10.282  762 
   54538.197200     478.8457     376.8400     644.1424     378.8535    0.0401   -1005.9555    -951.3628 -8.255 -6.582  762 
   54590.205000    3560.7983     227.8102    3936.4684     232.0940    0.4500    -363.7793    -319.6510 -3.885 -4.811  762 
   54792.348600   -4332.9169     252.3809   -4151.6012     253.4729    0.3010     449.6831     421.9402  3.497  5.550  762 
   54792.505800     957.3023     341.3201     968.0183     341.7107    0.0065    -899.0250    -872.1747 -8.489 -8.277  762 
   54793.506900    2990.7394     338.2269    3175.7219     338.8747    0.4753    4546.9641    4392.6951 33.077 33.504  762 
   54794.486000   -1508.1314     280.0292   -1359.9252     283.7541    0.1466     385.9625     344.1830  4.916  4.434  762 
   54860.203100    2791.0852     344.4188    2790.5222     347.7630    0.2640    -780.4934    -717.4004 -5.510 -4.652  762 
   54861.126100   -1591.7459     348.6802   -1522.2767     350.9212    0.0977     525.6760     491.2221  3.412  3.670  762 
   54862.262500   -3108.0539     357.1912   -3839.0543     360.6651    0.4634    -449.5895    -416.7285 -2.836 -2.383  762 
   54912.158000    2985.3986     306.1747    3120.4004     306.6215    0.2444    1113.5727    1077.2959  6.596  8.571  762 
   54914.124500   88674.6767     816.2527   88422.6686     816.4126    0.9372  -30588.8449  -30508.9078 -53.349 -52.184  762 
   55126.484100   -2781.5300     308.3592   -2887.9352     311.0902    0.3518     252.4549     232.4073  2.589  2.247  762 
   55126.506900   -2898.2050     305.7421   -3125.4332     308.8001    0.3238     472.3445     433.4440  5.819  4.249  762 
   55208.301900   -5478.8461     260.5888   -5862.0295     265.3927    0.5740     527.4264     463.9239  4.108  5.273  762 
   55208.332500   -3403.1963     274.1229   -3341.7537     278.5625    0.4576    -170.1656    -149.3530 -1.048 -1.627  762 
   55273.269300    2790.0463     303.0778    2725.9972     307.0562    0.3568    -494.0247    -445.7221 -2.557 -3.411  762 
   55536.296400   -4560.9973     286.7872   -4638.4890     290.0903    0.3584     346.4883     311.0688  5.164  3.055  762 
   55538.328200   -3447.8426     235.3024   -3681.2655     239.9780    0.2833     292.6863     250.4336  4.462  4.333  762 
   55540.341300    4605.9050     412.3306    4481.3533     414.5485    0.2852   -1467.2832   -1394.2078 -7.025 -6.536  762 
   55599.206500    2397.0136     385.9204    2369.7552     387.6886    0.1018   -1460.7967   -1395.4819 -6.539 -6.876  762 
   55603.163800   -1083.5539     346.4089    -857.6338     348.3051    0.0308     527.3859     492.6182  5.868  5.051  762 
   55679.251900    5238.6524     252.1164    4606.7535     256.3526    0.5577     -95.2613     -83.6690 -1.047 -1.110  762 
   55884.433200    5238.6524     252.1164    4606.7535     256.3526    0.5577     -95.2613     -83.6690 -1.047 -1.110  762 
   55889.434300    -727.8725     315.0546    -958.9956     318.8134    0.2202    -674.5318    -612.0965 -5.676 -5.312  762 
   55924.442100    1145.4486     228.7257    -189.6518     234.6903    0.0148       3.6783       3.1447 -0.785  0.061  762 
   55925.373000   -2651.3774     278.9160   -3047.7804     283.5248    0.4133     197.6915     175.6513  0.486  1.980  762 
   55926.306500   -3562.4051     235.8422   -3744.6711     240.8194    0.3952      -8.5130      -7.3256  0.776 -0.125  762 
   55927.348900     435.3561     286.0954     186.8316     290.1149    0.0051    -250.4029    -222.9044 -2.186 -2.624  762 
   55969.114700   -4711.9489     341.1606   -4789.2218     343.8012    0.4775     248.7444     231.7313  0.640  1.594  762 
   56045.159200    2691.0367     352.5034    2189.6360     354.9239    0.2296     -43.1690     -40.2064 -1.233 -0.384  762 
   56215.477100   -3603.8013     324.5747   -2853.6384     327.9440    0.2550    -235.7973    -216.1747 -1.610 -2.148  762 
   56217.469400    6751.5232     550.2105    6720.6693     551.5025    0.4046   -2520.4294   -2452.0963 -8.615 -9.784  762 
   56301.275300    -933.8275     371.1440    -818.2818     374.6990    0.2398    -802.9937    -749.5216 -3.697 -4.417  762 
