   54116.301000    9772.7888     398.5240    9775.0265     399.1700    0.5175   -2424.3598   -2411.5067 -7.070 -7.840  762 
   54127.317100   -1866.4667     325.6934   -2105.0464     326.0472    0.0605    1257.6161    1243.7941  6.459  9.595  762 
   54127.352800    -475.7903     323.8341    -738.5030     324.2489    0.0713    1681.9325    1666.3266 10.242 11.506  762 
   54149.238000   -1129.7319     225.8790   -1073.1746     227.1662    0.0598     710.0907     685.9058  4.585  4.771  762 
   54149.257400    5741.8115     303.5571    5868.4211     304.0526    0.3351   -1354.6885   -1342.7915 -7.076 -5.685  762 
   54150.328600    2501.5103     205.9561    2507.1316     207.1171    0.3594      39.4510      38.0365  0.957  0.321  762 
   54152.336000    -437.6309     175.5591    -481.4905     177.3522    0.1646    -414.4483    -390.0683 -4.480 -4.781  762 
   54152.342500    -256.1447     184.9506    -462.4653     186.5670    0.1119    -364.4818    -345.8161 -3.378 -3.790  762 
   54156.154700   -1129.6219     218.2725   -1311.0183     219.1398    0.0091    1259.8816    1216.7738 21.581 22.445  762 
   54174.142000     306.5111     162.8093     584.6934     164.5566    0.0782     -68.1995     -63.9698  0.789 -0.943  762 
   54174.149600    -463.0524     153.2823    -234.1795     155.5528    0.0064     200.7525     185.9594  3.993  3.158  762 
   54176.305700     395.6641     192.0329     403.8888     193.5037    0.0074    -471.5322    -449.3354 -5.609 -4.551  762 
   54179.173100     896.0784     172.2984    1080.3368     174.0131    0.0817    -629.1364    -590.4459 -8.985 -7.399  762 
   54201.218300    3024.7973     196.6363    3221.6549     197.8178    0.3901    -648.2795    -623.0716 -4.848 -5.702  762 
   54201.228100     643.9461     233.1355     873.7975     234.1443    0.1556     246.6024     240.8929  0.429  1.571  762 
   54201.243600    3559.3654     279.3074    3634.0247     280.2062    0.4363    -594.9134    -585.7691 -3.524 -2.865  762 
   54205.179300    -626.8753     141.8687    -751.8757     144.8808    0.0461     417.8416     381.4532  7.254  7.443  762 
   54210.346400    4680.2800     179.5337    4859.1813     180.7580    0.6036     278.4622     265.5508  2.613  3.039  762 
   54212.180600    1214.4870     220.3218    1034.1734     221.2418    0.2568    1140.4095    1102.8280 11.577 11.057  762 
   54213.208300    2432.1694     217.7729    2541.2090     218.4584    0.3870     655.1869     634.3878  7.167  8.424  762 
   54230.223800    1378.9818     169.9940    1797.3189     171.3317    0.1928    -321.2647    -304.1280 -3.304 -4.187  762 
   54231.221900    2236.2117     257.5257    2197.2365     258.4204    0.1249   -1280.4020   -1251.9168 -7.694 -7.675  762 
   54240.235600    3267.4625     207.4581    3452.1918     208.1733    0.3024    -921.2950    -893.3777 -8.074 -8.657  762 
   54260.157900    3451.7361     202.0954    3757.8759     202.8462    0.3015    -900.3691    -871.1052 -8.637 -10.124  762 
   54260.162700    1851.2152     193.2214    2324.1928     194.0632    0.1959    -456.6019    -441.2522 -4.120 -4.838  762 
   54260.175900    1584.7024     158.8998    1775.6654     160.6112    0.2894    -153.2980    -143.6768 -3.465 -2.277  762 
   54261.162600    3865.7471     224.3931    4323.9852     225.0871    0.2918    -801.3033    -784.3676 -6.952 -6.434  762 
   54261.174500    2601.9233     196.9775    2896.7069     197.8924    0.2767    -621.0664    -598.9344 -5.959 -6.197  762 
   54264.164600    1047.1517     168.6629    1177.9259     170.0216    0.0958    -574.6232    -543.6572 -8.398 -8.481  762 
   54264.180400   -1430.5669     154.8410   -1756.8810     156.6557    0.3104    -185.5794    -173.2272 -3.380 -3.019  762 
   54265.184200    1463.7115     210.7987    1462.4368     211.5429    0.0213   -1323.4790   -1284.1210 -9.534 -11.534  762 
   54265.195400    2728.8125     193.2603    2843.2520     194.0230    0.2194   -1117.0771   -1081.6180 -12.859 -11.282  762 
   54275.170700    2990.1778     347.0096    3063.0331     347.2195    0.0960   -1858.1411   -1840.0381 -15.260 -13.558  762 
   54275.178200     206.7741     316.6792     236.7963     316.9118    0.1188   -1495.9292   -1475.8599 -11.806 -12.971  762 
   54384.470800   -1861.3220     240.3354   -1649.4743     241.3949    0.3080   -1010.1135    -980.1564 -6.902 -6.553  762 
   54384.481300    -271.8709     216.8307     -74.9667     217.9742    0.0667    -456.5499    -440.8437 -4.084 -3.503  762 
   54385.508300    -565.1720     201.4629    -333.6758     202.5309    0.0609    -117.8673    -112.7042 -2.670 -1.267  762 
   54386.497100     -60.5551     224.8527     -47.7837     225.9949    0.0124     -37.3335     -36.1025 -1.386 -0.269  762 
   54386.502700     423.7973     226.2956     298.2008     227.4222    0.0153    -420.0319    -406.7755 -4.166 -3.053  762 
   54388.451200    4288.0693     166.5229    4678.5972     167.7921    0.3788    -175.3693    -167.0378 -2.930 -2.731  762 
   54533.213700    2706.2058     312.8740    3024.9139     314.2000    0.2284   -1112.2412   -1083.1609 -6.615 -7.364  762 
   54534.352300    1978.4684     327.0845    2021.9765     328.6364    0.2351    -762.6604    -746.5578 -4.203 -4.443  762 
   54535.298300    6113.4730     246.9882    6689.3484     248.7028    0.6578    2862.9268    2734.3341 29.980 28.840  762 
   54536.149900    4797.0741     296.3887    4985.4567     297.1680    0.3670   -1364.2974   -1334.8268 -11.148 -11.832  762 
   54537.401500    2305.2544     217.5803    2836.1985     219.3096    0.2840    -475.7375    -454.8673 -7.935 -6.742  762 
   54538.182200    2023.9698     457.6015    2112.7654     458.4167    0.3106     560.0850     554.1235  3.764  2.717  762 
   54538.197200    1681.4338     372.6585    1734.8417     373.5374    0.1103   -1010.9654    -992.4538 -6.123 -6.945  762 
   54590.205000      78.3929     215.1989     409.1349     217.3890    0.0036    -457.7914    -430.5915 -6.316 -6.547  762 
   54792.348600    1396.0144     242.3804    1352.7816     243.0468    0.0023   -1374.9583   -1331.9637 -17.037 -18.001  762 
   54792.505800    1887.5187     336.8480    1863.6484     337.0316    0.0485   -2560.2497   -2528.0446 -25.804 -24.175  762 
   54793.506900    4534.7046     333.3502    4618.3616     333.5812    0.1581   -2616.3770   -2587.7301 -17.431 -20.111  762 
   54794.486000    -349.5581     266.4386    -371.2902     268.3597    0.0197     270.9697     256.5172  2.632  3.348  762 
   54860.203100    2190.5804     345.6130    2365.9505     346.9897    0.2365    -732.9795    -712.5866 -4.416 -4.623  762 
   54861.126100   -1916.0547     343.2080   -1895.1716     344.2638    0.2415      16.5423      16.1175  0.813  0.122  762 
   54862.262500   -3395.7249     360.1941   -3728.4936     361.8352    0.6311   -1111.6566   -1081.4494 -5.439 -6.253  762 
   54912.158000    3849.2386     306.6081    3924.3422     306.8016    0.2322   -8625.5321   -8519.9809 -67.020 -67.004  762 
   54914.124500   80037.8331     906.0848   80280.6085     906.5137    0.7728  -41376.7666  -41298.8480 -50.974 -70.253  762 
   55126.484100   -1447.6131     300.0016   -1538.1837     301.3090    0.2811     -62.4187     -60.3306  0.630 -0.590  762 
   55126.506900   -1694.2139     295.7035   -1673.9441     296.9154    0.1929     567.3633     548.6797  5.127  5.453  762 
   55208.301900      66.9083     247.5966      77.5471     249.6674    0.1248     502.9400     476.1207  6.403  5.471  762 
   55208.332500     866.9713     261.8644    1154.1868     263.7406    0.2378     335.6534     317.9002  4.342  3.482  762 
   55273.269300    4263.2229     300.5202    4511.3819     302.1603    0.5150    -763.9612    -736.2318 -4.751 -5.630  762 
   55536.296400    -788.9659     276.2869    -871.8079     277.9075    0.0621     473.5226     451.9488  4.750  4.508  762 
   55538.328200    1083.3587     218.5085    1377.9303     221.4875    0.2588     403.9260     373.2841  9.497  6.550  762 
   55540.341300    4205.6887     421.2449    4151.5495     422.4055    0.5108     843.2382     830.5144  4.127  3.935  762 
   55599.206500    -885.9268     393.8312   -1029.9310     394.8773    0.2139   -1254.1601   -1235.7619 -7.296 -6.134  762 
   55603.163800   -2084.2553     336.0097   -1979.0399     336.8733    0.0893    1303.3667    1265.7771 13.009 13.200  762 
   55679.251900     553.7862     242.3656     618.4518     244.6283    0.0703    -301.8549    -282.7045 -2.281 -3.771  762 
   55884.433200     553.7862     242.3656     618.4518     244.6283    0.0703    -301.8549    -282.7045 -2.281 -3.771  762 
   55889.434300    1192.0462     306.6042    1111.6417     308.2099    0.1509    -193.4619    -186.2326 -1.086 -1.635  762 
   55924.442100    1520.7514     211.9225    1269.0479     216.2040    0.1564     -34.1652     -31.5228 -0.362 -0.625  762 
   55925.373000     616.7182     265.1915     433.0346     267.2428    0.0248    -317.6676    -302.1830 -2.696 -3.464  762 
   55926.306500   -1512.0216     218.7892   -2003.6576     222.8896    0.2538     159.5857     147.0179  2.522  2.572  762 
   55927.348900    1735.8192     273.0220    1668.6682     275.0000    0.2301    -472.3000    -448.3709 -4.924 -5.361  762 
   55969.114700     124.4796     336.9603       2.6085     338.2755    0.1053     741.2427     723.2786  5.658  5.052  762 
   56045.159200    1444.2426     346.6695    1382.8692     347.8055    0.2559     282.6723     274.3452  2.503  2.624  762 
   56215.477100   -1722.0024     316.5729   -1521.8578     317.8238    0.2128     -41.4139     -40.2600 -0.101 -0.390  762 
   56217.469400    2525.9611     571.6992    2558.3729     572.5113    0.0481   -2135.4215   -2121.7926 -9.303 -8.403  762 
   56301.275300     586.5981     375.7413     719.2478     377.1508    0.0142    -824.6190    -810.4993 -4.738 -4.715  762 
