   54116.301000    7294.9195     385.9605    7141.9646     386.0796    0.4975    -124.1331    -122.8801  0.140 -0.399  762 
   54127.317100   -2020.6733     330.4442   -2273.5107     330.6177    0.0127    2115.1408    2076.6990 14.553 15.367  762 
   54127.352800   -2972.9153     327.2126   -3188.8880     327.3828    0.0500    2512.4751    2470.9743 15.949 16.430  762 
   54149.238000    3897.5854     220.3867    3860.2948     221.0695    0.5999    1440.7658    1367.3810  9.840  9.541  762 
   54149.257400    6616.5131     297.0544    6518.0171     297.2029    0.4546   -1109.8874   -1091.7161 -2.179 -4.607  762 
   54150.328600    2772.0132     203.2938    2791.1951     204.0520    0.4309     -81.4283     -76.8850 -0.344 -0.651  762 
   54152.336000   -1012.1160     177.5122   -1635.4501     179.3822    0.1696     458.6872     419.8739  5.134  5.004  762 
   54152.342500   -2199.8265     187.3738   -3056.0323     188.9813    0.2094     914.0618     842.7467  7.483  8.936  762 
   54156.154700    2552.0813     213.8307    2858.3538     214.7161    0.2762     787.4872     751.4576 16.752 14.476  762 
   54174.142000   -1602.5538     164.9339   -1905.4322     167.1119    0.2724     175.1467     160.3945  2.222  2.302  762 
   54174.149600   -1315.6615     154.1791   -1345.3560     156.9976    0.1682     244.4460     221.7430  4.696  3.710  762 
   54176.305700   -2577.5960     193.6163   -3033.2752     194.9562    0.2936     693.0413     641.7376  6.859  6.327  762 
   54179.173100     483.5998     172.5881     462.2736     174.3723    0.1495     406.0794     372.5002  5.257  4.599  762 
   54201.218300    3322.3426     192.8172    3541.3032     193.6327    0.4979      41.1155      38.6468  2.132  0.360  762 
   54201.228100    2795.5198     226.6703    2928.7663     227.0805    0.5063     882.0958     848.3053  5.689  5.614  762 
   54201.243600    2496.7451     271.5116    2449.5202     271.8083    0.4299     783.1958     762.4351  2.907  3.733  762 
   54205.179300   -1124.1603     143.4824   -1941.4960     147.2930    0.1518     635.2038     567.5781  9.898 10.820  762 
   54210.346400    4756.4372     177.4088    5076.0466     178.4829    0.5790      33.3458      31.0942 -2.716  0.361  762 
   54212.180600     375.5069     222.7264     -10.4552     223.4627    0.1048    1050.8625     999.9992  8.748  9.708  762 
   54213.208300     639.8495     218.7375     677.5947     219.4541    0.1552     332.1164     316.5662  4.403  4.171  762 
   54230.223800     942.8015     169.4945    1380.7711     170.8795    0.2679     455.2528     420.5341  6.986  5.818  762 
   54231.221900     434.1061     252.4463     377.9866     252.8593    0.1930     949.9465     916.4806  5.664  5.613  762 
   54240.235600    1810.3567     203.3492    2069.8460     203.8648    0.2884     903.8048     861.1218  7.388  8.574  762 
   54260.157900    5654.6874     197.1766    6257.8314     197.7491    0.5167     523.9213     498.4172  6.619  6.017  762 
   54260.162700    7303.8297     186.6945    7956.9431     187.2511    0.5936     602.5135     571.6413  7.619  6.590  762 
   54260.175900    3900.4144     158.1425    4376.1053     159.8679    0.6268     613.3441     563.7074  9.958  8.942  762 
   54261.162600    7669.4486     215.8176    7989.4569     216.0398    0.5526     751.2171     727.1100  6.335  6.226  762 
   54261.174500    6479.7310     191.7206    6879.9573     192.3692    0.6612     860.6267     814.9875  7.399  8.700  762 
   54264.164600    3329.3647     166.6858    3905.1825     168.0075    0.5075     445.7014     414.2335  6.283  6.568  762 
   54264.180400     346.3250     155.9974    -206.6615     158.0266    0.0199     384.5508     353.5856  4.945  6.003  762 
   54265.184200    2195.4882     209.3242    2223.6553     209.7970    0.3831     585.9684     561.0501  5.158  4.996  762 
   54265.195400    4109.3190     190.5668    4303.3681     191.1106    0.4706      81.5259      77.7241  2.303  0.821  762 
   54275.170700    1738.4895     342.1065    1778.0409     342.2060    0.2056     806.1648     793.9174  3.643  5.951  762 
   54275.178200    3084.5459     312.9016    3112.6880     313.0574    0.2674      -7.0923      -6.9513  1.709 -0.062  762 
   54384.470800    5549.8391     233.5798    5537.9142     234.0438    0.6262     502.9519     482.3025  4.202  3.234  762 
   54384.481300    3385.0456     213.2296    3367.3223     213.9050    0.4565       0.2719       0.2577 -0.136  0.002  762 
   54385.508300    3464.3702     199.3733    3702.2824     200.2395    0.4747     805.1456     756.6300  7.145  8.519  762 
   54386.497100    3206.5753     221.1845    3117.4711     221.7280    0.4172      60.2732      57.4866  1.561  0.424  762 
   54386.502700    2221.5964     224.3027    2062.0570     224.8651    0.3527     583.2736     557.3254  3.540  4.096  762 
   54388.451200    6218.6783     162.5111    7162.8556     163.6596    0.4178     106.4062      99.1164  1.314  1.706  762 
   54533.213700    3038.7829     303.9767    3110.7631     304.4708    0.3200    -829.4595    -797.9788 -5.223 -5.485  762 
   54534.352300   -1244.1521     323.1652   -1464.3636     323.7880    0.2054     320.0321     308.4205  1.904  1.803  762 
   54535.298300    3916.2596     245.9641    4240.1376     247.4540    0.6991    1522.3543    1414.8901 15.037 15.043  762 
   54536.149900    3485.1851     288.2738    3682.9153     288.6405    0.2036   -1623.4670   -1566.8246 -15.105 -14.453  762 
   54537.401500    3711.4104     212.5794    4568.7611     214.4014    0.3272    -783.4461    -727.3226 -11.848 -11.508  762 
   54538.182200    1732.1126     445.0703    1700.7765     445.3106    0.0807   -1194.1367   -1172.2421 -7.063 -5.843  762 
   54538.197200     826.6529     367.2806     876.0428     367.6910    0.0128    -821.6785    -796.5572 -4.670 -5.614  762 
   54590.205000    1096.8640     212.6437    1765.9704     214.9479    0.2032    -279.2931    -255.5358 -4.279 -4.006  762 
   54792.348600     312.8539     239.4583     400.0275     240.1675    0.1784   -2189.0617   -2092.2875 -28.609 -28.976  762 
   54792.505800     798.4477     333.5928     817.6622     333.7502    0.3103   -5718.1808   -5608.2327 -52.220 -54.476  762 
   54793.506900    -722.3386     334.9159    -819.7078     335.0891    0.6249  -14971.5995  -14687.3683 -111.370 -112.889  762 
   54794.486000   -1565.4304     264.0435   -1315.2516     265.9985    0.2292    -487.2121    -450.5604 -7.195 -6.007  762 
   54860.203100    2427.8526     335.9890    2509.1872     336.7093    0.1117   -1844.9179   -1763.9583 -11.606 -11.628  762 
   54861.126100    1288.2755     336.2308    1297.2894     336.7370    0.0066   -1295.7099   -1247.8703 -11.483 -9.584  762 
   54862.262500   -2284.5651     352.0137   -2580.0735     352.8007    0.6410   -2544.9973   -2442.8011 -13.923 -14.112  762 
   54912.158000    4233.9590     304.1342    4275.8016     304.2236    0.5325  -21888.4880  -21505.3618 -170.537 -170.718  762 
   54914.124500   38985.1148     866.9430   38917.5223     866.9845    0.2119  -34318.8769  -34274.8716 -59.094 -59.143  762 
   55126.484100    -918.7709     295.8138   -1010.3598     296.8189    0.2402    -626.1394    -593.8561 -6.456 -5.856  762 
   55126.506900    -263.4894     291.3197    -247.8123     292.3055    0.1061    -450.1129    -427.5541 -5.076 -4.315  762 
   55208.301900    -956.1472     246.7268   -1247.7665     248.8537    0.2987    -720.1578    -662.7723 -6.770 -7.628  762 
   55208.332500     559.1504     258.5473     778.1529     260.4503    0.0030    -866.0106    -799.0638 -7.712 -8.916  762 
   55273.269300    3039.4444     293.7304    3080.3637     294.7090    0.2108   -1880.0052   -1778.0987 -14.223 -13.727  762 
   55536.296400   -1125.5307     272.8027   -1198.8889     274.1974    0.2146    -420.1346    -392.4737 -4.023 -3.955  762 
   55538.328200   -1045.3623     217.8949    -744.7546     221.6482    0.1359    -256.2209    -229.6927 -4.441 -4.116  762 
   55540.341300    2439.0915     411.3873    2288.1664     411.8017    0.0834   -2989.7253   -2913.1931 -13.509 -13.795  762 
   55599.206500    1712.3146     383.1614    1553.8066     383.4987    0.2663   -4061.0605   -3964.4287 -19.756 -19.776  762 
   55603.163800     922.0813     328.6079    1092.0883     329.3063    0.0910    -276.4166    -264.4245 -3.195 -2.857  762 
   55679.251900    1300.8884     240.8082    1597.3066     243.1241    0.1327    -946.5886    -866.1550 -11.931 -11.620  762 
   55884.433200    1300.8884     240.8082    1597.3066     243.1241    0.1327    -946.5886    -866.1550 -11.931 -11.620  762 
   55889.434300    -531.3654     304.9113    -719.7092     306.1595    0.3427   -1543.6782   -1456.2331 -11.904 -12.695  762 
   55924.442100    1657.1657     210.1577    1349.5905     215.3952    0.1556    -111.2832     -99.9910 -2.353 -2.019  762 
   55925.373000    -288.4810     266.2512    -500.9531     268.1825    0.2445    -850.2778    -789.5076 -8.515 -8.933  762 
   55926.306500   -1534.3237     218.9916   -2395.4982     223.9816    0.3427    -378.2088    -340.2488 -6.082 -5.916  762 
   55927.348900   -1996.1128     273.9829   -2107.2330     275.9251    0.5234    -788.4946    -731.0563 -7.367 -8.668  762 
   55969.114700   -2582.4946     332.8305   -2893.3715     333.5638    0.4708   -1216.2093   -1167.8008 -8.618 -8.116  762 
   56045.159200     407.1522     344.0307     206.6945     344.8963    0.1281   -1015.2303    -970.6310 -9.844 -9.271  762 
   56215.477100    2660.9765     301.6185    2862.0142     302.8170    0.4986    1528.3797    1446.5250 15.315 15.407  762 
   56217.469400    6784.6384     546.4297    6720.6430     546.6408    0.7295    1941.2483    1913.8941  7.630  7.816  762 
   56301.275300   -1093.5035     359.1329   -1153.1090     359.8324    0.0342    1414.2665    1361.2973  7.928  8.361  762 
