   54116.301000    4243.6923     409.8525    4520.7695     411.1106    0.2967   -9931.7404   -9686.8026 -82.161 -31.123  762 
   54127.317100     -70.4693     364.3029    -383.8428     365.1363    0.0279       0.0000       0.0000 -8.562  0.000  762 
   54127.352800   -3115.0154     360.1359   -3465.2477     361.1495    0.2502       0.0000       0.0000 -6.582  0.000  762 
   54149.238000   -1526.7736     247.2455   -1738.3603     249.9445    0.3047    -771.2878    -703.3765 -14.109 -4.811  762 
   54149.257400    6527.4931     318.7761    6217.6311     319.9721    0.0369   -6019.0195   -5800.6977 -54.310 -23.958  762 
   54150.328600     976.1561     226.7361     836.7811     229.0024    0.0830     -95.2613     -86.9656 -7.396 -0.720  762 
   54152.336000    1594.8300     207.6230    1513.4888     210.5888    0.1658    -265.2268    -237.2559 -6.110 -2.527  762 
   54152.342500     972.2847     218.8102     889.0959     221.7449    0.0231    -760.0543    -685.4844 -9.806 -6.491  762 
   54156.154700   -3405.3401     223.2909   -2944.2275     224.4609    0.1770       0.0000       0.0000  2.526  0.000  762 
   54174.142000     -59.9829     187.7874    -232.6177     190.0248    0.0274       0.0000       0.0000  2.870  0.000  762 
   54174.149600     723.0862     173.1954     703.2563     175.8510    0.1094       0.0000       0.0000  3.438  0.000  762 
   54176.305700   -3877.7892     226.0218   -3732.0893     229.0245    0.4676    -913.4491    -822.3464 -11.096 -7.324  762 
   54179.173100    1547.7209     197.4824    1556.0141     199.8986    0.2063    -134.8800    -121.0511 -7.213 -1.382  762 
   54201.218300   -3198.3151     214.5048   -3002.3543     216.8498    0.4429    -409.9992    -370.3992 -8.530 -3.476  762 
   54201.228100   -2499.8078     249.1226   -2555.5047     251.4443    0.4685   -1216.7987   -1126.1557 -12.428 -7.514  762 
   54201.243600   -1295.4863     296.3368   -1055.4504     298.4346    0.4555   -3270.5148   -3090.4111 -32.378 -14.948  762 
   54205.179300     749.6655     165.6095     445.8473     168.4225    0.0453    -116.4815    -104.1909 -7.280 -1.762  762 
   54210.346400    7323.6596     195.7746    7020.7686     197.8376    0.6061       0.0000       0.0000  4.314  0.000  762 
   54212.180600    2085.6257     252.6285    1892.0102     254.2346    0.2457       0.0000       0.0000 -0.689  0.000  762 
   54213.208300    1907.9616     240.4096    1899.8111     241.4736    0.2367       0.0000       0.0000  6.591  0.000  762 
   54230.223800      28.0997     190.8683    -152.2405     193.1342    0.0172       0.0000       0.0000 -4.346  0.000  762 
   54231.221900    3194.5743     276.5131    2898.0000     278.5305    0.2083   -1053.2429    -986.5960 -17.709 -5.904  762 
   54240.235600    3268.1393     217.8746    3114.7676     219.3295    0.2959       0.0000       0.0000 -4.015  0.000  762 
   54260.157900   -1295.5199     210.7678   -1312.4944     212.2840    0.1508       0.0000       0.0000 -2.119  0.000  762 
   54260.162700     -32.2943     199.8867    -360.1945     201.7519    0.0374       0.0000       0.0000 -3.573  0.000  762 
   54260.175900    -330.4757     180.2145    -797.3974     182.6534    0.0671       0.0000       0.0000 -1.885  0.000  762 
   54261.162600    -193.1295     227.7217    -391.7712     229.2572    0.0505       0.0000       0.0000 -1.584  0.000  762 
   54261.174500   -1700.9996     208.2774   -1887.9663     210.0578    0.1922       0.0000       0.0000 -2.865  0.000  762 
   54264.164600    3195.1976     183.5757    3212.4247     185.4712    0.3415       0.0000       0.0000 -6.392  0.000  762 
   54264.180400    4588.7953     178.3952    4258.3032     180.3717    0.3788       0.0000       0.0000 -5.590  0.000  762 
   54265.184200    1774.5498     231.7589    1505.3339     233.1238    0.1412       0.0000       0.0000  2.908  0.000  762 
   54265.195400    3701.3581     208.1602    3239.6856     209.6355    0.2745       0.0000       0.0000  2.244  0.000  762 
   54275.170700    7709.5248     352.8237    7671.4878     353.2672    0.5013       0.0000       0.0000 -5.706  0.000  762 
   54275.178200    6626.2137     326.0351    6499.5186     326.5052    0.4402       0.0000       0.0000 -6.746  0.000  762 
   54384.470800   -1131.0421     258.7754   -1590.5570     261.0499    0.1526       0.0000       0.0000 -10.368  0.000  762 
   54384.481300   -2646.3005     239.5992   -3114.9378     241.9902    0.3155       0.0000       0.0000 -4.040  0.000  762 
   54385.508300   -3148.9642     221.9015   -3493.6039     223.6665    0.3585      14.2067      13.0041  4.186  0.142  762 
   54386.497100    1961.4763     247.6444    1618.4948     249.8906    0.1675       0.0000       0.0000 -0.988  0.000  762 
   54386.502700    1636.6904     252.8763    1282.2394     255.0128    0.1322       0.0000       0.0000  0.207  0.000  762 
   54388.451200    -434.7870     175.5988     138.1333     177.6196    0.0144      54.4238      48.6369  9.875  0.886  762 
   54533.213700     276.8245     331.9278      40.7673     334.6967    0.1041   -1099.4561   -1024.9074 -14.050 -7.074  762 
   54534.352300   -6478.8670     364.1533   -7048.6231     367.8904    0.6712    -838.8743    -786.0639 -8.393 -4.360  762 
   54535.298300    1012.8850     279.0907     798.3975     282.8767    0.0225   -1056.4401    -941.8358 -12.550 -9.818  762 
   54536.149900   -3049.0338     303.4192   -3027.5427     305.0243    0.3520    -531.5174    -498.6639 -10.125 -4.878  762 
   54537.401500   -3442.8826     230.9737   -3786.7210     234.9471    0.3515       0.0000       0.0000  2.750  0.000  762 
   54538.182200     706.0757     466.9915     678.4510     468.8638    0.0421   -1133.6949   -1088.9183 -17.245 -5.559  762 
   54538.197200   -3316.7507     395.8159   -3324.2474     397.8079    0.4125    -110.3194    -104.2417 -6.980 -0.733  762 
   54590.205000   -1799.9802     235.9871   -1758.0877     239.6440    0.2482       0.0000       0.0000 -3.303  0.000  762 
   54792.348600   -2066.1241     252.0568   -2086.9236     253.0349    0.1567      42.3558      39.8144  8.496  0.556  762 
   54792.505800     -36.5231     344.7735     -90.4085     345.1201    0.0065       0.0000       0.0000 -11.233  0.000  762 
   54793.506900    3604.8237     353.5729    3628.1866     354.1061    0.2642       0.0000       0.0000 -6.620  0.000  762 
   54794.486000   -2124.0689     288.4574   -2001.6929     291.2908    0.2164       0.0000       0.0000  3.603  0.000  762 
   54860.203100    4917.0550     363.7354    4671.0288     366.8062    0.3353   -1204.9908   -1111.3329 -20.199 -7.396  762 
   54861.126100    -820.8055     363.0757   -1085.0695     365.3233    0.1012    -266.2353    -249.1403 -7.496 -1.921  762 
   54862.262500     450.2366     385.2165     -53.5493     388.5138    0.2356   -1824.8264   -1699.9828 -25.015 -9.648  762 
   54912.158000    8555.5174     315.5255    8548.5769     315.8968    0.3730       0.0000       0.0000 -10.744  0.000  762 
   54914.124500   42683.1552     876.1937   42610.5170     876.4447    0.1328  -54713.9080  -54568.0197 -241.071 -94.492  762 
   55126.484100     465.8470     321.1747     268.6687     323.4417    0.0994     702.4222     650.6121  9.225  6.334  762 
   55126.506900    -415.8601     314.5221    -469.4832     316.6418    0.0104     403.6206     374.3604  7.317  3.792  762 
   55208.301900   -1141.4235     275.5460   -1237.2178     278.6825    0.0512     848.5899     762.7113 12.042  8.468  762 
   55208.332500     879.0014     284.3696     921.7814     287.5063    0.1080       0.0000       0.0000  3.853  0.000  762 
   55273.269300    1601.0808     324.6311    1479.9625     328.0681    0.2313       0.0000       0.0000 -6.002  0.000  762 
   55536.296400   -2321.2360     298.9574   -2576.8481     301.5248    0.2708       0.0000       0.0000  0.996  0.000  762 
   55538.328200   -4079.4277     245.2287   -4123.1843     249.4849    0.3570     133.6514     116.4185  6.613  2.011  762 
   55540.341300    1282.5468     442.9483    1131.8680     445.5103    0.0433    -669.7363    -636.3366 -24.684 -2.978  762 
   55599.206500    4409.0614     409.1989    3929.4800     411.5894    0.3114       0.0000       0.0000 -12.868  0.000  762 
   55603.163800   -3916.5366     345.6409   -4010.9334     347.3250    0.4428       0.0000       0.0000 -2.081  0.000  762 
   55679.251900     165.2545     270.3223    -521.8398     273.7880    0.0504      79.0127      70.3833  5.145  0.896  762 
   55884.433200     165.2545     270.3223    -521.8398     273.7880    0.0504      79.0127      70.3833  5.145  0.896  762 
   55889.434300      32.5404     338.9361    -244.2485     341.8579    0.0273       0.0000       0.0000 -1.153  0.000  762 
   55924.442100   -3135.7120     239.1707   -3637.5134     244.7222    0.4375       0.0000       0.0000  4.156  0.000  762 
   55925.373000    -325.5241     300.7055    -351.6823     303.6959    0.0200     249.6773     227.1218  4.993  2.404  762 
   55926.306500   -3311.7702     249.0508   -3694.6214     253.3588    0.3786      52.1112      46.2784  4.592  0.745  762 
   55927.348900   -1353.0411     307.7194   -1410.6101     310.5959    0.2009       0.0000       0.0000  2.645  0.000  762 
   55969.114700    -842.1735     363.9246   -1045.3915     366.6093    0.0971       0.0000       0.0000  2.736  0.000  762 
   56045.159200   -2293.2893     377.2689   -2497.1368     379.4338    0.3753       0.0000       0.0000 -3.131  0.000  762 
   56215.477100   -3312.4006     308.5747   -3662.8151     311.6568    0.4036       0.0000       0.0000  0.751  0.000  762 
   56217.469400    2265.6842     559.9137    2403.3927     561.9024    0.1350   -4086.7555   -3939.7199 -49.532 -17.019  762 
   56301.275300   -7040.4587     376.8094   -7452.8071     380.5116    0.6773    -868.2182    -801.2944 -11.095 -5.471  762 
