   54116.301000    2900.8795     410.7718    2811.9364     410.9468    0.0320   -2440.1250   -2419.3415 -7.878 -7.898  762 
   54127.317100   -2790.9011     329.6036   -3123.1628     329.8684    0.1786     604.9673     593.2381  1.386  4.688  762 
   54127.352800   -1072.0164     328.2378   -1315.6866     328.4686    0.0569     585.8560     576.0572  3.595  4.072  762 
   54149.238000    1907.5124     235.8076    2005.5013     236.5784    0.2010    -781.2745    -746.3202 -4.927 -5.239  762 
   54149.257400    3398.8445     312.4034    3342.9325     312.6079    0.0249   -3104.5691   -3058.8926 -13.500 -13.041  762 
   54150.328600    1936.0850     215.0149    1933.2088     215.9113    0.1841    -658.1561    -624.8589 -5.752 -5.354  762 
   54152.336000     560.3516     183.6449     424.3135     185.5142    0.1277   -1220.6733   -1123.3531 -13.694 -14.184  762 
   54152.342500    1333.1437     192.7906    1175.3349     194.3265    0.0102   -1190.2608   -1107.8337 -14.270 -12.482  762 
   54156.154700     913.5294     221.1373     970.7966     222.0939    0.2049     705.7988     672.1432 14.649 12.863  762 
   54174.142000     610.0405     171.5686     925.6218     173.5337    0.1091    -194.8575    -179.1357 -3.607 -2.726  762 
   54174.149600    1204.9901     161.1133    1611.0029     163.6656    0.2215      73.0541      66.4986 -0.059  1.171  762 
   54176.305700    1678.1268     199.8835    1421.6730     201.2731    0.0353   -1274.7920   -1189.3741 -14.206 -12.327  762 
   54179.173100    1717.9396     181.0456    1981.7197     182.7733    0.1474   -1172.6886   -1079.9904 -15.637 -13.871  762 
   54201.218300    2876.0210     205.5384    2964.0217     206.4840    0.2989    -757.6809    -717.3579 -7.682 -6.628  762 
   54201.228100     847.9771     243.1528     904.3723     243.6793    0.0223   -1096.4920   -1059.2051 -7.139 -6.924  762 
   54201.243600    1134.2923     289.3438    1066.1967     289.7268    0.0156    -978.3705    -955.7610 -4.999 -4.709  762 
   54205.179300     960.9102     149.2739     922.3169     152.7055    0.0280    -746.1495    -669.9262 -15.563 -13.563  762 
   54210.346400    2652.8221     187.9295    2566.3710     189.2400    0.3829     -79.4353     -74.1054 -3.696 -0.863  762 
   54212.180600    -293.3553     226.8232    -498.7188     227.7027    0.0177     392.8631     373.7757  2.080  3.854  762 
   54213.208300    2145.4580     223.1216    2241.7267     223.8952    0.3587     453.8595     432.8607  3.153  5.887  762 
   54230.223800    1585.5251     178.1697    1719.9680     179.7467    0.1661    -696.7343    -644.9834 -10.512 -9.042  762 
   54231.221900     842.2215     265.3893     808.9583     265.8673    0.0483   -1211.5401   -1173.6273 -7.415 -7.280  762 
   54240.235600    3707.4517     214.2672    3786.8010     214.8836    0.3676    -781.2357    -747.4212 -5.817 -7.313  762 
   54260.157900    4552.1712     209.2450    4731.0775     209.9851    0.4222   -1108.1438   -1056.4222 -10.774 -12.445  762 
   54260.162700    1845.0712     202.5862    1947.0366     203.3886    0.1427   -1021.9940    -970.2345 -11.542 -10.642  762 
   54260.175900     692.5503     166.6743     658.9821     168.6891    0.0384    -526.0896    -480.2096 -10.572 -7.817  762 
   54261.162600    5796.5362     231.0899    6063.6966     231.4517    0.4526    -855.1185    -829.5397 -7.533 -6.876  762 
   54261.174500    2970.2621     204.6679    3158.1938     205.4400    0.2931    -958.6023    -909.5378 -9.243 -9.504  762 
   54264.164600     832.6460     175.1534    1053.4068     176.6620    0.0761    -585.9693    -542.5109 -10.105 -8.692  762 
   54264.180400   -1145.7501     161.2523   -1592.8920     163.4115    0.3426    -400.4130    -365.8586 -8.483 -6.587  762 
   54265.184200    1371.4322     217.7694    1252.5055     218.3896    0.0837    -675.2529    -646.5130 -6.176 -5.865  762 
   54265.195400    1837.3292     200.3623    1741.0750     201.0937    0.1746    -529.9426    -505.3410 -5.328 -5.322  762 
   54275.170700    4706.7025     351.1311    4696.7178     351.2619    0.2560   -1883.0006   -1854.7046 -12.935 -13.751  762 
   54275.178200    4925.8519     320.9580    4874.0022     321.1621    0.2703   -1803.2061   -1767.6819 -13.202 -15.616  762 
   54384.470800     769.6230     248.4442     804.0651     249.0747    0.0207    -984.7777    -946.2813 -7.360 -6.399  762 
   54384.481300    2682.8956     224.4579    2752.1062     225.2399    0.2205   -1149.9246   -1094.7539 -7.767 -8.853  762 
   54385.508300    1132.1840     208.7956    1318.8859     209.8533    0.0191   -1254.7535   -1179.3008 -13.403 -13.577  762 
   54386.497100    2424.3513     232.5401    2402.0626     233.2281    0.1774   -1047.2142   -1002.8972 -8.357 -7.588  762 
   54386.502700    1158.0684     234.0477    1093.9505     234.7432    0.0085   -1083.0232   -1036.7852 -8.484 -7.949  762 
   54388.451200    1484.7917     174.3917    1642.0793     175.8918    0.1008    -731.5354    -681.7086 -11.909 -11.427  762 
   54533.213700       0.0000       4.4991       0.0000       4.4991       nan       0.0000       0.0000  0.000  0.000  762 
   54534.352300    1611.0219     339.2605    1622.7309     339.9673    0.1109   -1057.1242   -1024.7443 -9.820 -6.196  762 
   54535.298300       4.2679       8.5935    4510.1882     243.3232    0.5207       0.0000       0.0000 13.730  0.000  762 
   54536.149900    3274.5783     304.9131    3334.3826     305.4233    0.1614   -1880.9975   -1822.9151 -17.475 -16.241  762 
   54537.401500    1649.1107     229.5264    1999.5241     231.6532    0.2554    -430.3731    -401.1586 -5.501 -6.039  762 
   54538.182200    4016.8537     469.6137    4020.2268     469.9116    0.3649   -1171.1660   -1153.0829 -6.119 -5.669  762 
   54538.197200    2788.3062     381.6807    2798.8859     382.2195    0.2704    -982.2882    -954.7626 -7.696 -6.777  762 
   54590.205000    3147.7540     225.5407    3527.3356     227.9082    0.4584    -701.9246    -646.5937 -11.564 -10.030  762 
   54792.348600    -621.7805     247.4096    -854.0557     248.2512    0.2767   -1566.7295   -1494.7603 -22.366 -20.726  762 
   54792.505800    2260.1055     339.3668    2268.9660     339.5445    0.0399   -2866.1052   -2812.3592 -27.611 -27.298  762 
   54793.506900    6377.3236     335.9537    6455.6358     336.1085    0.3371   -1377.0267   -1353.8804 -11.469 -10.752  762 
   54794.486000     764.0314     277.1568     829.8238     279.1996    0.1892     253.8451     236.0151  1.936  3.144  762 
   54860.203100    3231.7180     359.2992    3337.3751     360.1141    0.4355    -879.1245    -846.5120 -5.332 -5.524  762 
   54861.126100    1605.8440     350.7052    1539.3612     351.3839    0.0021   -1580.3071   -1526.0788 -10.386 -11.800  762 
   54862.262500    -965.8070     372.4890   -1271.7751     373.4128    0.3440   -1465.9941   -1412.0575 -9.064 -8.287  762 
   54912.158000    8115.6721     311.3478    8208.9547     311.4714    0.0057   -8232.6739   -8100.2474 -61.559 -63.952  762 
   54914.124500   49338.7578     936.4359   49340.3884     936.6443    0.7826  -15343.5263  -15307.9850 -20.930 -26.329  762 
   55126.484100   -1279.4009     311.0921   -1428.9225     312.2153    0.2126     166.2608     158.2075  0.891  1.569  762 
   55126.506900    -610.6730     307.3633    -685.1311     308.4777    0.0463     444.8232     424.0047  3.149  4.269  762 
   55208.301900    -690.4502     261.2438    -757.5953     263.3346    0.0157     744.7044     691.0755  8.572  8.076  762 
   55208.332500     887.2092     275.3146    1061.5175     277.2433    0.3432     593.9681     552.1568  7.706  6.121  762 
   55273.269300     688.1789     315.3186     703.1177     316.5506    0.0219    -613.3326    -582.4834 -5.161 -4.488  762 
   55536.296400     -18.7736     287.0157    -188.6419     288.5614    0.1471    1362.6612    1279.1261 13.783 12.981  762 
   55538.328200     317.4404     229.0117     397.0262     232.6758    0.1832     655.2542     590.2729 12.759 10.652  762 
   55540.341300    2174.7100     434.4277    2145.1052     434.9315    0.3405     750.6574     733.8103  3.227  3.520  762 
   55599.206500    1489.5303     403.3649    1473.5228     403.7487    0.0775    -678.6623    -665.2334 -3.068 -3.338  762 
   55603.163800    2639.0948     343.3153    2689.7048     344.1404    0.4636    1339.0017    1284.5081 13.060 13.621  762 
   55679.251900    3421.0419     252.0934    3468.0447     254.5623    0.6403     507.1644     465.4968  6.948  6.349  762 
   55884.433200    3421.0419     252.0934    3468.0447     254.5623    0.6403     507.1644     465.4968  6.948  6.349  762 
   55889.434300     265.3409     319.4988      58.1305     320.9185    0.0083    -115.8505    -109.7439  1.109 -0.980  762 
   55924.442100    -941.0863     223.3317   -1399.8174     228.4994    0.1632     231.0426     207.4599  1.958  4.267  762 
   55925.373000   -1620.4543     278.1548   -1849.8577     280.3112    0.3294     -75.6914     -70.4566  0.776 -0.827  762 
   55926.306500   -2338.1849     230.1480   -3101.7143     235.0651    0.3855     251.1534     226.0443  4.635  4.094  762 
   55927.348900    -473.7143     284.3745    -542.7826     286.4580    0.1693    -253.6368    -235.8939 -1.184 -2.895  762 
   55969.114700   -1088.7066     348.0599   -1281.4606     348.8666    0.0323    1087.2588    1047.7174  6.884  7.441  762 
   56045.159200     272.7205     355.7071     116.6939     356.7082    0.1089     572.2245     547.7602  6.732  5.321  762 
   56215.477100     458.6436     335.6245     498.2303     336.7037    0.0030    -539.9682    -517.6861 -4.372 -4.893  762 
   56217.469400    2035.6427     590.2299    2036.4489     590.4952    0.0120   -2163.2054   -2139.7603 -9.396 -8.416  762 
   56301.275300     495.1294     396.6325     610.1202     397.2751    0.0294    -831.6583    -808.9509 -4.686 -4.641  762 
