   54116.301000   98495.8874     596.3856   96872.0468     604.7649    0.8950  -21212.4812  -20495.8420 -62.289 -66.669  762 
   54127.317100    5443.9412     426.1892    4940.0496     432.0628    0.0350   -3069.2488   -2967.7239 -25.306 -23.362  762 
   54127.352800    9949.8529     431.9224    8852.7246     438.9236    0.0877   -3564.1116   -3462.5515 -25.418 -24.389  762 
   54149.238000    7928.7874     379.1693   11889.2078     388.5751    0.1970   -5552.5583   -5149.3224 -33.654 -35.783  762 
   54149.257400   54557.1243     449.9377   55435.0334     456.8577    0.7299  -15388.7140  -14709.6102 -61.272 -62.345  762 
   54150.328600   14266.7409     338.6983   16366.9454     346.7689    0.3919   -4863.2000   -4480.7152 -40.664 -37.920  762 
   54152.336000   -1591.5141     291.4971     334.8919     298.4808    0.0696   -3391.6825   -3083.8163 -39.284 -38.372  762 
   54152.342500    -251.3373     307.5595    1474.3652     315.1803    0.1028   -4705.6400   -4288.0184 -49.741 -47.757  762 
   54156.154700   -5345.0446     290.8607   -5123.9679     293.9921    0.2012    -416.9474    -394.8869 -9.883 -7.322  762 
   54174.142000   -6812.0521     264.0870   -5135.4512     270.1653    0.1451    -789.9123    -718.1838 -12.005 -10.764  762 
   54174.149600   -4525.8573     247.5206   -3119.0767     253.3253    0.0775    -358.6569    -323.1675 -6.056 -5.579  762 
   54176.305700    6595.4414     318.1930    8242.4431     325.6854    0.1943   -2745.2628   -2522.3971 -24.905 -25.852  762 
   54179.173100   -6739.7930     285.1903   -3859.2031     291.7564    0.2050   -3135.7184   -2847.8874 -36.763 -36.010  762 
   54201.218300    8338.5167     325.0168   12277.3576     332.2519    0.2290   -3845.5894   -3556.1142 -34.771 -32.365  762 
   54201.228100     950.0471     383.8433    6317.0177     392.8728    0.0602   -4404.6824   -4112.2380 -27.300 -26.609  762 
   54201.243600   17463.5796     449.6422   17505.3371     459.0717    0.5055   -8606.9444   -8091.0394 -40.727 -39.574  762 
   54205.179300   -3897.6392     230.3799   -2371.9167     236.4305    0.0738    -931.6664    -832.3728 -12.356 -16.459  762 
   54210.346400   -2398.2147     287.6562     282.6297     293.0918    0.0309   -1943.3693   -1793.2418 -18.579 -20.526  762 
   54212.180600   12208.9269     332.0149   13383.3328     338.7535    0.2982   -2935.9807   -2743.7114 -30.776 -28.006  762 
   54213.208300   -1525.3234     305.6431     338.1217     309.4734    0.0427   -1720.1258   -1626.7695 -22.575 -21.740  762 
   54230.223800   -2873.3603     271.6038     642.1885     276.7651    0.0164   -1428.9520   -1314.6665 -18.118 -18.081  762 
   54231.221900    8067.1126     403.9361   10074.5030     411.6756    0.1707   -5649.2124   -5295.9827 -33.419 -32.560  762 
   54240.235600    1337.3977     314.8684    5543.4747     320.1797    0.0591   -2788.4659   -2616.5556 -22.465 -25.178  762 
   54260.157900    1251.2787     303.6840    5374.1262     308.5665    0.0605   -2135.7984   -2013.5911 -22.029 -23.267  762 
   54260.162700    1196.1558     303.6632    5929.7926     309.4306    0.0733   -1898.6419   -1780.9346 -18.834 -19.163  762 
   54260.175900    9892.0630     249.5962   12052.4482     254.3164    0.2181   -1054.4886    -972.3942 -14.367 -15.486  762 
   54261.162600    1208.8072     342.7141    8957.1198     348.6488    0.0878   -2035.8198   -1931.5245 -11.452 -15.767  762 
   54261.174500    4746.8430     305.3855    9470.5156     310.3942    0.1358   -1964.8602   -1839.4294 -15.472 -18.893  762 
   54264.164600   -4246.3637     255.9174   -2021.2298     259.9289    0.0760   -1216.3445   -1124.3028 -17.365 -17.582  762 
   54264.180400  -13087.7902     239.5048  -12770.9225     244.1468    0.5043    -530.5314    -485.2503 -7.880 -8.556  762 
   54265.184200   -2254.8979     318.3007     210.2819     323.8313    0.0872   -2955.7460   -2763.2209 -24.343 -24.779  762 
   54265.195400   -5205.2830     295.3276   -2700.3279     300.6864    0.1357   -1993.7508   -1865.0277 -20.385 -19.335  762 
   54275.170700   18265.2579     439.2835   20611.6525     442.6332    0.3887   -4477.6443   -4334.6519 -35.554 -31.743  762 
   54275.178200    7774.2790     403.1213    9434.7614     406.2874    0.1784   -2995.5881   -2890.5750 -26.978 -25.175  762 
   54384.470800   11314.1374     385.6586   14069.8892     393.8316    0.1741   -5362.4111   -5002.1353 -30.742 -33.479  762 
   54384.481300   10684.0302     352.0382   14000.0655     359.5171    0.1686   -4470.0556   -4124.3522 -38.231 -32.996  762 
   54385.508300   -3920.1779     310.2721   -2050.6739     315.8533    0.1005   -2522.0862   -2342.9052 -25.302 -26.546  762 
   54386.497100   15721.3965     362.2703   18547.9119     370.2793    0.2626   -4760.4635   -4431.8720 -39.628 -33.186  762 
   54386.502700   12670.0210     360.7071   14026.7876     368.7177    0.1947   -4642.4547   -4329.9406 -37.866 -32.923  762 
   54388.451200  -12720.9219     261.2100  -11921.0751     266.1151    0.2720    -862.7571    -796.5428 -18.083 -12.987  762 
   54533.213700       0.0000       4.5166       0.0000       4.5166       nan       0.0000       0.0000  0.000  0.000  762 
   54534.352300  -15991.0844     550.2875  -13859.5586     565.0692    0.6395   -5249.8689   -4877.7212 -28.803 -29.318  762 
   54535.298300       0.0000       3.5333       0.0000       3.5333       nan       0.0000       0.0000  0.000  0.000  762 
   54536.149900   12438.7176     440.2219   15083.2668     447.6798    0.2210   -4529.3205   -4283.0837 -38.937 -37.492  762 
   54537.401500  -18698.4100     359.9601  -16711.2238     368.8775    0.4023    -291.2558    -275.4790 -0.587 -4.037  762 
   54538.182200   23711.6106     672.5481   24982.0796     683.9728    0.4378   -7037.9698   -6714.3702 -33.100 -32.708  762 
   54538.197200    9393.9430     554.3215   10372.2131     564.9212    0.1829   -4125.5910   -3900.3317 -31.354 -27.405  762 
   54590.205000   -9832.4188     352.0042   -7972.3894     359.4885    0.3159    -779.5153    -719.0863 -6.993 -10.888  762 
   54792.348600     709.7372     326.2181   -1036.2608     329.7598    0.0369    -550.4472    -521.8404 -3.442 -7.081  762 
   54792.505800    9617.0017     410.2622    9536.0794     412.4634    0.3379   -2263.1571   -2198.0501 -21.261 -20.971  762 
   54793.506900   29149.7459     433.2151   32204.3644     437.7905    0.5326    4763.3803    4547.5035 38.307 35.682  762 
   54794.486000    7301.7341     412.6549    7595.6787     420.7382    0.4211     842.1300     778.8519 12.126 10.151  762 
   54860.203100   10469.4196     558.4868    9867.7033     570.5547    0.5518     363.1126     338.9987  6.410  2.185  762 
   54861.126100    4582.6210     515.1408    4728.5260     525.0809    0.2171      16.1433      15.2927  0.266  0.117  762 
   54862.262500    5794.3008     579.1495   -1012.0456     593.3158    0.0540   -1643.7218   -1539.6583  2.065 -8.957  762 
   54912.158000   31862.3071     388.4148   33511.6901     391.1311    0.4634   -2466.7823   -2398.7885 -12.347 -18.679  762 
   54914.124500  903836.1144    1225.8610  886974.5307    1232.8941    0.9681  -54924.4766  -54102.1387 -74.261 -91.195  762 
   55126.484100     897.6221     453.3143      10.8442     461.6048    0.0850    2271.7625    2141.7706 20.896 20.946  762 
   55126.506900   -1230.6249     453.9565   -1406.2093     463.5921    0.0644    2638.1957    2458.2075 24.823 24.381  762 
   55208.301900    2994.1186     404.4275    2028.7919     413.9776    0.1804    1837.9414    1693.8415 20.321 19.490  762 
   55208.332500    7744.7018     426.8932    8042.2476     436.5260    0.4778    1728.9926    1583.9372 18.316 17.242  762 
   55273.269300    3366.8793     500.1183    2470.9340     511.5955    0.2713    2347.4210    2168.7536 17.711 16.494  762 
   55536.296400    8385.4332     429.7370    5401.8240     438.2439    0.2206    3669.1706    3405.8404 39.717 34.043  762 
   55538.328200    5869.1452     345.1443    4232.7505     352.3896    0.1592    1971.6421    1788.7463 35.383 31.328  762 
   55540.341300   55621.5061     652.6276   51167.9558     665.7963    0.7860    4212.8118    3989.0446 25.707 18.994  762 
   55599.206500   26980.3496     601.9640   24177.0683     613.7789    0.5942     512.2264     484.6130  7.015  2.412  762 
   55603.163800   10799.5239     478.6520   10510.7752     485.8517    0.3646    3272.4454    3108.1665 33.121 32.330  762 
   55679.251900    4289.1818     382.8050    3664.8328     390.1325    0.2135    2216.6337    2029.3129 27.881 27.090  762 
   55884.433200    4289.1818     382.8050    3664.8328     390.1325    0.2135    2216.6337    2029.3129 27.881 27.090  762 
   55889.434300   23516.3515     484.0727   20807.9756     495.1736    0.5257    -935.5247    -871.4325 -8.659 -7.695  762 
   55924.442100       0.0000       2.5520       0.0000       2.5520       nan       0.0000       0.0000  2.802  0.000  762 
   55925.373000   16003.7238     424.8898   15834.9816     435.3947    0.5028       2.3453       2.1690 -0.020  0.025  762 
   55926.306500    1652.3346     349.0472   -1347.7574     357.8298    0.0081    1005.2066     909.1301 11.616 16.070  762 
   55927.348900    8734.3741     428.0247    8634.4839     436.6826    0.3866    -295.0627    -273.2740 -5.321 -3.299  762 
   55969.114700   20053.3154     521.9148   15830.0839     533.4227    0.2947    -590.8756    -554.9988 -4.304 -3.907  762 
   56045.159200    9679.4536     504.3004    9401.6093     511.5624    0.4277    2287.5184    2162.8551 20.826 20.709  762 
   56215.477100   -9394.5495     509.1832   -7895.7696     522.9485    0.2466   -4198.8742   -3919.8175 -39.447 -36.266  762 
   56217.469400   53449.2769     840.1161   53118.9374     852.2016    0.6548  -19722.6332  -18945.2538 -68.822 -73.828  762 
   56301.275300   -4176.7460     628.4985   -2924.2150     645.6271    0.3044   -8192.3358   -7681.9742 -47.631 -43.431  762 
