   54116.301000   10606.2040     333.8590   10429.4794     334.5706    0.3786   -6152.5394   -6004.2884 -20.338 -19.418  762 
   54127.317100   -4821.8084     329.9787   -5658.6540     330.8411    0.2733    -318.3369    -306.1464 -3.374 -2.125  762 
   54127.352800   -2457.4782     322.4071   -3170.0635     323.2009    0.1263     513.8159     496.3004  2.196  3.101  762 
   54149.238000    2638.4848     199.9627    3399.0799     205.2180    0.3075      26.5093      22.7126 -0.155  0.158  762 
   54149.257400    6400.7817     267.1715    6352.3837     268.1879    0.3622   -1367.1382   -1308.8646 -5.511 -5.484  762 
   54150.328600    2897.3749     190.6589    3908.2387     196.0095    0.3997     874.7006     745.0087  5.823  6.229  762 
   54152.336000    1431.8462     172.5430     397.5180     182.0495    0.0186    -164.9409    -132.0768 -2.205 -1.509  762 
   54152.342500     134.7897     180.4697   -1752.1277     188.6655    0.1196    -458.6729    -376.0305 -3.900 -3.811  762 
   54156.154700       0.0000       2.5409       0.0000       2.5409       nan       0.0000       0.0000  0.000  0.000  762 
   54174.142000    4159.3882     162.5207    3564.4176     172.5695    0.1983      73.4609      59.7316  0.967  0.811  762 
   54174.149600    7363.8315     152.0085    7786.1793     164.3748    0.3662    -182.6226    -147.2249 -2.811 -2.336  762 
   54176.305700   -2285.6165     186.3304   -2993.8753     193.8638    0.2231      -9.7059      -7.9472 -1.455 -0.076  762 
   54179.173100    4532.0790     168.2431    5688.1171     177.4970    0.2810    -840.3441    -671.8345 -7.052 -8.021  762 
   54201.218300    3379.8231     182.1861    4817.2009     188.3003    0.4549    -476.1747    -396.2414 -3.436 -3.757  762 
   54201.228100    1822.4785     205.4401    3062.6535     208.8799    0.2268    -818.2837    -725.8621 -4.600 -4.911  762 
   54201.243600     578.0583     240.4168     547.1120     242.7153    0.1274   -1734.1162   -1606.5414 -8.336 -7.824  762 
   54205.179300    4158.6919     144.4018    3270.3720     158.8177    0.1834     -14.2782     -10.9774 -0.977 -0.199  762 
   54210.346400       0.0000       3.3794       0.0000       3.3794       nan       0.0000       0.0000  0.000  0.000  762 
   54212.180600   -2359.5827     221.3199   -3053.2324     225.2047    0.2406    -372.6996    -329.9843 -2.371 -3.021  762 
   54213.208300    4716.9598     219.8252    4890.1283     223.5937    0.3831    -155.1275    -138.1514 -2.655 -1.781  762 
   54230.223800    2726.4632     168.1473    2815.8438     177.0138    0.3130    -114.3397     -91.7840 -1.299 -1.273  762 
   54231.221900    -963.2954     232.8969   -1219.9739     235.8418    0.1249     216.9182     197.1217  2.508  1.192  762 
   54240.235600    7651.8099     195.6359    9132.9219     199.3680    0.4920    -876.4562    -770.5303 -6.456 -7.852  762 
   54260.157900    8143.5077     193.8398   10142.4612     198.4833    0.4906    -268.4054    -232.1008 -2.747 -2.863  762 
   54260.162700   11977.4633     178.6357   15240.0705     183.5386    0.5447    -438.0278    -373.9318 -3.735 -4.588  762 
   54260.175900    8331.8700     158.8354    6919.3062     169.3202    0.4624    -105.0828     -84.0082 -1.752 -1.312  762 
   54261.162600    9613.9647     205.0624   11197.0202     207.4786    0.4721    -487.5248    -439.8598 -4.079 -3.838  762 
   54261.174500    5772.7771     186.5767    7625.9863     191.6131    0.4586    -328.3731    -278.9723 -3.121 -3.055  762 
   54264.164600    5806.7036     168.4774    6430.2066     176.3574    0.4151     -99.1061     -81.6929 -0.218 -1.288  762 
   54264.180400    4877.2177     158.6658    2863.1308     167.8002    0.2143     -35.8094     -29.0984 -0.508 -0.475  762 
   54265.184200    1693.0262     202.6771    2125.6478     205.8107    0.2338    -253.4195    -225.1005 -2.216 -1.998  762 
   54265.195400    5308.2499     185.2094    6786.2190     188.9176    0.5013     -19.5199     -17.0523 -2.034 -0.183  762 
   54275.170700    4588.2291     333.8458    4903.3829     334.5357    0.2704    -895.1427    -860.7167 -7.271 -6.546  762 
   54275.178200    2335.9107     306.7660    2666.9466     307.8091    0.1348   -1044.4582    -992.2825 -10.320 -9.046  762 
   54384.470800    1053.8016     216.5070    1272.4857     220.3633    0.0213   -1142.9147   -1009.2042 -6.534 -6.709  762 
   54384.481300    -504.5718     202.5643    -221.0150     207.5462    0.0875    -831.1413    -712.8421 -4.595 -5.498  762 
   54385.508300     495.8004     198.3453     856.1151     204.1004    0.0311    -548.8778    -465.4709 -3.887 -5.100  762 
   54386.497100   -2023.9925     208.3723   -1880.0957     212.5601    0.3283    -770.8247    -674.5204 -5.231 -4.840  762 
   54386.502700   -1577.8115     212.9578   -1831.7416     216.8190    0.2125    -562.5524    -496.7350 -4.806 -3.483  762 
   54388.451200    8457.1001     163.7808   10906.3737     172.1891    0.3344      60.8904      49.2748  0.753  0.871  762 
   54533.213700     761.1441     278.9004    2134.5443     282.7729    0.1963     344.6032     308.1955  1.257  2.135  762 
   54534.352300    -501.3363     289.4639   -1543.3235     293.9537    0.0848     649.8632     591.6523  3.623  3.332  762 
   54535.298300    6902.8105     232.2495    7736.1287     243.4986    0.8796    2870.5812    2327.6999 24.386 24.439  762 
   54536.149900       0.0020       3.7573       9.8711      38.4233    0.0040       0.0000       0.0000 -4.620  0.000  762 
   54537.401500    4183.6463     207.4522    6082.2963     221.5815    0.4204      49.4757      39.4571  0.733  0.656  762 
   54538.182200       0.0000       5.4360       0.0000       5.4360       nan       0.0000       0.0000  0.000  0.000  762 
   54538.197200       0.0000       4.4586       0.0000       4.4586       nan       0.0000       0.0000  0.000  0.000  762 
   54590.205000    2533.4407     209.9770    4836.3219     224.2105    0.3696    -106.5891     -83.2627 -1.897 -1.333  762 
   54792.348600       0.0000       3.0996       0.0000       3.0996       nan       0.0000       0.0000  0.000  0.000  762 
   54792.505800     857.3641     330.1840    1334.9977     331.0442    0.0582    -135.6879    -129.3653  1.947 -1.263  762 
   54793.506900     332.2427     329.2743     549.6030     330.2497    0.2655    4687.6423    4479.8115 33.164 33.210  762 
   54794.486000    -331.1952     260.8756    1865.3866     271.6060    0.1235       0.0000       0.0000 -0.267  0.000  762 
   54860.203100       0.0000       4.6803       0.0000       4.6803       nan       0.0000       0.0000  0.000  0.000  762 
   54861.126100       0.0000       4.2851       0.0000       4.2851       nan       0.0000       0.0000  0.000  0.000  762 
   54862.262500       0.0000       5.1477       0.0000       5.1477       nan       0.0000       0.0000  0.000  0.000  762 
   54912.158000    6186.3746     290.6715    7170.1282     291.3194    0.5226    7989.6899    7613.9171 61.097 62.173  762 
   54914.124500   60631.6319     681.0501   60401.6438     681.1730    0.8038  -24450.3689  -24386.7600 -45.254 -43.873  762 
   55126.484100    1396.3555     286.0467    1626.2177     292.0796    0.1143     -67.4927     -58.7560 -0.570 -0.577  762 
   55126.506900    2050.0599     280.6364    3274.5605     286.5643    0.3091     137.3175     119.8111  0.497  1.210  762 
   55208.301900   -2080.3012     239.1137    -984.4547     250.7532    0.0590      16.6287      13.2469  0.094  0.151  762 
   55208.332500     230.9787     248.3194    3272.6921     259.6115    0.1618     -49.8697     -39.7648  0.921 -0.451  762 
   55273.269300       0.0000       4.2229       0.0000       4.2229       nan       0.0000       0.0000  0.607  0.000  762 
   55536.296400    2157.7268     264.1688    2913.6817     272.1670    0.1931    -363.5283    -305.1945 -3.094 -3.043  762 
   55538.328200   -2255.7536     220.4542   -1272.5054     239.7634    0.1407     -10.2158      -7.7468 -0.713 -0.140  762 
   55540.341300       0.0000       5.8669       0.0000       5.8669       nan       0.0000       0.0000  0.000  0.000  762 
   55599.206500    3696.4817     345.9992    3667.7662     348.1061    0.1936    -937.0519    -881.1100 -4.502 -4.343  762 
   55603.163800    2466.0033     322.3920    3589.2868     326.8696    0.1918       0.0000       0.0000  0.212  0.000  762 
   55679.251900    4019.0047     237.4393    4452.7113     250.8414    0.2634     127.5470     100.9793  1.617  1.353  762 
   55884.433200    4019.0047     237.4393    4452.7113     250.8414    0.2634     127.5470     100.9793  1.617  1.353  762 
   55889.434300   -1389.4485     291.3346   -1941.8823     299.2476    0.0960     -51.1742     -43.6637 -0.578 -0.371  762 
   55924.442100    2193.8588     211.3388    3401.8086     233.6168    0.1654    -139.4985    -106.1915 -0.922 -2.133  762 
   55925.373000    -683.0811     259.4869   -1114.4725     270.6121    0.0536     293.2501     242.2091  2.227  2.641  762 
   55926.306500   -1026.4410     219.5194   -2518.6931     240.6928    0.1417      24.5568      18.9978  1.087  0.318  762 
   55927.348900   -1461.5488     270.2489   -1615.9380     280.8879    0.1092      94.3269      77.8859  1.698  0.893  762 
   55969.114700   -3654.0756     313.4064   -3919.7039     317.6758    0.2742    -519.6965    -467.8845 -2.985 -3.156  762 
   56045.159200    1521.4508     334.7452     813.4308     339.9279    0.0389    -120.3749    -107.4458 -1.206 -1.021  762 
   56215.477100   -3302.1437     281.0184   -2484.0039     291.5796    0.1152    -327.3974    -271.4818 -4.166 -3.409  762 
   56217.469400    1058.8044     483.3741     930.8752     485.1300    0.0739   -1954.1596   -1870.3474 -7.193 -8.004  762 
   56301.275300   -3755.9472     315.1410   -4204.1917     321.9792    0.3087      33.0547      28.9450 -0.589  0.194  762 
