   54116.301000    4536.8415     398.1936    3919.8629     400.8045    0.0642   -5248.4920   -5023.1021 -16.210 -16.392  762 
   54127.317100   -2299.5868     347.0718    -410.6769     350.3725    0.0059     665.2515     610.8878  2.973  4.974  762 
   54127.352800   -2296.3537     343.4052    -506.9753     346.2599    0.0148    1162.3044    1078.1448  7.332  7.799  762 
   54149.238000  -15029.4368     264.7724  -18413.9592     279.0837    0.5457    -850.7741    -677.2394 -5.246 -4.736  762 
   54149.257400   -5517.8332     315.9782   -6200.6919     319.7828    0.3765   -1454.5695   -1343.9822 -6.627 -5.749  762 
   54150.328600   -1773.5954     246.0475   -3472.0051     259.9039    0.0773     565.5260     447.5140  5.719  3.775  762 
   54152.336000    1415.1865     220.2001    9790.5580     239.1295    0.1712   -1158.5291    -838.1558 -8.196 -10.839  762 
   54152.342500    1099.8108     227.5536   10971.4906     243.7012    0.1771   -1256.6541    -933.5044 -9.904 -10.840  762 
   54156.154700  -22640.2524     273.1582  -51649.7582     291.6275    0.4464     745.2685     601.0849  4.848 10.629  762 
   54174.142000    1685.9977     212.3070    4252.7692     234.0112    0.1014    -251.9703    -182.1558 -3.380 -2.769  762 
   54174.149600   -2265.1111     205.7832   -8548.6198     233.1466    0.1948      -2.8508      -1.9825 -2.550 -0.034  762 
   54176.305700    7547.5885     233.0669   10702.6157     249.8674    0.2251   -1443.0416   -1079.2356 -9.632 -11.504  762 
   54179.173100     951.3076     221.2743      23.9811     242.8232    0.0238   -1042.0338    -740.1481 -10.376 -9.495  762 
   54201.218300   11262.6692     238.0649    5606.8595     253.3751    0.1241    -719.3377    -559.7559 -4.199 -5.051  762 
   54201.228100    4286.3869     264.7820    3089.5000     274.1386    0.1224    -312.7803    -263.7892 -0.877 -1.708  762 
   54201.243600    8783.8779     298.1714    8674.6129     304.7163    0.4434    -699.6921    -623.1635 -3.261 -3.058  762 
   54205.179300   10604.9516     187.9182   18652.3562     214.6752    0.3260    -574.1618    -395.5231 -9.767 -7.995  762 
   54210.346400   10595.1490     225.5663    5037.5221     242.7931    0.1395   -1228.8832    -920.6423 -10.810 -10.404  762 
   54212.180600   21505.8095     255.4515   25409.6024     266.0259    0.4966    -386.0360    -316.0227 -0.328 -3.317  762 
   54213.208300   12484.6517     258.7625   14838.4018     269.1413    0.5270    -989.8366    -814.2065 -9.668 -11.051  762 
   54230.223800    9677.0731     217.5483    6423.8755     236.8122    0.2524    -518.3374    -379.0657 -6.519 -5.264  762 
   54231.221900   15514.1014     283.1717   16784.2453     290.8276    0.8339    -992.4595    -854.5189 -5.815 -5.273  762 
   54240.235600    7838.1996     247.6043    1389.2994     258.6780    0.0169    -938.7653    -766.4710 -7.088 -7.231  762 
   54260.157900   -1981.2753     251.3648  -14872.2648     265.3675    0.2585   -1001.9336    -801.6755 -10.389 -8.890  762 
   54260.162700   -2665.6968     242.4645  -24146.5249     258.8606    0.3105    -943.5377    -741.8557 -10.637 -7.704  762 
   54260.175900    3948.7948     208.0545    2319.9835     229.1592    0.1013    -802.7145    -573.8048 -8.846 -9.207  762 
   54261.162600   -3957.3843     265.1949  -11801.7312     273.3734    0.2542   -1226.5664   -1046.9584 -9.520 -8.107  762 
   54261.174500    1021.1264     242.6991   -7919.2241     256.4165    0.2291   -1151.3209    -906.5143 -9.847 -9.069  762 
   54264.164600    1237.4619     217.8950   -2230.6240     235.8037    0.1303    -680.4524    -503.4951 -9.594 -7.787  762 
   54264.180400    8941.0960     197.8571   15842.7525     216.1844    0.4143    -652.7016    -478.4820 -8.994 -8.794  762 
   54265.184200    3619.0414     244.4494     736.1143     254.3568    0.0030    -991.2200    -814.4813 -8.831 -7.482  762 
   54265.195400    3972.7910     232.1835   -3414.2746     243.9613    0.1022    -926.5344    -747.8294 -7.502 -7.767  762 
   54275.170700   -3518.2849     374.5834   -6034.0887     377.5649    0.2424   -2534.5070   -2350.3623 -16.928 -17.004  762 
   54275.178200   -3342.5711     347.1885   -5662.7200     351.2735    0.2770   -1675.0209   -1520.4409 -11.558 -13.245  762 
   54384.470800  -14414.6294     275.5182  -17814.6781     286.8281    0.6934   -1542.7928   -1268.8910 -8.161 -8.501  762 
   54384.481300  -10950.5060     257.1339  -14508.1387     270.7012    0.5136   -1058.5549    -836.2227 -6.073 -6.683  762 
   54385.508300  -13248.0938     251.2461  -20840.6027     267.8816    0.5201    -707.1058    -539.3109 -7.157 -6.062  762 
   54386.497100   -9109.5551     261.4531  -10532.5389     272.9206    0.3604    -911.1266    -739.8058 -4.907 -5.576  762 
   54386.502700   -6817.9381     261.7699   -6424.4991     272.6428    0.2536    -999.0715    -814.4232 -4.909 -6.275  762 
   54388.451200  -17404.3306     225.2426  -53931.5596     251.0259    0.4593    -742.4467    -542.4994 -13.773 -8.412  762 
   54533.213700       0.0000       4.5241       0.0000       4.5241       nan       0.0000       0.0000  0.000  0.000  762 
   54534.352300   14434.6283     359.6641   18435.3762     370.1668    0.6053   -1246.7035   -1072.1038 -5.786 -6.535  762 
   54535.298300    3502.7023     315.8490    6382.5369     339.3343    0.2244   -4253.8540   -3149.8170 -32.728 -33.038  762 
   54536.149900    -774.5240     346.7910   -9605.9390     357.7020    0.1917    -710.4226    -604.8028 -7.535 -5.155  762 
   54537.401500    8597.5472     287.0320     525.2090     314.3872    0.0172     430.9142     326.0715  3.049  4.520  762 
   54538.182200    8352.1593     485.8353    6579.5806     491.4055    0.2119   -2227.3868   -2058.7505 -10.039 -9.921  762 
   54538.197200   12184.2535     415.2854   11121.4652     424.6395    0.4498    -441.6185    -386.4144 -1.919 -2.685  762 
   54590.205000    2585.4430     285.3485    1209.1141     312.7207    0.0262      36.0415      25.8294  0.044  0.384  762 
   54792.348600   12398.3160     290.0346    6718.1925     300.8619    0.2224    1607.2597    1335.0591 16.747 17.463  762 
   54792.505800   16664.7804     365.5316   13881.2858     369.2066    0.3809    2911.6326    2667.7146 25.166 25.238  762 
   54793.506900   35415.0673     354.9173   37309.8975     357.9042    0.7673   16945.4792   15635.8036 123.241 122.907  762 
   54794.486000   16802.3600     333.5064    8299.9819     361.1668    0.2114    1491.7054    1124.7298 14.549 14.429  762 
   54860.203100  -15866.3995     398.4874  -25864.9055     417.5694    0.5051     382.3243     313.0960  2.380  2.006  762 
   54861.126100  -18638.5431     395.5297  -24957.2782     408.4156    0.5005    1894.1681    1598.8738 11.476 11.979  762 
   54862.262500  -11437.4358     401.4081  -13179.8166     415.1477    0.6079    -286.8092    -242.7539 -0.806 -1.406  762 
   54912.158000   24489.9699     328.5644   22612.1766     331.6430    0.6797   14055.7542   12870.6905 103.503 101.887  762 
   54914.124500  149978.6030     841.9628  148369.2101     842.3822    0.7963  -35779.3541  -35574.6187 -54.637 -60.003  762 
   55126.484100   -6729.3226     361.1494  -11988.4524     378.1807    0.2515    1454.1525    1172.9284 11.511 11.367  762 
   55126.506900  -11722.3225     359.5863  -19724.8675     378.2944    0.4709    1573.1984    1265.3617 11.060 12.317  762 
   55208.301900   -1183.1956     314.3685  -10944.4303     343.5558    0.2017    2287.6819    1678.4455 19.629 19.326  762 
   55208.332500   -3950.0714     331.1020  -15440.4787     361.4075    0.3174    1177.4179     863.7104  9.363  9.324  762 
   55273.269300    6749.7620     354.8160    4367.9939     373.9057    0.2505     540.6577     425.8420  3.935  3.249  762 
   55536.296400   20151.0699     334.9934   13741.9153     355.7215    0.3880     531.7413     409.2289  4.451  4.032  762 
   55538.328200   11215.8958     291.7266    -923.9614     330.5336    0.0144     461.4119     310.8033  3.108  5.403  762 
   55540.341300   32246.1589     443.9796   31383.3646     452.4738    0.8485    -907.8484    -814.4453 -3.073 -3.858  762 
   55599.206500   -2691.0288     421.1038   -3742.6417     428.2633    0.1793     -31.1976     -28.1655  0.050 -0.139  762 
   55603.163800  -20518.1595     404.6219  -33330.5770     421.4096    0.4866     635.2191     523.3124  4.676  5.237  762 
   55679.251900   14048.7397     307.4902    8046.3772     337.4713    0.3094     571.2852     406.9992  5.459  5.487  762 
   55884.433200   14048.7397     307.4902    8046.3772     337.4713    0.3094     571.2852     406.9992  5.459  5.487  762 
   55889.434300   27063.3401     359.7054   28482.0266     377.4933    0.7043     954.3393     760.7348  8.329  6.752  762 
   55924.442100   -9949.9626     290.2319  -10493.7253     331.0994    0.3333     784.6620     531.7712 10.421 10.532  762 
   55925.373000   -2329.0096     332.0872   -1901.3044     356.9435    0.0415    1208.0208     904.7499 10.904 10.574  762 
   55926.306500  -14127.4896     297.0318  -11665.2871     334.4957    0.3919     771.1793     521.3084 11.196  9.232  762 
   55927.348900   -4680.9867     342.5186   -4294.2077     367.2381    0.1755     901.3410     672.8619  8.608  8.193  762 
   55969.114700    4555.2005     381.8892    6281.6056     392.9538    0.2873     826.7173     701.0549  7.128  4.914  762 
   56045.159200    2162.3103     402.6011    3124.2679     416.1686    0.1380     858.8458     712.1297  7.923  6.924  762 
   56215.477100   -3814.5210     391.4841  -10262.4280     409.2980    0.2858   -1790.9948   -1482.6350 -14.920 -13.107  762 
   56217.469400    8575.4028     595.2213    7571.2249     599.6711    0.2857   -3829.3946   -3627.5019 -13.870 -13.910  762 
   56301.275300  -11296.7249     428.8280  -13512.0642     440.6459    0.6931   -4449.2587   -3896.4202 -21.315 -21.411  762 
