   54116.301000    9810.3095     345.4939    9627.8081     345.7791    0.1164   -8611.2811   -8481.1285 -42.990 -27.205  762 
   54127.317100   -3074.4053     335.2646   -3305.8722     335.5673    0.3618   -1806.7859   -1765.8533 -11.566 -11.746  762 
   54127.352800   -1812.1887     327.5716   -1990.2294     327.8589    0.2632   -1429.9575   -1400.7232 -7.693 -8.457  762 
   54149.238000   -1700.0158     201.4795   -1782.6775     203.7095    0.6127   -1981.6204   -1795.3899 -12.641 -12.239  762 
   54149.257400    2887.0026     274.9869    2667.3901     275.4192    0.3947   -7363.6546   -7159.6775 -43.072 -29.476  762 
   54150.328600    -240.9589     189.4485    -168.1852     191.7016    0.2012   -1016.9669    -916.7104 -7.471 -7.559  762 
   54152.336000    -381.4874     171.9513    -977.4341     175.7117    0.2890   -1477.8274   -1290.2443 -13.457 -13.784  762 
   54152.342500     425.0233     179.9900    -372.3988     183.1332    0.1913   -1569.3537   -1393.9146 -13.177 -13.240  762 
   54156.154700    4216.3946     208.5505    4363.9073     210.7929    0.2758     -47.1424     -43.9801 -2.995 -0.866  762 
   54174.142000     -60.1390     160.2759    -689.0627     164.3401    0.1233    -149.3684    -130.7618 -2.554 -1.702  762 
   54174.149600     374.7689     149.1611    -309.5174     154.6594    0.0749    -228.7563    -198.5457 -2.257 -3.069  762 
   54176.305700    1616.7631     184.6129     925.2901     187.6232    0.0321    -740.2539    -659.7669 -6.190 -5.889  762 
   54179.173100    -321.3806     166.5017    -560.5613     170.5397    0.2614   -1051.4664    -909.0675 -9.897 -10.378  762 
   54201.218300    1433.9781     179.0892    1505.6799     181.7613    0.1536    -842.4518    -746.9322 -7.687 -6.989  762 
   54201.228100    2384.1850     205.7119    2357.9277     207.2095    0.1268   -1766.7606   -1635.3106 -11.353 -10.877  762 
   54201.243600    4092.2352     243.9976    3966.6674     244.8824    0.1641   -3133.1442   -2990.9215 -19.225 -14.388  762 
   54205.179300    1334.9025     142.4418     972.4766     148.2205    0.0326    -890.9028    -755.0608 -11.230 -12.818  762 
   54210.346400    1778.2961     169.3648    1595.8807     172.5536    0.2582      21.5993      18.9423 -0.619  0.217  762 
   54212.180600     843.6914     219.9592     396.8175     221.4313    0.0448     -21.1285     -19.6384 -1.198 -0.172  762 
   54213.208300    2697.5282     218.2430    2587.7349     219.7172    0.4259     607.4503     564.8691  7.308  6.939  762 
   54230.223800     852.9993     164.7131     768.7372     168.3771    0.0493    -518.6839    -450.4121 -6.517 -5.957  762 
   54231.221900    2836.5228     233.9023    2727.2514     234.9951    0.0235   -2707.5035   -2552.5294 -16.482 -15.200  762 
   54240.235600    1365.4639     192.3509    1352.9530     194.1076    0.0691    -942.9805    -861.1387 -10.852 -8.761  762 
   54260.157900    2462.8992     187.5579    2801.4625     189.7526    0.2731    -852.1159    -768.0865 -9.554 -9.680  762 
   54260.162700    3315.4890     174.0964    3567.3316     176.7163    0.3458    -593.6329    -529.2774 -7.351 -6.560  762 
   54260.175900    4117.5693     155.4039    3308.7934     159.7663    0.3289    -619.2774    -535.4654 -7.612 -7.992  762 
   54261.162600    1690.4235     199.2087    1959.2897     200.4863    0.1879    -505.0305    -466.7305 -5.818 -4.287  762 
   54261.174500    1141.5936     181.5645    1224.5945     183.9520    0.0736    -844.6634    -755.2196 -7.472 -8.316  762 
   54264.164600    2721.9950     163.2590    2645.0594     166.7021    0.3485    -716.0245    -631.8943 -9.099 -9.741  762 
   54264.180400    3296.3410     156.4596    2946.0988     159.7192    0.4728    -375.8384    -332.6404 -5.709 -4.998  762 
   54265.184200    -712.5301     203.3097    -698.8175     204.5225    0.1719    -665.7428    -618.9670 -4.856 -5.226  762 
   54265.195400     205.5950     183.3631     309.6296     185.0237    0.0053    -295.0126    -269.7898 -1.540 -2.817  762 
   54275.170700    4642.8038     331.8386    4600.7218     332.1315    0.2790   -1600.4812   -1558.6500 -11.822 -11.818  762 
   54275.178200    3451.8452     306.3483    3456.2379     306.7545    0.2226   -1207.3413   -1168.9840 -11.886 -10.393  762 
   54384.470800    -341.8422     216.2854    -750.2449     217.9707    0.2080    -836.5417    -771.0136 -5.888 -5.054  762 
   54384.481300   -1805.8582     200.4285   -2053.4335     202.5601    0.3952    -508.2746    -460.3140 -3.684 -3.507  762 
   54385.508300   -1166.0655     193.4884   -1730.3339     196.0989    0.2599      -2.8587      -2.5622  0.255 -0.028  762 
   54386.497100   -1586.4238     207.4617   -1836.6379     209.1833    0.4594    -980.3384    -900.6786 -7.553 -6.330  762 
   54386.502700   -2616.1300     213.0468   -2943.0508     214.6042    0.4798    -981.6226    -908.5476 -6.746 -6.209  762 
   54388.451200   -2307.5153     157.1974   -1814.4413     161.5758    0.2066    -323.2893    -277.1403 -5.301 -5.019  762 
   54533.213700   -4086.3202     279.1789   -3940.9322     280.9945    0.3275    1034.6944     958.4509  4.892  6.572  762 
   54534.352300   -4977.0476     295.6317   -5251.7144     297.3293    0.7947   -1402.6230   -1321.4787 -7.254 -7.270  762 
   54535.298300   -1474.0116     230.9782   -1330.6413     235.8421    0.4433   -1029.4004    -894.5634 -8.574 -9.294  762 
   54536.149900   -2700.1185     270.1151   -2462.9914     271.6300    0.4446   -1483.6366   -1379.9153 -12.036 -13.424  762 
   54537.401500   -3331.1979     199.1537   -3594.3845     206.4040    0.5431    -110.6997     -94.3748 -1.547 -1.620  762 
   54538.182200    -910.1988     408.9359    -944.7840     409.6515    0.5230   -3458.9688   -3346.3850 -16.078 -16.964  762 
   54538.197200   -2968.6583     347.4660   -3053.9033     348.7558    0.5971    -798.6607    -756.4343 -4.315 -5.273  762 
   54590.205000   -1307.0361     203.2030   -1501.0279     210.2890    0.3120    -259.3303    -219.6113 -3.482 -3.459  762 
   54792.348600       0.0000       3.0790       0.0000       3.0790       nan       0.0000       0.0000 -1.297  0.000  762 
   54792.505800       0.8607     328.4370      48.3117     328.7897    0.1059   -1690.3757   -1639.2069 -19.413 -15.775  762 
   54793.506900    2521.0477     329.1214    2399.8724     329.5192    0.1181    -982.1783    -954.0465 -8.314 -6.959  762 
   54794.486000   -1049.7711     252.1536    -930.4756     257.0563    0.2064    -420.3215    -368.5172 -4.348 -4.867  762 
   54860.203100   -1156.1144     305.3997    -986.8634     307.9012    0.4001   -2536.3801   -2321.9729 -15.200 -15.389  762 
   54861.126100   -2616.8644     317.0525   -2514.9476     318.5926    0.3910    -995.6637    -930.6093 -6.719 -7.102  762 
   54862.262500   -2030.3856     319.0848   -2378.0749     321.1726    0.5065   -2026.5345   -1889.4456 -13.883 -10.639  762 
   54912.158000    4446.9041     295.0284    4491.6324     295.3054    0.2420    -940.9129    -913.2863 -5.707 -7.146  762 
   54914.124500   30003.5815     742.3038   29857.2243     742.3566    0.6895  -48866.2969  -48790.5747 -200.166 -85.365  762 
   55126.484100   -3161.6251     281.1912   -3154.8873     283.6664    0.4928    -159.8204    -146.2331 -1.779 -1.422  762 
   55126.506900   -3768.3624     275.3890   -3483.9967     277.9794    0.5225     255.2133     233.1947  2.574  2.356  762 
   55208.301900    -922.0537     232.1126    -868.5500     236.9355    0.0517     667.5906     580.2070  6.482  6.442  762 
   55208.332500   -1079.7468     241.6588    -632.6638     246.7872    0.0967      13.3122      11.5201 -0.274  0.128  762 
   55273.269300    -406.1445     268.2318    -456.3742     271.4276    0.3003   -1056.1301    -948.8005 -7.466 -7.233  762 
   55536.296400   -2301.8826     257.9898   -2351.0806     261.4862    0.4956    -614.2836    -548.1801 -5.624 -5.440  762 
   55538.328200   -3461.3242     212.7175   -3203.5474     220.9552    0.6022    -200.3418    -167.9782 -2.867 -2.912  762 
   55540.341300     519.8400     372.7511     314.7519     373.9459    0.3613   -3148.3547   -3012.9073 -18.491 -13.987  762 
   55599.206500    -559.9765     349.1594    -704.0226     350.0832    0.3406   -2716.1971   -2606.9913 -14.541 -12.873  762 
   55603.163800    -147.7558     311.9194     -79.9891     314.0156    0.1294    -655.6249    -606.6596 -6.721 -6.798  762 
   55679.251900    1021.5784     232.5948     479.2348     238.4870    0.0153    -435.2660    -375.0642 -5.216 -4.791  762 
   55884.433200    1021.5784     232.5948     479.2348     238.4870    0.0153    -435.2660    -375.0642 -5.216 -4.791  762 
   55889.434300   -2741.4800     287.5519   -2935.4510     290.7132    0.2186    1683.7512    1525.5325 12.637 12.686  762 
   55924.442100     476.0720     204.8971    -301.5207     215.4452    0.0331     674.3845     566.2491 12.241 10.861  762 
   55925.373000    -345.0154     254.5007    -513.9467     258.9170    0.1900    1895.0810    1680.4209 17.748 17.766  762 
   55926.306500   -1615.0185     212.8771   -2032.7426     221.4881    0.1933    1046.0300     891.7365 15.158 14.364  762 
   55927.348900   -3052.7875     264.7223   -3028.3543     269.0024    0.3409    1482.9274    1313.6521 14.092 14.583  762 
   55969.114700   -3901.1375     310.5026   -4026.7277     312.2199    0.3574    1476.6871    1382.4898  8.557  9.293  762 
   56045.159200     732.9010     332.8871     440.3945     334.8717    0.2398    1698.2507    1581.4580 14.463 14.439  762 
   56215.477100   -4956.8003     269.2391   -5341.9686     274.4612    0.4678    1561.3440    1377.2762 17.856 17.560  762 
   56217.469400     551.0387     485.8331     392.0756     486.5989    0.1412     833.2098     809.4300 -2.610  3.484  762 
   56301.275300   -3765.3138     310.2512   -4141.6200     313.2393    0.2539    2693.1676    2464.7927 17.004 16.763  762 
