   54116.301000    4535.5211     396.5662    4165.7717     397.3427    0.0420   -4837.2671   -4731.8844 -15.784 -15.238  762 
   54127.317100     123.4826     357.4064    -183.1000     358.2833    0.0602    -878.9951    -845.7478 -4.777 -5.776  762 
   54127.352800   -1643.2154     351.9914   -1911.0498     352.8471    0.2290   -1820.9172   -1757.2468 -7.536 -10.893  762 
   54149.238000   -1300.7225     244.2250   -2025.5812     249.3718    0.3211   -1142.6305   -1004.5704 -7.525 -6.893  762 
   54149.257400    3537.8223     311.1730    2879.3580     312.3690    0.2751   -7206.7814   -6915.4451 -27.699 -28.684  762 
   54150.328600   -2379.5053     227.9402   -2378.3059     233.2444    0.4989   -2050.8311   -1775.6416 -14.970 -14.785  762 
   54152.336000   -4167.6112     210.1819   -5839.6609     218.5893    0.5421    -887.2215    -732.2437 -7.472 -7.973  762 
   54152.342500   -3713.3796     218.9542   -4786.1174     225.6794    0.4670   -1128.5445    -953.4129 -8.442 -9.230  762 
   54156.154700   11893.8752     232.2491   11207.4323     238.9927    0.3210    -292.8862    -262.2776 -8.235 -5.169  762 
   54174.142000     439.7877     193.6311   -1058.9043     203.3913    0.1020    -222.1551    -185.0948 -1.998 -2.462  762 
   54174.149600    2406.0683     180.7606     626.2434     193.6723    0.0448      35.1610      28.8768 -0.742  0.456  762 
   54176.305700   -1278.6566     223.8313   -1702.6331     230.1284    0.3158    -940.9213    -802.3130 -7.542 -7.289  762 
   54179.173100   -2003.8839     203.0747   -2796.1593     212.3416    0.3675    -502.4528    -411.8579 -5.243 -4.782  762 
   54201.218300   -3580.3383     217.9904   -3885.2409     224.3341    0.4833    -775.0422    -655.0548 -6.947 -6.129  762 
   54201.228100   -4347.4403     246.9700   -4412.9339     250.5592    0.6039   -1393.2571   -1251.0714 -7.710 -8.310  762 
   54201.243600   -1882.5926     288.2223   -2075.1380     290.4338    0.5089   -2234.0288   -2090.8881 -10.593 -10.143  762 
   54205.179300   -1370.2068     175.8147   -3659.9480     189.4211    0.3337    -740.1367    -580.4758 -9.958 -10.053  762 
   54210.346400   -3354.7010     204.8277   -3779.5138     212.3637    0.2159     610.1673     502.2608  7.251  5.785  762 
   54212.180600   -1311.1578     252.3222   -1659.0542     255.9976    0.2331    -753.0138    -673.8297 -6.264 -6.049  762 
   54213.208300   -2142.0366     247.2860   -2297.9339     251.5546    0.3772   -1258.1829   -1114.6180 -13.387 -13.864  762 
   54230.223800   -5929.2004     200.4827   -6555.6640     209.0984    0.5619    -414.6560    -336.4216 -4.713 -4.469  762 
   54231.221900   -4815.0351     273.2817   -5298.1083     276.2408    0.5899   -1714.4483   -1565.3942 -8.583 -9.422  762 
   54240.235600   -7708.5602     225.6425   -8391.1950     230.4434    0.5516   -1612.6785   -1395.9675 -13.823 -14.162  762 
   54260.157900   -4606.4046     220.9809   -4375.6448     227.0458    0.3810    -855.9194    -727.7412 -8.755 -9.145  762 
   54260.162700   -8551.4348     211.3590   -8833.3950     218.1511    0.5298    -374.7354    -313.0202 -4.994 -3.810  762 
   54260.175900   -7603.5407     191.2723   -7652.5283     200.8070    0.5353    -579.3675    -462.4933 -7.701 -6.972  762 
   54261.162600   -7806.7285     233.7377   -7360.6223     237.2360    0.4741    -475.9172    -420.8353 -4.568 -3.860  762 
   54261.174500   -5596.9487     216.2779   -6018.9601     222.3892    0.5700   -1217.5143   -1029.1768 -11.958 -11.278  762 
   54264.164600   -5161.3351     195.5098   -6151.8118     204.2661    0.4582    -473.0780    -386.8109 -3.931 -6.001  762 
   54264.180400   -4068.5768     188.3456   -4419.0369     196.2723    0.3929    -286.1901    -236.2529 -4.271 -3.609  762 
   54265.184200   -3737.2113     234.2861   -3978.1467     237.6298    0.4260    -581.9326    -519.9581 -2.564 -4.420  762 
   54265.195400   -5755.7261     214.7947   -6277.0771     219.3329    0.4841    -117.1401    -101.8243  0.921 -1.062  762 
   54275.170700   -7860.8649     356.2120   -8042.2428     357.2736    0.5237   -1137.0317   -1082.9620 -8.032 -8.216  762 
   54275.178200   -4925.9581     330.8844   -5039.2452     332.2850    0.4127   -1313.4869   -1237.6021 -11.039 -10.977  762 
   54384.470800     168.9415     255.7638    -787.0052     259.7560    0.1042    -666.0291    -598.4318 -3.056 -3.968  762 
   54384.481300    -237.9306     237.8543   -1840.0554     243.1618    0.1415    -329.9423    -288.9999 -0.814 -2.237  762 
   54385.508300     -76.7679     226.3555   -1544.2596     232.9476    0.0971      53.8157      46.1666  0.364  0.507  762 
   54386.497100     158.0686     245.0974    -740.8388     249.2366    0.0410     230.9179     206.2736  0.004  1.477  762 
   54386.502700   -1489.7703     249.7724   -2342.7052     253.5559    0.2374    -472.1992    -424.9763 -3.381 -2.976  762 
   54388.451200   11442.0586     185.1304    9103.9323     196.2081    0.2310    -491.3062    -402.0947 -12.437 -7.255  762 
   54533.213700   -4000.3109     330.8966   -4660.2496     335.5503    0.4154     113.4501     101.9477  0.632  0.703  762 
   54534.352300   -4278.9864     352.7326   -4799.8304     356.4578    0.5690   -1158.2246   -1067.6241 -6.444 -6.002  762 
   54535.298300   -1757.1505     284.6831   -1727.7698     295.3837    0.3128   -1289.8313   -1066.1159 -11.527 -11.174  762 
   54536.149900    1324.1044     309.2495     757.2782     313.5459    0.1241   -2675.8822   -2402.2847 -23.146 -23.167  762 
   54537.401500  -10216.8016     247.6397  -12635.9131     263.8067    0.5830    -702.8773    -555.1266 -10.826 -9.395  762 
   54538.182200   -2147.2586     460.4992   -2553.9932     462.5599    0.2922    -288.0161    -274.0129 -1.348 -1.392  762 
   54538.197200   -1031.2481     392.6653   -1561.6822     396.2427    0.2380    -382.3230    -352.2770 -1.799 -2.484  762 
   54590.205000   -7097.6889     251.4334   -8225.8859     267.1882    0.6113    -278.9480    -219.6947 -3.491 -3.449  762 
   54792.348600    5605.6294     259.7321    5186.0382     264.4686    0.1992   -1420.4848   -1271.2119 -17.061 -17.788  762 
   54792.505800   -2425.0163     349.0252   -2491.3081     350.3089    0.3927   -3368.8145   -3192.2691 -31.072 -30.822  762 
   54793.506900   -2828.4502     354.2862   -3325.4283     355.5992    0.7158  -16286.3567  -15504.4337 -115.977 -115.429  762 
   54794.486000    1150.4104     298.4078    1861.4461     310.1225    0.2164      71.6772      59.7867  1.658  0.792  762 
   54860.203100    2801.5772     362.2725    2768.1171     368.2731    0.2497    -683.5182    -609.2465 -4.032 -4.042  762 
   54861.126100    2532.2941     361.0988    2043.1427     365.3714    0.1201    -521.3912    -473.9581 -3.685 -3.668  762 
   54862.262500    1316.8964     376.4021    1018.4986     380.9988    0.0415    -620.8672    -566.8153 -2.848 -3.240  762 
   54912.158000    5219.1758     319.3239    5312.7239     320.2382    0.4265  -19307.7368  -18373.2944 -146.635 -143.087  762 
   54914.124500   53797.1229     854.4911   53852.0217     854.6591    0.3547  -37187.5241  -37120.7597 -52.327 -63.782  762 
   55126.484100    -504.1208     326.6833    -629.1457     332.9890    0.0964    -331.2426    -291.9831 -1.789 -2.852  762 
   55126.506900    -352.9521     320.6939    -262.7091     327.4042    0.0460    -130.6473    -114.9609 -0.544 -1.165  762 
   55208.301900    2613.2629     281.9431    3839.1978     292.1005    0.4816     458.9049     382.8648  2.596  4.281  762 
   55208.332500    2378.9421     292.4248    3187.3155     304.0510    0.3468    -553.6596    -458.1585 -6.168 -5.078  762 
   55273.269300   -3003.5007     326.5425   -3033.9258     333.7180    0.4033    -640.5824    -554.6521 -4.518 -4.240  762 
   55536.296400    2174.8099     303.6605    1752.3316     312.1758    0.1203    -327.1465    -280.5768 -3.574 -2.808  762 
   55538.328200    6143.9822     254.0272    4889.1463     272.6461    0.2682    -253.5013    -201.9962 -4.759 -3.509  762 
   55540.341300    1748.6342     431.9391    1197.9110     434.9631    0.1023   -2242.8710   -2109.8056 -10.619 -9.930  762 
   55599.206500    1863.3628     400.2672    1251.0356     402.7387    0.0552   -1998.3196   -1885.3278 -9.290 -9.414  762 
   55603.163800    1184.9747     353.9459    -137.2408     360.3862    0.0320    -439.3505    -390.1257 -4.407 -4.372  762 
   55679.251900   -5087.4526     283.7653   -5511.6969     296.7709    0.4937    -609.6363    -488.7001 -6.193 -6.272  762 
   55884.433200   -5087.4526     283.7653   -5511.6969     296.7709    0.4937    -609.6363    -488.7001 -6.193 -6.272  762 
   55889.434300     563.3583     339.2203     502.5110     346.4549    0.2293    1609.4306    1409.1299 12.325 11.886  762 
   55924.442100   -1524.4321     252.1839   -2582.5450     274.2215    0.1820     182.6737     142.8165  2.564  2.755  762 
   55925.373000    -151.5348     305.1465     412.3500     315.0547    0.1695    1101.8772     935.1076  8.994 10.053  762 
   55926.306500    4284.0502     256.8880    4895.6482     274.9158    0.3909     914.6807     743.6272 12.125 12.167  762 
   55927.348900     970.2331     313.0113    1059.2259     323.0897    0.1770     445.0978     376.7561  3.115  4.251  762 
   55969.114700    2016.4793     358.2847    1751.0439     362.4406    0.2910    1668.9659    1526.7966 11.233 10.432  762 
   56045.159200   -2103.1440     379.9423   -1979.7288     384.9095    0.0778    1295.7180    1161.7483 12.894 10.691  762 
   56215.477100    3339.0327     321.8055    1050.4728     333.8289    0.1592    2520.4320    2149.9882 25.664 25.922  762 
   56217.469400    1619.4932     551.1936    1063.6427     553.2323    0.3870    4346.0369    4174.4216 16.818 17.761  762 
   56301.275300   -1922.9600     375.2680   -2768.1460     381.5242    0.0402    3545.4482    3180.0769 21.206 21.087  762 
