   54116.301000    8026.1626     421.9731    7934.2041     422.3470    0.4019   -2754.3953   -2714.1916 -8.129 -8.741  762 
   54127.317100    5454.6377     358.0358    5834.4461     358.3839    0.3085    1130.8814    1103.5725 10.683  7.731  762 
   54127.352800    5862.2237     352.3986    6314.6266     352.7290    0.3435    1401.1544    1369.8923 14.554  8.798  762 
   54149.238000       0.0000       4.5576       0.0000       4.5576       nan       0.0000       0.0000  0.000  0.000  762 
   54149.257400       0.0000       6.3907       0.0000       6.3907       nan       0.0000       0.0000 -16.807  0.000  762 
   54150.328600   -2070.9337     230.8070   -1874.5327     233.2339    0.1056    1160.8185    1053.9414  8.366  8.990  762 
   54152.336000    1600.6711     211.9773    2159.0783     214.9422    0.1889    -311.3835    -276.5622 -0.646 -2.989  762 
   54152.342500    5363.1786     220.7885    5904.6863     223.1410    0.4075      50.1285      45.4443  3.898  0.435  762 
   54156.154700  -17685.4249     229.3736  -19621.7108     232.6841    0.3975    -975.7086    -860.3696 -14.039 -19.143  762 
   54174.142000    5223.8562     193.0890    7266.5035     196.1198    0.3437   -1685.0308   -1487.2354 -18.807 -20.862  762 
   54174.149600    3974.5333     179.5781    6055.7302     183.7566    0.2692   -1399.7864   -1205.1566 -19.682 -20.821  762 
   54176.305700    8519.1902     226.5736    8642.2789     228.9131    0.4875   -2147.7991   -1952.7848 -16.865 -17.429  762 
   54179.173100    2894.2928     203.5863    3841.3666     207.0824    0.3578       0.0000       0.0000 -12.879  0.000  762 
   54201.218300   -1696.5516     220.8505   -1894.3945     223.7498    0.4051   -1828.5588   -1639.7096 -14.918 -15.432  762 
   54201.228100   -5493.9246     258.0241   -6079.8196     259.8785    0.6998   -1277.7746   -1190.4981 -8.692 -7.758  762 
   54201.243600    -997.1761     302.6352    -967.1171     303.6958    0.2017    -450.9400    -431.6250 -2.779 -2.096  762 
   54205.179300   -2348.8464     176.7030     158.5609     180.8156    0.0334    -907.5380    -765.7254 -11.573 -13.677  762 
   54210.346400   10141.8904     200.2498   10414.0225     203.3816    0.7983   -1471.8234   -1306.1092 -16.854 -15.572  762 
   54212.180600   10725.7076     249.9698   11332.9379     251.3362    0.6127   -2153.9482   -2011.3030 -15.312 -18.517  762 
   54213.208300    2120.0034     246.4304    2485.3381     248.1534    0.1133   -1516.9836   -1400.2630 -17.952 -17.520  762 
   54230.223800    2111.0555     199.9178    1673.1983     203.7080    0.0680   -1224.3598   -1071.5630 -16.144 -14.120  762 
   54231.221900       0.0000       4.8995       0.0000       4.8995       nan       0.0000       0.0000  0.000  0.000  762 
   54240.235600    5586.6410     222.3135    5177.1573     224.4652    0.3097   -2035.7406   -1861.7396 -19.315 -19.312  762 
   54260.157900    4031.7824     213.5602    1685.3371     217.1975    0.0080   -1688.4300   -1519.3618 -26.669 -20.395  762 
   54260.162700    -145.0860     209.2088   -2678.2612     213.1259    0.2030   -1470.9816   -1310.9618 -24.637 -16.221  762 
   54260.175900    2963.6414     187.1440    2691.9406     191.3250    0.1533   -1337.8357   -1162.6852 -20.660 -17.794  762 
   54261.162600    3867.9329     226.8929    3074.1625     229.0841    0.0760   -2218.0969   -2039.4247 -23.858 -20.493  762 
   54261.174500    6184.4797     212.1157    5179.0979     215.1305    0.2297   -2548.8137   -2293.3779 -27.874 -25.984  762 
   54264.164600    4427.8794     189.6438    4333.2582     193.2934    0.3815   -1050.6419    -924.5827 -15.831 -14.941  762 
   54264.180400    6207.2830     187.3313    7098.4174     190.0908    0.4800    -998.9958    -893.1446 -15.753 -13.378  762 
   54265.184200    1990.4667     240.2883    2054.7546     241.7235    0.0700   -2961.5720   -2761.6316 -22.248 -22.739  762 
   54265.195400    3888.4845     215.8479    3809.1807     217.7893    0.1313   -2546.7189   -2336.8591 -25.768 -24.147  762 
   54275.170700   -2772.3391     354.9501   -3147.4187     355.5279    0.2550   -1545.6547   -1496.5341 -14.173 -11.462  762 
   54275.178200   -2564.8023     333.1581   -2985.3923     333.8792    0.2425   -1437.2106   -1383.1223 -13.591 -12.068  762 
   54384.470800    1391.4064     263.1752     954.7253     265.1108    0.1708   -2785.8353   -2581.0323 -20.519 -17.336  762 
   54384.481300     476.6590     240.6301     295.3263     242.9490    0.1671   -2443.9879   -2224.4559 -21.719 -17.806  762 
   54385.508300    1614.9624     224.7593    1803.8754     227.6390    0.0068   -2096.2233   -1869.2469 -26.743 -21.655  762 
   54386.497100    4423.2543     249.1867    4481.1845     251.0058    0.2119   -2666.2615   -2469.3311 -19.273 -18.065  762 
   54386.502700    6095.1060     252.3922    6271.0933     254.0340    0.3554   -2337.1142   -2176.9341 -18.751 -15.759  762 
   54388.451200  -10020.2447     186.5774  -12398.2135     192.1781    0.3328   -1119.8257    -926.4996 -30.833 -18.567  762 
   54533.213700       0.0000       4.4941       0.0000       4.4941       nan       0.0000       0.0000  0.000  0.000  762 
   54534.352300       0.0000       4.9611       0.0000       4.9611       nan       0.0000       0.0000  0.000  0.000  762 
   54535.298300       0.0000       3.5089       0.0000       3.5089       nan       0.0000       0.0000  0.000  0.000  762 
   54536.149900    1372.0325     310.3045    1459.9034     312.2293    0.4123    4660.8528    4322.2280 40.910 42.193  762 
   54537.401500       0.0000       2.6801       0.0000       2.6801       nan       0.0000       0.0000  0.000  0.000  762 
   54538.182200    7254.7093     472.2060    7262.0535     473.1353    0.7440    2235.1926    2163.8661 12.306 11.047  762 
   54538.197200    3400.2478     393.2707    3731.2511     394.8584    0.5442    2157.1196    2037.4532 15.874 14.929  762 
   54590.205000       0.0000       2.8555       0.0000       2.8555       nan       0.0000       0.0000  0.000  0.000  762 
   54792.348600   -6393.7122     252.5004   -6621.5307     254.8475    0.2260    3456.3944    3144.2160 49.602 48.053  762 
   54792.505800       0.0000       3.7459       0.0000       3.7459       nan       0.0000       0.0000  0.000  0.000  762 
   54793.506900       0.0000       4.1690       0.0000       4.1690       nan       0.0000       0.0000 -0.693  0.000  762 
   54794.486000       0.0000       3.1071       0.0000       3.1071       nan       0.0000       0.0000  0.000  0.000  762 
   54860.203100    1255.9547     376.1428     452.4994     379.1640    0.1025     696.3949     642.6606  5.511  4.259  762 
   54861.126100     768.3422     359.0384     414.5244     361.2773    0.1426    1530.2058    1421.2750 13.172 11.637  762 
   54862.262500       0.0000       4.9991       0.0000       4.9991       nan       0.0000       0.0000  0.000  0.000  762 
   54912.158000  -12613.0658       6.2879   -3139.5708     241.6557    0.2278   12617.0642   12828.4395 135.288 95.857  762 
   54914.124500   90234.4992     950.9563   89723.4296     951.2060    0.8524   -7515.1151   -7490.5884 -16.309 -12.790  762 
   55126.484100   -4830.9304     328.7921   -5210.3005     331.8868    0.2080    3093.8780    2827.1986 29.864 28.433  762 
   55126.506900   -5093.7528     321.7481   -5864.2914     325.2318    0.1965    3794.8680    3463.9553 37.016 36.461  762 
   55208.301900       0.0000       3.3995       0.0000       3.3995       nan       0.0000       0.0000  0.000  0.000  762 
   55208.332500       0.0000       3.4683       0.0000       3.4683       nan       0.0000       0.0000  0.000  0.000  762 
   55273.269300    1972.1551     337.9324    1635.9388     341.3042    0.2372     642.0597     585.6132  3.981  4.426  762 
   55536.296400   -2343.0033     304.4066   -2648.5241     308.4580    0.1870    1327.7855    1182.5887 13.345 12.331  762 
   55538.328200   -1697.8245     257.0999   -2826.3869     264.8569    0.1437    1023.9695     852.5145 14.834 15.089  762 
   55540.341300   13266.3207     442.6892   13371.2048     443.9710    0.8190    2629.8444    2523.3869 13.594 12.263  762 
   55599.206500    1807.8309     411.2825    1837.8296     412.4792    0.4003    2637.6397    2531.8963 16.371 12.967  762 
   55603.163800   -3772.9809     347.3875   -4006.6988     350.4082    0.1971    2178.7373    1987.8004 32.358 23.734  762 
   55679.251900   -6744.1226     285.2065   -8205.2432     291.4969    0.5757     -80.2833     -69.0705 -5.194 -0.883  762 
   55884.433200   -6744.1226     285.2065   -8205.2432     291.4969    0.5757     -80.2833     -69.0705 -5.194 -0.883  762 
   55889.434300    3799.8912     343.0687    3769.2455     346.2611    0.5407    1402.8484    1280.8389 13.030 11.056  762 
   55924.442100       0.0000       2.5702       0.0000       2.5702       nan       0.0000       0.0000  0.000  0.000  762 
   55925.373000   -5473.1804     308.7381   -5909.9445     313.3950    0.5854     577.5786     513.4000  5.422  5.703  762 
   55926.306500   -9859.9452     262.7342  -10229.3483     270.2601    0.7918     442.4584     373.5205  4.551  6.415  762 
   55927.348900   -9741.6722     316.5631  -10444.6748     321.5754    0.7750    1230.7212    1084.8312  9.785 12.599  762 
   55969.114700    5107.1544     361.1142    5378.8617     362.9230    0.5504    2032.2290    1909.3063 15.413 13.621  762 
   56045.159200    1621.9421     385.1075    1367.7179     387.3845    0.2862    1816.4756    1690.4322 14.366 15.322  762 
   56215.477100   -7036.6144     337.4948   -7474.1604     341.8140    0.6447   -1795.1786   -1611.3496 -18.670 -18.155  762 
   56217.469400    3059.6035     581.7425    2966.1192     582.6111    0.1436   -1386.0675   -1350.6801 -3.749 -5.628  762 
   56301.275300   -5701.7021     397.4597   -6009.3019     400.1281    0.8232   -5208.1014   -4858.4373 -32.112 -31.027  762 
