   54116.301000    2698.7401     351.0586    2658.9949     351.0925    0.1440   -1355.7826   -1349.3788 -5.174 -4.329  762 
   54127.317100    -977.4575     332.5909   -1024.3396     332.6272    0.2629   -1930.6963   -1915.2155 -13.941 -12.611  762 
   54127.352800    -586.5819     325.3165    -655.4695     325.3548    0.2364   -1959.7576   -1946.0000 -12.807 -11.655  762 
   54149.238000       7.8321     192.7313      14.7763     193.0319    0.1197    -616.8269    -593.9832 -4.086 -4.054  762 
   54149.257400    4393.9058     274.8227    4307.4599     274.8785    0.2017   -2399.7291   -2376.8275 -10.001 -9.777  762 
   54150.328600     199.1633     179.5602     177.2422     179.8916    0.0295     -35.0228     -33.5258 -0.978 -0.278  762 
   54152.336000      57.6847     160.7303      66.8012     161.2088    0.1262    -694.1350    -655.1251 -7.196 -6.913  762 
   54152.342500    -195.6608     169.9938    -236.2408     170.4041    0.1962    -817.4323    -778.5470 -7.013 -7.296  762 
   54156.154700   -1157.1151     197.1813   -1195.1495     197.4454    0.1971    -236.2810    -227.6550 -5.133 -4.590  762 
   54174.142000     232.2458     148.3959     213.5640     148.9308    0.0210    -136.9147    -128.5876 -2.452 -1.666  762 
   54174.149600     -82.4316     137.0949    -112.6190     137.7990    0.0519     -98.0315     -91.1144 -1.871 -1.413  762 
   54176.305700    -468.2717     175.2838    -463.6222     175.6547    0.2262    -714.1922    -681.9945 -6.562 -6.012  762 
   54179.173100     -31.4110     154.6306       7.8467     155.1716    0.1294    -591.7774    -553.6578 -6.220 -6.297  762 
   54201.218300     247.6143     167.9042     257.5094     168.2844    0.0753    -597.9375    -568.1629 -4.707 -5.354  762 
   54201.228100     922.8613     198.4627     932.2112     198.6603    0.0217    -835.9229    -811.8571 -5.002 -5.421  762 
   54201.243600     -63.2496     241.9535     -93.6938     242.0712    0.1056    -531.0252    -521.9556 -2.821 -2.518  762 
   54205.179300     526.2810     130.0896     432.0783     130.8809    0.0383    -625.1239    -575.5213 -9.465 -9.690  762 
   54210.346400    1257.9611     156.6548    1249.3694     157.0612    0.3289     764.1325     723.0079  8.211  8.355  762 
   54212.180600     932.4681     211.7471     885.4053     211.9373    0.1727      67.9958      66.0652  0.898  0.573  762 
   54213.208300     369.0950     209.3137     358.9042     209.4869    0.0541    -737.5946    -715.0745 -8.255 -8.745  762 
   54230.223800     492.6812     152.0482     507.5071     152.5193    0.0054    -512.6518    -482.1173 -6.627 -6.366  762 
   54231.221900    2065.2125     228.2468    2036.7125     228.3813    0.1298   -1104.8936   -1081.7146 -6.610 -6.454  762 
   54240.235600    1604.6063     181.3312    1605.5327     181.5553    0.2311    -209.7327    -202.2130 -1.668 -2.082  762 
   54260.157900     475.9695     174.3601     474.6186     174.6631    0.0798     -75.5736     -72.2436 -1.508 -0.930  762 
   54260.162700     969.8986     161.1142     962.7398     161.4907    0.1550    -210.4609    -200.1093 -3.440 -2.526  762 
   54260.175900     658.4578     143.0327     621.7367     143.5575    0.0648    -327.1611    -306.6384 -2.777 -4.572  762 
   54261.162600    1192.7585     187.2310    1203.9590     187.4208    0.1704    -187.3123    -181.4874 -3.296 -1.715  762 
   54261.174500     428.1534     169.0786     415.0771     169.3918    0.0141    -518.9360    -495.1021 -5.349 -5.531  762 
   54264.164600     102.4161     151.0234      82.0090     151.4297    0.0070     -53.1257     -50.1695  0.058 -0.780  762 
   54264.180400      -2.2312     146.1954     -63.9788     146.6418    0.0299     -89.9738     -85.0069  0.039 -1.258  762 
   54265.184200    1572.7270     195.4847    1526.8041     195.6471    0.2281      99.5878      96.8430  2.317  0.812  762 
   54265.195400    1770.8434     173.2712    1712.8639     173.4973    0.2895     206.0210     198.4982  3.096  2.077  762 
   54275.170700    -578.7534     325.9687    -596.0001     326.0109    0.0275     876.2143     866.9590  5.789  6.631  762 
   54275.178200     738.5895     300.3243     710.7977     300.3778    0.0665     -40.1094     -39.5832 -0.214 -0.353  762 
   54384.470800     963.1087     207.8072     916.5444     208.0289    0.2931     998.3436     968.8720  6.223  6.383  762 
   54384.481300    -168.4119     190.1909    -172.8309     190.4741    0.1056     806.5475     776.0645  6.179  5.939  762 
   54385.508300    -252.0741     181.0879    -243.5403     181.4170    0.0392     447.5437     427.4152  4.275  4.656  762 
   54386.497100    -345.5602     198.7019    -341.2325     198.9328    0.1305    1061.3075    1028.0264  6.829  7.241  762 
   54386.502700    -796.3956     205.0698    -806.9090     205.2778    0.0554    1136.2700    1103.8980  6.374  7.537  762 
   54388.451200    -157.4832     140.1894     -75.6681     140.6764    0.0841     559.3865     522.4298  9.448  9.733  762 
   54533.213700    -452.4830     268.0858    -427.3200     268.3331    0.1512    -383.8362    -373.0862 -3.823 -2.576  762 
   54534.352300    -173.3852     289.0576    -226.5963     289.2570    0.3880   -1472.6630   -1442.8628 -7.853 -7.934  762 
   54535.298300     676.3281     213.5768     667.9089     214.2777    0.0552    -916.1690    -860.6065 -9.325 -8.993  762 
   54536.149900    -226.1048     255.9754    -190.6958     256.1867    0.1179    -534.6412    -518.9431 -5.042 -5.136  762 
   54537.401500     122.6424     178.2250     121.6359     179.1339    0.0269    -232.0822    -215.0746 -3.715 -3.796  762 
   54538.182200     574.6346     402.7468     538.5648     402.8401    0.0616    -951.1300    -939.9011 -4.784 -4.811  762 
   54538.197200     -17.5358     336.3706     -37.2763     336.5401    0.0866    -523.0044    -512.2047 -3.830 -3.603  762 
   54590.205000     -45.9867     184.3065       5.1267     185.1497    0.1368    -514.8652    -476.0766 -7.438 -7.581  762 
   54792.348600   -1013.3515     221.1612   -1069.7620     221.3520    0.1218     155.0598     150.2034  2.473  2.122  762 
   54792.505800    -695.4658     321.6229    -740.3727     321.6748    0.0772    -247.0486    -243.8783 -3.667 -2.362  762 
   54793.506900     976.4005     323.9907     888.4535     324.0551    0.2950    3099.2390    3059.8877 23.213 22.423  762 
   54794.486000     402.7798     233.3481     335.9188     234.0160    0.0250    -233.2890    -219.2735 -2.587 -2.923  762 
   54860.203100    2348.1201     292.2151    2351.0625     292.5491    0.3499    -513.1680    -496.3229 -2.637 -3.312  762 
   54861.126100     754.6246     303.1093     754.0265     303.3124    0.0896    -218.8507    -213.3521 -2.754 -1.650  762 
   54862.262500     735.8217     309.6908     702.7874     309.9555    0.0232    -819.4761    -799.1130 -4.410 -4.526  762 
   54912.158000    1130.7958     290.7858    1080.7693     290.8261    0.2869    3091.6645    3056.4559 25.955 23.819  762 
   54914.124500   20630.3781     768.0530   20531.4206     768.0817    0.7878    -792.7963    -792.2262 -2.226 -1.378  762 
   55126.484100     155.4514     264.8409     132.3427     265.1801    0.0639     176.7668     170.5648  2.643  1.667  762 
   55126.506900    -212.2269     259.0290    -222.9522     259.4072    0.0027     219.6897     211.3099  2.401  2.155  762 
   55208.301900    -195.1247     214.1664    -195.6600     214.8464    0.1377     836.2377     786.9944  7.327  8.753  762 
   55208.332500     -83.2912     223.8095     -62.6442     224.5373    0.1017     518.6320     485.6242  5.089  5.419  762 
   55273.269300    1536.3950     254.0100    1538.9478     254.4460    0.2891    -266.5363    -255.8299 -2.197 -1.955  762 
   55536.296400    -659.3929     240.8617    -685.3721     241.3544    0.1830    -148.2010    -141.3415 -0.742 -1.415  762 
   55538.328200    -163.5919     191.6843    -146.2760     192.6251    0.0566     -79.8236     -73.5248 -1.577 -1.281  762 
   55540.341300     745.3758     368.2324     698.7452     368.3867    0.0982     -77.4792     -76.2711 -0.001 -0.356  762 
   55599.206500    -131.8233     343.7005    -165.4785     343.8146    0.0499     575.0365     566.9409  2.032  2.820  762 
   55603.163800     743.8363     294.1980     760.6529     294.4502    0.1024    -191.4540    -185.3365 -1.421 -2.119  762 
   55679.251900     356.5835     214.9303     302.7055     215.6816    0.1131     223.6510     209.4437  1.566  2.670  762 
   55884.433200     356.5835     214.9303     302.7055     215.6816    0.1131     223.6510     209.4437  1.566  2.670  762 
   55889.434300    -126.2960     273.1501    -138.6460     273.5848    0.1105    -448.2141    -431.0699 -3.430 -3.588  762 
   55924.442100      48.9878     186.6919      43.1678     187.8559    0.0766    -387.3303    -355.1050 -5.898 -6.836  762 
   55925.373000    -822.8599     239.4402    -839.2521     240.0714    0.1964      67.9247      64.3576  1.313  0.680  762 
   55926.306500    -136.4024     194.4289    -190.0861     195.5026    0.0349      68.2251      63.0414  0.569  1.016  762 
   55927.348900    -204.4025     247.7190    -222.0342     248.3148    0.1129    -271.2014    -257.0904 -2.431 -2.853  762 
   55969.114700      36.8321     298.9654      28.3586     299.1845    0.1068     552.2280     539.2466  3.863  3.645  762 
   56045.159200    1071.3226     320.0340    1059.6861     320.2708    0.3072     683.7299     665.2646  6.813  6.058  762 
   56215.477100   -1117.4091     246.7407   -1171.8745     247.4295    0.3743    -779.6035    -737.5641 -9.261 -9.646  762 
   56217.469400   -1065.9936     482.8743   -1093.9120     482.9774    0.2956   -1178.1240   -1165.8552 -5.855 -5.071  762 
   56301.275300   -1508.4847     296.0427   -1563.7899     296.4869    0.4838    -976.3019    -943.1057 -6.051 -6.534  762 
