   54116.301000   -2200.9063     365.3559   -2353.2107     365.6407    0.5784   -5167.9476   -5107.0957 -17.434 -16.378  762 
   54127.317100   -2888.1477     340.4621   -2995.9501     340.6837    0.3570   -1696.0752   -1668.6218 -10.237 -11.093  762 
   54127.352800   -2381.5504     333.7028   -2547.0950     333.9174    0.2634    -974.5451    -960.6523 -5.398 -5.805  762 
   54149.238000   -4782.8718     210.1329   -4635.8973     211.7322    0.6036    -396.7786    -369.8645 -2.434 -2.517  762 
   54149.257400   -3570.1726     286.2934   -3664.0218     286.6341    0.4689   -1643.8809   -1610.4519 -6.900 -6.632  762 
   54150.328600   -2737.7323     195.5012   -2575.4568     197.2274    0.3865    -418.1428    -387.9176 -2.633 -3.190  762 
   54152.336000   -1743.8209     176.6957   -2014.4828     179.6725    0.3141    -830.2344    -751.0620 -7.267 -7.943  762 
   54152.342500   -2744.7813     185.9045   -3088.7490     188.3080    0.3956    -791.2553    -725.4838 -8.227 -6.833  762 
   54156.154700    4908.3088     210.1833    5356.0238     211.9866    0.3634     495.3740     466.0027  9.364  9.072  762 
   54174.142000   -3751.5896     164.2234   -4136.0914     167.6337    0.5706     -70.8014     -63.6548 -1.116 -0.823  762 
   54174.149600   -2485.0353     152.4377   -3100.1920     157.1332    0.4008     -86.5256     -76.9725 -1.633 -1.181  762 
   54176.305700   -4861.6603     191.8521   -5313.7557     194.2097    0.5548    -569.3811    -522.4280 -5.372 -4.625  762 
   54179.173100   -4084.7217     171.2773   -4215.7326     174.6237    0.6838    -274.4798    -244.7056 -3.557 -2.773  762 
   54201.218300     559.5532     183.8438     931.5016     185.7926    0.1343    -199.9323    -183.1325 -2.653 -1.706  762 
   54201.228100    -270.1548     213.7375     -39.4748     214.7685    0.0546    -328.0595    -310.4808 -2.932 -2.061  762 
   54201.243600    2494.5584     255.7796    2444.9362     256.4492    0.1854   -1324.7700   -1281.7471 -6.661 -6.167  762 
   54205.179300    1428.0290     144.8005     805.0151     149.8390    0.0559    -515.6020    -449.0979 -6.579 -7.528  762 
   54210.346400     308.2630     172.6811     225.8247     175.2216    0.1651    1113.6433    1005.4178 12.152 11.449  762 
   54212.180600   -2038.0268     225.1528   -2325.6551     226.3301    0.1530    1042.8759     985.4685  8.793  8.578  762 
   54213.208300    -680.2082     221.4263    -803.5124     222.7019    0.0680    1439.0511    1355.9536 16.060 16.506  762 
   54230.223800     727.0489     167.5709     795.3612     170.4638    0.0761    -205.0458    -183.3933 -2.691 -2.400  762 
   54231.221900    1188.9182     242.3584    1056.9960     243.1872    0.1197     -71.2591     -68.1438  0.115 -0.406  762 
   54240.235600    2096.5682     195.4016    2296.1537     196.7121    0.2269     -63.2859     -59.0223  1.045 -0.598  762 
   54260.157900    3300.6859     189.3661    3782.8776     191.1157    0.4368     375.8323     346.6443  2.389  4.348  762 
   54260.162700    4185.5891     176.4540    4661.6904     178.4266    0.4460     187.0065     171.0619  2.560  2.106  762 
   54260.175900    3983.3912     157.6205    3913.6614     160.9677    0.4313     244.7787     218.1579  3.092  3.219  762 
   54261.162600    2490.5228     202.2847    2925.7496     203.2005    0.3858    1048.3333     988.5517  8.024  9.088  762 
   54261.174500    1816.2739     184.2349    2199.8585     185.9932    0.2860     410.3102     376.6143  4.231  4.123  762 
   54264.164600    2758.8760     165.2286    2774.4343     168.0252    0.3080    -245.1690    -221.3688 -2.198 -3.377  762 
   54264.180400    3420.7945     158.6097    2920.5718     161.3888    0.3203      50.3791      45.6825  1.064  0.677  762 
   54265.184200    2745.1214     207.1329    2587.3708     208.0842    0.3357     979.5363     926.5958  8.031  7.776  762 
   54265.195400    3235.2168     185.9006    3331.5791     187.1719    0.3921     630.8000     589.5588  7.444  6.118  762 
   54275.170700     328.6174     335.8287     334.3944     336.0699    0.0295     -20.3417     -19.9220 -0.570 -0.151  762 
   54275.178200    -619.5884     310.1004    -588.2239     310.4324    0.0306     239.9564     233.7679 -0.084  2.069  762 
   54384.470800   -6775.4878     224.9087   -6749.6611     226.1257    0.5775     640.3391     603.8681  3.168  3.959  762 
   54384.481300   -6454.5724     207.3814   -6276.8794     208.9140    0.5793     563.2298     523.4993  2.687  3.982  762 
   54385.508300   -5273.7304     197.3819   -5099.7731     199.3557    0.4194     894.7332     822.0607  6.591  8.869  762 
   54386.497100   -6875.1549     215.2591   -6753.1576     216.5123    0.6057     611.8852     575.1611  4.260  4.041  762 
   54386.502700   -7247.3413     220.9233   -7242.9208     222.0911    0.6570     197.0898     186.1569 -0.240  1.272  762 
   54388.451200   -1400.6030     158.5779   -1079.6281     162.3079    0.0780      71.0260      62.2765  0.835  1.117  762 
   54533.213700   -7128.6040     289.2614   -6842.8464     290.5812    0.5054     684.7652     648.6374  3.811  4.446  762 
   54534.352300   -6618.9127     310.4744   -6925.1221     311.8038    0.6180   -2290.1214   -2199.0225 -12.463 -12.114  762 
   54535.298300   -1536.3966     236.4709    -941.5321     240.0054    0.1372    -753.0178    -683.1691 -7.827 -7.074  762 
   54536.149900    -874.6700     273.8027    -567.6841     274.9323    0.1070    -939.8789    -890.7691 -8.357 -8.630  762 
   54537.401500   -2230.3244     200.9396   -2160.8335     206.8212    0.1604    -285.8649    -252.7778 -6.882 -4.294  762 
   54538.182200   -5764.5241     422.3603   -5822.6653     422.9387    0.5622   -2325.9067   -2269.8480 -11.040 -11.511  762 
   54538.197200   -5748.9665     356.0777   -5731.7702     357.0356    0.4933   -1510.8836   -1452.7794 -11.320 -10.135  762 
   54590.205000   -1682.9960     206.3239   -1328.7112     211.9619    0.1751    -532.0857    -467.1305 -8.985 -7.277  762 
   54792.348600   -2106.4824     236.4821   -2218.1065     237.8199    0.1225    -294.8676    -276.5342 -4.071 -3.814  762 
   54792.505800     -57.3495     331.5342    -154.0064     331.8446    0.0474    -862.3635    -839.9408 -9.008 -8.039  762 
   54793.506900    -360.7790     333.8360    -338.9481     334.1473    0.0010     367.0195     358.3302  1.685  2.602  762 
   54794.486000   -2191.4782     256.7262   -2110.4225     260.7849    0.1210    -173.0173    -155.3154 -1.275 -2.034  762 
   54860.203100   10393.5244     313.1681   10635.2931     314.7346    0.5287   -1381.3056   -1299.8316 -8.378 -8.591  762 
   54861.126100   10270.9508     321.1949   10435.4382     322.1326    0.5158   -1152.5862   -1099.5081 -7.625 -8.397  762 
   54862.262500   10284.7943     329.7233   10164.4931     330.9633    0.5005   -2207.0246   -2104.2634 -12.205 -11.868  762 
   54912.158000    4280.2073     298.9028    4464.8667     299.0845    0.2352    -202.2092    -197.8028 -0.912 -1.539  762 
   54914.124500   46646.8800     788.3884   46478.0966     788.5029    0.4452  -34567.6124  -34522.7414 -70.008 -59.938  762 
   55126.484100   -5285.2529     287.0637   -5253.3009     289.0343    0.6911    -172.6388    -161.0243 -2.793 -1.558  762 
   55126.506900   -4801.2221     280.8952   -4748.8114     283.0546    0.6025       6.3774       5.9368 -0.644  0.060  762 
   55208.301900   -3302.0013     238.4298   -3320.7249     242.3317    0.4647     357.0283     319.6110  1.167  3.525  762 
   55208.332500   -2932.4264     248.2347   -2753.3768     252.4700    0.4201    -174.5680    -155.5815 -3.001 -1.714  762 
   55273.269300   -2821.6630     278.6482   -3078.5450     281.1874    0.4207    -556.7828    -513.5393 -4.364 -3.901  762 
   55536.296400   -3506.6771     263.5969   -3282.8879     266.2380    0.3764    -735.9798    -674.3262 -6.482 -6.664  762 
   55538.328200   -4209.3785     216.5445   -3944.7511     223.4827    0.3391    -346.4803    -298.7893 -6.789 -5.101  762 
   55540.341300   -2155.1918     389.2820   -2190.2575     390.1295    0.4031   -1861.4707   -1805.7288 -9.953 -8.397  762 
   55599.206500   -5781.2604     363.4699   -5890.7396     364.2092    0.5768   -1862.4336   -1807.5501 -8.912 -8.944  762 
   55603.163800   -3075.6958     316.4482   -2915.0219     318.1490    0.2987    -957.0142    -898.9028 -11.433 -10.037  762 
   55679.251900   -2031.3207     237.8188   -2104.6006     242.4643    0.1829    -775.4396    -690.7106 -9.458 -8.727  762 
   55884.433200   -2031.3207     237.8188   -2104.6006     242.4643    0.1829    -775.4396    -690.7106 -9.458 -8.727  762 
   55889.434300   -2356.2446     295.4039   -2308.0239     297.7065    0.2692     812.0305     755.4172  5.081  6.264  762 
   55924.442100    -980.5831     209.1574   -1094.3568     217.8037    0.1119     412.0485     356.2606  6.279  6.712  762 
   55925.373000   -1409.6937     260.9941   -1346.3446     264.4329    0.1153     806.9579     736.3247  6.753  7.735  762 
   55926.306500   -1117.1665     216.6969   -1410.0741     223.8375    0.1291     616.0089     540.1444  6.600  8.601  762 
   55927.348900    -586.0036     269.4489    -612.8966     272.8629    0.0133     755.5807     688.3016  5.585  7.585  762 
   55969.114700   -2727.7528     319.5806   -2788.9381     320.8008    0.2332    1092.0986    1041.6833  5.852  7.003  762 
   56045.159200   -5734.0657     340.7971   -5839.2707     342.3917    0.3715     761.1184     720.3067  6.565  6.530  762 
   56215.477100   -8800.9293     275.1982   -9248.1942     279.6548    0.5239     629.3146     568.1407  4.745  7.161  762 
   56217.469400   -8926.9163     505.9963   -9070.9144     506.6371    0.6446    -665.8441    -651.5220 -2.060 -2.803  762 
   56301.275300   -2619.3649     321.9369   -2762.7577     324.0472    0.2452    1179.8739    1108.8172  6.934  7.517  762 
