   54116.301000    8387.7102     415.1524    8143.7913     415.5211    0.2696   -5009.1259   -4925.0974 -15.504 -15.867  762 
   54127.317100    -327.8662     358.2872    -496.5755     358.5226    0.0475    -147.5681    -144.2633 -2.260 -0.993  762 
   54127.352800   -1588.4972     355.1482   -1768.9202     355.4350    0.0890     499.8561     488.7782  2.091  3.047  762 
   54149.238000    1618.0350     247.3328    1490.0283     248.3042    0.0891    -993.6407    -928.6186 -6.926 -6.378  762 
   54149.257400    8973.5611     320.2594    8680.7429     320.6184    0.2942   -5204.6054   -5071.3155 -20.855 -21.085  762 
   54150.328600   -6087.9574     228.4918   -5962.1214     229.4845    0.7195   -1301.1185   -1207.6148 -10.842 -10.013  762 
   54152.336000   -2972.6312     205.0252   -3377.2856     206.4739    0.4145    -798.5947    -728.0876 -8.865 -7.985  762 
   54152.342500   -3391.8407     215.8711   -4011.0032     217.1908    0.4014   -1038.1863    -953.7466 -9.269 -9.316  762 
   54156.154700    -395.3133     226.4432     -57.2524     227.1876    0.0174     336.3121     318.5701  5.379  6.121  762 
   54174.142000   -4151.3360     188.6254   -4373.5675     190.3080    0.5680    -263.7079    -240.2554 -3.004 -3.204  762 
   54174.149600   -4461.4089     176.0795   -4611.3311     178.1471    0.5926    -218.4907    -197.4716 -2.363 -3.102  762 
   54176.305700    -795.0494     221.7568   -1065.3403     222.9339    0.1557    -332.3174    -306.2059 -4.479 -2.806  762 
   54179.173100   -2039.7346     197.7458   -2061.4874     199.2648    0.4454    -818.3303    -742.3922 -9.142 -8.643  762 
   54201.218300    3867.0797     214.3664    3967.4859     215.3520    0.3741   -1191.2708   -1100.9362 -10.649 -10.247  762 
   54201.228100    4058.2101     249.5915    4053.0125     250.3266    0.2534   -2218.3463   -2098.2002 -14.797 -13.935  762 
   54201.243600    4525.6817     297.6895    4427.2497     298.2940    0.1414   -3624.7205   -3486.9080 -17.137 -16.902  762 
   54205.179300    2945.2280     164.8817    2601.0040     167.0523    0.3182    -467.7309    -420.0494 -8.021 -7.314  762 
   54210.346400    1615.2803     197.9115    1545.9302     199.1177    0.3269    1597.5240    1461.7038 16.808 16.693  762 
   54212.180600    -729.6770     249.3605   -1032.6380     250.0643    0.0526    1646.7444    1555.7043 13.097 14.028  762 
   54213.208300     204.6138     238.6786     226.7486     239.3176    0.2105    1384.7107    1309.0425 15.037 16.321  762 
   54230.223800   -1497.0334     191.1168   -1528.3968     192.4753    0.2518    -314.0911    -285.8776 -3.497 -3.803  762 
   54231.221900     650.0394     277.3153     511.3661     277.9937    0.0480    -919.8073    -875.4089 -5.139 -5.261  762 
   54240.235600   -2401.9862     220.5591   -2358.7100     221.3247    0.2027     456.2221     426.6072  2.756  4.285  762 
   54260.157900    1066.7014     213.5562    1394.4935     214.3700    0.1243    -153.9601    -143.2367 -1.710 -1.765  762 
   54260.162700    1750.3140     202.9557    2157.2060     203.8604    0.1981      25.7778      23.8479 -0.743  0.286  762 
   54260.175900   -1642.4720     180.2898   -1577.5746     181.7307    0.2140     136.0810     123.3053  0.234  1.856  762 
   54261.162600    7789.6071     230.8758    7811.6781     231.4229    0.5546    -291.7732    -276.1926 -2.431 -2.469  762 
   54261.174500    4363.0871     209.6148    4434.8669     210.4904    0.4586     348.7861     323.0841  3.482  3.495  762 
   54264.164600    3684.1417     184.3372    3898.1723     185.4593    0.4221    -163.1394    -150.0032 -2.068 -2.305  762 
   54264.180400    2602.8868     177.0166    2396.0436     178.3241    0.3317     133.2446     122.4522  2.148  1.893  762 
   54265.184200    3425.4395     230.3548    3219.2049     230.9757    0.3292     444.6727     420.5864  4.227  3.606  762 
   54265.195400    4170.7065     208.4407    3989.8575     209.1567    0.3422     584.4146     547.6644  5.138  5.711  762 
   54275.170700     -89.0096     355.4401    -123.7384     355.6405    0.0592    -755.7695    -737.7417 -3.582 -5.564  762 
   54275.178200    -793.9227     327.2038    -837.1744     327.4444    0.0649     -26.0305     -25.2886 -3.046 -0.224  762 
   54384.470800    5444.1764     259.1231    5243.1155     259.8933    0.4423   -1191.0254   -1125.0365 -8.335 -7.441  762 
   54384.481300    4163.3265     238.8378    3901.7232     239.8043    0.3925    -632.9660    -590.9379 -6.020 -4.553  762 
   54385.508300   -2372.7694     222.4489   -2529.3666     223.5098    0.4676    -768.1084    -710.7396 -8.223 -7.761  762 
   54386.497100   -6939.1938     249.4936   -7109.0647     250.3808    0.7442    -941.9075    -883.8654 -6.602 -6.320  762 
   54386.502700   -8270.4443     254.2159   -8551.2962     255.0878    0.7683   -1422.2054   -1339.1233 -9.415 -9.384  762 
   54388.451200    1296.5908     178.8669    1770.7523     180.1531    0.1331    -306.7525    -279.1189 -4.510 -4.895  762 
   54533.213700     862.3780     334.5110     741.9998     335.4265    0.1874   -2299.9197   -2176.7069 -14.198 -14.948  762 
   54534.352300   -5702.2715     364.1082   -5950.2598     365.1846    0.7208    -660.6661    -629.8123 -4.015 -3.547  762 
   54535.298300   -2311.0120     280.2080   -2344.1938     282.0453    0.4415    -243.5917    -222.0229 -1.973 -2.312  762 
   54536.149900   -4099.6135     307.7302   -3915.1169     308.3764    0.4913   -2201.4814   -2085.2542 -20.227 -19.832  762 
   54537.401500    1482.4540     233.3563    1702.6559     235.4397    0.1123    -919.3517    -835.6664 -14.657 -13.739  762 
   54538.182200    7615.2240     471.2742    7510.6149     471.8109    0.4919   -2906.6131   -2824.4202 -13.358 -14.265  762 
   54538.197200    3755.9461     395.7069    3726.0557     396.3550    0.2440   -2019.3387   -1935.8677 -14.298 -13.543  762 
   54590.205000    3753.2721     236.4851    4025.8935     238.5761    0.4602    -435.4896    -393.8710 -7.192 -6.115  762 
   54792.348600    2863.4456     253.9256    2810.3846     254.5679    0.1770   -1040.3967    -983.5230 -12.842 -13.497  762 
   54792.505800    3669.8059     345.3790    3591.2762     345.5700    0.1030   -2067.1865   -2014.8741 -19.519 -19.334  762 
   54793.506900    -720.9723     353.5917    -838.6135     353.8273    0.4885   -8250.4436   -8043.4438 -58.841 -59.555  762 
   54794.486000   -2310.8373     290.3897   -2217.5324     292.1916    0.2345      44.4297      40.5551  2.565  0.532  762 
   54860.203100    3668.4003     367.4594    3486.4467     368.6483    0.3627    -635.0269    -596.6893 -3.655 -3.943  762 
   54861.126100    1425.3926     364.5350    1268.8756     365.3416    0.0716    -703.5222    -668.1135 -5.390 -5.105  762 
   54862.262500   -1834.6960     388.3998   -2338.2046     389.6188    0.3071    -954.2237    -904.1661 -5.325 -5.140  762 
   54912.158000    6499.9037     316.0579    6518.0700     316.2075    0.2015  -11027.4820  -10756.4997 -85.184 -84.344  762 
   54914.124500   81740.6636     896.2710   81520.0527     896.4019    0.9345  -13514.5851  -13482.4770 -27.391 -23.246  762 
   55126.484100   -5171.5713     324.3717   -5310.5961     325.6041    0.5663    -359.4545    -335.7907 -4.324 -3.262  762 
   55126.506900   -6068.3933     318.1493   -6099.9515     319.3984    0.6530     134.0888     125.3713 -0.012  1.259  762 
   55208.301900   -4568.0989     277.9463   -4680.2522     279.8772    0.4658     370.4706     336.4767  2.921  3.756  762 
   55208.332500   -4319.1892     287.9136   -4258.1935     289.9134    0.4150     852.1611     772.4233  8.576  8.527  762 
   55273.269300    5655.1296     325.2257    5553.8743     326.4934    0.6629      -7.0257      -6.5468  0.014 -0.050  762 
   55536.296400   -1697.5051     301.1737   -1852.7303     302.6263    0.1711     183.5106     169.0051  1.924  1.677  762 
   55538.328200   -1154.7912     244.6588   -1302.5650     247.3550    0.1360     344.7328     307.3077  4.545  5.293  762 
   55540.341300    -624.5402     448.2707    -948.8036     449.1419    0.1808    -816.1269    -785.6739 -3.477 -3.678  762 
   55599.206500    2924.8537     413.0634    2618.6282     413.7709    0.1755    -613.8156    -592.3577 -2.590 -2.940  762 
   55603.163800   -2019.7559     349.3993   -2003.0104     350.2908    0.2070     163.3179     153.9390  1.242  1.692  762 
   55679.251900   -7442.7787     272.6122   -7549.6776     274.7770    0.7238     505.0634     454.5619  4.773  5.838  762 
   55884.433200   -7442.7787     272.6122   -7549.6776     274.7770    0.7238     505.0634     454.5619  4.773  5.838  762 
   55889.434300    -161.2353     339.1830    -308.0081     340.5740    0.1590    -820.7578    -765.5746 -7.208 -6.450  762 
   55924.442100   -2442.6635     240.2197   -2654.1933     243.3360    0.3389    -345.6796    -307.2726 -7.831 -5.872  762 
   55925.373000   -4117.9022     300.9604   -4144.0484     302.7307    0.6283    -641.2964    -589.1012 -6.028 -6.328  762 
   55926.306500   -5224.8061     250.6569   -5416.6819     253.6447    0.6152    -290.3235    -259.7555 -4.366 -4.233  762 
   55927.348900    2895.7912     305.4207    2734.3073     307.0649    0.3154    -607.8810    -559.9122 -6.239 -6.305  762 
   55969.114700   -3573.2717     366.3355   -3779.8559     367.3826    0.4769   -1163.2751   -1103.5886 -7.851 -7.496  762 
   56045.159200   -6531.1092     376.6637   -6604.7186     377.6031    0.6796    -676.4283    -638.3240 -6.612 -5.885  762 
   56215.477100   -2126.9923     318.1101   -2397.8462     320.0283    0.4202    -937.3836    -861.7836 -10.603 -10.255  762 
   56217.469400    -740.4687     572.3497    -912.6341     572.9909    0.5640   -5065.0031   -4933.8514 -21.174 -20.883  762 
   56301.275300   -7214.3851     385.9694   -7453.1909     387.3947    0.7552   -1161.0392   -1093.1260 -7.432 -7.182  762 
