   54116.301000    7112.6186     390.9988    6873.7072     391.6840    0.3995   -1797.0663   -1757.3885 -6.434 -5.661  762 
   54127.317100    -548.5213     354.3176    -873.2280     355.1331    0.0343     233.4456     225.0404  1.503  1.540  762 
   54127.352800      80.1681     348.7409    -135.1945     349.5059    0.0197     496.6653     480.1399  2.766  2.980  762 
   54149.238000   -2066.5466     240.2507   -2776.2741     245.1695    0.3086    -242.8544    -213.9777 -1.557 -1.471  762 
   54149.257400     210.2721     307.7468    -355.7734     308.8732    0.3175   -4346.6988   -4171.8018 -17.978 -17.303  762 
   54150.328600   -1368.4868     223.8675   -1321.0234     228.9583    0.3109   -1545.7345   -1344.9012 -10.874 -11.231  762 
   54152.336000   -4230.4551     205.2147   -5737.8460     213.3247    0.4494    -182.7605    -151.8425 -1.148 -1.667  762 
   54152.342500   -4968.0907     214.0588   -6275.0694     220.7497    0.4481     -64.1779     -54.5803  0.709 -0.532  762 
   54156.154700   11287.7305     228.7317   10955.4718     234.7613    0.3581      78.8693      70.9918  1.320  1.415  762 
   54174.142000    1399.2425     189.8990      28.5496     199.1859    0.0196     243.6031     204.0342  4.358  2.735  762 
   54174.149600    1959.6206     177.5208      37.2097     189.7990    0.0259     394.8953     326.4097  5.413  5.198  762 
   54176.305700   -1995.3761     219.1614   -2195.4788     225.1066    0.2742     -92.6436     -79.3850 -0.888 -0.726  762 
   54179.173100   -2771.2936     199.3578   -3759.0294     208.2971    0.3688     -28.7429     -23.6449  0.209 -0.276  762 
   54201.218300   -3769.8715     214.2102   -3998.3619     220.2299    0.3677     -90.7507     -77.0123 -0.233 -0.723  762 
   54201.228100   -3468.2759     243.1389   -3619.0360     246.5629    0.3576    -140.0482    -125.9993 -1.015 -0.838  762 
   54201.243600   -1675.0989     284.0437   -1885.7988     286.1219    0.3106    -639.0407    -598.7552 -2.180 -2.904  762 
   54205.179300   -1239.1112     172.0696   -3229.0733     184.8525    0.2842    -405.7172    -320.2775 -5.365 -5.612  762 
   54210.346400   -3987.7870     201.4682   -4397.6465     208.6017    0.2148    1054.7632     872.0675 11.427 10.103  762 
   54212.180600    -742.9305     248.1296   -1282.1148     251.7188    0.0540     646.8298     580.6187  5.179  5.235  762 
   54213.208300   -2370.7365     243.6422   -2684.1577     247.7313    0.3188    -659.5770    -586.5068 -4.718 -7.350  762 
   54230.223800   -5408.7651     196.5872   -6113.5737     204.8143    0.4653    -288.8759    -235.5292 -2.325 -3.154  762 
   54231.221900   -5809.5112     269.5266   -6302.7314     272.3310    0.5918    -371.2819    -339.8066 -1.557 -2.047  762 
   54240.235600   -7150.4613     222.1678   -7193.3847     226.4955    0.4037     -64.3165     -55.9613 -0.055 -0.570  762 
   54260.157900   -5434.2791     218.0028   -5287.5029     223.6620    0.3812    -255.1945    -217.7610 -2.778 -2.750  762 
   54260.162700   -6758.2998     207.8277   -6764.4865     214.0707    0.4012      30.0068      25.2237 -0.600  0.309  762 
   54260.175900   -6222.2720     187.1870   -6308.6538     196.1823    0.4298     -66.7042     -53.5834 -0.820 -0.816  762 
   54261.162600   -8695.2196     231.1553   -8349.3767     234.4675    0.4191     512.0609     453.8287  1.571  4.166  762 
   54261.174500   -6800.0486     213.3374   -7349.4505     219.1125    0.5640    -419.6014    -355.6543 -4.290 -3.916  762 
   54264.164600   -6585.0742     192.3474   -7460.4361     200.5040    0.4854    -124.7885    -102.4632 -2.900 -1.605  762 
   54264.180400   -3851.1055     184.6690   -4103.4123     192.1473    0.3163     172.2001     142.7223  0.813  2.204  762 
   54265.184200   -3790.2806     231.2075   -4007.4601     234.3289    0.3084     608.2694     544.5896  5.608  4.647  762 
   54265.195400   -6065.0653     211.6686   -6312.7299     215.8717    0.4078     743.5887     648.7083  6.403  6.799  762 
   54275.170700   -5675.8927     353.5122   -5839.3081     354.4809    0.3557    -486.8716    -464.4559 -3.054 -3.529  762 
   54275.178200   -4250.9280     327.9103   -4230.8993     329.1835    0.3044    -396.8596    -374.8406 -5.172 -3.336  762 
   54384.470800    -706.7233     252.2648   -1605.9843     256.0748    0.0727     873.6246     785.3842  5.560  5.209  762 
   54384.481300   -1062.5961     234.2871   -2429.8699     239.2923    0.1416     483.6636     424.9758  3.585  3.296  762 
   54385.508300      14.3959     223.0403   -1511.1004     229.3041    0.0888     196.7519     169.3172  4.005  1.869  762 
   54386.497100    -295.4457     241.5108   -1114.5483     245.4683    0.0397     717.0258     641.7976  3.532  4.598  762 
   54386.502700   -1449.8355     246.0842   -2206.4282     249.7108    0.1195     851.1269     767.5471  4.629  5.381  762 
   54388.451200   12238.8762     181.3713    9873.4530     191.7282    0.2812    -116.6486     -96.1983 -3.004 -1.751  762 
   54533.213700   -3492.1330     325.9797   -3856.3061     330.2818    0.3672    -241.7024    -217.9355 -1.552 -1.502  762 
   54534.352300   -3446.1973     347.3125   -4038.2861     350.9012    0.4753   -1406.2652   -1298.2236 -7.377 -7.295  762 
   54535.298300    -735.9602     278.7023    -597.9107     288.9941    0.2048   -1507.5633   -1254.6401 -14.139 -13.209  762 
   54536.149900    2192.9789     304.8060    1886.7833     308.7729    0.0132   -2279.6760   -2056.5545 -22.466 -19.883  762 
   54537.401500   -9171.5809     241.7907  -11121.9595     256.9852    0.5591    -837.9615    -667.8608 -13.129 -11.402  762 
   54538.182200    -899.6075     456.0994   -1200.4978     457.9733    0.3188   -2160.5192   -2058.7014 -9.343 -10.448  762 
   54538.197200   -1286.6618     388.2600   -1741.7897     391.6148    0.3526   -1230.5914   -1137.1511 -6.665 -8.022  762 
   54590.205000   -6296.3190     246.2101   -7385.1048     261.0882    0.5447    -829.8018    -658.1428 -9.499 -10.429  762 
   54792.348600    7193.7598     256.2515    6590.0121     260.6804    0.2787   -1893.9346   -1703.5840 -22.489 -24.002  762 
   54792.505800     381.8677     345.7451     209.0250     346.9208    0.1720   -3125.2700   -2969.4202 -29.904 -28.804  762 
   54793.506900   -2372.2576     351.1101   -2650.2691     352.3035    0.7031  -16132.0492  -15392.3806 -117.890 -114.876  762 
   54794.486000     178.9517     293.5896     582.0682     304.7381    0.0367    -320.6182    -268.4349 -2.702 -3.582  762 
   54860.203100    3649.0819     356.8902    3973.8690     362.3421    0.2932   -1523.6853   -1363.0248 -9.355 -9.057  762 
   54861.126100    4017.8016     356.0564    3635.1001     360.0321    0.2294    -806.6496    -736.2742 -5.207 -5.701  762 
   54862.262500    4010.1361     370.6976    3796.4768     374.9406    0.1789   -1887.8171   -1728.6274 -9.086 -9.878  762 
   54912.158000    3651.9664     316.5535    4012.9083     317.3741    0.4347  -18787.0196  -17920.5798 -142.264 -140.003  762 
   54914.124500   54171.2014     841.7046   53920.3036     841.8135    0.4882  -36441.8382  -36359.3437 -57.706 -62.768  762 
   55126.484100    -225.2737     322.2390    -449.8866     328.1985    0.0771    -363.5556    -321.8436 -2.494 -3.157  762 
   55126.506900     512.6479     316.0645     599.9444     322.4131    0.0254    -446.5183    -394.9334 -3.355 -4.018  762 
   55208.301900    3452.4070     276.7661    4568.1843     286.4849    0.5249     108.8297      91.3288  2.682  1.027  762 
   55208.332500    2435.6054     287.0446    3491.4458     297.8770    0.3580    -296.9226    -247.0740 -2.496 -2.755  762 
   55273.269300    -333.7593     320.5551    -405.7774     327.3167    0.2102   -1409.2854   -1225.9359 -8.174 -9.393  762 
   55536.296400    5055.0719     298.6454    4358.8373     306.7173    0.2696   -1034.4695    -892.2657 -8.596 -8.966  762 
   55538.328200    7673.6153     247.6717    6716.3293     264.9350    0.3725    -257.4880    -207.3894 -4.050 -3.648  762 
   55540.341300    2869.5436     426.6187    2493.9326     429.3952    0.0327   -2944.3027   -2773.5666 -13.987 -13.045  762 
   55599.206500    2914.9281     395.1808    2261.3590     397.5005    0.0180   -2613.4161   -2470.8078 -12.010 -12.326  762 
   55603.163800    3133.7666     348.7243    1973.1223     354.6929    0.0655   -1038.2024    -927.8094 -10.680 -10.440  762 
   55679.251900   -5037.3117     278.2662   -5673.5391     290.7382    0.5226    -900.3331    -726.6109 -11.267 -9.409  762 
   55884.433200   -5037.3117     278.2662   -5673.5391     290.7382    0.5226    -900.3331    -726.6109 -11.267 -9.409  762 
   55889.434300      40.5673     334.3872     -57.9614     341.2960    0.0727     719.7994     632.8124  5.757  5.354  762 
   55924.442100   -1028.5579     245.7034   -2593.9614     266.5765    0.2284    -168.5127    -133.3396 -1.514 -2.611  762 
   55925.373000    -931.9930     299.6805    -581.5930     309.2810    0.0079     613.1766     523.7859  5.210  5.665  762 
   55926.306500    4705.0484     250.9730    4734.2481     268.2327    0.3439     494.2580     406.3094  6.458  6.721  762 
   55927.348900    1109.6698     307.1955    1174.7563     316.7762    0.1563    -149.4256    -127.2966 -1.671 -1.446  762 
   55969.114700    4705.2847     353.6592    4355.1085     357.5939    0.3758     182.0894     167.1218  3.018  1.143  762 
   56045.159200   -1122.4935     374.3973   -1047.9992     379.0720    0.1513    -346.7165    -312.1468  0.069 -2.886  762 
   56215.477100    5635.8776     315.9200    3642.9328     327.0347    0.2532    2139.3732    1841.5286 22.460 22.319  762 
   56217.469400    3178.2348     545.3408    2809.3374     547.1641    0.4667    3435.9738    3304.8873 14.356 14.054  762 
   56301.275300      14.6404     369.4722    -727.2874     375.3621    0.1984    3218.4976    2899.3070 18.684 19.223  762 
