   54116.301000    7953.0865     513.4793    7551.4132     514.0492    0.1370   -5260.9955   -5169.9772 -15.854 -16.762  762 
   54127.317100   -9028.5856     394.0752  -11042.3995     395.6537    0.2517    2636.1684    2510.0402 18.111 18.813  762 
   54127.352800   -7515.6438     394.6177   -9324.5323     395.9794    0.2230    2673.8781    2562.6780 19.497 17.303  762 
   54149.238000    1063.8788     319.5638    1132.4000     323.1166    0.2516    1928.4475    1758.8145 11.683 12.152  762 
   54149.257400    4458.0506     388.6981    4217.9491     389.6099    0.0386   -5018.3443   -4853.8272 -20.953 -20.409  762 
   54150.328600    -925.0774     290.2341    -796.4372     294.4561    0.0234     485.4635     434.9339  3.000  3.670  762 
   54152.336000   -3997.0971     261.0604   -6901.3762     269.5930    0.2769    1411.5107    1200.0023 13.198 14.180  762 
   54152.342500   -7090.6911     272.7952  -10775.0275     280.1968    0.3468    1705.8508    1473.2363 14.305 15.543  762 
   54156.154700   10747.5907     270.0322   12720.1339     276.6473    0.4888    1838.5639    1642.5020 29.268 31.304  762 
   54174.142000   -3018.8548     241.8953   -5102.7631     252.1516    0.2626    1439.0966    1220.5544 15.436 17.574  762 
   54174.149600    -947.1478     228.0588    -851.7193     240.6156    0.0052    1095.0537     915.5561 13.805 15.401  762 
   54176.305700   -3332.0142     279.9039   -4611.2123     285.8556    0.1544    2169.7991    1896.9149 17.890 18.551  762 
   54179.173100    2680.7763     254.1737    3884.2308     262.0350    0.4788    1367.1586    1167.0518 13.418 14.322  762 
   54201.218300   -1314.1352     278.8316    -278.5800     283.3395    0.0775    1963.3060    1739.0673 15.927 15.974  762 
   54201.228100    -597.7687     320.0696     268.8096     322.3275    0.1463    2492.8630    2315.0066 15.507 15.073  762 
   54201.243600   -3285.8739     375.6108   -3701.8894     377.2690    0.1269    2148.6029    2043.7261  9.027  9.978  762 
   54205.179300   -3747.6682     216.1674   -8267.3930     231.9422    0.2188    1581.9169    1283.9407 20.772 24.185  762 
   54210.346400   -2152.1019     255.8616    -808.0864     262.0551    0.0263    1537.0657    1320.5155 15.513 15.171  762 
   54212.180600   -5423.9577     299.3223   -7836.0503     304.0353    0.2361    2543.4565    2277.5870 20.789 22.257  762 
   54213.208300   -1967.4668     284.6487   -1591.6458     289.5874    0.0145    1572.2753    1396.6075 19.141 18.167  762 
   54230.223800   -4081.8316     246.7485   -1500.7405     253.9273    0.0402     765.6753     649.9587  8.702  8.794  762 
   54231.221900   -4883.4115     343.7203   -5277.9234     346.1487    0.4090     345.3904     321.4795  2.129  1.965  762 
   54240.235600   -1857.7726     275.4516    -481.3677     279.0686    0.0911    2746.6871    2461.9001 22.146 24.152  762 
   54260.157900    5201.3818     269.4003    9094.1376     273.5005    0.3619    1296.3357    1150.7097 14.074 13.758  762 
   54260.162700   -1068.3712     265.7040    1839.9849     269.8833    0.1076    1264.5836    1116.6364 12.474 12.523  762 
   54260.175900   -7623.7018     233.9289   -6640.6170     243.2263    0.2364    1098.4973     909.8929 14.281 14.184  762 
   54261.162600    6261.7856     291.3709    8920.8546     293.2572    0.2737    1142.9740    1053.8681 10.043  9.038  762 
   54261.174500   -1677.0319     269.2100     -67.4485     273.6240    0.0389    1093.4321     963.0241 10.477 10.130  762 
   54264.164600   -6550.7585     237.2429   -6052.6306     245.6626    0.2857     910.0038     764.6064 12.563 11.931  762 
   54264.180400  -12799.8026     226.9668  -17447.8970     237.3195    0.4683    1480.3253    1226.7103 19.639 20.429  762 
   54265.184200   -4138.3810     282.2816   -4213.4683     285.5068    0.1315    2442.7119    2212.3388 19.776 19.387  762 
   54265.195400   -3364.3170     261.2251   -2703.5840     265.0108    0.0509    1797.3223    1604.2913 17.682 16.621  762 
   54275.170700   -1088.8355     399.4727    -703.8884     400.5020    0.0357    1583.6351    1513.2305  8.994 11.235  762 
   54275.178200   -4241.3775     370.9137   -3821.1454     372.4307    0.1231     804.5515     758.2245  6.389  6.628  762 
   54384.470800    5562.3455     326.7308    5626.2957     329.5622    0.4916    1701.8896    1572.4653 10.055 10.504  762 
   54384.481300    5929.2961     300.4696    5857.7098     304.3071    0.4554    1354.3460    1225.9629  9.893  9.735  762 
   54385.508300    3606.8393     276.8048    4340.8756     282.5278    0.4185    1523.5103    1338.6606 15.679 15.073  762 
   54386.497100    2357.8454     310.2586    1804.2141     313.5548    0.2247    1146.4503    1049.2546  7.768  7.763  762 
   54386.502700   -1087.3349     312.4189   -2308.6872     315.8703    0.1009     886.0235     810.2885  5.786  6.014  762 
   54388.451200   19897.8843     230.2531   24803.3086     237.2837    0.4849     539.8661     469.1878  9.343  7.962  762 
   54533.213700   -1269.0855     423.9033    -966.7555     427.0307    0.1392    -643.8693    -596.9956 -4.054 -4.074  762 
   54534.352300   -7344.1914     457.1573   -8496.7637     460.3010    0.4866    -362.8486    -339.8285 -1.448 -2.000  762 
   54535.298300    3082.9666     364.6024    5073.7555     372.5087    0.4957    7084.9371    6178.5403 66.074 65.343  762 
   54536.149900    7404.1126     378.1727    8291.9387     381.2606    0.3947   -1183.8349   -1093.6725 -10.825 -9.903  762 
   54537.401500   -6776.6189     315.5920   -3248.6894     326.0094    0.1284   -1283.6368   -1094.8770 -16.394 -16.904  762 
   54538.182200    2625.2599     572.7462    2424.8822     574.2874    0.1166   -1071.6167   -1032.0711 -3.847 -5.111  762 
   54538.197200   -2571.4860     477.9160   -2837.8822     481.0926    0.3486    -519.6039    -484.9417 -2.974 -3.426  762 
   54590.205000   -5199.2118     316.7019   -3499.2000     328.8367    0.1995    -215.5541    -180.4986 -4.466 -2.764  762 
   54792.348600    5538.0262     302.0787    5739.4581     307.2943    0.1451   -2895.7512   -2598.2076 -35.384 -35.907  762 
   54792.505800     825.8832     383.8308    1119.3038     385.3685    0.2480   -7064.2167   -6680.8197 -64.141 -64.049  762 
   54793.506900    3162.3128     394.9583    2618.8097     396.4347    0.6039  -29666.6600  -28243.9775 -217.470 -218.926  762 
   54794.486000    1085.5413     371.1408    2554.4435     381.4908    0.0632   -1575.8839   -1357.3628 -16.953 -17.816  762 
   54860.203100    6263.1801     471.6772    7450.4183     475.4436    0.2110   -3879.8461   -3588.2013 -24.135 -23.366  762 
   54861.126100   10263.9914     441.9252   10813.8631     445.2210    0.4087   -2626.4439   -2440.6577 -19.526 -18.849  762 
   54862.262500   -3445.5233     490.9714   -4726.2597     494.8250    0.4759   -4883.1169   -4541.7391 -27.292 -26.383  762 
   54912.158000    8241.9715     360.3934    9096.5369     361.2902    0.4300  -37972.2975  -36241.2116 -282.627 -280.608  762 
   54914.124500   71413.2556    1173.3083   71131.0236    1173.4414    0.1593  -79676.9738  -79518.3295 -132.728 -134.524  762 
   55126.484100    2979.0996     403.5862    2673.2327     409.3432    0.0136   -3230.6910   -2906.5403 -29.070 -28.473  762 
   55126.506900    3676.6607     398.1053    3963.7107     403.9267    0.1226   -2520.9632   -2272.2079 -21.738 -22.791  762 
   55208.301900    2952.3532     360.8307    3085.0148     370.0534    0.0759   -2151.1870   -1864.3256 -21.873 -21.245  762 
   55208.332500    5520.7671     374.7743    6932.1928     384.0301    0.3337   -1127.2034    -977.2930 -9.308 -10.691  762 
   55273.269300     553.7711     426.0881    1096.1555     431.2754    0.1590   -4548.8634   -4106.5678 -31.580 -31.240  762 
   55536.296400    6360.5752     380.4679    6770.8657     387.5449    0.3005   -1816.2467   -1606.6654 -15.476 -16.123  762 
   55538.328200   13176.9304     315.3770   17161.8840     330.2091    0.5372    -829.4293    -695.2852 -13.922 -12.121  762 
   55540.341300    3708.1933     556.6135    3277.9598     558.8948    0.1833   -6099.8476   -5821.8466 -28.100 -27.745  762 
   55599.206500     403.4713     508.8243    -211.6730     510.7600    0.3340   -6212.7418   -5940.4337 -31.299 -29.717  762 
   55603.163800    8350.3221     424.5171    9342.0414     429.7019    0.3654   -1530.8751   -1391.2407 -15.509 -14.938  762 
   55679.251900    1356.7447     350.5594    3730.5991     361.4531    0.0724   -2717.2809   -2283.9779 -31.701 -29.957  762 
   55884.433200    1356.7447     350.5594    3730.5991     361.4531    0.0724   -2717.2809   -2283.9779 -31.701 -29.957  762 
   55889.434300    1330.5290     426.8530     139.6085     433.6587    0.1158   -2151.2694   -1929.6525 -16.229 -16.809  762 
   55924.442100    1241.0063     314.2763    1668.4503     334.9269    0.0408   -1060.8024    -870.9552 -18.252 -17.107  762 
   55925.373000    1449.1168     380.6183     356.6848     390.3909    0.0996   -1926.4450   -1682.3783 -18.445 -19.022  762 
   55926.306500    6470.0898     321.3555    3968.6758     341.0247    0.1192   -1121.4327    -940.4237 -16.220 -16.196  762 
   55927.348900    2993.4166     385.3305    2550.7823     395.2552    0.0599   -1910.8984   -1660.4344 -20.590 -19.604  762 
   55969.114700    2964.0673     450.2486    1400.1086     454.2114    0.0528   -2584.6162   -2397.8244 -16.097 -16.798  762 
   56045.159200   -1827.2384     453.9901   -2687.0027     459.4995    0.3057   -2903.3331   -2626.1228 -24.221 -24.726  762 
   56215.477100   10851.2657     423.7519   12770.8796     429.8197    0.6246    4096.6379    3729.1750 36.827 37.252  762 
   56217.469400    6423.0916     709.9109    6392.7914     711.1272    0.4694    1336.0397    1302.2789  4.034  5.222  762 
   56301.275300    6131.7196     509.2547    6653.5275     512.2629    0.7611    6132.3016    5781.2633 34.872 34.357  762 
