   54116.301000   36309.7809     441.3618   34459.3762     446.9052    0.7404  -13475.5675  -12663.4495 -41.045 -40.532  762 
   54127.317100    8928.8762     414.4991    9400.8796     419.9527    0.3909   -2750.4600   -2498.0742 -15.567 -16.199  762 
   54127.352800    7581.7095     407.3046    8089.2881     412.5601    0.3212   -1916.9236   -1753.6701 -9.781 -10.381  762 
   54149.238000    5065.8130     312.7720    4385.9766     337.0116    0.1888   -3071.8442   -2286.3911 -14.724 -15.506  762 
   54149.257400   19407.7035     356.5572   17047.1721     364.4627    0.4770   -8402.3536   -7537.3193 -31.141 -30.815  762 
   54150.328600    1361.3620     294.8432    2910.4961     319.8020    0.2856      44.0754      31.7469  0.638  0.263  762 
   54152.336000    2100.3317     281.7678    3444.9927     312.6167    0.2219    -889.9909    -606.0211 -6.494 -6.231  762 
   54152.342500    1624.5685     290.4586    3002.5989     317.2340    0.1057   -1317.5315    -933.2645 -9.136 -8.523  762 
   54156.154700    7994.7239     291.7713    7309.1011     322.8599    0.2419   -1136.7323    -852.3918 -18.530 -17.529  762 
   54174.142000    3665.6373     265.3049    1509.2893     298.7696    0.0583    -395.7878    -265.2324 -4.105 -3.402  762 
   54174.149600    3205.1140     250.1165    2045.8124     290.4261    0.1138    -263.2117    -171.4399 -3.131 -2.660  762 
   54176.305700    4515.2745     296.3395    6547.5640     322.2310    0.4139   -1897.2913   -1357.5199 -11.448 -11.668  762 
   54179.173100    3389.4296     275.5296    4724.5442     309.0652    0.2189    -752.4784    -493.3751 -5.202 -5.536  762 
   54201.218300    1246.7102     285.7153    2706.9991     313.3172    0.2468    -703.5567    -484.1361 -5.400 -4.562  762 
   54201.228100    2768.1863     309.7204    1291.4833     329.3350    0.0045   -1571.1615   -1215.4170 -8.039 -8.086  762 
   54201.243600   12221.4321     345.1083   12325.4408     358.1644    0.3262   -4107.4330   -3489.1264 -16.727 -16.784  762 
   54205.179300    3771.3493     248.3366    7864.5134     287.0318    0.2253    -522.3356    -318.5226 -5.097 -5.255  762 
   54210.346400    -169.2593     271.2877   -1077.2528     302.1676    0.1820   -1396.1260    -923.2072 -11.088 -10.694  762 
   54212.180600    3404.0795     321.5405    2632.3290     339.5444    0.0540   -2528.5794   -1962.5985 -17.203 -16.755  762 
   54213.208300    4889.3955     313.0960    7535.6003     332.6502    0.4094   -2079.4071   -1579.2249 -19.532 -19.011  762 
   54230.223800    1569.3659     269.5589    2698.0686     301.8616    0.2547    -491.3451    -319.1987 -3.551 -4.153  762 
   54231.221900    7471.5851     333.2167    8732.0960     348.9282    0.4933   -2217.1426   -1795.2953 -9.587 -10.671  762 
   54240.235600    4039.5569     283.9396    3856.7591     306.6330    0.2936    -379.2953    -275.2770 -3.640 -2.852  762 
   54260.157900     995.6826     284.1098    3244.0775     311.9578    0.3040      35.2271      24.3467  1.612  0.319  762 
   54260.162700    -272.4236     274.4426    1287.7416     304.0843    0.1255     120.0852      80.8324  1.949  1.035  762 
   54260.175900    1779.3418     258.8009    4845.6469     292.7878    0.3950     286.5003     182.7063  2.002  2.688  762 
   54261.162600   -2845.7289     292.7471   -3741.1164     313.3990    0.2740     249.5487     183.8764  1.773  1.794  762 
   54261.174500    1289.2230     278.9997       5.4089     306.9200    0.0109    -180.3414    -123.8939 -1.475 -1.399  762 
   54264.164600   -4126.8529     259.2691   -5803.5957     292.4886    0.4319    -173.9017    -114.5601 -2.439 -1.778  762 
   54264.180400   -2222.2130     256.9258   -1171.1161     284.7089    0.0794     235.4427     158.4758  1.735  2.275  762 
   54265.184200   -2180.4563     296.2333   -3430.1670     313.1646    0.2816    -860.0180    -662.4799 -4.239 -5.458  762 
   54265.195400   -4885.1728     276.1361   -5767.0950     297.2746    0.4064     -12.5405      -9.1070 -0.373 -0.095  762 
   54275.170700   -1337.5270     402.7509   -2215.6676     410.4404    0.1294    -146.6853    -128.4588 -2.479 -0.986  762 
   54275.178200   -3203.4496     382.0352   -4433.1491     391.5517    0.1705    -625.4830    -534.6009 -2.245 -4.740  762 
   54384.470800    3276.3323     322.9218      53.6154     343.4598    0.0867   -1972.3104   -1518.6439 -9.013 -9.990  762 
   54384.481300    2478.2556     307.2757    2323.6398     330.7831    0.0810   -1263.2056    -929.3173 -8.103 -7.108  762 
   54385.508300    4832.2105     297.1845    4880.2080     323.8273    0.4748    -826.1588    -579.8396 -6.584 -6.329  762 
   54386.497100    6803.1994     312.9978    7323.4239     332.7887    0.3061   -1115.1028    -854.6484 -6.378 -5.992  762 
   54386.502700    6551.2431     317.0466    7075.7066     335.2426    0.2993   -1273.5311    -997.2848 -7.093 -6.763  762 
   54388.451200    7328.0346     254.0284    6642.0028     294.4861    0.3499    -212.1737    -131.1878 -2.887 -2.507  762 
   54533.213700   12176.0338     412.6898   11578.9708     437.0045    0.8128    -830.2312    -644.7107 -4.430 -4.452  762 
   54534.352300    8322.7314     437.3134   10051.2544     456.0341    0.5272   -1163.0954    -968.6527 -4.900 -5.285  762 
   54535.298300    -678.6222     382.2185   -1730.5579     426.7989    0.2546   -1651.3526   -1087.7017 -12.142 -11.381  762 
   54536.149900    6586.8970     384.1783    6164.9892     407.7282    0.4916     348.8616     264.4145  3.336  2.648  762 
   54537.401500    4460.5495     327.1367    4658.3629     383.4604    0.3402     466.9141     291.6186  4.274  5.266  762 
   54538.182200    9814.0000     533.1869    9578.4227     546.6164    0.3218   -2283.8807   -1995.2552 -10.567 -10.263  762 
   54538.197200    4648.4488     476.3660    3601.5436     497.0773    0.2155    -774.3287    -629.2820 -4.609 -4.453  762 
   54590.205000     749.4811     340.3128    2874.9664     394.3055    0.1627    -517.2067    -317.6665 -4.633 -5.067  762 
   54792.348600    2443.6852     324.8354     437.5699     348.5395    0.1221    1727.8875    1295.7222 19.925 18.598  762 
   54792.505800    6869.4993     395.1724    6391.1254     403.8901    0.4526    1820.4608    1572.5446 16.958 15.222  762 
   54793.506900   22588.4716     402.1805   21809.2068     410.6440    0.7107   12602.5670   11061.3858 80.371 80.897  762 
   54794.486000    3174.1519     395.6177    2445.0893     443.9420    0.2299    -205.2236    -135.6260 -0.066 -1.812  762 
   54860.203100   10391.6782     454.8422    9608.1249     487.0243    0.6329   -2029.6149   -1527.8390 -9.974 -10.198  762 
   54861.126100    5431.5196     448.0652    3117.0326     472.1705    0.1455     -19.3915     -15.1183 -0.890 -0.118  762 
   54862.262500   10535.2730     465.4139    8833.4764     491.2021    0.4790   -2470.7434   -1968.8390 -11.076 -11.181  762 
   54912.158000   20567.1784     362.5253   18136.1862     369.8507    0.5931   14694.3546   12790.9756 97.601 98.316  762 
   54914.124500  220027.0886     860.8786  217980.4118     861.8260    0.7398  -81609.2939  -81120.4045 -141.560 -139.795  762 
   55126.484100    3169.9210     419.6422    1893.5668     450.2434    0.1587     905.1519     668.7014  6.655  6.546  762 
   55126.506900    4078.9337     411.4075    3001.6174     444.2942    0.3877    1311.9486     962.8986  9.617  9.887  762 
   55208.301900    3283.2759     381.9088   -1231.1464     426.4662    0.0518     928.6266     614.0425  5.809  6.796  762 
   55208.332500   10110.0551     388.1546    6488.0493     437.4565    0.5011     339.9882     221.8515  1.728  2.469  762 
   55273.269300   10176.7057     419.4078    7154.3466     454.4281    0.2667    -834.4227    -602.5572 -4.318 -4.579  762 
   55536.296400    7311.2422     397.5330    6026.1948     434.8346    0.3688    -658.2288    -458.9550 -4.348 -4.615  762 
   55538.328200    6608.4272     351.7327    6487.4369     413.1028    0.4844    -227.8551    -139.0338 -2.561 -2.402  762 
   55540.341300   18028.9549     511.4247   15178.5937     530.0116    0.3879   -4727.4181   -4035.2783 -17.853 -18.924  762 
   55599.206500   12735.9036     471.8523   11184.2365     487.2238    0.4714   -1327.1426   -1138.5884 -6.651 -5.685  762 
   55603.163800    7822.3132     441.3821    6128.4765     472.3386    0.4923    -637.7858    -474.0560 -5.290 -5.520  762 
   55679.251900   11465.9336     377.4815    7995.6087     426.8660    0.4742    -317.5382    -203.3064 -2.758 -2.554  762 
   55884.433200   11465.9336     377.4815    7995.6087     426.8660    0.4742    -317.5382    -203.3064 -2.758 -2.554  762 
   55889.434300   10790.3679     437.4929    8371.1190     472.0961    0.3643     -76.2647     -56.1657  0.251 -0.465  762 
   55924.442100    9199.5639     344.8939   12101.9734     412.2934    0.5300     194.9606     119.6372  1.523  2.275  762 
   55925.373000    8491.2543     404.9445    7173.5799     447.3448    0.4458     258.0092     179.3909  2.759  1.879  762 
   55926.306500    8149.0349     355.7311    4910.4375     417.2360    0.3480     200.0961     127.2815  1.298  2.034  762 
   55927.348900    9288.7940     413.9731    7237.8074     456.6573    0.3098     202.9842     140.0972  0.521  1.541  762 
   55969.114700   12283.1997     446.0480   12270.4453     468.3624    0.3615     229.5532     183.8893  1.451  1.247  762 
   56045.159200   11657.5987     473.0935   10958.0469     499.4129    0.6047     418.4176     324.6632  2.680  2.915  762 
   56215.477100    5604.1582     419.6469    3388.1084     468.4277    0.0959   -1127.1580    -763.2349 -9.411 -10.143  762 
   56217.469400   17759.1491     622.6512   17413.0521     636.5836    0.5828   -7430.7302   -6613.3118 -29.101 -28.926  762 
   56301.275300    6105.9326     469.1772    7537.5797     501.1639    0.3547   -2737.7118   -2077.4659 -14.364 -14.557  762 
