   54116.301000   13692.6291     490.8008   12325.1942     492.9974    0.2030   -8410.4954   -8105.9498 -26.344 -26.333  762 
   54127.317100  -16692.3004     400.3234  -23163.8968     404.9762    0.3716    2317.3265    2119.3428 14.292 16.109  762 
   54127.352800  -16537.5409     398.8018  -22559.7400     402.9577    0.3658    2848.6653    2631.9875 18.235 17.982  762 
   54149.238000    5510.3589     324.5363    6119.3249     334.1989    0.4553     181.9228     153.5682  1.095  1.068  762 
   54149.257400   13128.1973     379.4362   12647.3086     382.4669    0.2804   -7593.0722   -7114.1879 -30.947 -30.022  762 
   54150.328600    2844.1126     299.5256    3136.4922     310.1169    0.1309   -1228.1038   -1011.4682 -8.486 -8.582  762 
   54152.336000   -4406.2573     274.9793   -9830.3451     292.8140    0.4029     393.0951     299.9589  3.364  3.610  762 
   54152.342500   -7115.1906     285.3000  -14802.5697     301.7639    0.4355     523.3755     407.8655  4.455  4.379  762 
   54156.154700   17688.3103     287.3651   21844.7449     299.2261    0.5466    1597.7029    1338.7394 23.119 25.605  762 
   54174.142000   -2866.4879     257.7813   -4452.3408     276.6721    0.2220     600.6114     458.7562  5.502  6.766  762 
   54174.149600    1274.9323     244.5795    2697.0272     266.1375    0.1560     594.7484     447.7732  8.796  7.711  762 
   54176.305700   -3331.7278     291.8341   -7153.8317     306.1131    0.2758     864.8345     684.4195  5.930  6.798  762 
   54179.173100    6768.9494     268.4080    9219.3325     284.6542    0.5701     100.7757      77.2988  0.425  0.966  762 
   54201.218300    3668.9849     289.5236    6823.4407     300.2526    0.3262     516.2275     419.2049  5.205  3.868  762 
   54201.228100    3947.5444     323.3976    6661.5898     330.0812    0.3847    1064.0747     928.4621  7.559  6.066  762 
   54201.243600    -965.2152     370.8443   -2110.7856     376.2313    0.2076    -891.0444    -809.0417 -4.481 -3.957  762 
   54205.179300   -1984.6670     232.4591   -8092.2730     258.2080    0.2030     326.1084     235.6311  3.728  4.581  762 
   54210.346400    3376.4233     268.9828    7102.2419     281.8658    0.4187    1016.7309     795.5612  7.744  9.219  762 
   54212.180600   -4289.8543     310.8493  -10373.8682     322.1752    0.2837    1611.8358    1332.0710 13.305 13.206  762 
   54213.208300    1939.9946     298.3546    3471.4216     308.5809    0.3397    1354.6830    1120.0677 14.125 14.811  762 
   54230.223800    4761.2120     260.8482   11944.2402     274.6959    0.4017     457.6733     352.9248  2.916  4.854  762 
   54231.221900     960.5475     345.4825     201.4035     352.3956    0.0987   -1441.5985   -1265.7226 -7.624 -7.763  762 
   54240.235600    5790.7404     286.4839   10058.5106     294.6517    0.3397     826.0329     688.5871  7.505  6.774  762 
   54260.157900   16703.9731     282.8453   26987.2552     291.3767    0.5348     252.4088     208.9733  3.705  2.502  762 
   54260.162700    9457.0021     278.5113   17778.5311     287.5297    0.4378     535.2803     438.5767  4.432  4.929  762 
   54260.175900   -6365.5380     250.3475   -2881.1768     267.3020    0.1097     409.8790     305.8629  4.979  4.853  762 
   54261.162600   18689.1226     300.6368   26746.3848     305.4462    0.4493     699.1577     609.6711  6.531  5.187  762 
   54261.174500    6815.6149     281.3608   11425.4105     291.1352    0.4274     370.4307     301.5076  1.757  3.182  762 
   54264.164600   -2169.9983     252.7971    1468.1417     267.8363    0.0955     296.5893     227.4762  4.553  3.595  762 
   54264.180400  -13257.3805     242.3342  -20582.9901     261.1660    0.5506     670.4198     502.1111  8.654  8.594  762 
   54265.184200    -440.1684     290.6929    -834.4732     298.7895    0.0115     822.3199     693.4133  6.967  6.160  762 
   54265.195400     -88.1122     272.3445    1593.5475     281.1936    0.1313    1159.6417     959.4330  8.578 10.031  762 
   54275.170700    7152.6548     405.0544    8711.9033     407.7579    0.2995    -339.6789    -314.3319 -2.837 -2.339  762 
   54275.178200    1552.2823     378.6129    2929.2966     382.3731    0.0879    -828.2729    -750.2566 -4.237 -6.611  762 
   54384.470800    8905.1406     331.4794    9212.8175     339.4267    0.4790    -290.3360    -250.3334 -1.533 -1.679  762 
   54384.481300   12804.3695     308.5676   13163.4912     318.3464    0.5851    -197.3469    -165.0036 -1.965 -1.317  762 
   54385.508300    7269.1977     291.1837    9476.8699     303.3644    0.4548     229.4815     184.2861  0.723  2.095  762 
   54386.497100    6481.9585     316.9803    5118.8652     325.8954    0.3174      57.9175      49.1906 -0.818  0.366  762 
   54386.502700    1396.8507     319.2620   -2226.4834     328.6135    0.1029     160.1983     135.8416 -0.280  1.016  762 
   54388.451200   29846.0348     247.4836   39057.9861     261.0961    0.5316     359.3860     286.3054  4.794  4.859  762 
   54533.213700    2385.9046     430.2786    4322.3496     438.9308    0.2138   -1171.4060   -1020.0357 -5.580 -6.967  762 
   54534.352300  -12710.7453     458.8749  -16215.2060     468.7708    0.5751     168.7348     148.6195  0.540  0.880  762 
   54535.298300   16472.1104     379.9570   22223.1488     397.4561    0.7149   12478.9581    9855.4786 104.359 105.026  762 
   54536.149900   14381.0944     391.0647   17701.5150     398.6829    0.4979   -1877.8876   -1635.8916 -15.468 -14.767  762 
   54537.401500   -4924.3073     338.0871    3854.0492     357.8926    0.0687    -951.3804    -743.0579 -10.452 -11.441  762 
   54538.182200    3930.5047     568.1221    4054.4880     572.9696    0.2476   -1248.0617   -1161.5153 -5.784 -5.742  762 
   54538.197200   -2173.7014     486.9325   -2459.9288     495.6243    0.3323    -833.0394    -735.0688 -6.007 -5.197  762 
   54590.205000   -3150.7382     338.9320    2536.0350     361.1967    0.0985    -330.0751    -249.8523 -4.377 -3.861  762 
   54792.348600    6384.9028     318.6561    6403.8714     329.2650    0.2090   -2569.3651   -2151.3620 -29.612 -29.920  762 
   54792.505800    5227.0549     392.7127    6381.4137     396.2829    0.0054   -7180.2582   -6531.1412 -62.706 -63.015  762 
   54793.506900   10633.6650     400.1860   10981.9850     403.8199    0.2440  -21533.1580  -19764.8409 -154.682 -153.965  762 
   54794.486000    -213.6641     394.4709    3651.4733     414.9476    0.1175    -790.1320    -615.8001 -7.641 -8.159  762 
   54860.203100   13388.8585     476.4437   16439.4168     487.1153    0.4756   -3317.5441   -2864.8359 -18.883 -18.702  762 
   54861.126100   13704.4013     453.7421   14941.8205     462.8344    0.6088   -1712.7651   -1492.8653 -10.827 -11.511  762 
   54862.262500   -5767.2092     493.6385  -10768.7831     505.3518    0.4598   -4666.7013   -4060.3526 -21.997 -23.621  762 
   54912.158000   21216.4731     364.1260   24500.6203     366.4364    0.0318  -28932.5986  -26651.3017 -215.793 -208.317  762 
   54914.124500  135285.1008    1072.1326  134773.0983    1072.4373    0.5845  -88903.1276  -88585.3038 -153.115 -150.167  762 
   55126.484100    1868.6422     421.0414     877.8234     434.9371    0.0086   -1243.8424   -1033.9268 -10.640 -10.209  762 
   55126.506900    5161.5421     415.1888    6464.0145     428.7288    0.3061   -1262.5695   -1054.7347 -10.820 -10.644  762 
   55208.301900   -2715.4849     382.0648   -3339.7380     402.6211    0.1816    -494.9108    -385.7243 -4.303 -4.454  762 
   55208.332500    3012.1865     395.0803    6934.8079     414.7392    0.2714    -351.0901    -273.9160 -3.199 -3.028  762 
   55273.269300    2715.9298     436.5430    3766.6587     450.3564    0.0493   -3064.5920   -2541.2779 -20.163 -19.447  762 
   55536.296400    4632.2235     399.0243    4331.2312     415.6490    0.2676    -466.8723    -375.5515 -5.081 -3.797  762 
   55538.328200    9609.6095     342.0482   15934.9780     369.3055    0.5084    -240.1181    -177.9838 -4.331 -3.155  762 
   55540.341300    7800.5482     549.1529    6064.6957     556.6373    0.0514   -5861.6454   -5342.5871 -24.940 -25.465  762 
   55599.206500    3706.0924     504.3351    2065.7859     510.5435    0.1366   -4842.0363   -4435.6164 -23.002 -22.161  762 
   55603.163800   11378.6740     444.3406   14056.9058     456.0487    0.4927    -283.8500    -240.4432 -1.835 -2.578  762 
   55679.251900    -156.0465     372.4155    4623.5370     394.2573    0.1446   -1277.6753    -960.6737 -12.086 -12.804  762 
   55884.433200    -156.0465     372.4155    4623.5370     394.2573    0.1446   -1277.6753    -960.6737 -12.086 -12.804  762 
   55889.434300   -1565.2190     442.5472   -4277.9299     459.1215    0.3594   -1690.6853   -1388.8393 -11.812 -12.213  762 
   55924.442100   -2864.3488     341.6209   -1820.5729     376.1802    0.1174    -624.7205    -454.5669 -9.847 -9.100  762 
   55925.373000    -850.4259     401.1734   -3323.3433     422.5187    0.2926    -704.2498    -555.5911 -7.234 -6.372  762 
   55926.306500    -434.1453     348.1066   -6584.2318     382.9882    0.2500    -551.8682    -409.2392 -7.520 -7.208  762 
   55927.348900    1105.9658     407.5419     329.8186     428.6040    0.0632   -1171.9467    -918.3131 -11.244 -10.986  762 
   55969.114700   -2321.4871     459.9434   -6939.8541     471.1617    0.3257   -1914.0143   -1659.2585 -9.924 -11.667  762 
   56045.159200   -3324.6269     470.8820   -6095.3436     484.4596    0.3108   -1377.9639   -1156.8993 -12.387 -10.997  762 
   56215.477100    8486.4147     444.4903   13299.8799     458.6502    0.4813    2424.3335    2045.3383 18.929 20.442  762 
   56217.469400   12826.9985     693.8260   12835.9368     697.9678    0.6558   -2955.4576   -2805.7659 -9.555 -11.220  762 
   56301.275300    4526.9982     513.2207    6189.4646     522.3667    0.5628    3189.3866    2841.5893 16.279 16.828  762 
