   54116.301000   10547.5136     406.4343   10439.2403     406.8528    0.5492   -2517.9025   -2490.4981 -5.242 -8.082  762 
   54127.317100   -4451.8332     333.4772   -4846.0511     333.8109    0.2006    1214.4702    1188.8904  8.314  9.129  762 
   54127.352800   -5503.5834     331.6576   -5844.5340     331.9926    0.2582    1152.1143    1130.3901  7.926  7.770  762 
   54149.238000    1591.8660     237.0454    1705.1758     238.1630    0.2948     625.9997     592.6416  3.468  4.106  762 
   54149.257400    8343.6593     311.4057    8337.2054     311.7826    0.4843   -1772.4190   -1739.8329 -7.318 -7.346  762 
   54150.328600     -41.1313     216.8214     173.4688     217.9456    0.0609     279.8289     264.1697  3.517  2.217  762 
   54152.336000   -2302.0480     187.1061   -2593.9394     189.5851    0.4589    -663.5949    -606.6708 -6.418 -7.408  762 
   54152.342500   -3703.6459     196.8318   -4044.9956     198.9045    0.4986    -469.7664    -433.6042 -3.290 -4.736  762 
   54156.154700   -7591.8163     227.0603   -7927.8989     228.6046    0.4821    1345.9482    1274.8377 20.930 23.346  762 
   54174.142000   -1372.4537     174.5419   -1330.0104     177.2799    0.1714      45.8749      41.8361  1.330  0.610  762 
   54174.149600    -637.1011     164.1702    -542.2200     167.8270    0.0625     -19.1094     -17.2545  1.831 -0.289  762 
   54176.305700   -4211.6184     203.9046   -4568.6938     205.8265    0.5473    -499.5066    -461.1623 -4.514 -4.658  762 
   54179.173100   -2663.2605     184.1674   -2455.8292     186.4943    0.4306    -804.7070    -734.0276 -9.038 -9.121  762 
   54201.218300    -670.5231     207.4156    -416.6827     208.6533    0.1234    -505.4600    -474.4011 -3.520 -4.320  762 
   54201.228100     590.7888     243.3184     828.7166     244.1055    0.0821    -274.6482    -263.7968 -1.843 -1.715  762 
   54201.243600    -515.5936     289.3365    -554.7199     290.0654    0.1447    -438.2039    -425.8429 -2.518 -2.075  762 
   54205.179300    -924.8008     151.7485   -1375.1825     156.6087    0.1098     261.9896     234.2559  4.955  4.513  762 
   54210.346400    2293.8364     189.6703    2404.5372     191.2849    0.3520     342.0460     317.0815  1.829  3.604  762 
   54212.180600   -4137.1222     231.0712   -4594.2312     232.2196    0.3500     995.5209     942.8719  9.079  9.401  762 
   54213.208300   -2651.7459     227.0706   -2540.8413     228.1125    0.2710     450.9409     427.5731  3.857  5.641  762 
   54230.223800    2040.0263     179.7848    2698.4082     181.5873    0.2469    -484.2384    -446.5931 -5.070 -6.106  762 
   54231.221900    3347.6609     266.1026    3280.7556     266.8357    0.2641   -1256.1147   -1210.8999 -6.652 -7.396  762 
   54240.235600    1088.4033     215.9465    1287.3208     216.7416    0.0672    -737.8188    -702.3012 -5.942 -6.767  762 
   54260.157900    4748.6467     210.7452    5306.7538     211.5733    0.3880    -694.8799    -659.5109 -7.978 -7.607  762 
   54260.162700    4535.6631     202.0973    5147.5608     202.9444    0.3792    -599.9132    -568.0660 -6.114 -6.185  762 
   54260.175900    1899.6904     168.6297    2130.5933     171.2064    0.2733    -378.6927    -344.5455 -5.656 -5.420  762 
   54261.162600    7404.7537     231.0660    7793.7673     231.4777    0.4502   -1292.7442   -1251.9087 -10.042 -10.208  762 
   54261.174500    4719.6891     205.2532    5092.8527     206.1928    0.4469    -733.2737    -692.6091 -7.397 -7.121  762 
   54264.164600    2213.5890     177.3499    2680.1598     179.2873    0.2322    -653.9234    -603.0780 -9.107 -9.337  762 
   54264.180400     295.1189     163.4385    -385.3399     166.3051    0.1252    -568.7034    -518.3389 -8.618 -8.969  762 
   54265.184200      49.1645     218.8593      45.5712     219.5963    0.1510   -1419.2760   -1354.5748 -11.210 -12.095  762 
   54265.195400    1429.0418     201.6344    1492.2851     202.5081    0.0409   -1164.3415   -1106.5599 -13.150 -11.475  762 
   54275.170700    1208.0670     352.6933    1241.4324     352.8746    0.0073   -1164.3507   -1145.1520 -10.132 -8.388  762 
   54275.178200     617.1452     322.7480     660.2683     322.9954    0.0156    -846.6905    -828.2718 -7.664 -7.233  762 
   54384.470800   -1627.8143     249.4177   -1642.9236     250.2855    0.3136   -1411.3308   -1347.8275 -8.584 -8.967  762 
   54384.481300   -2554.6147     226.7293   -2523.3954     227.8133    0.4047   -1276.8237   -1207.1032 -9.583 -9.541  762 
   54385.508300   -1837.7642     211.7090   -1610.9956     213.0394    0.2912    -935.1159    -872.6763 -9.008 -9.737  762 
   54386.497100   -4131.1523     234.5576   -4129.5109     235.4949    0.5418    -303.2343    -288.2102 -3.000 -2.131  762 
   54386.502700   -4810.4122     236.3430   -5043.8562     237.3407    0.5796    -145.6082    -138.3869 -1.271 -1.033  762 
   54388.451200   -1460.2409     177.0834   -1205.9945     179.0963    0.1228    -414.1264    -383.0397 -5.172 -6.222  762 
   54533.213700     340.8928     323.3551     649.7337     324.2290    0.0217    -857.8884    -826.1531 -5.459 -5.584  762 
   54534.352300    -354.4516     342.2683    -568.5417     343.5857    0.2421    -790.4419    -761.1157 -4.396 -4.509  762 
   54535.298300    4921.1910     264.3026    5480.6351     266.3822    0.5900    3174.5738    2942.1372 32.217 30.858  762 
   54536.149900    1241.5075     306.2238    1498.5737     306.8544    0.0297   -1263.7333   -1219.4111 -10.209 -10.755  762 
   54537.401500    5121.3067     231.8145    5867.2453     234.4648    0.4751    -418.9149    -388.7785 -6.228 -5.738  762 
   54538.182200    8490.2123     466.9981    8460.9707     467.5456    0.7327     -53.0306     -52.1122  1.070 -0.254  762 
   54538.197200    4166.4177     384.7586    4274.5539     385.5121    0.4587    -689.3920    -667.7273 -4.143 -4.653  762 
   54590.205000    3805.3308     228.1311    4450.0220     231.1603    0.4552    -664.6419    -608.2008 -7.218 -9.193  762 
   54792.348600   -4721.4475     251.9294   -5042.6781     253.0536    0.5593   -1316.7930   -1247.4840 -16.933 -16.715  762 
   54792.505800   -3061.0804     343.2586   -3104.8236     343.5188    0.3642   -2483.7168   -2428.3538 -21.019 -23.085  762 
   54793.506900    -216.9460     341.3467    -250.7508     341.6041    0.1726   -1975.5630   -1937.2346 -13.129 -14.949  762 
   54794.486000   -5680.7827     282.7751   -5971.6118     285.7687    0.6602     186.6852     171.7137  2.264  2.225  762 
   54860.203100   -3000.8888     360.8778   -3019.8755     362.1893    0.4688    -590.3823    -562.9364 -2.325 -3.634  762 
   54861.126100   -4255.1467     355.2281   -4355.4638     356.2295    0.4854     207.9639     199.3889  2.315  1.507  762 
   54862.262500   -1625.6949     373.9638   -2144.4746     375.3524    0.3613   -1279.5222   -1225.0830 -7.196 -7.052  762 
   54912.158000    3892.4709     312.2315    4061.1839     312.3823    0.1432   -7358.1244   -7223.0264 -55.758 -56.528  762 
   54914.124500   86645.5849     925.9482   86608.7688     926.0732    0.8379  -28505.6267  -28481.8625 -45.231 -48.217  762 
   55126.484100    -825.8000     312.1159   -1022.0920     313.5699    0.1038     337.0390     318.5857  2.897  3.095  762 
   55126.506900   -1105.2836     309.1063   -1123.2018     310.4634    0.0653     743.3818     705.2586  6.598  6.956  762 
   55208.301900    2576.9108     262.3231    2373.5569     264.9560    0.3726     433.9057     399.0182  4.623  4.548  762 
   55208.332500    4822.7149     276.4363    5068.2601     278.8414    0.5656     428.1836     395.8237  5.945  4.303  762 
   55273.269300    1293.1925     315.1528    1191.4501     316.7757    0.1505    -212.9974    -200.9995 -2.161 -1.529  762 
   55536.296400    2317.8836     288.7195    2094.1974     290.5843    0.2680     665.4652     620.0942  5.548  6.141  762 
   55538.328200    1301.3729     232.0866    1452.5144     237.1166    0.2200     659.1547     588.6151 10.834 10.237  762 
   55540.341300    6175.7688     433.5439    6013.0388     434.4097    0.6159    1024.9196     997.9808  4.751  4.708  762 
   55599.206500     635.0357     404.5966     462.0104     405.3873    0.0092    -568.9203    -554.7327 -4.377 -2.744  762 
   55603.163800     480.7561     347.4497     586.6822     348.5250    0.2022    1535.5624    1466.2159 15.496 15.203  762 
   55679.251900    4734.7975     254.9303    4783.6047     258.1880    0.6562     -10.3027      -9.3868  0.482 -0.124  762 
   55884.433200    4734.7975     254.9303    4783.6047     258.1880    0.6562     -10.3027      -9.3868  0.482 -0.124  762 
   55889.434300   -4153.1379     322.6724   -4376.7481     324.5513    0.4994     413.9473     388.7567  4.355  3.391  762 
   55924.442100   -1859.7238     226.2715   -2581.7462     233.5324    0.2200      10.2506       9.1650  0.229  0.180  762 
   55925.373000   -2009.3593     281.8685   -2286.3470     284.5987    0.3175     159.7431     147.8662  0.642  1.683  762 
   55926.306500   -3140.0392     233.7206   -4213.1992     240.4827    0.3645     345.8538     308.8621  4.994  5.343  762 
   55927.348900    -762.9695     288.2760    -911.0018     290.9810    0.2234    -356.3838    -329.6009 -3.796 -3.916  762 
   55969.114700   -2095.6162     348.8579   -2197.5794     349.8863    0.1018    1337.1284    1283.9302  8.608  8.920  762 
   56045.159200    1051.1666     357.8007     945.7503     359.0180    0.1910     464.7319     443.5793  3.725  4.225  762 
   56215.477100   -4854.0604     335.0529   -4850.7554     336.6464    0.5830    -551.7307    -523.1607 -5.190 -5.037  762 
   56217.469400    1731.6872     584.0419    1681.4031     584.6504    0.0455   -2104.9061   -2074.5702 -8.889 -8.186  762 
   56301.275300    -911.7479     393.5792    -928.2675     394.7654    0.3714   -1615.8712   -1560.7043 -8.667 -9.022  762 
