   54534.141800     221.1478     184.0630      29.2526     184.9225    0.0217     107.2138     102.0971  0.266  0.413  762 
   54591.213000     805.1918     121.7348     675.9347     123.2275    0.1925     191.3414     165.9494  1.178  2.047  762 
   54792.421200    -196.0322     132.3031    -194.4223     132.7780    0.0637    -150.0749    -138.8567 -0.721 -1.678  762 
   54794.402600     300.5176     104.2244     358.3259     106.9901    0.1014     -92.4255     -71.3153 -1.437 -1.686  762 
   54861.113700     786.5450     167.1802     788.1726     167.9796    0.1509     -63.2903     -58.5952  0.597 -0.417  762 
   54862.104500     369.4525     126.1855     409.6736     127.6445    0.1102     -15.4376     -13.2791 -0.027 -0.220  762 
   55470.446100     780.3439     212.3535     763.0220     212.7032    0.1201     -95.3081     -90.6641 -1.545 -1.055  762 
   55536.218700    1024.4069     129.9618    1057.2155     131.4787    0.3114     139.6961     121.4906  0.961  1.193  762 
   55538.255300     503.9517     107.6361     622.2919     110.2675    0.1756     -68.6946     -54.0331 -1.008 -1.093  762 
   55540.326500    -545.4574     163.1345    -662.5785     164.3509    0.0714     330.0308     303.5294  1.328  1.738  762 
   55543.323400    -209.9120     107.4472    -191.6108     110.5419    0.0712     -35.1255     -26.9299 -0.622 -0.612  762 
   55599.152300     634.1908     173.4224     598.9362     174.1422    0.1068     -18.5138     -17.4429 -0.168 -0.094  762 
   55889.405200     152.2621     164.8917      89.5502     166.3238    0.0315      20.7544      18.7518  0.024  0.122  762 
   55924.295100     495.1062     107.2713     523.6418     110.6681    0.2057      14.3904      10.8167 -0.386  0.277  762 
   55925.229700      74.1279     159.3554      65.1358     160.4373    0.0129     -25.2713     -22.8649  0.264 -0.211  762 
   55926.291200    -110.5073     104.7776     -18.0885     108.4565    0.0291     -61.1003     -45.0743 -0.520 -1.158  762 
   55927.336300    -649.7429     117.5109    -760.5667     120.3959    0.3307    -117.1244     -92.6090 -1.615 -1.845  762 
   55930.389000     718.2266     213.2165     712.6412     213.6132    0.0955    -107.4297    -101.8295 -2.830 -1.566  762 
   55969.097700     273.7901     150.0464     219.0359     151.1270    0.0089    -271.0547    -245.7411 -1.406 -2.080  762 
   56008.133000      34.1132     151.6704     -32.4616     153.3968    0.0241     -67.6499     -59.4949 -0.881 -0.472  762 
   56009.120000    -564.2178     164.6907    -545.9283     165.8603    0.1774      16.0514      14.4973  0.009  0.122  762 
   56045.147000    1685.5095     246.8279    1610.9067     247.1245    0.2056      12.4494      11.9994  1.048  0.086  762 
   56215.446700    -551.0320     151.7375    -578.9914     153.4492    0.1471     116.1390     101.8645  0.923  0.960  762 
   56217.444300     257.2401     208.1893     198.5044     209.0328    0.1721     754.1922     716.2426  2.654  3.191  762 
   56254.418300     239.8894     108.4551      87.0607     113.3921    0.0020    -132.5544     -93.3338 -1.235 -2.891  762 
   56301.218900     284.5663     175.5488     243.5685     176.8895    0.1626     303.8039     277.8576  1.219  1.615  762 
   56302.299000    -157.8574     111.1346    -297.4515     112.9376    0.0857       4.3866       3.6763  0.389  0.071  762 
   56337.368100     272.3612     112.2992     336.9908     115.7408    0.1021      18.6012      14.2337  0.320  0.304  762 
   56417.143800     521.7319     128.5837     558.0909     130.3340    0.1424      49.1794      41.7142 -0.114  0.744  762 
