   54534.141800    2060.3437     225.5702    1856.9741     234.4462    0.1277   -1001.3048    -901.7661 -3.878 -3.637  762 
   54591.213000   -5685.4236     157.1917   -4318.9598     176.1661    0.2088     233.3392     173.4419  1.501  2.136  762 
   54792.421200     264.9373     150.9847    1123.6799     159.1522    0.1240    -109.5313     -94.3089 -0.275 -1.164  762 
   54794.402600     444.8557     109.5382     522.3006     134.2876    0.1164      92.9263      71.2079  1.795  1.676  762 
   54861.113700    6490.6356     202.3068    6257.5777     214.9181    0.4698    -489.9787    -411.7266 -2.271 -2.952  762 
   54862.104500   10719.0697     143.0661   13253.9505     162.8626    0.6159     -85.1999     -69.2507 -1.335 -1.148  762 
   55470.446100    9969.8937     237.3813   10261.2388     245.1295    0.5775      -3.0361      -2.7644 -0.746 -0.032  762 
   55536.218700   11675.7736     161.2978   11203.3089     182.0869    0.5804    -109.1530     -84.4377 -0.990 -0.815  762 
   55538.255300    9081.8955     122.0051   10660.6990     149.8538    0.5956      73.6902      54.7748 -0.136  1.050  762 
   55540.326500    2368.0824     201.9947    2233.4208     216.0176    0.3566      58.3756      49.1958  0.336  0.280  762 
   55543.323400    4433.5198     110.8567    7012.1000     137.0870    0.5679     159.2613     124.2629  3.122  2.764  762 
   55599.152300    3612.5541     210.6637    3268.5815     220.5929    0.2945    -725.4003    -635.6764 -3.283 -3.362  762 
   55889.405200    1697.4419     204.6300    1810.5016     221.7619    0.4331       9.2030       7.5362 -0.590  0.049  762 
   55924.295100     670.5459     115.2673    1014.5619     140.0722    0.1343      99.3818      72.3406  1.560  1.837  762 
   55925.229700    6044.5367     194.3512    5617.8322     210.0194    0.5437      86.0048      71.0947  0.675  0.635  762 
   55926.291200    1522.6569     103.1291    2340.6860     130.6618    0.3747     -25.1322     -19.0865 -0.176 -0.493  762 
   55927.336300   -1431.3556     124.7315   -1138.2071     150.3776    0.2359      -3.7606      -2.9353  0.443 -0.059  762 
   55930.389000   -3236.9507     235.9116   -3484.6424     245.2723    0.3572    -306.2805    -275.7346 -2.078 -4.342  762 
   55969.097700    5199.1922     187.3270    4653.6285     202.9758    0.5132    -253.4073    -206.0168 -1.819 -1.711  762 
   56008.133000    -308.1664     190.4782    -392.8887     210.1559    0.0654      50.2807      39.2907  0.077  0.309  762 
   56009.120000   -1433.9063     201.5303   -1639.0692     217.7155    0.4429    -197.9825    -160.5464 -1.878 -1.360  762 
   56045.147000   -2899.6495     280.1085   -2849.0220     286.2942    0.2524    -314.2396    -282.9394 -1.427 -2.057  762 
   56215.446700    3057.7687     193.0167    2375.8923     214.3298    0.2910      66.9642      52.1030  0.962  0.472  762 
   56217.444300    4180.0511     255.2948    3675.3709     265.2183    0.3007   -1125.0224   -1007.2803 -4.545 -4.393  762 
   56254.418300    -465.5887      98.2785    -417.4542     119.7640    0.0382     -77.5659     -61.1040 -1.743 -1.860  762 
   56301.218900    3065.1203     219.3618    2579.8759     235.3274    0.2709    -510.0245    -427.6306 -3.003 -2.450  762 
   56302.299000   -1891.2091     122.1939   -2435.7153     142.1948    0.3754      38.2907      31.8045 -0.381  0.589  762 
   56337.368100   -9093.3901     136.5569  -10338.4666     180.0020    0.5435     -75.8365     -51.0467 -1.543 -1.059  762 
   56417.143800   -9821.2463     160.9643  -10237.6176     187.1005    0.4965     -48.6804     -35.8679 -0.419 -0.632  762 
