   54534.141800       0.0000       6.2859       0.0000       6.2859      -nan       0.0000       0.0000  0.000  0.000  762 
   54591.213000       0.0000       3.2458       0.0000       3.2458      -nan       0.0000       0.0000 -0.221  0.000  762 
   54792.421200       0.0000       3.3461       0.0000       3.3461      -nan       0.0000       0.0000  0.000  0.000  762 
   54794.402600       0.0000       2.3557       0.0000       2.3557      -nan       0.0000       0.0000  0.000  0.000  762 
   54861.113700     605.2331     161.6128     602.4901     162.6373    0.2624     704.8745     648.0805  4.403  4.568  762 
   54862.104500     499.8704     124.8141     636.5010     127.0052    0.1845     180.2214     150.9309  1.497  2.469  762 
   55470.446100     612.4822     210.7051     533.1991     211.2575    0.0467    -223.5483    -210.8348 -5.083 -2.445  762 
   55536.218700     962.6561     124.9187    1049.8549     127.1241    0.2444      11.2352       9.5143  0.211  0.094  762 
   55538.255300     235.2886     106.2496     456.7005     110.4478    0.1241      60.1642      44.2668  1.065  0.909  762 
   55540.326500     794.2744     154.0049     763.8741     155.3232    0.2241     347.0344     317.5419  2.346  1.822  762 
   55543.323400       0.0000       2.3850       0.0000       2.3850      -nan       0.0000       0.0000 -0.183  0.000  762 
   55599.152300     720.3929     164.7091     735.2439     165.5216    0.3378    1253.8463    1177.6049  6.447  6.369  762 
   55889.405200    -113.9860     157.0364     -91.8154     158.8860    0.0798     376.2411     335.8965  1.515  2.185  762 
   55924.295100     -88.2366     108.4591    -511.7673     114.5378    0.2276    -181.1065    -125.3211 -3.595 -3.150  762 
   55925.229700      89.2143     153.5006      48.4840     155.0895    0.0177      11.3997      10.1284  0.106  0.095  762 
   55926.291200     159.6595     105.4133     143.1966     111.6444    0.0218    -110.5161     -74.4746 -1.951 -1.867  762 
   55927.336300     839.0941     116.2453     829.5720     120.6931    0.2287     -97.9380     -73.5188 -1.910 -1.427  762 
   55930.389000   -1105.7718     215.9507   -1202.4482     216.5594    0.0941     589.8137     553.4676  6.289  8.241  762 
   55969.097700    -375.8496     144.0199    -448.7493     145.6086    0.0392     368.9299     328.2858  2.158  2.816  762 
   56008.133000     275.1578     144.6036     358.7640     146.8626    0.1524     282.5872     244.2286  2.014  1.937  762 
   56009.120000    -263.5850     159.3561    -213.1977     160.9459    0.0066     218.4344     194.7511  1.473  1.636  762 
   56045.147000    1203.1721     244.5830    1151.8125     244.9204    0.0901    -522.0163    -502.6658 -3.279 -3.562  762 
   56215.446700    -512.2465     144.7344    -622.3424     147.3153    0.1796     -89.9327     -76.5486 -1.616 -0.737  762 
   56217.444300    1251.5612     195.8375    1147.0225     196.7438    0.2552     409.8121     388.1520  2.327  1.751  762 
   56254.418300     257.8845     110.0080    -896.0072     120.0614    0.1715     -35.9476     -22.5503 -1.126 -0.684  762 
   56301.218900     786.6017     165.2476     840.7858     166.8341    0.4081     672.4937     610.0111  3.761  3.576  762 
   56302.299000    -348.1668     110.5070    -516.7763     113.6545    0.1280      37.6319      29.8103  1.271  0.583  762 
   56337.368100     954.6351     110.4440    1082.0458     115.1511    0.2029    -142.5236    -102.1087 -2.573 -2.143  762 
   56417.143800    -882.0097     128.3159    -715.3672     131.0073    0.0591      -9.2894      -7.6629 -1.039 -0.134  762 
