   54534.141800    5105.2104     107.2216   17704.6268     202.6262    0.9066       0.0000       0.0000  2.637  0.000  762 
   54591.213000   20936.7296     146.2595   21715.3930     152.8988    0.7936     993.0532     744.8732  9.128  9.054  762 
   54792.421200   16966.7854     148.6029   17445.4704     151.7723    0.9375    1290.3169    1068.7095 13.305 13.164  762 
   54794.402600   15625.0766     140.9167   17242.0529     155.0172    0.9430     512.8270     295.6563  7.150  6.668  762 
   54861.113700   16831.6425     187.9379   17340.5089     192.1322    0.9115     274.1975     231.5647  2.348  1.654  762 
   54862.104500   17111.3516     157.8526   18434.0246     165.8783    0.8918     478.9373     340.8922  5.737  5.502  762 
   55470.446100    8156.9517     238.5858    8507.5594     241.2153    0.6988     907.5671     798.5963  8.085  9.058  762 
   55536.218700    3176.6014     162.5293    3448.2469     170.8168    0.3204     559.8466     411.7761  3.818  3.901  762 
   55538.255300    1385.0903     151.2798    3074.0765     164.7657    0.2784     666.1805     400.6733  5.099  7.213  762 
   55540.326500     835.2747     189.3588    1081.7956     195.0386    0.2926     738.5348     619.0269  3.054  3.515  762 
   55543.323400     703.8351     151.7923    1897.9720     167.1069    0.2711     530.3947     301.6450  7.336  6.332  762 
   55599.152300    2718.9258     196.6717    3004.0597     200.3284    0.5039     849.8604     748.3581  4.874  3.927  762 
   55889.405200    3568.4422     193.7862    3656.0406     201.1595    0.7770     739.9239     594.4735  3.536  3.845  762 
   55924.295100   -2811.5819     156.5804   -2165.3454     176.0889    0.3391     403.6538     212.3600  5.374  5.133  762 
   55925.229700   -1931.3379     194.4597   -1789.1283     201.0240    0.1906     746.2117     593.4278  4.957  5.169  762 
   55926.291200   -2233.8967     152.8202   -1427.1375     172.4398    0.2766    -207.5970    -105.2119 -2.449 -2.627  762 
   55927.336300   -2610.0292     161.6796   -2560.1880     177.3107    0.6422    -132.6375     -77.6912 -2.305 -1.546  762 
   55930.389000   -2663.5938     241.9248   -2749.9893     245.9205    0.3350    -479.5718    -407.7815 -6.056 -6.437  762 
   55969.097700   -1353.8643     181.8038   -1581.2532     188.1174    0.1992     518.7659     414.6734  3.288  3.400  762 
   56008.133000   -1050.3052     185.3493    -603.4439     194.3973    0.0157     698.1720     528.4094  3.738  4.108  762 
   56009.120000   -2373.5408     197.3525   -2404.3104     204.8318    0.5486     -48.5816     -38.0244 -0.318 -0.321  762 
   56045.147000     -36.3024     268.1833    -184.7711     270.5269    0.0137      48.5068      43.9452  1.117  0.319  762 
   56215.446700    3112.6310     189.6442    2548.3418     198.4806    0.4625     949.5389     723.5003  5.578  6.306  762 
   56217.444300    4138.5026     235.1657    4173.3321     238.8540    0.6443    2087.7415    1889.0782  7.307  8.114  762 
   56254.418300    5020.3698     159.7923    3265.6865     184.6869    0.3756    -105.3841     -51.0022 -0.413 -1.435  762 
   56301.218900    7924.8100     203.5571    8140.5256     209.6296    0.8600     -27.4974     -23.0220  0.371 -0.131  762 
   56302.299000    6375.8803     147.2212    5734.9214     156.4647    0.7577     103.3698      70.9966  1.856  1.246  762 
   56337.368100    6140.6815     157.2211    4189.2500     174.9434    0.2760     134.8891      76.9998  1.430  1.519  762 
   56417.143800      73.4679     170.1632   -1732.8721     182.1908    0.1256      30.1178      20.4537  0.923  0.347  762 
