   54534.141800     778.3915     156.7223     610.8655     156.8413    0.2454     985.7560     973.3270  3.953  3.923  762 
   54591.213000    -378.1376      97.4540    -530.6950      97.8152    0.1257      96.9086      91.3139  1.098  1.129  762 
   54792.421200    -694.2759     118.0100    -746.5789     118.0928    0.1825    -114.9796    -111.8623 -1.349 -1.352  762 
   54794.402600    -147.1435      76.4325    -272.6195      77.2633    0.1249     -68.0409     -59.6842 -1.585 -1.424  762 
   54861.113700    -778.4564     143.9913    -876.7438     144.1176    0.1497     102.7891     100.0734  0.172  0.712  762 
   54862.104500    -370.0096     101.8438    -483.1714     102.1965    0.1725    -118.1761    -110.5915 -0.803 -1.845  762 
   55470.446100     -24.8879     197.3918     -71.1618     197.4413    0.0145     -21.2021     -20.8664  0.203 -0.241  762 
   55536.218700    -390.9314     103.8971    -488.2348     104.1764    0.2577    -563.7253    -533.8583 -4.806 -5.203  762 
   55538.255300    -394.0048      79.4441    -524.0799      80.2060    0.2678    -261.8126    -232.2196 -4.016 -4.693  762 
   55540.326500    -282.8259     136.2011    -387.9214     136.3590    0.1731    -390.1211    -379.9740 -2.315 -2.155  762 
   55543.323400    -462.4113      77.7308    -589.2674      78.6780    0.3055    -152.7501    -132.7337 -2.881 -3.082  762 
   55599.152300     827.5191     150.9534     720.0019     151.0371    0.0115    -798.8530    -786.8234 -4.322 -4.172  762 
   55889.405200    -333.5195     136.0238    -363.4416     136.1843    0.1726     -81.6818     -79.0220 -0.903 -0.510  762 
   55924.295100    -155.2826      76.9007    -198.9345      77.8832    0.1338    -113.8692     -98.9001 -3.429 -2.549  762 
   55925.229700    -358.6401     135.4319    -371.7462     135.5628    0.1318     -13.1324     -12.7225 -0.475 -0.116  762 
   55926.291200    -200.8299      73.3531    -309.3876      74.5263    0.2333    -143.5039    -122.1245 -3.400 -3.122  762 
   55927.336300     142.3417      86.7706      84.2352      87.3678    0.0582    -232.0659    -209.7663 -3.814 -4.152  762 
   55930.389000    -475.0153     196.9304    -483.3605     196.9702    0.0930     -76.0771     -74.9112 -1.022 -1.149  762 
   55969.097700    -438.9974     125.5045    -463.7882     125.6252    0.2223    -193.8677    -187.9900 -2.227 -1.561  762 
   56008.133000      -6.2404     121.9447     -72.9796     122.1895    0.0489    -112.3924    -107.5739 -1.193 -0.848  762 
   56009.120000     363.2392     138.6374     330.8438     138.7599    0.0535    -524.4060    -508.6445 -3.618 -4.249  762 
   56045.147000   -1326.6628     230.6184   -1383.2299     230.6624    0.2276    -129.2552    -127.7601 -0.559 -0.922  762 
   56215.446700     -88.5027     120.0781    -153.2285     120.3591    0.2339     973.2109     926.6720  9.138  8.702  762 
   56217.444300     543.9938     179.5366     450.0860     179.6365    0.4486    2222.2594    2192.3365  8.978  9.709  762 
   56254.418300    -290.4356      73.9445    -337.9202      75.5341    0.0666     193.7964     159.2617  4.891  5.047  762 
   56301.218900    -113.3400     145.0450    -173.0885     145.2162    0.3657    1487.9159    1444.5260  8.161  8.314  762 
   56302.299000     229.1756      86.5397     205.5477      86.8274    0.1697     312.1181     291.8788  5.132  5.597  762 
   56337.368100    -119.1644      78.3008    -198.1106      79.2367    0.0513     377.9097     330.4229  6.631  7.210  762 
   56417.143800     252.5816     100.8722     240.5152     101.1543    0.1186     123.3514     115.6912  2.614  2.115  762 
