   1723.5389404    917.6220093  869  Rlc00179.1722.917   1722.5310059    918.3690186     -8.1359997      0.0044000  Vlc00154.1722.917   1722.5329590    918.4190063     -8.0229998      0.0108000  Blc00088.1722.917   1722.5439453    918.3790283     -7.8829999      0.0069000  Ulc00057.1721.917   1722.4580078    918.3920288     -8.2250004      0.0090000
   1926.3409424   2431.9560547  912   Rlc00188.1922.2434     1922.8480225   2435.1740723    -9.2549999999999990       0.0437000000000000   Vlc00150.1922.2434    1922.9930420   2435.2119141   -9.0909999999999975       0.0221000000000000   Blc00095.1922.2434  1923.0749512   2435.1760254      -8.8989999999999974       0.0214000000000000  Ulc00924.1922.2434   1923.1400146   2435.1779785    -9.2080001831054688       0.0489000007510185  
   1762.6700439   1967.5670166  897 Rlc00138.1760.1969   1760.8070068   1969.9489746    -8.7360000000000007       0.0072000000000000  Vlc00565.1760.1969  1760.8199463   1969.9730225     -8.4630002975463867       0.0121999997645617   Blc00582.1760.1969   1760.8360596   1969.9680176   -7.9549999237060547       0.0076000001281500   Ulc00023.1760.1969  1760.8170166   1970.0140381    -7.9980000000000011       0.0060000000000000 
   1526.1090088   1916.3020020  1061  Rlc01197.1524.1915   1524.5050049   1915.5949707     -9.1110001      0.0020000  Vlc01858.1526.1918   1527.0799561   1919.0999756     -8.8509998      0.0020000  Blc00877.1523.1915   1523.7110596   1915.5770264     -8.4060001      0.0030000  Ulc00035.1524.1917   1524.7170410   1918.4100342     -8.5400000      0.0053000
   1271.0260010   2329.9409180  1064  Rlc00157.1269.2331   1270.2790527   2331.9938965     -9.4490004      0.0054000  Vlc00149.1269.2331   1270.3570557   2331.9909668     -9.0439997      0.0095000  Blc00836.1268.2329   1269.3840332   2329.7170410     -8.2449999      0.0030000  Ulc00039.1269.2331   1270.2800293   2331.9729004     -8.1370001      0.0079000
   1191.4040527   3285.9970703  1079  Rlc00632.1189.3286   1190.2380371   3287.1069336     -7.7069998      0.0116000  Vlc01896.1190.3283   1190.5909424   3283.8740234     -6.7890000      0.0060000  Blc00352.1189.3286   1190.2679443   3287.1560059     -5.1900001      0.0113000  Ulc01049.1189.3286  1190.424  3287.128  -4.116    0.0720 
   1540.0069580   3452.2329102  1081  Rlc00113.1537.3452   1538.0150146   3452.8759766     -8.4809999      0.0822000  Vlc00553.1537.3452   1538.2810059   3452.8898926     -7.9130001      0.0658000  Blc00042.1537.3452   1538.1739502   3452.8249512     -6.8470001      0.0539000  Ulc00889.1537.3452   1538.1789551   3452.8579102     -6.9749999      0.0607000
   1462.6049805   4318.2558594  1097  Rlc00074.1461.4318   1461.0000000   4318.0000000      0.0000000      0.0000000  Vlc00067.1463.4317   1463.0000000   4317.0000000      0.0000000      0.0000000  Blc00078.1461.4317   1462.0629883   4317.8281250     -8.5670004      0.0047000  Ulc00043.1461.4317   1462.0179443   4317.8081055     -8.5609999      0.0091000
   1905.4790039   3064.3159180  932   Rlc00118.1901.3066   1901.9219971   3067.3969727   -8.1129999999999995       0.0108000000000000  Vlc00552.1901.3066    1901.9439697   3067.4760742    -7.8759999275207520       0.0137000000104308   Blc00572.1901.3066   1901.9439697   3067.4340820     -7.4889998435974121       0.0049000000581145  Ulc00907.1901.3066   1901.9799805   3067.4440918   -7.6040000915527344       0.0076000001281500  
   1658.0729980   4528.9541016  1100  Rlc00352.1655.4527   1655.9420166   4528.4941406     -5.9460001      0.1943000  Vlc01842.1658.4530   1658.8730469   4530.9619141     -7.6859999      0.0040000  Blc00053.1656.4527   1656.6510010   4528.2148438     -6.7890000      0.0323000  Ulc00887.1655.4527   1656.1090088   4528.2368164     -6.9410000      0.0172000
