   54534.143600   -1499.4138     475.4033   -1915.5037     485.6558    0.5368   -3728.9408   -3278.2504 -14.821 -15.507  762 
   54591.214800   -2873.5556     376.3435   -2868.1141     397.7544    0.2205    -296.0804    -205.8412 -2.990 -2.842  762 
   54861.115600     -87.3325     397.0783    1274.7109     415.1875    0.1200     163.1828     122.3087  1.209  1.135  762 
   54862.106300    -360.4538     344.7022    -110.7313     373.7637    0.0027     231.1278     139.4889  3.132  2.433  762 
   55470.447800   -4666.6485     401.7200   -6532.4495     420.2208    0.6215    -313.1560    -228.4852 -1.839 -3.073  762 
   55536.220400   -1284.1757     367.8441   -2234.2548     392.8261    0.3810      79.4358      52.7109  0.197  0.680  762 
   55538.257000   -2699.5285     355.8072   -4829.1098     387.0445    0.5781     188.2886     110.9576  2.030  2.279  762 
   55540.328200   -2580.8873     401.9176   -2682.9293     420.3865    0.3832    -554.6051    -427.0259 -3.201 -3.032  762 
   55543.325100    1373.3933     338.4512    3064.4560     374.6345    0.3081      23.3029      12.2291  0.858  0.316  762 
   55889.400500   -1858.7755     405.6596   -1950.7096     427.3847    0.4058    -612.9610    -441.8680 -5.118 -4.328  762 
   55889.413600   -3237.5796     401.7643   -3815.4654     418.9463    0.5464    -760.7179    -585.7808 -4.254 -4.612  762 
   55924.296700     784.5106     310.0955    1152.4615     351.5437    0.1279      51.7453      21.5252 -1.303  0.842  762 
   55925.181100   -2260.4289     374.1449   -2844.0047     395.1153    0.3796    -623.8770    -436.3652 -5.781 -5.423  762 
   55925.281600   -2626.6142     340.8815   -3582.6368     371.6467    0.5637    -367.7728    -214.7759 -4.365 -3.632  762 
   55926.293000   -1639.6731     317.9329   -1216.5566     357.9732    0.1352     -47.6862     -22.0359 -1.523 -0.730  762 
   55927.338100    1030.9434     333.7352    2480.0172     367.8145    0.4173      -8.7983      -4.7011 -0.483 -0.105  762 
   55930.390900    2247.2375     391.2271    4379.2635     409.1966    0.4376      65.3735      46.4209  0.041  0.941  762 
   55969.100600   -2796.1185     380.2119   -3952.6310     398.2195    0.5228    -231.4860    -170.8776 -2.872 -1.765  762 
   56008.134600     287.4904     388.2750   -1585.1651     408.7501    0.0483    1535.9822    1118.4145  9.410 10.464  762 
   56009.114400    2792.3662     385.1467    4453.5620     404.0288    0.5595    1581.6736    1141.1780 13.376 12.758  762 
   56009.128500    2750.6279     387.5741    3666.4504     405.5202    0.5903    1446.3897    1066.4910 11.603 10.854  762 
   56045.148400     -53.0332     442.9479     596.4625     454.8180    0.2996    3571.8924    2874.9688 30.070 29.540  762 
   56215.447500   -3498.2803     378.1364   -1917.9722     404.9454    0.2133    -501.5044    -318.2134 -4.396 -5.376  762 
   56217.445100   -1084.5622     515.3892   -1653.3682     525.8268    0.4355   -3109.3752   -2678.1611 -16.621 -16.156  762 
   56254.420000      24.8566       1.7085      24.8566       1.7085      -nan     -24.8566     -24.8566 -1.436 -1.081  762 
   56301.204000   -2100.5931     397.1321   -2124.0924     420.6106    0.3135   -1035.2099    -740.0986 -6.688 -6.368  762 
   56301.237400   -1847.5989     423.4484   -2310.9615     442.1309    0.4885   -2759.7342   -2175.7931 -14.061 -13.517  762 
   56302.300900     747.4855     301.9793     160.1622     322.4933    0.0143    -583.2174    -369.9721 -10.594 -11.086  762 
   56337.369900    1935.0447     339.7711    4852.7271     373.2740    0.2516     -58.6568     -31.3544 -0.771 -0.681  762 
   56417.145600    4986.8038     346.3426   11811.1287     364.7851    0.4175    -247.2214    -165.2905 -3.000 -3.245  762 
