   54534.143600       0.0000       5.6744       0.0000       5.6744      -nan       0.0000       0.0000  0.000  0.000  762 
   54591.214800     291.1747     364.8691     216.1405     388.9759      -nan    -291.1747    -216.1405 -2.096 -2.762  762 
   54861.115600    -475.1088     394.1549    -375.3743     412.7767      -nan     475.1088     375.3743  1.107  3.195  762 
   54862.106300     159.4932     325.4279     108.0467     358.4060      -nan    -159.4932    -108.0467 -0.524 -1.697  762 
   55470.447800    -154.4529     380.0742    -117.6700     401.6141      -nan     154.4529     117.6700  0.587  1.620  762 
   55536.220400    -123.4824     349.2323     -85.6939     378.3230      -nan     123.4824      85.6939  0.916  1.122  762 
   55538.257000    -106.6864     325.0919     -68.8515     363.5550      -nan     106.6864      68.8515  1.316  1.373  762 
   55540.328200     554.7125     391.8310     436.4829     411.9370      -nan    -554.7125    -436.4829 -1.823 -3.109  762 
   55543.325100      89.7678     299.3816      53.5367     352.3205      -nan     -89.7678     -53.5367 -1.640 -1.348  762 
   55889.400500   -2260.8652     386.8741   -1678.9602     411.4424      -nan    2260.8652    1678.9602 16.274 16.866  762 
   55889.413600   -3263.6696     388.4647   -2572.6587     407.0540      -nan    3263.6696    2572.6587 19.812 20.492  762 
   55924.296700      -9.4033       1.7680      -9.4033       1.7680      -nan       9.4033       9.4033  1.402  0.382  762 
   55925.181100     247.0517     351.9240     177.9223     376.3058      -nan    -247.0517    -177.9223 -3.184 -2.346  762 
   55925.281600      88.3275     313.5348      56.0081     350.3197      -nan     -88.3275     -56.0081 -2.110 -0.949  762 
   55926.293000      80.8410     257.3704      45.0281     316.6731      -nan     -80.8410     -45.0281 -1.532 -1.561  762 
   55927.338100     142.5630     296.1334      84.8903     343.9139      -nan    -142.5630     -84.8903 -1.857 -1.930  762 
   55930.390900     235.3808     371.5723     176.1685     397.6091      -nan    -235.3808    -176.1685 -4.434 -3.512  762 
   55969.100600    -590.3045     361.1219    -446.0568     380.6497      -nan     590.3045     446.0568  5.371  4.869  762 
   56008.134600     812.6739     377.4595     625.3684     396.8417      -nan    -812.6739    -625.3684 -7.244 -5.642  762 
   56009.114400     596.9938     372.1273     449.3413     394.8035      -nan    -596.9938    -449.3413 -4.365 -4.934  762 
   56009.128500     803.8174     374.3893     607.7636     396.4161      -nan    -803.8174    -607.7636 -6.310 -6.268  762 
   56045.148400     608.0345     434.0000     499.3921     448.1650      -nan    -608.0345    -499.3921 -5.442 -5.077  762 
   56215.447500    -437.4315     348.5065    -291.1098     385.0725      -nan     437.4315     291.1098  5.243  5.160  762 
   56217.445100     593.6493     505.6662     514.9260     516.7207      -nan    -593.6493    -514.9260 -2.747 -3.157  762 
   56254.420000     113.6958       1.7288     113.6958       1.7288      -nan    -113.6958    -113.6958 -5.057 -4.841  762 
   56301.204000    1285.8308     382.4180     930.2997     409.4988      -nan   -1285.8308    -930.2997 -8.486 -8.299  762 
   56301.237400    2303.2955     412.4675    1829.3217     432.8663      -nan   -2303.2955   -1829.3217 -11.333 -11.638  762 
   56302.300900     -77.3447     270.2456     -54.4866     299.4306      -nan      77.3447      54.4866 -0.043  1.651  762 
   56337.369900     622.3888     310.0228     361.8354     361.8952      -nan    -622.3888    -361.8354 -6.495 -7.603  762 
   56417.145600     463.4818     335.4930     323.7770     365.0511      -nan    -463.4818    -323.7770 -4.726 -5.848  762 
