   54534.143600    2950.6030     417.1591    2903.2163     418.9813    0.0777   -1960.2314   -1854.1647 -9.400 -8.717  762 
   54591.214800    -798.1942     296.3210    -759.8545     299.3451    0.1465     -72.5796     -63.3183 -1.054 -0.823  762 
   54861.115600    1206.5375     329.5413    1140.3817     332.1641    0.1754     704.9961     631.1333  5.369  5.490  762 
   54862.106300    1215.4012     255.4001    1316.9503     259.6140    0.2425     317.8680     262.7212  4.205  4.227  762 
   55470.447800     582.9084     316.7403     663.1532     319.1859    0.1513     111.0581      98.5043  2.129  1.334  762 
   55536.220400     151.5161     279.8949     132.0801     283.7814    0.0043    -135.5071    -114.5271 -2.047 -1.480  762 
   55538.257000     571.6418     254.4565     788.1681     259.1174    0.2772     223.2932     181.2714  4.992  3.613  762 
   55540.328200    -858.0067     329.9872    -889.9719     333.1379    0.1312     157.0207     140.1652  1.907  0.996  762 
   55543.325100    -642.9340     232.6569    -431.2608     238.6686    0.1563    -156.8850    -120.9680 -3.297 -3.037  762 
   55889.400500   -1285.1704     322.1153   -1360.3461     325.5909    0.3054    -254.3500    -221.4631 -2.029 -2.191  762 
   55889.413600    -941.7409     330.5638    -933.5518     333.1900    0.1786     -63.5776     -57.0074 -0.997 -0.451  762 
   55924.296700    -285.9110     196.4164    -558.3641     205.0174    0.1465      13.7891       9.4557 -0.555  0.370  762 
   55925.181100     644.1335     287.8773     673.1639     291.0378    0.0667    -396.8742    -342.5329 -4.219 -4.381  762 
   55925.281600    -765.4213     247.2463   -1086.3541     252.4601    0.3250    -225.8053    -180.1802 -3.280 -3.017  762 
   55926.293000    -380.2080     206.8587    -615.0712     214.6157    0.1831      -2.4987      -1.7883 -0.850 -0.060  762 
   55927.338100    -695.7224     232.0407    -663.8458     238.0931    0.2229      -9.9901      -7.6600  0.273 -0.172  762 
   55930.390900    1587.7705     303.2639    1591.8570     305.6259    0.3131     -73.0842     -64.4101 -1.821 -1.292  762 
   55969.100600     522.2852     301.0534     531.3068     303.7878    0.1099     -95.2306     -83.9852 -0.713 -0.892  762 
   56008.134600     -70.8574     315.4241    -260.8963     318.3779    0.0245     110.4393      97.4706  1.736  0.882  762 
   56009.114400    -629.5319     308.3066    -698.7500     311.2147    0.1630     -33.2599     -29.1423 -0.547 -0.322  762 
   56009.128500     316.7941     311.0154     301.3308     313.7959    0.1046     336.1835     296.3560  2.684  3.040  762 
   56045.148400     836.4279     374.9635     907.1882     376.4538    0.2355    1059.5974     977.1339  9.447  9.948  762 
   56215.447500    1027.7160     276.5778     937.6377     281.0111    0.2237     -86.2450     -71.3860 -1.174 -1.237  762 
   56217.445100    1807.6289     451.3088    1708.4482     452.8661    0.0083   -1876.1157   -1763.7147 -10.886 -10.745  762 
   56254.420000    -102.1427     221.2881    -454.4506     229.2297    0.0950     -95.0481     -69.0565 -3.691 -2.892  762 
   56301.204000      93.9924     313.3995    -260.8020     317.5878    0.1075    -348.0698    -299.1238 -2.388 -2.632  762 
   56301.237400    1593.6688     350.0951    1433.6141     353.4416    0.1340    -770.6096    -691.4016 -4.774 -4.364  762 
   56302.300900    1009.8549     219.6142    1118.2832     222.2532    0.2264     197.4654     167.4750  5.425  4.927  762 
   56337.369900      -6.2661     235.6227    -164.2811     241.7258    0.0541       1.6244       1.2543 -1.077  0.027  762 
   56417.145600     925.3281     259.6823     839.9952     262.8965    0.1576    -159.9018    -136.4536 -2.417 -2.576  762 
