   54534.143600       0.0000       5.6337       0.0000       5.6337      -nan       0.0000       0.0000  0.000  0.000  762 
   54591.214800     -67.2541     314.7508     651.9217     324.4343    0.1073     482.3379     380.0530  3.552  5.080  762 
   54861.115600    -609.6036     339.8204    -302.9435     347.8441    0.0615    -406.7282    -336.7592 -2.609 -3.043  762 
   54862.106300   -1159.4776     280.1323    -875.1811     295.4751    0.0905      83.9324      58.9434  0.153  0.994  762 
   55470.447800   -1541.0870     340.3360   -1890.1980     348.6227    0.2153     247.7916     201.2971  1.207  2.692  762 
   55536.220400     782.4154     302.6834     530.9217     314.9827    0.0416    -397.4268    -299.1214 -2.944 -3.825  762 
   55538.257000    1272.2718     286.8630     983.4110     303.3278    0.1933     230.7169     158.5816  3.363  3.206  762 
   55540.328200    2389.1345     338.4249    2477.0017     346.6855    0.3693    -240.6516    -201.2738 -0.392 -1.433  762 
   55543.325100    2224.6946     267.5239    2552.1995     288.9208    0.4852     159.1106      98.7184  3.837  2.513  762 
   55889.400500    -784.4794     340.8531    -710.8191     351.0213    0.0603    1272.8725    1016.3204  9.126  9.910  762 
   55889.413600    -271.1099     342.9488    -379.7790     350.5080    0.0915    1114.5837     934.7534  7.963  7.348  762 
   55924.296700     535.9387     239.4956    -211.1235     268.1922    0.0489    -105.4988     -53.1137 -1.630 -2.040  762 
   55925.181100   -1197.6730     312.8155   -1436.5269     322.7812    0.2995    -684.4218    -536.9355 -5.866 -6.603  762 
   55925.281600    -714.5825     274.9273    -734.8084     291.4329    0.1850    -215.1031    -146.0334 -2.221 -2.434  762 
   55926.293000    -724.6403     247.7499    -753.3048     274.0078    0.1284     -46.0796     -25.2896 -0.306 -0.836  762 
   55927.338100     954.0471     265.2064     695.1479     285.6737    0.1840     -55.2213     -34.4812 -0.253 -0.773  762 
   55930.390900    -379.6025     329.5876      52.1148     338.7190    0.0184    -186.8678    -147.3212 -3.756 -3.043  762 
   55969.100600   -1276.3608     321.6282   -1521.6065     329.7633    0.3546    -585.4278    -478.0642 -5.348 -4.902  762 
   56008.134600   -3441.3458     330.6339   -3795.1601     339.7732    0.5301    -182.2189    -147.8197 -2.643 -1.351  762 
   56009.114400    -319.1076     324.9228     309.3860     334.0345    0.0941     301.5219     240.3352  2.338  2.723  762 
   56009.128500     629.6018     327.8487     827.6678     336.3650    0.0960    -430.4580    -348.9460 -3.126 -3.596  762 
   56045.148400    -980.1005     390.6975    -709.8680     395.5437    0.1562    -703.5815    -613.3552 -6.490 -6.313  762 
   56215.447500   -1359.2896     307.9053   -1026.8369     322.3646    0.2426    -420.0407    -302.9366 -4.837 -5.170  762 
   56217.445100   -1860.8100     459.7672   -1877.2033     463.8095    0.3927   -1297.1505   -1180.0647 -8.247 -7.157  762 
   56254.420000    4418.8749     266.8506    3192.5091     295.7015    0.1860    -141.6930     -78.8088 -4.566 -3.332  762 
   56301.204000   -1315.2688     329.6589   -1526.0506     341.1568    0.3098    -459.0365    -361.6327 -3.742 -3.142  762 
   56301.237400    -630.3140     358.8276    -717.3199     367.3456    0.2217    -782.5523    -663.0819 -4.453 -4.164  762 
   56302.300900    -366.3820     251.3867     -95.0626     261.4618    0.0544    -526.3599    -389.4269 -11.503 -11.151  762 
   56337.369900    -646.7371     268.3785     392.6556     288.1936    0.0613     185.5377     116.2104  2.481  2.506  762 
   56417.145600    2245.5982     281.8996    3327.2837     293.1152    0.3315      53.5797      39.5264  0.227  0.817  762 
