   54534.143600       0.0000       5.6486       0.0000       5.6486      -nan       0.0000       0.0000  0.000  0.000  762 
   54591.214800   20216.9682     359.1478   19531.0537     371.6633    0.8138     364.0799     279.7222  2.785  3.590  762 
   54861.115600   -8144.7547     392.5011   -7506.4327     404.1673    0.4777    -794.9229    -637.9820 -5.147 -5.550  762 
   54862.106300  -10842.9569     331.1719  -10866.4346     349.9618    0.7195     156.1158     106.9602  1.947  1.713  762 
   55470.447800   -1958.3059     384.9079   -3249.5179     396.9788    0.2992    -108.2694     -84.3320 -0.535 -1.119  762 
   55536.220400    5600.9266     350.5596    5045.0958     366.5224    0.5158    -449.1325    -326.0587 -5.748 -4.128  762 
   55538.257000    2483.8810     333.1077    1616.0439     353.5095    0.2400     242.6631     161.7371  2.643  3.171  762 
   55540.328200    4229.5378     391.7795    3768.2683     404.1542    0.3122   -2395.6499   -1938.3183 -12.996 -13.753  762 
   55543.325100    5304.8562     314.3802    7617.7624     337.9733    0.6060    -170.8082    -104.6153 -2.827 -2.574  762 
   55889.400500    7480.9153     390.2352    7421.3973     404.4650    0.7772     265.6024     204.2657  0.599  1.986  762 
   55889.413600    9619.5199     389.4394    9570.7639     400.5803    0.7747    -761.6964    -617.8111 -3.589 -4.837  762 
   55924.296700      21.0475     284.1123   -1260.8969     317.6799    0.1327       9.2012       4.6047 -0.110  0.171  762 
   55925.181100   -1657.1624     358.4242   -2328.8111     372.1930    0.2309    -894.4007    -673.0005 -8.423 -8.295  762 
   55925.281600   -3599.3574     323.7200   -4274.1578     344.4745    0.3663    -264.4116    -172.9625 -3.442 -2.828  762 
   55926.293000   -1926.1247     293.0485   -1724.2879     323.5137    0.2590      14.6046       7.8425 -1.000  0.254  762 
   55927.338100     255.9518     312.6109     605.5472     336.7671    0.1573     -36.3077     -21.9735 -0.574 -0.483  762 
   55930.390900     158.9009     370.7845    1091.9935     383.2676    0.1541     215.5745     163.3208  3.200  3.307  762 
   55969.100600    3321.6785     365.9716    2804.3499     377.6499    0.2749    -946.9985    -743.3790 -7.803 -7.654  762 
   56008.134600    2528.2880     379.0114    2091.5600     391.5341    0.1503   -1197.7681    -942.3605 -10.353 -8.408  762 
   56009.114400    4785.9615     371.1656    4987.3867     384.2644    0.5552    -609.2980    -465.6930 -5.251 -5.205  762 
   56009.128500    5375.0715     373.6384    5738.5146     385.8690    0.6607    -804.3260    -625.5015 -5.371 -6.424  762 
   56045.148400    3990.3244     430.9816    3894.0437     438.6268    0.1755   -2017.3161   -1696.9921 -15.500 -17.251  762 
   56215.447500   17289.2707     351.8983   17770.3950     369.7553    0.9162     162.0317     112.8107  1.445  1.922  762 
   56217.445100   17968.7403     503.2070   17742.3993     509.8393    0.8526   -3252.4709   -2884.5525 -19.015 -17.509  762 
   56254.420000   -1066.5760     314.4274    -923.2848     347.2940    0.0511      38.8620      21.3148 -0.913  0.854  762 
   56301.204000    -399.6374     383.6289    -877.9801     399.7848    0.2733   -1065.4285    -807.0060 -7.422 -7.043  762 
   56301.237400    -952.7976     414.6668   -1626.9585     427.7190    0.4389   -3879.3621   -3175.1004 -20.530 -20.017  762 
   56302.300900    -272.5244     285.1590    -601.7442     298.3521    0.0823    -201.1314    -143.4646 -3.690 -3.967  762 
   56337.369900    5714.3057     316.4115    5431.9069     339.3880    0.4638     326.6436     201.8016  3.616  4.221  762 
   56417.145600    5431.2226     324.6946    7058.2944     338.7702    0.4228       0.0000       0.0000 -1.652  0.000  762 
