   54534.143600    2946.3812     428.5021    2673.9560     437.6126    0.1758   -1452.2406   -1348.8274 -5.750 -6.363  762 
   54591.214800   -6232.4151     295.3715   -6575.2981     314.5021    0.3023      22.7122      19.4991  0.058  0.261  762 
   54861.115600    1647.7853     327.5020    1963.0502     342.4619    0.1395    -259.1000    -229.1836 -0.763 -2.083  762 
   54862.106300    3742.2384     236.5209    4566.6288     260.3019    0.3393      79.8802      67.6873  0.523  1.133  762 
   55470.447800    4308.3019     315.3048    3997.6122     330.5847    0.3333    -310.6517    -282.4326 -4.532 -3.678  762 
   55536.220400    4638.9630     273.2632    4255.5960     295.7950    0.3560    -201.5241    -174.7982 -1.961 -2.186  762 
   55538.257000    4105.8781     235.1132    4707.5236     259.7330    0.4840      51.0887      44.3864  1.127  0.871  762 
   55540.328200    2806.9299     337.4118    2695.3631     354.1047    0.3408    -408.9900    -358.0583 -2.524 -2.514  762 
   55543.325100     371.6938     198.3473     357.0909     224.0923    0.0547      40.9651      34.9230  1.398  0.853  762 
   55889.400500    -233.6132     325.7188    -692.8129     344.9210    0.1762    -321.4220    -280.6943 -2.244 -2.682  762 
   55889.413600     411.7517     338.0011     185.0827     352.0901    0.0211    -350.5608    -311.2049 -0.906 -2.409  762 
   55924.296700     -21.9382     134.3321    -210.7036     159.9032    0.0260       6.6111       5.9930  0.324  0.214  762 
   55925.181100    2385.2785     290.7531    2398.5596     310.3216    0.3123    -442.8378    -388.7590 -5.329 -4.664  762 
   55925.281600     954.6227     226.3384     618.8249     252.5931    0.1523     -47.4124     -40.8005 -0.560 -0.661  762 
   55926.293000     366.2092     152.5960    1378.9106     177.5785    0.1758     -46.5220     -42.4752 -0.311 -1.308  762 
   55927.338100   -1773.0747     200.1379   -2339.3998     227.0394    0.3817     -31.4607     -27.1939 -0.837 -0.581  762 
   55930.390900   -2097.2635     290.1801   -1906.9957     304.1047    0.2665    -174.0111    -161.5944 -1.932 -3.188  762 
   55969.100600     955.0132     308.7530     325.3934     325.3263    0.0022    -381.0953    -336.7482 -3.396 -3.382  762 
   56008.134600   -2630.4208     319.0564   -3715.5444     335.3812    0.4802    -369.9918    -321.6075 -2.367 -2.931  762 
   56009.114400   -3997.0685     303.7924   -4188.6872     319.4542    0.5045     -55.8236     -49.8186 -0.715 -0.549  762 
   56009.128500   -2001.3424     313.6162   -1495.8237     329.1069    0.2169    -145.7670    -129.0901 -1.580 -1.296  762 
   56045.148400   -3649.4363     383.6187   -3867.7776     392.7549    0.3946    -721.0744    -661.1360 -5.346 -6.685  762 
   56215.447500    -527.3275     265.0816    -201.3054     288.3916    0.0306      47.0859      41.0231  0.594  0.671  762 
   56217.445100     659.5059     466.9949     603.1062     474.9586    0.1611   -1983.2228   -1838.6963 -10.367 -11.001  762 
   56254.420000   -5768.4180     173.5377   -5947.7190     190.9791    0.2573    -141.2938    -121.0545 -2.052 -4.748  762 
   56301.204000    1552.0980     319.1661    1915.3975     340.3353    0.1828    -808.4874    -690.7156 -6.193 -5.861  762 
   56301.237400     258.6470     361.8243     -36.3282     377.8426    0.2018   -1589.8954   -1401.5546 -9.719 -8.649  762 
   56302.300900   -1099.1488     201.6614   -1200.9512     212.2913    0.1617    -420.2993    -393.2453 -11.109 -10.818  762 
   56337.369900   -6646.1609     221.0214   -6534.6282     257.9936    0.5218      49.1947      37.7786 -0.489  0.789  762 
   56417.145600   -7958.9025     247.3974   -6830.8763     272.3398    0.4095      52.5760      45.3944 -0.076  0.894  762 
