   54534.143900       0.0000       0.7667       0.0000       0.7667      -nan       0.0000       0.0000  0.000  0.000  762 
   54591.214800       0.0000       3.6026       0.0000       3.6026      -nan       0.0000       0.0000  0.000  0.000  762 
   54861.115600    -510.2734     104.7195    -600.0753     105.5095    0.1899    -117.1051    -107.1447 -0.369 -0.767  762 
   54862.106300     161.8429      86.0200     128.8015      87.3062    0.1050     170.4258     146.7690  1.557  1.559  762 
   55470.447900     120.2630     131.4170      67.0205     131.8860    0.0230      25.2615      23.5396  1.088  0.276  762 
   55536.220500    -212.0346      81.1890    -364.4798      82.9504    0.1193      75.6038      63.2749  0.578  0.622  762 
   55538.257100    -200.2037      76.3766    -452.4391      79.1797    0.2066     -50.0411     -38.4373 -0.246 -0.618  762 
   55540.328300      86.2360     103.8917     -25.0470     104.9685    0.0107      63.9498      58.1143  0.518  0.334  762 
   55543.325200    -200.4849      77.5505    -353.2662      80.3678    0.1364     128.6743      98.2872  0.932  1.777  762 
   55599.154200     -28.4173      93.4052    -163.7095      94.4095    0.0461      25.9657      23.5232  0.079  0.137  762 
   55924.297000     -55.2705      70.1731    -152.2432      75.5932    0.0669      55.9853      35.6772  0.761  1.156  762 
   55925.231600      28.8549      88.2218     -40.2859      90.0861    0.0623     -79.7731     -66.4157 -0.725 -0.792  762 
   55926.293300     -60.2856      66.9539    -138.7757      73.2951    0.0914      -1.9753      -1.1563 -0.453 -0.037  762 
   55927.338400     -68.7707      82.6775    -127.6329      85.7222    0.0879     -46.4708     -35.2363 -0.612 -0.589  762 
   55930.391100     587.3603     125.6056     579.3071     126.2711    0.1309    -153.9890    -141.0637 -1.274 -1.977  762 
   55969.099700    -226.3068      83.3988    -241.1679      84.9580    0.1149      37.5726      31.9127  0.144  0.302  762 
   56008.135200      91.6126      92.0287     -24.0521      94.3954    0.0512     199.4617     164.6464  1.321  1.356  762 
   56009.121900     -19.4363     102.9009     -85.9495     104.2777    0.1027    -144.3666    -126.4416 -0.895 -1.030  762 
   56045.149100   -1163.7054     164.0904   -1162.4925     164.3466    0.2487     -12.7504     -12.2905  0.180 -0.077  762 
   56215.448600      13.2861     103.7256     -74.4911     105.1822    0.0507     233.8511     204.2694  1.645  1.693  762 
   56217.446200    -465.6347     132.2390    -557.8762     132.9828    0.0780     906.2426     851.1924  3.863  4.303  762 
   56254.420200    -299.1901      76.3374    -369.1308      82.4013    0.2208      10.9607       6.8411 -0.066  0.212  762 
   56301.220900     359.1124     114.9318     299.8285     115.9443    0.2757     333.8857     307.3328  1.394  1.538  762 
   56302.301100     365.4582      68.9705     363.4848      70.6440    0.1450     -21.7001     -17.5416  0.121 -0.346  762 
   56337.370100    -322.6527      72.1387    -363.1535      76.5715    0.1710      82.9495      55.3656  0.862  1.249  762 
   56417.145900    -167.0880      81.3959    -196.6418      83.4871    0.1708    -180.0768    -144.4003 -1.383 -2.244  762 
