   54534.143900 -868015.2066      13.0148 -877474.3331      13.0508    0.7932   10036.5995    9905.3028 359.927 428.909  762 
   54591.214800     -36.7767      76.2079     -83.8640      76.5458    0.0123      55.2913      51.3923 -0.326  0.511  762 
   54861.115600     399.2771     100.1101     307.6102     100.3718    0.1476     189.0803     179.6810  1.117  1.267  762 
   54862.106300     337.7074      79.3047     308.3205      79.6614    0.1598     114.4225     105.5245  0.991  1.123  762 
   55470.447900    1178.6157     125.4498    1130.4093     125.5612    0.2591    -120.8605    -116.9233 -0.168 -1.372  762 
   55536.220500      75.5639      74.3804      46.9011      74.8368    0.0711     133.8777     121.8339  0.516  1.190  762 
   55538.257100     238.3986      66.9487     190.6074      67.6133    0.0917      11.5847      10.1255  0.277  0.162  762 
   55540.328300     316.6571      99.3381     253.0241      99.6844    0.1475     165.0438     156.1555  1.118  0.887  762 
   55543.325200     256.0092      67.1239     223.6514      67.7930    0.0765     -75.1255     -65.4666 -1.339 -1.192  762 
   55599.154200     163.0540      88.9812     113.2234      89.3074    0.1764     479.1719     454.1909  2.545  2.602  762 
   55924.297000     -18.1486      56.4410      -0.5954      57.5583    0.0001       0.5335       0.4236  0.384  0.014  762 
   55925.231600     345.2210      80.0873     321.0783      80.5625    0.1836      26.5203      24.1070 -0.151  0.287  762 
   55926.293300     131.1362      53.0893     113.0855      54.5303    0.0581     -21.7086     -16.4149 -0.517 -0.532  762 
   55927.338400     -56.6550      72.5613    -124.1122      73.4239    0.0467      36.8698      31.7639  0.631  0.529  762 
   55930.391100      14.4535     119.8300     -20.5375     119.9995    0.0167      87.5767      83.7678  0.995  1.163  762 
   55969.099700      68.8027      76.7829      33.1169      77.2633    0.0488      57.3970      52.3469  0.506  0.492  762 
   56008.135200    -130.5478      85.0580    -216.7237      85.8214    0.0576     418.9922     374.8535  2.142  3.060  762 
   56009.121900     194.5278      96.3565     138.8158      96.7738    0.1093     103.2762      95.7512  0.337  0.777  762 
   56045.149100     511.4193     162.7219     445.7456     162.8131    0.1648     374.4255     367.5906  1.826  2.237  762 
   56215.448600     339.3540      96.5027     246.6321      96.9741    0.0538     -98.9325     -91.6045 -0.990 -0.764  762 
   56217.446200     946.5476     127.2307     868.2583     127.4609    0.3011     220.3001     212.6489  1.168  1.074  762 
   56254.420200     119.8662      60.5053     134.3303      61.7798    0.1086      51.3182      40.2513  0.550  1.310  762 
   56301.220900     412.2239     110.4281     346.9929     110.8122    0.2712     362.0850     344.2383  2.192  1.707  762 
   56302.301100     108.7508      60.9313      49.8850      61.3416    0.0193       5.1921       4.6410  0.091  0.093  762 
   56337.370100     360.0353      59.9040     351.8517      61.0184    0.1970     -14.1582     -11.4751 -0.312 -0.258  762 
   56417.145900      44.0902      72.2897      40.6422      72.7572    0.0032     -37.1540     -33.1630 -1.071 -0.519  762 
