   54534.143900   27613.3379      16.5988   19286.4747      16.6166    0.2301   56457.4561   56645.1612 1549.728 1818.261  762 
   54591.214800    -242.9527      87.3064    -311.9518      89.0080    0.0470     203.5316     171.8479  2.204  1.705  762 
   54861.115600     214.7403     108.7187      34.6903     110.1256    0.0496    -242.9925    -214.9530 -1.530 -1.575  762 
   54862.106300    1633.6704      91.3632    1706.9312      93.0687    0.4662      10.4763       8.7854  0.441  0.091  762 
   55470.447900     293.1641     135.9791     181.2179     136.8534    0.0127    -133.5351    -121.2778 -2.387 -1.432  762 
   55536.220500     195.3452      86.9895     105.2645      89.5633    0.0931     157.6793     126.5785  0.547  1.241  762 
   55538.257100     -60.0676      82.5311    -211.7027      86.5633    0.0657      84.5703      60.5697  0.123  1.009  762 
   55540.328300     371.1242     109.1321     214.5280     110.9154    0.0913     109.9312      97.0837  1.056  0.560  762 
   55543.325200      44.6544      84.5764     -33.5919      88.4638    0.0107      12.2376       8.7622  0.394  0.162  762 
   55599.154200     837.9715      97.8515     741.7448      99.4371    0.2148      15.7872      13.9680  0.010  0.082  762 
   55924.297000     -74.8558      78.1588    -134.7213      84.8828    0.0806      -0.6494      -0.3736  0.029 -0.013  762 
   55925.231600     497.8336      94.8438     468.1334      97.6307    0.2246     -47.1710     -37.5142 -0.956 -0.445  762 
   55926.293300     -77.4140      75.6026    -495.7029      83.9268    0.2722     -43.6758     -22.7318 -0.505 -0.752  762 
   55927.338400     269.1206      89.8902     211.5123      94.3103    0.0937     -52.5723     -37.3583 -0.320 -0.632  762 
   55930.391100     -86.5203     130.1603    -171.0500     131.4309    0.0626     -80.8258     -71.2469 -1.222 -1.032  762 
   55969.099700     281.0389      89.4802     258.7943      91.8057    0.1018     -53.5529     -43.6161 -0.002 -0.410  762 
   56008.135200    -392.4084      98.9583    -379.6744     102.6725    0.0931     222.9082     174.5426  1.710  1.455  762 
   56009.121900     -51.4057     108.7835     -82.4728     111.0232    0.0484     -30.9790     -26.0731 -0.161 -0.215  762 
   56045.149100     -43.6124     167.1328    -130.8573     167.6271    0.0307     -31.1814     -29.5924 -0.409 -0.188  762 
   56215.448600     631.4942     109.6955     641.7616     111.8454    0.2733     239.6071     202.5094  2.095  1.698  762 
   56217.446200     522.1955     137.2476     379.6437     138.4820    0.2266     627.0589     577.8280  2.584  2.934  762 
   56254.420200     389.3276      83.9773      93.3457      91.5632    0.0420     -16.2513      -9.1938 -0.056 -0.303  762 
   56301.220900     411.6127     120.4784     363.9916     122.1499    0.2754     364.3250     327.3643  1.725  1.647  762 
   56302.301100     451.0496      73.6192     566.6141      75.9463    0.2950     127.0808      97.0942  2.881  2.006  762 
   56337.370100     259.3423      79.6350     -10.0495      86.1452    0.0508    -142.3304     -85.3361 -2.124 -2.038  762 
   56417.145900     369.7695      86.7083     374.2724      90.0198    0.1051    -190.0889    -142.5325 -2.571 -2.335  762 
