   54534.143900       0.0000       0.5826       0.0000       0.5826      -nan       0.0000       0.0000  0.000  0.000  762 
   54591.214800       0.0009       3.5922       0.2715       3.5959    0.0026       0.0000       0.0000 -0.124  0.000  762 
   54861.115600     285.9772      98.0984     229.9995      98.3575    0.1179     188.3709     179.7299  1.464  1.247  762 
   54862.106300    -542.9248      77.5869    -567.1372      78.1356    0.2190     -57.4723     -51.9846 -0.749 -0.568  762 
   55470.447900     377.7032     124.8019     316.9432     124.9665    0.0686     -29.2787     -28.1144  0.486 -0.330  762 
   55536.220500     477.8286      71.4546     475.8113      71.9762    0.1915      61.7377      55.7708  0.300  0.549  762 
   55538.257100      42.4431      66.5328      28.9717      67.5515    0.0974     184.6578     156.8702  2.790  2.455  762 
   55540.328300     122.6504      95.8034      53.2370      96.2365    0.0428      70.1016      66.1412  0.660  0.376  762 
   55543.325200       0.0000       2.6625       0.0000       2.6625      -nan       0.0000       0.0000  0.159  0.000  762 
   55599.154200       1.8375      86.0217    -105.3734      86.4659    0.0328       5.7674       5.4245 -0.166  0.031  762 
   55924.297000      36.9354      58.1196     -38.8082      60.9186    0.0333     -23.4992     -17.0549 -0.156 -0.553  762 
   55925.231600      42.2433      78.1576      27.7899      78.9063    0.0623      94.4323      84.0073  0.771  1.015  762 
   55926.293300     390.8440      53.6443     438.1934      56.6886    0.3314     119.4105      81.5088  2.097  2.645  762 
   55927.338400     -14.8180      71.6269     -48.3219      72.9657    0.0177      92.0009      76.4129  1.382  1.275  762 
   55930.391100     -73.6345     120.5765    -130.3153     120.8420    0.0221      54.5534      51.7039  0.501  0.701  762 
   55969.099700     -42.2348      74.0382     -80.1508      74.7233    0.0914     273.1471     245.0086  2.718  2.334  762 
   56008.135200     298.4481      81.8715     190.2987      82.8869    0.2074     369.8146     326.4121  2.417  2.649  762 
   56009.121900      75.4443      93.6847      35.8921      94.2212    0.1458     305.9850     282.1979  2.493  2.280  762 
   56045.149100    -326.5540     162.0596    -426.7960     162.1830    0.0353     251.3390     245.9068  1.811  1.482  762 
   56215.448600    -190.1674      93.8576    -243.7201      94.5269    0.1245     -17.7450     -16.2420 -0.754 -0.135  762 
   56217.446200     356.3498     123.3000     244.8167     123.5945    0.1889     538.2893     518.5241  2.544  2.614  762 
   56254.420200    -137.6921      63.2313    -175.0554      66.3921    0.1372     -87.2542     -61.3023 -1.930 -1.955  762 
   56301.220900     249.4195     106.4373     191.2399     106.8530    0.0817     -32.5078     -30.8113 -0.042 -0.153  762 
   56302.301100     567.8393      61.1285     569.6571      61.8260    0.1731    -193.6287    -169.0527 -2.537 -3.307  762 
   56337.370100    -107.9452      60.7002    -101.3030      62.6308    0.0577       0.7686       0.5905  0.079  0.013  762 
   56417.145900    -431.9431      72.6520    -439.0976      73.4847    0.1030     147.1511     128.6257  2.524  1.936  762 
