   54534.143900   79649.2164       9.0835   74712.2146       9.0928    0.6048   73090.5688   73121.6069 4021.400 3815.190  762 
   54591.214800    1374.4118      97.9968    1519.0999     101.2105    0.4142     139.3944     110.0020  0.102  1.111  762 
   54861.115600     952.6681     121.9322    1120.4135     124.3976    0.2869     -25.2587     -21.5982 -0.529 -0.150  762 
   54862.106300    -384.6238     106.0156    -919.9091     111.0452    0.3049    -155.9576    -115.4850 -1.452 -1.264  762 
   55470.447900     712.2270     146.8381     762.8670     148.8079    0.2025     153.5616     132.7789  1.862  1.572  762 
   55536.220500    1843.4763     100.0231    2026.2288     104.6166    0.4780    -408.8584    -303.2544 -1.598 -2.991  762 
   55538.257100     415.8703      98.8356     620.8429     105.4928    0.2569     -10.7604      -7.0576 -0.111 -0.112  762 
   55540.328300     871.4034     123.3303     918.8007     126.7383    0.2690      95.9696      80.8847  0.426  0.458  762 
   55543.325200    1659.1778      99.6330    2438.8039     105.7427    0.6094     -21.0410     -13.6625 -0.470 -0.252  762 
   55599.154200    1350.9416     111.8026    1307.4122     115.0039    0.3320       1.2397       1.0441  0.266  0.006  762 
   55924.297000     850.2521      95.9108     464.3901     108.6253    0.1554     -68.7690     -33.7444 -1.211 -1.135  762 
   55925.231600    2048.8425     108.1315    2366.1046     113.2956    0.6252      79.3228      57.8288  0.691  0.700  762 
   55926.293300      96.9432      93.5488     785.7131     106.2886    0.2371      -2.2015      -0.9817  0.012 -0.033  762 
   55927.338400     782.9406     106.5353     898.7075     114.7476    0.4754     247.4126     155.7819  2.062  2.627  762 
   55930.391100     334.6379     145.4367     310.1814     148.0923    0.0581    -117.1070     -97.8205 -1.370 -1.350  762 
   55969.099700     127.8039     103.9812      36.6487     109.0010    0.0556     224.9404     167.2225  1.342  1.591  762 
   56008.135200    1671.8590     114.0315    1742.8798     120.6622    0.5287     156.7722     114.0127  0.566  0.930  762 
   56009.121900     604.6271     123.5053     661.9897     128.0137    0.3035     465.4361     366.2430  2.755  2.975  762 
   56045.149100    -117.5952     180.9607    -273.7105     182.1048    0.0061     257.3520     238.7277  1.534  1.436  762 
   56215.448600    1240.8199     125.1559    1098.5059     130.0274    0.2246    -170.8071    -133.2039 -1.204 -1.118  762 
   56217.446200    1043.9555     150.8761     913.1490     153.5220    0.1392    -361.2092    -319.4961 -1.576 -1.615  762 
   56254.420200     473.8190     104.3233     445.9986     118.5397    0.1301    -116.3438     -53.8044 -1.477 -1.796  762 
   56301.220900     557.7681     135.8626     396.6604     139.6375    0.1172     -41.8308     -35.8114 -0.501 -0.177  762 
   56302.301100    -419.9432      88.8235    -548.2018      94.2901    0.2226     -95.1496     -63.5730 -0.791 -1.274  762 
   56337.370100     243.5565      97.9760     361.8635     108.3153    0.2155     197.5819     105.7744  2.029  2.362  762 
   56417.145900     287.9981     103.0260     117.1396     109.3614    0.0995     260.6717     177.1805  2.036  2.750  762 
