   54534.143900       0.0000       0.9127       0.0000       0.9127      -nan       0.0000       0.0000  0.000  0.000  762 
   54591.214800       0.0000       3.6156       0.0000       3.6156      -nan       0.0000       0.0000  0.000  0.000  762 
   54861.115600   -2539.6813     146.3284   -3049.8011     150.9285    0.4970     -66.0586     -53.4709 -0.705 -0.388  762 
   54862.106300     421.3823     129.0654     734.5439     134.0770    0.1981       7.1490       5.3381  0.216  0.056  762 
   55470.447900    -312.0788     167.0265    -669.5035     170.2333    0.1411    -110.1145     -91.3977 -0.480 -1.070  762 
   55536.220500    1263.3159     125.0025    1050.4652     130.8965    0.2208    -135.0180     -98.1317 -0.860 -0.961  762 
   55538.257100     811.0671     121.3736       0.8642     129.6907    0.0060      30.6163      19.4385 -0.206  0.317  762 
   55540.328300    1493.7825     151.9681    1200.3874     156.9743    0.2502    -348.1048    -286.2614 -1.829 -1.651  762 
   55543.325200     647.5229     124.8037      -4.0975     132.7597    0.0151     -66.5356     -41.9920 -0.776 -0.761  762 
   55599.154200    1914.8735     138.3033    1700.4842     142.9156    0.3705     -90.6779     -74.7904 -0.378 -0.436  762 
   55924.297000    1107.1379     118.1863    1228.0012     128.0601    0.4227      22.5736      11.6978  0.444  0.384  762 
   55925.231600     994.5482     134.4224     889.9355     141.0694    0.3251    -152.6102    -108.2310 -1.575 -1.282  762 
   55926.293300      42.3936     117.1115     -25.1149     128.3901    0.0141     -32.1791     -15.4119  0.102 -0.495  762 
   55927.338400      87.1628     132.3693    -286.8456     141.6203    0.1540    -188.1498    -117.2423 -2.367 -1.961  762 
   55930.391100      31.1200     164.2107     167.5205     168.0967    0.0143    -125.2941    -100.3479 -1.139 -1.423  762 
   55969.099700    1403.0615     129.1386    1401.4876     134.7209    0.4012    -217.2624    -161.0922 -1.774 -1.519  762 
   56008.135200    1340.9088     143.8162    1161.0492     152.0672    0.2148    -576.2481    -411.2798 -3.549 -3.402  762 
   56009.121900    1116.7939     151.0737     935.5571     157.1203    0.2142    -368.6914    -281.9603 -2.516 -2.304  762 
   56045.149100    2441.1109     196.9606    2359.1315     199.0480    0.1930    -732.1278    -658.6166 -3.051 -4.193  762 
   56215.448600    2601.1046     154.1602    2547.1004     160.0128    0.6171     131.9558     101.6735 -0.158  0.844  762 
   56217.446200    2942.5092     181.3252    2677.7004     185.3799    0.3909    -549.9334    -478.6210 -2.403 -2.423  762 
   56254.420200     154.5782     128.5887      84.2890     139.8228    0.0413      67.3763      34.0330  0.828  1.067  762 
   56301.220900    -364.6280     168.8152    -595.0478     174.0254    0.3559    -845.2020    -712.4699 -3.864 -3.574  762 
   56302.301100   -1199.5232     106.1582   -1007.7460     111.6025    0.2962     138.7984      92.6201  1.808  1.853  762 
   56337.370100     535.6991     122.0506     451.9027     132.4457    0.1295     -62.8000     -34.3415 -0.635 -0.788  762 
   56417.145900    -758.8486     125.7590    -811.4623     133.0330    0.2492    -100.9879     -66.7705 -1.906 -1.055  762 
