   54534.146000    2345.6978     404.4475    2278.7677     411.7190    0.0805   -3656.8179   -3308.9705 -14.525 -13.282  762 
   54591.216800   -1226.3620     309.9851    1408.4502     329.1361    0.0549      58.0131      39.5142  1.338  0.565  762 
   54792.424000   -3931.3115     315.0397   -5130.3508     325.8002    0.3788   -1129.3563    -882.6407 -10.240 -10.793  762 
   54794.405400   -2810.4943     304.2582   -7286.4432     348.3485    0.2411     -82.1188     -41.7127 -0.727 -1.089  762 
   54861.117500   -1293.1163     340.2526   -2103.1953     359.5243    0.1862    -623.1670    -445.7977 -5.391 -4.746  762 
   54862.108200   -3520.1417     306.7346   -9728.4718     341.9063    0.3768    -591.0341    -330.7765 -5.702 -6.504  762 
   55470.449700   -2079.8450     395.2370   -3304.8080     408.4655    0.1945     430.4211     340.5449  4.996  3.907  762 
   55536.222400   -3159.7742     322.5634   -5729.0698     349.2004    0.3682      54.8092      36.2009 -0.081  0.421  762 
   55538.258900   -4926.4443     305.9654  -10230.2553     340.6905    0.5378     -71.2873     -40.3212 -1.742 -0.749  762 
   55540.330200   -1597.8289     369.8280   -3079.0929     382.9738    0.2475    -244.4045    -200.5414 -0.098 -1.178  762 
   55543.327000   -2583.0302     298.5448   -5694.1981     336.3242    0.3077    -128.2028     -66.7471 -0.414 -1.685  762 
   55599.156000   -8090.2745     367.8082   -9485.5278     378.6119    0.5665    -443.2932    -370.5625 -2.844 -2.213  762 
   55889.408200   -1902.3105     378.1181   -2464.6459     397.1353    0.3925    -188.6460    -142.9410 -1.783 -1.091  762 
   55924.298900   -2993.1887     316.3185   -4858.2217     360.3561    0.2215     221.1534     119.6891  1.273  2.242  762 
   55925.233500   -2048.7457     354.8644   -1252.8388     376.0319    0.0871      66.3193      48.0350 -0.355  0.478  762 
   55926.295200   -1917.5469     303.3999   -5923.2705     356.2234    0.2694     152.5756      70.1406  1.647  1.848  762 
   55927.340300   -4337.7383     336.8954   -6736.0019     366.4561    0.5217      90.8278      56.8173  1.620  0.800  762 
   55930.393000   -3294.4456     431.6337   -3138.2695     442.6930    0.2010     324.3921     265.5192  3.951  3.106  762 
   55969.101700   -3608.6077     353.2059   -4650.0269     367.6880    0.3467    -242.1228    -191.5630 -2.560 -1.464  762 
   56008.137100   -1014.4153     392.6667   -1920.1374     408.1371    0.2584   -1337.3573   -1077.8731 -5.211 -6.591  762 
   56009.123900   -1510.6923     376.0964   -1645.9412     392.7831    0.1832    -344.2281    -266.3872 -1.578 -2.058  762 
   56045.151000   -2295.3726     461.5254   -2745.9640     469.4136    0.2115    -611.3268    -531.7851 -2.040 -3.618  762 
   56215.450500   -2247.3357     402.6795   -3133.6369     417.8633    0.1790   -1095.9267    -878.0945 -6.961 -6.527  762 
   56217.448100   -2549.0855     480.3900   -2636.9943     488.9010    0.4196   -4047.6209   -3587.1900 -18.845 -18.043  762 
   56254.422100    5980.8124     333.3950    9412.6889     386.7512    0.2192    -339.8662    -166.3314 -4.124 -4.323  762 
   56301.222800   -2111.5523     391.0386   -2046.0187     410.4971    0.3461   -2659.0796   -2048.4234 -13.310 -13.781  762 
   56302.303100    -551.8943     316.5769   -2259.4007     324.7976    0.0952   -2388.3370   -1977.3847 -25.786 -23.502  762 
   56337.372000    4051.0502     317.9329    9875.0274     357.1820    0.2256    -220.7659    -114.2551 -1.562 -2.459  762 
   56417.147800    5352.4335     343.3393    8170.8790     366.5188    0.2098    -489.4907    -333.1017 -4.090 -4.385  762 
