   54534.146000    5437.9321     404.0979    4911.8489     414.7687      -nan   -5437.9321   -4911.8489 -21.340 -20.511  762 
   54591.216800    -583.1809     275.2368    -437.8071     305.9278      -nan     583.1809     437.8071  6.359  7.039  762 
   54792.424000    -977.9488     292.5418    -815.8301     305.6459      -nan     977.9488     815.8301 12.158 10.745  762 
   54794.405400    -144.2549     204.8378    -106.6874     260.0081      -nan     144.2549     106.6874  4.253  3.668  762 
   54861.117500    -437.2046     316.3095    -329.8453     342.3385      -nan     437.2046     329.8453  4.248  3.962  762 
   54862.108200    -136.9790     243.6064     -95.0383     285.0063      -nan     136.9790      95.0383  4.091  2.276  762 
   55470.449700    -483.6090     377.4143    -404.1541     394.9324      -nan     483.6090     404.1541  4.138  4.816  762 
   55536.222400   -1312.1519     291.7819    -975.4527     324.8592      -nan    1312.1519     975.4527 11.414 12.152  762 
   55538.258900    -565.6298     240.5617    -383.2112     285.2694      -nan     565.6298     383.2112 10.438  9.264  762 
   55540.330200     393.5376     374.1699     329.5095     390.6576      -nan    -393.5376    -329.5095 -0.194 -1.931  762 
   55543.327000    -340.1106     208.3760    -237.9805     259.8330      -nan     340.1106     237.9805  8.824  7.909  762 
   55599.156000     579.4665     370.5493     493.2936     384.7451      -nan    -579.4665    -493.2936 -3.988 -2.951  762 
   55889.408200     639.4601     372.6648     500.1566     397.5816      -nan    -639.4601    -500.1566 -3.812 -3.905  762 
   55924.298900     186.4883     259.3785     139.5368     313.4387      -nan    -186.4883    -139.5368 -3.088 -2.504  762 
   55925.233500      51.5467     339.2303      40.1869     368.0019      -nan     -51.5467     -40.1869  1.094 -0.406  762 
   55926.295200      -1.3498     213.8090      -0.9410     275.5533      -nan       1.3498       0.9410  0.949  0.027  762 
   55927.340300      55.5745     303.7436      40.2724     341.7527      -nan     -55.5745     -40.2724  0.262 -0.571  762 
   55930.393000    -231.6484     418.8051    -207.0055     434.5035      -nan     231.6484     207.0055  0.206  2.266  762 
   55969.101700    -154.9919     347.1768    -128.8104     367.0388      -nan     154.9919     128.8104  0.006  0.983  762 
   56008.137100    1841.6509     395.0488    1532.1272     414.6163      -nan   -1841.6509   -1532.1272 -9.562 -9.241  762 
   56009.123900     295.3789     375.1464     240.3404     397.1044      -nan    -295.3789    -240.3404 -3.464 -1.795  762 
   56045.151000    1658.2407     467.2805    1486.9850     477.6612      -nan   -1658.2407   -1486.9850 -10.867 -9.667  762 
   56215.450500    -692.3548     391.7462    -567.9570     413.4680      -nan     692.3548     567.9570  2.476  4.482  762 
   56217.448100    1830.6368     471.8395    1609.9480     484.4469      -nan   -1830.6368   -1609.9480 -8.487 -8.714  762 
   56254.422100      -8.1964       1.9871      -8.1964       1.9871      -nan       8.1964       8.1964 -1.148  0.265  762 
   56301.222800     -20.4871     376.4702     -15.8748     403.8101      -nan      20.4871      15.8748 -0.259  0.119  762 
   56302.303100   -1781.6642     288.5039   -1568.5612     304.7450      -nan    1781.6642    1568.5612 17.744 21.023  762 
   56337.372000    -207.4616     238.7404    -134.1452     295.8204      -nan     207.4616     134.1452  2.611  3.536  762 
   56417.147800    -240.9891     309.7302    -178.3687     344.6741      -nan     240.9891     178.3687  3.864  2.591  762 
