   54534.146000       0.0000       6.2414       0.0000       6.2414      -nan       0.0000       0.0000  0.000  0.000  762 
   54591.216800       0.0000       2.9498       0.0000       2.9498      -nan       0.0000       0.0000  0.000  0.000  762 
   54792.424000    6985.9772     324.7388    7336.9556     335.0881    0.4780   -1222.0595    -949.7457 -11.737 -12.069  762 
   54794.405400    9195.4184     317.5779   12378.8859     351.3542    0.4843      79.1020      41.6435  2.464  1.171  762 
   54861.117500   -7119.9448     361.5270   -6319.8649     379.5903    0.4196    -282.0083    -202.8055 -2.206 -2.253  762 
   54862.108200   -7068.9216     324.6529   -5734.7285     353.4945    0.2609     101.5554      58.2880 -0.845  1.220  762 
   55470.449700    1140.9832     409.7967     322.2040     422.3589    0.1358   -2393.8950   -1887.1096 -21.985 -22.386  762 
   55536.222400    9961.5386     341.0934    9419.5649     364.2553    0.5606   -1341.0734    -902.0008 -10.203 -10.898  762 
   55538.258900    9267.7527     321.2617   10670.7533     349.4987    0.7443    -494.5627    -287.8970 -6.323 -5.735  762 
   55540.330200   10539.6440     395.9964    9809.1993     408.5849    0.4690   -4227.8211   -3477.8058 -22.342 -20.881  762 
   55543.327000   14031.3931     311.8100   17777.0931     341.1213    0.5671    -240.6504    -131.7874 -3.399 -3.522  762 
   55599.156000   13588.8030     389.7800   12356.8420     400.6819    0.6159   -3305.8005   -2759.1773 -18.553 -16.912  762 
   55889.408200   20863.8176     401.0901   20742.9126     418.7027    0.8077   -2235.7438   -1709.3949 -12.820 -13.295  762 
   55924.298900     816.4513     337.1265    1981.5722     371.5739    0.0999    -451.4173    -259.9967 -3.903 -4.873  762 
   55925.233500    2518.5152     377.4901    2271.8952     397.1438    0.1258    -818.6691    -597.3136 -6.476 -6.049  762 
   55926.295200    5303.2515     321.9670    6778.3907     364.3312    0.3040    -134.8695     -64.8137 -2.211 -1.813  762 
   55927.340300    6862.8604     357.1882    8187.5671     382.7206    0.5127    -581.8231    -371.6272 -6.012 -5.381  762 
   55930.393000    1165.2294     449.1802    1561.8907     459.7356    0.0694    -299.4539    -245.4742 -3.643 -2.882  762 
   55969.101700   10802.1871     375.4868   10018.2689     389.0556    0.4089   -1434.6816   -1142.5693 -8.229 -8.952  762 
   56008.137100   12754.0234     419.8883   12073.5612     434.8767    0.5059   -5558.6909   -4499.6547 -26.838 -27.882  762 
   56009.123900    8951.7123     401.4899    8252.3495     417.2650    0.4087   -1762.0368   -1376.3497 -11.042 -10.670  762 
   56045.151000    2460.6029     486.2805    1455.0273     494.3058    0.0511   -2564.1253   -2228.5554 -15.622 -15.000  762 
   56215.450500    2679.6129     427.7968   -4585.3235     443.8364    0.1078     214.1662     170.4936 -0.952  1.302  762 
   56217.448100    6452.3703     504.3953    4813.7515     514.0111    0.0672   -4333.1453   -3802.2048 -20.853 -19.753  762 
   56254.422100   -9118.9228     357.5664  -16669.5239     405.6300    0.4015     348.5644     173.8693  2.567  4.786  762 
   56301.222800  -18404.7222     422.7158  -22028.5153     444.1796    0.8847   -2976.7103   -2253.4142 -14.563 -15.945  762 
   56302.303100  -29594.2025     332.1657  -44257.2991     342.5183    0.4521    1663.5062    1345.7888 17.781 16.668  762 
   56337.372000    1691.9138     340.5370   -1359.6788     377.7261    0.0717     289.8399     153.5965  2.957  3.506  762 
   56417.147800  -12824.9882     368.7012  -24280.1162     395.4133    0.5075     283.8855     190.3261  0.941  2.595  762 
