   54534.146000   -3736.3802     416.9838   -5051.9508     425.8355    0.4899   -4346.9035   -3895.1825 -16.965 -15.692  762 
   54591.216800   -9070.8250     321.2143  -12491.1125     342.9831    0.5879     781.4652     513.0414  6.530  7.657  762 
   54792.424000   -6021.9996     321.5699   -8741.1639     333.2126    0.5230   -1467.9897   -1125.9738 -14.619 -14.057  762 
   54794.405400   -6001.2778     315.0793  -15049.7706     357.4310    0.5171    -568.9249    -273.7946 -8.413 -7.824  762 
   54861.117500   -7825.3642     352.6303  -12927.6455     374.8468    0.6085    -375.8193    -260.2611 -2.475 -2.844  762 
   54862.108200   -8062.3544     318.6162  -21174.1478     355.2922    0.6160     -59.0497     -31.6534 -1.681 -0.658  762 
   55470.449700   -3931.8524     404.6647   -5500.4331     418.6776    0.2268    1247.3063     972.7752 12.811 11.277  762 
   55536.222400   -2903.9621     334.0398   -8345.6687     362.1398    0.4269    -132.2343     -85.4677 -1.438 -1.008  762 
   55538.258900   -9226.0297     317.9021  -24432.6300     355.5307    0.6439      59.6383      31.9750  0.544  0.636  762 
   55540.330200   -5551.2059     383.0490   -6848.2290     397.1826    0.4457    -458.5111    -373.5730 -2.113 -2.177  762 
   55543.327000   -6946.8711     310.0349  -20575.2067     350.0191    0.6104      -8.3594      -4.0952  0.609 -0.113  762 
   55599.156000   -6681.2846     379.5140   -8283.6907     391.2696    0.5322    -684.5543    -568.6302 -4.247 -3.369  762 
   55889.408200   -2774.8991     391.1591   -4204.1605     412.0846    0.4679    -816.4951    -608.0157 -4.739 -4.669  762 
   55924.298900   10083.6790     326.1054   14259.9714     365.2023    0.5158     595.7829     318.7928  6.331  6.129  762 
   55925.233500   -1926.5121     366.7108   -2360.6292     389.2188    0.1259     -30.3225     -21.5303 -0.501 -0.216  762 
   55926.295200   -4869.4218     317.7294  -12570.2572     366.8420    0.4673     332.8209     147.4068  3.587  4.081  762 
   55927.340300   -3793.1144     349.6025   -5867.8201     378.9441    0.3746      28.1685      17.3184  1.342  0.246  762 
   55930.393000   -1406.6156     442.3498     796.2615     453.3407    0.0468     413.9443     337.2695  6.155  3.903  762 
   55969.101700   -1030.4520     364.8199    -873.9358     379.4981    0.0668    -683.2598    -538.4690 -3.906 -4.084  762 
   56008.137100   -3529.6146     406.5802   -3931.6112     423.2390    0.3401   -2059.4504   -1644.0074 -9.441 -10.009  762 
   56009.123900   -1456.6800     388.7046    -673.5595     406.3891    0.0865    -718.4350    -549.8962 -4.582 -4.232  762 
   56045.151000    -237.6823     471.3658    -147.5651     479.9545    0.0278     609.9184     526.3225  1.989  3.578  762 
   56215.450500   -8464.8600     416.4045   -8568.4068     432.5572    0.2864   -1553.6016   -1225.4762 -7.753 -9.198  762 
   56217.448100  -11155.1045     492.7761  -11266.3617     502.7161    0.5427   -3590.5529   -3145.0768 -15.310 -15.945  762 
   56254.422100    3548.9303     347.8112    1935.4342     399.6555    0.0374    -455.1688    -207.0246 -7.084 -5.885  762 
   56301.222800   -6136.4849     405.2832   -7212.2896     427.2734    0.4249   -2307.0304   -1741.4499 -12.098 -11.829  762 
   56302.303100   -3593.3203     323.3837   -4969.8636     332.4692    0.1062   -2101.2912   -1707.1551 -22.417 -20.818  762 
   56337.372000   -2404.1879     333.1128   -2949.7384     372.6432    0.0907    -261.4854    -129.7256 -4.060 -2.950  762 
   56417.147800     550.4814     356.5006    -253.1314     381.7090    0.0155    -685.9421    -453.1148 -6.015 -6.111  762 
