   54534.146000       0.0000       6.1410       0.0000       6.1410      -nan       0.0000       0.0000  0.000  0.000  762 
   54591.216800       0.0000       2.8706       0.0000       2.8706      -nan       0.0000       0.0000  1.980  0.000  762 
   54792.424000       0.0000       3.2130       0.0000       3.2130      -nan       0.0000       0.0000  0.000  0.000  762 
   54794.405400       0.0000       2.0356       0.0000       2.0356      -nan       0.0000       0.0000  0.000  0.000  762 
   54861.117500    4036.6304     222.7969    3912.4654     227.7092    0.4995    1147.8175    1071.2993 13.753 12.583  762 
   54862.108200   10454.0725     151.5614   11791.4857     157.7149    0.6199     365.3134     353.8040  7.015  7.967  762 
   55470.449700    3784.0245     298.5828    3426.8268     300.9458    0.2724    -169.6569    -164.1577 -2.010 -1.906  762 
   55536.222400    4253.1554     202.8037    4379.6848     209.1559    0.5784    1553.5217    1450.7297 18.425 17.599  762 
   55538.258900    5564.0805     149.7321    5528.3118     158.0995    0.5503     803.2324     767.8615 17.027 17.513  762 
   55540.330200    1106.6433     282.7206    1201.5080     285.5509    0.4114    2503.4650    2361.7930 13.378 13.771  762 
   55543.327000       0.0000       2.0461       0.0000       2.0461      -nan       0.0000       0.0000  1.787  0.000  762 
   55599.156000    3995.8093     285.7993    4195.7331     288.0332    0.4600     542.5631     516.5621  2.312  3.082  762 
   55889.408200    1503.9026     273.6268    1479.5316     277.7222    0.4545     552.9741     514.4587  4.431  3.949  762 
   55924.298900    -214.8074     178.7430    -747.3709     188.1058    0.0901       2.0162       1.8983 -1.313  0.032  762 
   55925.233500    2172.8321     246.3420    1951.9669     251.0893    0.3241     422.0161     397.2153  3.787  3.913  762 
   55926.295200   -1047.5144     135.6064   -2063.0363     143.8866    0.2132       3.6583       3.5250  2.184  0.093  762 
   55927.340300   -1100.9496     208.2560   -1269.5170     214.6589    0.1620     149.4517     139.0114  1.151  1.892  762 
   55930.393000     411.3283     358.1257     324.8408     359.7692    0.0034    -376.8699    -364.6569 -0.746 -3.854  762 
   55969.101700    2092.7273     256.4464    2259.1223     260.2814    0.4191     724.5237     690.5871  5.714  5.220  762 
   56008.137100    5269.4110     300.7139    5115.3255     303.7372    0.4654    -451.1606    -427.1578 -2.128 -2.547  762 
   56009.123900    1851.1959     283.4847    1743.1544     287.0581    0.2538      74.6866      70.1857  1.496  0.514  762 
   56045.151000    1831.0752     400.4075    1696.4983     401.6062    0.0795   -2786.8063   -2697.0924 -15.801 -17.133  762 
   56215.450500    3081.4125     292.1032    2959.9335     296.0110    0.3816     950.0567     893.9687  4.709  6.989  762 
   56217.448100    4696.2490     379.6464    4730.4880     381.4349    0.4557     694.6470     668.0386  3.916  3.618  762 
   56254.422100    4843.8508     145.3592    5010.2747     150.7621    0.4305     110.7605     109.7213  0.954  3.160  762 
   56301.222800    5829.8740     267.0428    6195.6227     271.9626    0.7948    1690.6717    1569.4178 11.682 11.723  762 
   56302.303100    5751.5290     232.9855    5648.2356     234.4349    0.4669    2803.3048    2732.0331 36.327 35.530  762 
   56337.372000    2498.4345     155.7738    4132.8989     164.3314    0.3297     -21.1695     -18.4217 -0.613 -0.451  762 
   56417.147800    3023.5670     221.5841    3214.7304     226.7651    0.1573     301.9664     277.1185  2.993  3.875  762 
