   54534.146000     340.9612      38.9077   26914.4134     340.4058    0.8169       0.0000       0.0000 -4.447  0.000  762 
   54591.216800   32150.1412     238.5797   34202.5552     244.3487    0.9217    -396.5747    -321.9746 -5.298 -4.435  762 
   54792.424000   26415.7947     265.5446   26774.8505     268.3304    0.9476     478.7097     423.0288  7.921  5.101  762 
   54794.405400   26121.2441     224.5146   28762.5714     240.5882    0.8877     165.8828     110.8999  2.817  2.666  762 
   54861.117500   27193.6029     268.9922   28299.8162     274.6139    0.9359     497.3361     416.2035  1.845  4.276  762 
   54862.108200   28592.2003     226.8228   31336.5220     238.6075    0.9473      93.2708      66.8971  0.985  1.241  762 
   55470.449700    9646.8364     334.2487   10013.4583     338.1997    0.7620    1288.6373    1133.2501 10.835 13.027  762 
   55536.222400   -1445.2729     255.6001     -48.7764     265.7694    0.0165    -169.6995    -130.3805  0.006 -1.497  762 
   55538.258900     582.6580     234.6917    4051.8418     246.4603    0.2437     -20.7274     -14.8330 -1.102 -0.253  762 
   55540.330200   -2189.1080     306.2649   -1765.8462     310.7331    0.1346     477.4470     423.3318  1.451  2.523  762 
   55543.327000    -668.0527     226.7268     787.8013     241.6828    0.0668      57.0902      38.1126  1.260  0.881  762 
   55599.156000    -526.2529     307.3231      25.6150     310.5986    0.0683     779.3335     703.5988  3.761  4.263  762 
   55889.408200    5743.1074     307.2220    6081.3507     313.7505    0.7150     306.7758     260.1098  1.471  1.988  762 
   55924.298900   -4601.0787     240.3669   -6382.0562     263.4594    0.4197     322.2758     205.5376  4.668  3.984  762 
   55925.233500   -4848.3682     288.3186   -5106.6486     297.0851    0.4375     234.2201     190.0149  2.957  1.905  762 
   55926.295200   -4280.6384     225.9406   -4632.7442     253.0346    0.3378     -38.3220     -21.9654 -0.928 -0.576  762 
   55927.340300   -3714.3000     262.2219   -4261.7618     275.3136    0.3811    -271.7459    -199.3696 -4.156 -2.852  762 
   55930.393000   -5166.3178     368.3497   -5834.1855     372.5891    0.3543    -149.4487    -132.2510 -0.751 -1.620  762 
   55969.101700   -3205.0245     288.0761   -3382.0919     293.6538    0.2777     306.3166     263.8888  2.665  2.059  762 
   56008.137100    -915.5801     325.3671    -865.1088     330.7706    0.0504     375.8051     328.9982  2.101  2.045  762 
   56009.123900   -2565.5818     308.0958   -2735.4568     314.5522    0.3296    -438.4672    -373.0046 -3.382 -2.957  762 
   56045.151000   -1832.1054     404.2854   -1711.7123     406.5880    0.0501    1126.8813    1042.3084  4.636  7.257  762 
   56215.450500    8864.7749     332.6628    9333.8888     337.5307    0.5965    -778.4234    -686.0611 -4.412 -5.043  762 
   56217.448100   10630.4439     421.1888   10887.7731     423.3196    0.6210   -1348.1865   -1268.5460 -4.046 -6.256  762 
   56254.422100   14768.7366     248.1195   13877.5635     273.3262    0.4161      33.3882      20.8576  1.558  0.512  762 
   56301.222800   13169.7541     316.7383   13976.8039     322.7117    0.7900   -1181.4711   -1020.2041 -6.828 -6.681  762 
   56302.303100   13573.9237     270.8529   13931.4715     273.0457    0.5546    -110.6595    -100.6361 -4.535 -1.166  762 
   56337.372000   10059.3815     236.8119   12513.9847     255.4717    0.4848    -419.7363    -269.8340 -4.484 -5.472  762 
   56417.147800    3562.9079     274.3948    5008.0118     283.6534    0.2565    -393.1511    -309.1201 -4.612 -3.984  762 
