   54534.146000       9.9097     307.6051    -182.8153     308.0300    0.0452    -254.0255    -248.5994 -0.119 -1.013  762 
   54591.216800    3170.0466     183.9686    2804.2689     185.7777    0.3154     238.4890     223.3935  3.289  3.400  762 
   54792.424000    -521.6574     230.9904    -653.3804     231.4902    0.3289   -1777.4986   -1715.1412 -20.613 -21.556  762 
   54794.405400   -1213.5327     144.5302   -1688.9140     148.8140    0.3068    -307.8051    -273.0051 -9.892 -8.210  762 
   54861.117500   -2077.2154     217.4722   -2308.9431     218.9747    0.5039   -1321.2714   -1232.1475 -14.426 -13.889  762 
   54862.108200   -1449.8900     159.5669   -2068.8361     163.4462    0.4460    -893.5955    -797.7078 -16.790 -17.274  762 
   55470.449700     101.8160     291.6047      57.3151     292.1397    0.0118      70.1189      67.6576  0.001  0.779  762 
   55536.222400    -511.1054     195.8698    -546.2701     197.6764    0.2747   -1486.0592   -1368.3062 -16.468 -16.296  762 
   55538.258900   -2019.8724     157.6243   -2466.0731     161.5562    0.5734   -1041.5044    -919.4416 -21.341 -19.588  762 
   55540.330200    -426.3587     266.8811    -499.7734     267.5262    0.3677   -3159.8673   -3044.5521 -17.931 -17.563  762 
   55543.327000   -1048.2325     139.9190   -1759.2617     144.8672    0.3459    -671.3066    -596.1935 -17.592 -17.563  762 
   55599.156000   -1105.6069     272.8845   -1338.2509     273.4775    0.3944   -2859.9763   -2765.7209 -16.459 -16.222  762 
   55889.408200    -648.8106     258.3326    -763.7119     259.5019    0.4431   -1261.7643   -1191.9761 -9.458 -9.114  762 
   55924.298900      33.6064     168.4041     208.6532     171.6359    0.0189    -330.7324    -292.1434 -5.874 -5.328  762 
   55925.233500     361.7203     233.5861     386.3207     234.7746    0.0793    -946.5750    -890.5407 -9.552 -8.848  762 
   55926.295200    -607.7630     139.1038    -699.2786     144.3990    0.2028    -230.2459    -199.9203 -6.850 -5.395  762 
   55927.340300    -197.3943     197.4240    -303.0847     199.8378    0.1146    -415.9416    -383.4374 -6.481 -5.329  762 
   55930.393000    1328.5777     336.2777    1397.8364     336.6368    0.1120    -184.1476    -179.8748 -2.589 -2.007  762 
   55969.101700    -118.3752     243.3328     -32.0523     244.0138    0.1912   -1202.8328   -1153.3185 -7.600 -8.623  762 
   56008.137100     237.9402     283.3599     144.0680     284.1551    0.0921    -955.4369    -918.0513 -6.212 -5.506  762 
   56009.123900    -834.9187     263.9654    -907.7513     264.8839    0.2821    -732.9764    -698.2544 -6.583 -5.247  762 
   56045.151000    -373.5073     376.2960    -456.4052     376.5961    0.1075    -683.7885    -669.9418 -5.414 -4.454  762 
   56215.450500    -334.7580     279.5329    -368.3286     280.3321    0.1403    1496.2152    1430.3729 13.296 10.867  762 
   56217.448100    -418.3607     372.4529    -505.6113     372.8341    0.1760    2428.2220    2371.6814 11.271 12.280  762 
   56254.422100   -1925.6747     155.7040   -1627.9547     160.5180    0.1875     337.9006     293.1789  8.026  8.504  762 
   56301.222800    -951.2588     259.5162   -1031.3561     260.8821    0.1769    2010.1827    1892.9960 12.395 13.243  762 
   56302.303100     642.2381     231.8904     702.4865     232.2113    0.0471      27.8295      27.0780  0.832  0.339  762 
   56337.372000     861.8079     149.1922     419.2671     155.5349    0.1346     436.3320     376.8231  8.359  9.012  762 
   56417.147800    -555.0453     211.2475    -755.5917     213.2707    0.0661     219.6931     202.4534  4.948  2.786  762 
