   54534.141800    3378.9466     226.7981    3130.3572     229.9996    0.0506   -3036.7227   -2776.7337 -11.731 -11.221  762 
   54591.213000    7070.4702     160.1736    6689.7164     166.1122    0.3562     -59.2404     -44.8477  0.232 -0.570  762 
   54792.421200    3379.3703     162.9268    3556.5169     165.7198    0.3882    -726.2303    -602.6648 -7.353 -7.194  762 
   54794.402600    3922.1677     149.8957    4622.3287     158.5810    0.7007      -3.9761      -2.4126  0.122 -0.062  762 
   54861.113700    3469.5309     205.0944    3838.9788     209.1402    0.3989     270.8432     228.7797  1.604  1.658  762 
   54862.104500    4790.0150     169.4948    5507.6817     175.2397    0.4527     278.2146     205.6947  2.551  3.398  762 
   55470.446100    4094.3952     249.6362    4170.8205     252.1721    0.4641     493.3008     430.1768  5.992  5.028  762 
   55536.218700    3619.1307     173.0656    3668.5021     179.9988    0.3004     140.4871     104.3266  0.639  1.083  762 
   55538.255300    2930.1303     145.0425    3857.4641     165.0005    0.3098       0.0000       0.0000  1.192  0.000  762 
   55540.326500    -677.7045     208.0652    -878.3929     213.5939    0.1196     153.6563     128.7836  0.690  0.757  762 
   55543.323400    3022.9074     156.1854    4038.0464     165.3146    0.6813     145.4227      88.9643  1.535  2.112  762 
   55599.152300    1993.1423     211.2338    1909.5582     214.8081    0.1849    -686.5456    -603.8028 -2.344 -3.267  762 
   55889.405200    2530.8307     209.2750    2465.5974     215.8519    0.4444    -832.8041    -673.1265 -4.384 -4.596  762 
   55924.295100     570.4347     157.5696     500.2321     168.9202    0.1536     144.4292      80.2873  2.346  2.483  762 
   55925.229700    2007.0309     200.0046    2238.8560     205.6068    0.3713     114.1724      90.5637  0.541  0.887  762 
   55926.291200    1074.7742     154.4305    1148.1782     166.0552    0.2813       8.4400       4.6259 -0.057  0.144  762 
   55927.336300     870.0676     165.3392     777.8236     175.4551    0.2404    -122.8172     -75.6113 -1.683 -1.746  762 
   55930.389000     295.1992     238.6464       0.1813     241.8009    0.0007      -7.8465      -6.6820 -1.068 -0.117  762 
   55969.097700   -1744.1047     191.3247   -2226.0838     197.3516    0.3066     -12.4199      -9.8039 -0.579 -0.091  762 
   56008.133000    -417.8114     198.8939    -648.4081     206.6044    0.2104    -688.9463    -528.1815 -5.177 -4.331  762 
   56009.120000      11.3920     205.8447    -108.8387     212.2240    0.0456    -115.0923     -90.4662 -1.516 -0.827  762 
   56045.147000    3227.2573     274.7558    3155.9108     276.8164    0.2634    -126.7509    -114.9737 -1.132 -0.862  762 
   56215.446700     389.3125     196.5071      68.1955     204.7506    0.0469     359.7991     266.4124  2.462  2.847  762 
   56217.444300    2291.4548     249.7320    2413.2685     253.6051    0.1750   -1308.7854   -1174.7838 -5.527 -5.387  762 
   56254.418300    1306.2341     156.9658    1846.5795     170.0175    0.3144     -31.1204     -15.8386 -0.216 -0.687  762 
   56301.218900     114.2195     219.3032     151.6384     225.6191    0.0861    -670.6054    -553.9151 -3.480 -3.416  762 
   56302.299000   -2366.7849     148.9000   -2757.7048     157.0948    0.6280     -30.5325     -19.8074 -0.336 -0.482  762 
   56337.368100    3586.3856     160.0655    2491.3407     171.5169    0.1887      37.2919      22.0554 -0.470  0.552  762 
   56417.143800    1722.1604     167.8296    1160.8984     176.2909    0.1124     125.7856      84.9505  1.310  1.887  762 
