   54534.141800    3385.8275     203.0232    3532.2003     206.8147    0.2498   -1648.4052   -1535.6103 -6.681 -6.172  762 
   54591.213000   -5255.2954     138.6637   -3191.2075     147.1955    0.1493     230.4186     185.4532  2.416  2.305  762 
   54792.421200    1527.6438     143.4785    2189.1417     147.0785    0.0322   -2064.2273   -1885.4474 -22.396 -22.108  762 
   54794.402600    1451.4377      88.6281    3210.1762     100.7423    0.2777    -164.2656    -147.6114 -4.026 -3.746  762 
   54861.113700    6173.8059     180.3837    6719.1029     185.8856    0.7222    -257.5687    -230.4523 -1.617 -1.654  762 
   54862.104500    5884.1153     127.4607    8263.9008     137.0897    0.6147      82.0078      73.2612  2.070  1.197  762 
   55470.446100    7088.1178     222.6838    7777.5836     225.9147    0.6677     475.2009     448.6407  2.566  5.283  762 
   55536.218700    6552.5450     137.5461    6997.8703     148.4337    0.5784     255.2440     211.9887  1.749  2.257  762 
   55538.255300    4880.7143      98.8499    7197.8120     112.9858    0.5603       6.4135       5.4854 -0.101  0.118  762 
   55540.326500    2969.1953     179.5005    3137.8878     186.3741    0.4711    -209.2996    -184.4058 -0.662 -1.085  762 
   55543.323400    2186.7328      95.4530    4043.6079     109.2223    0.5044     -59.7354     -52.4022 -0.754 -1.209  762 
   55599.152300    3061.2222     188.4898    3392.9454     192.7952    0.4486     116.3029     106.3756  1.117  0.573  762 
   55889.405200     535.7896     179.0517     712.8566     187.8351    0.0936    -395.7015    -340.8743 -2.063 -2.333  762 
   55924.295100    1486.6940      82.3076    2505.8337      97.5341    0.4409     -42.9803     -37.8399 -0.272 -1.253  762 
   55925.229700    3784.9224     166.7731    4213.3029     174.7933    0.6091    -160.4231    -139.9461 -1.901 -1.406  762 
   55926.291200    -135.2291      77.8608     394.7172      93.3789    0.1217      67.6950      60.0717  1.405  1.958  762 
   55927.336300   -1094.5970     101.2367   -1375.4026     116.2975    0.3591    -216.5959    -188.7464 -3.960 -4.501  762 
   55930.389000   -2828.3934     204.4202   -2817.0276     208.9508    0.3358    -357.3869    -337.1200 -5.568 -6.180  762 
   55969.097700    5653.9926     157.1658    5972.9564     165.5610    0.7502    -120.3351    -102.8662 -1.322 -0.989  762 
   56008.133000    1335.5608     165.4213    2160.2009     174.8016    0.2425    -398.9960    -334.8618 -2.793 -2.740  762 
   56009.120000     704.9071     171.9009    1026.9264     180.3621    0.1453    -241.2138    -207.6777 -1.788 -1.954  762 
   56045.147000    1338.8502     254.6100    1542.6183     257.1548    0.0618    -868.6761    -812.8235 -4.295 -6.213  762 
   56215.446700    3079.1597     154.6943    2984.6461     167.8718    0.4675     657.4330     542.9138  5.552  6.027  762 
   56217.444300    3056.5720     222.7979    3060.1846     227.6132    0.6018    1296.8693    1191.7253  5.001  5.465  762 
   56254.418300       0.4689      63.4066    1081.8588      74.9902    0.1598      96.4884      92.8871  5.798  4.256  762 
   56301.218900     623.3588     187.6764     517.8479     196.1463    0.2553     865.9200     755.5432  4.518  4.683  762 
   56302.299000   -1229.8110      92.5051   -1894.8629     103.7887    0.3636     133.4569     121.3397  3.014  3.078  762 
   56337.368100   -7155.8970     107.3377   -8553.1904     131.3775    0.5453     191.3551     143.5872  3.532  3.682  762 
   56417.143800   -5957.5265     121.1168   -6064.8407     136.0619    0.3640     214.4831     178.7595  5.018  4.179  762 
