   54534.141800    5596.4301     302.2372    4714.2082     318.3084      -nan   -5596.4301   -4714.2082 -19.475 -19.156  762 
   54591.213000     -29.4052     229.2328     -17.4019     258.7443      -nan      29.4052      17.4019  0.359  0.229  762 
   54792.421200    -246.1960     216.0458    -165.5869     234.9544      -nan     246.1960     165.5869  2.890  2.041  762 
   54794.402600    -158.6330     213.2288     -66.8030     260.8320      -nan     158.6330      66.8030  1.456  1.838  762 
   54861.113700     518.9637     284.1126     362.8647     306.0411      -nan    -518.9637    -362.8647 -2.558 -2.673  762 
   54862.104500      21.0145     249.3531      11.3642     280.7117      -nan     -21.0145     -11.3642 -0.338 -0.199  762 
   55470.446100      -4.8933     322.1015      -3.5418     341.4768      -nan       4.8933       3.5418  0.775  0.043  762 
   55536.218700     259.0610     257.4181     146.4451     288.8662      -nan    -259.0610    -146.4451 -1.881 -1.537  762 
   55538.255300    -151.9609     233.5726     -64.5640     276.1658      -nan     151.9609      64.5640  2.105  1.505  762 
   55540.326500     370.1707     288.4795     267.2055     314.7409      -nan    -370.1707    -267.2055 -1.657 -1.559  762 
   55543.323400      34.3522     223.8731      14.4052     272.7148      -nan     -34.3522     -14.4052 -0.340 -0.381  762 
   55599.152300    1993.2360     283.3635    1543.9361     301.8586      -nan   -1993.2360   -1543.9361 -9.173 -8.419  762 
   55889.405200    1216.3387     293.7586     825.3412     324.2127      -nan   -1216.3387    -825.3412 -6.217 -5.622  762 
   55924.295100     -58.6321     217.6102     -22.8944     276.8790      -nan      58.6321      22.8944  0.519  0.761  762 
   55925.229700      36.4483     282.1488      23.1591     310.5977      -nan     -36.4483     -23.1591 -1.041 -0.229  762 
   55926.291200     117.8998     217.3459      44.9619     274.5720      -nan    -117.8998     -44.9619 -1.193 -1.467  762 
   55927.336300     -22.9662     234.5943     -10.4036     284.8409      -nan      22.9662      10.4036 -0.084  0.247  762 
   55930.389000    -148.8362     310.0053    -105.7171     332.4478      -nan     148.8362     105.7171  1.189  1.894  762 
   55969.097700     173.8855     271.6135     112.2755     298.9757      -nan    -173.8855    -112.2755 -0.860 -1.022  762 
   56008.133000     683.8783     279.6459     424.4827     314.1807      -nan    -683.8783    -424.4827 -3.576 -3.530  762 
   56009.120000     330.7091     286.4786     212.1474     317.7672      -nan    -330.7091    -212.1474 -1.723 -1.925  762 
   56045.147000    -242.7096     344.3787    -192.5875     359.3374      -nan     242.7096     192.5875  1.115  1.456  762 
   56215.446700     172.6823     285.6863      98.9986     323.1002      -nan    -172.6823     -98.9986 -1.258 -1.080  762 
   56217.444300    3647.2885     334.3407    2940.1791     354.7674      -nan   -3647.2885   -2940.1791 -13.855 -13.558  762 
   56254.418300      20.1437       1.6235      20.1437       1.6235      -nan     -20.1437     -20.1437 -1.776 -0.963  762 
   56301.218900    2216.0744     306.8740    1564.0937     335.8781      -nan   -2216.0744   -1564.0937 -9.456 -9.607  762 
   56302.299000      61.4903     207.2937      30.1636     248.1707      -nan     -61.4903     -30.1636 -0.276 -0.759  762 
   56337.368100      14.9010     235.6430       6.0038     287.4809      -nan     -14.9010      -6.0038 -0.756 -0.162  762 
   56417.143800     240.0055     239.7209     119.4657     283.7123      -nan    -240.0055    -119.4657 -2.918 -2.774  762 
