   54534.141800    1038.6424     198.5248     921.9327     200.4368    0.2091     455.2510     424.4878  1.007  1.680  762 
   54591.213000    -805.5787     143.9560   -1130.0259     149.5782    0.1844     321.9582     248.3411  3.157  2.861  762 
   54792.421200     519.7260     153.4735     441.0991     155.7070    0.1479   -1468.9246   -1269.1850 -14.664 -13.848  762 
   54794.402600     600.1857     133.0107     498.9074     144.1155    0.0807    -444.6548    -276.9014 -5.146 -6.115  762 
   54861.113700    1521.3609     183.9014    1275.1704     186.9127    0.1602    -450.5591    -392.8234 -2.747 -2.720  762 
   54862.104500     797.8301     152.4905     662.2527     158.4438    0.0680    -363.5788    -277.3394 -4.277 -4.122  762 
   55470.446100     489.2696     236.8052     550.9036     238.6797    0.0772     -99.8483     -89.6936 -0.535 -0.997  762 
   55536.218700    1154.8077     148.2117    1385.9556     154.3880    0.2833    -256.4666    -195.1537 -2.018 -2.019  762 
   55538.255300     104.5952     136.4897     447.8989     147.2343    0.0210    -590.2109    -378.0701 -7.454 -7.245  762 
   55540.326500     346.9661     179.2120     248.8296     183.0429    0.0443      -5.1899      -4.4834 -0.649 -0.026  762 
   55543.323400     492.3675     137.5614     585.2748     148.1850    0.1012    -322.1851    -206.3486 -3.978 -4.081  762 
   55599.152300     308.2358     188.3324     126.8392     190.7097    0.0066    -102.6159     -92.6512  0.190 -0.488  762 
   55889.405200     541.1975     181.2430     435.5045     186.3218    0.0650    -774.2665    -643.2254 -4.110 -4.308  762 
   55924.295100     -21.4887     135.5596     125.1420     152.4378    0.0417     -27.3154     -14.9723 -1.953 -0.439  762 
   55925.229700     836.3320     175.3708     862.8050     180.0429    0.2406     -69.0357     -56.2675 -0.251 -0.552  762 
   55926.291200     592.1059     132.3554     894.4152     149.3808    0.3408    -122.4343     -65.6994 -1.639 -1.894  762 
   55927.336300    -127.5291     143.2393    -270.8590     155.9921    0.2076    -506.0215    -312.7757 -6.069 -6.827  762 
   55930.389000     163.5989     222.7335      68.6355     225.5249    0.0068    -121.1482    -105.3152 -3.668 -1.824  762 
   55969.097700    -479.4288     163.5183    -490.8317     168.4633    0.2106    -324.3599    -261.2036 -2.822 -2.513  762 
   56008.133000     582.0749     171.2685     460.4467     177.1883    0.0129    -485.3098    -387.5180 -3.102 -3.054  762 
   56009.120000     311.9716     178.9219     301.6062     184.1863    0.0213    -468.2546    -377.7430 -3.753 -3.509  762 
   56045.147000      88.0647     255.7576      72.6324     257.0826    0.0102      11.8469      10.9660 -1.573  0.082  762 
   56215.446700     749.2378     166.2629     866.4176     173.3961    0.3314    1057.1207     797.8630  8.880  8.630  762 
   56217.444300     272.5905     218.8601     210.8345     221.3980    0.4119    3136.2613    2869.8815 11.667 12.970  762 
   56254.418300    -211.2210     135.2788     -92.3109     158.5343    0.0129     332.7401     162.4437  6.699  6.186  762 
   56301.218900      85.4645     187.4855     136.3761     192.0722    0.3988    1721.0976    1457.8157  8.877  8.915  762 
   56302.299000     611.1891     128.9557     742.0229     138.3841    0.2812     361.8598     238.7975  6.351  5.538  762 
   56337.368100    -735.5564     138.8547   -1117.4721     153.5473    0.2163     525.9560     305.0201  5.966  6.916  762 
   56417.143800     264.8842     147.4099     -69.4969     157.5004    0.0131     195.8321     133.5139  3.413  2.875  762 
