   54534.141800    4941.6804     219.7939    5006.1187     222.6625    0.1833   -3884.1067   -3576.6549 -15.410 -14.339  762 
   54591.213000   16627.6361     153.2109   15918.5544     159.7895    0.6015    -226.4360    -172.6800 -2.739 -2.117  762 
   54792.421200    8857.7452     160.8707    9173.1630     164.0071    0.7025   -1589.2261   -1327.3794 -16.249 -15.313  762 
   54794.402600    4957.2061     148.5850    7425.9708     161.7023    0.6959    -301.4425    -175.6226 -3.560 -4.279  762 
   54861.113700   11698.6702     197.6582   12139.9040     201.3843    0.8136    -468.3749    -400.4796 -1.931 -2.854  762 
   54862.104500   11408.7153     164.7546   12898.9212     171.3769    0.6928     123.6321      91.5904  1.440  1.448  762 
   55470.446100   -4871.2955     251.3031   -4660.6773     254.6237    0.3287     812.4721     703.3644  5.749  8.042  762 
   55536.218700    -809.1261     169.1538    -641.4110     177.5078    0.0383       3.1322       2.3023 -0.234  0.024  762 
   55538.255300    2213.8334     154.4814    3188.8721     167.6294    0.1604    -219.5566    -132.8792 -2.238 -2.714  762 
   55540.326500     237.9475     201.3368     184.2203     207.0329    0.0157    -325.5733    -273.4218 -1.142 -1.602  762 
   55543.323400    9624.1265     152.0771   12139.8577     164.4963    0.8175    -234.0820    -140.7922 -2.229 -3.093  762 
   55599.152300   11522.1163     202.7429   11792.1146     205.8359    0.8493    -570.5248    -508.1958 -3.183 -2.721  762 
   55889.405200    8087.9249     200.5607    8209.0381     207.2191    0.8834    -325.0187    -263.8567 -1.204 -1.789  762 
   55924.295100    1346.2680     155.7024    2024.0703     175.9214    0.3006     134.7854      69.2375  2.536  2.075  762 
   55925.229700    3590.3004     194.4497    3847.1342     200.8101    0.4703    -116.3677     -91.9949 -1.319 -0.899  762 
   55926.291200     768.7901     153.0854     700.6140     174.2758    0.1468     -30.4518     -15.1183 -0.405 -0.454  762 
   55927.336300    -125.0409     163.4911      92.0676     179.6385    0.0103    -234.1431    -136.4459 -3.596 -3.077  762 
   55930.389000     812.7325     237.3152     569.4844     241.6824    0.0574      57.9238      48.6770 -1.145  0.851  762 
   55969.097700     290.8373     184.7633    -665.5510     191.7900    0.0855     -63.0816     -49.2176  0.234 -0.461  762 
   56008.133000   -7342.8947     195.7583   -6822.8407     204.3730    0.7248    -297.6701    -227.2625 -1.523 -1.835  762 
   56009.120000   -7959.3446     203.5229   -8175.7870     211.5114    0.8518    -244.8858    -189.1167 -1.837 -1.737  762 
   56045.147000    3678.3740     270.4125    3500.6271     272.5820    0.2597     -84.8050     -77.0482 -0.116 -0.577  762 
   56215.446700   -1275.1296     191.2045   -1651.4145     200.9932    0.1616     285.2350     208.0252  2.260  2.221  762 
   56217.444300    2455.8593     242.3334    2575.9631     246.1854    0.3306    -289.2205    -260.4488 -1.750 -1.188  762 
   56254.418300    1068.9025     156.5124    2153.9691     183.9955    0.2342      -7.2072      -3.2111  1.533 -0.131  762 
   56301.218900   -1113.6088     212.4090    -978.8114     219.0876    0.1531     -49.5457     -40.8858 -0.360 -0.251  762 
   56302.299000   -3232.9532     148.0217   -4141.3965     161.3811    0.6873     -25.9717     -15.9808 -1.164 -0.379  762 
   56337.368100    2842.4906     157.8850      43.9994     177.0621    0.0021    -159.8108     -87.8498 -1.668 -2.117  762 
   56417.143800    3432.8748     165.1268    1945.4572     178.3079    0.1042      71.8467      46.6048  0.727  1.019  762 
