   54534.141800    1557.3096     201.4962    1518.9874     205.6604    0.1999    -215.4357    -200.4908 -0.703 -0.816  762 
   54591.213000   -6411.5187     131.9686   -5460.0149     141.6824    0.3065     221.1451     182.0941  2.004  2.397  762 
   54792.421200   -1486.9239     138.3620   -1210.9478     142.0662    0.1579    -139.2926    -128.3719  0.403 -1.578  762 
   54794.402600    -932.3005      83.3171    -521.9091      94.0873    0.0494     109.8836     101.0219  1.970  2.735  762 
   54861.113700    6335.8307     176.0202    6558.9105     181.8926    0.6859       0.0000       0.0000  1.305  0.000  762 
   54862.104500    4654.9336     121.1765    5743.0413     131.2293    0.6539      84.6510      77.0818  1.746  1.324  762 
   55470.446100    4071.7796     220.6269    4139.2709     224.1757    0.4778     -47.9444     -45.5683 -1.886 -0.540  762 
   55536.218700    5822.7100     136.7138    5903.4477     147.4774    0.6014      23.3881      19.9056  0.539  0.205  762 
   55538.255300       0.0000       2.3884       0.0000       2.3884      -nan       0.0000       0.0000  0.262  0.000  762 
   55540.326500    1668.4260     177.9102    1085.1702     185.3888    0.2291     372.7205     332.2481  2.231  1.941  762 
   55543.323400    -596.6359      87.4422     402.9403      99.9716    0.0628      38.2550      34.6540  0.218  0.889  762 
   55599.152300    1482.3302     186.4336    1426.6071     191.0697    0.2467     115.5012     105.9554  0.939  0.577  762 
   55889.405200     725.1888     176.5056     725.1533     185.2636    0.1104    -374.0739    -328.5100 -1.912 -2.233  762 
   55924.295100    -127.8353      83.2235     205.1001      96.9746    0.0525      -3.1930      -2.8599  0.266 -0.088  762 
   55925.229700    3500.6931     166.2739    3272.0874     174.4059    0.5799      47.0608      41.7978 -0.106  0.405  762 
   55926.291200     580.3689      74.0076    1264.9262      86.8103    0.3148      88.6073      83.2202  2.689  2.580  762 
   55927.336300    -692.7944      96.4396    -980.2390     109.2502    0.2304      22.0773      20.2834  0.015  0.467  762 
   55930.389000   -2473.6049     205.7637   -2696.9194     209.9370    0.3467     162.8845     156.3229  1.531  2.729  762 
   55969.097700    3229.4435     159.8606    2524.0470     168.3537    0.4032     169.6600     147.8923  1.062  1.320  762 
   56008.133000    -564.5448     161.5585    -395.3120     171.3533    0.0227     342.6369     293.0430  2.998  2.423  762 
   56009.120000   -1075.3453     172.9029   -1214.3537     181.1154    0.2959     110.2547      97.0687  0.978  0.867  762 
   56045.147000   -2292.5903     256.4220   -2303.9026     259.0565    0.1547    1048.7103     989.7437  6.595  7.384  762 
   56215.446700    2110.7887     155.2643    1842.4876     167.8956    0.2682    -444.5924    -376.3377 -4.338 -3.977  762 
   56217.444300    2521.9564     222.4581    2463.5221     227.3291    0.2956    -252.4358    -233.3385 -1.946 -1.073  762 
   56254.418300    -340.2457      62.1024    -962.5808      70.4463    0.1430     -22.1478     -21.7981 -1.386 -0.958  762 
   56301.218900    1247.0217     186.8765    1153.8370     195.0741    0.2325    -223.0397    -197.2478 -1.073 -1.208  762 
   56302.299000     162.8957      89.2530     212.0105      98.4593    0.0565     -15.4885     -14.7927 -1.141 -0.356  762 
   56337.368100   -3068.1627      97.2339   -4165.6696     120.5052    0.4998     -11.7906      -9.6555 -0.105 -0.252  762 
   56417.143800   -1967.6708     116.4542   -2645.3481     131.0272    0.4382    -152.3165    -134.7998 -2.010 -2.995  762 
