   54534.141800    3388.3813     220.2015    3191.1011     224.2545    0.0526   -3027.3525   -2822.7132 -11.520 -11.382  762 
   54591.213000   -6081.4841     147.0290   -4387.0216     154.8289    0.2365     -20.0367     -16.3763  0.169 -0.206  762 
   54792.421200    -516.6050     149.5128    -126.8923     152.9154    0.0969    -672.7113    -609.1676 -7.854 -7.194  762 
   54794.402600     721.2259     101.9595    1391.7499     112.5648    0.2069      -7.1359      -6.1963 -0.516 -0.157  762 
   54861.113700    5516.2380     191.9298    5902.0525     197.3090    0.5927      98.7326      88.2232  1.322  0.637  762 
   54862.104500    6734.4294     138.0577    8229.9776     146.4291    0.6611     171.9481     152.1741  1.888  2.476  762 
   55470.446100    4908.0176     232.9922    5271.9270     236.1042    0.5549     472.7536     442.9509  5.700  5.119  762 
   55536.218700    7653.3440     150.8417    7922.8177     160.2093    0.6309      22.2075      18.6338  0.783  0.192  762 
   55538.255300    1569.4175      53.9723    7928.7258     123.7965    0.6311       0.0000       0.0000  2.023  0.000  762 
   55540.326500    -407.6718     195.8775    -738.6680     202.8291    0.0848     229.6797     202.2107  0.638  1.183  762 
   55543.323400     808.9284     109.1647    1895.6056     120.9302    0.3229     106.6001      91.0589  1.770  2.112  762 
   55599.152300    2600.5650     201.9051    2557.7592     206.4027    0.2807    -590.3793    -538.4343 -2.056 -2.902  762 
   55889.405200    1819.3972     193.6816    2036.7192     201.6910    0.3840    -574.1773    -498.1472 -3.806 -3.375  762 
   55924.295100     695.7965     101.3154    1088.9466     114.0633    0.3134     129.0596     109.2873  3.158  3.275  762 
   55925.229700    3710.9006     180.4428    3935.9128     187.7343    0.6396      72.0722      62.8776  0.299  0.611  762 
   55926.291200     896.8449      94.7322    1363.7899     107.4709    0.3230      -8.6642      -7.4585  0.081 -0.225  762 
   55927.336300    -914.9202     116.5310    -926.9687     128.6032    0.3455    -122.3612    -105.0330 -1.693 -2.374  762 
   55930.389000   -3793.5199     216.0423   -3965.0501     219.9845    0.4199      31.4423      29.5255 -1.205  0.515  762 
   55969.097700    2203.0628     173.1307    1336.9496     181.4875    0.1827       5.2351       4.4869 -0.552  0.041  762 
   56008.133000   -1554.7687     180.6601   -1797.9600     189.8942    0.4283    -758.7910    -637.1270 -5.172 -5.186  762 
   56009.120000   -1250.0646     187.3970   -1279.6084     195.2098    0.3236    -175.0095    -150.7281 -1.117 -1.366  762 
   56045.147000   -1223.4556     266.8029    -911.1960     269.2421    0.0927    -157.6539    -147.2336 -0.659 -1.099  762 
   56215.446700    3948.6161     170.7978    3632.4740     182.2783    0.5375     209.1044     174.8544  1.351  1.851  762 
   56217.444300    2664.9781     241.3028    2804.0001     245.9515    0.2524   -1185.3356   -1092.8056 -5.083 -5.000  762 
   56254.418300    -106.9527      83.6933      77.6646      94.4508    0.0148      12.8126      11.5658  0.819  0.477  762 
   56301.218900    1216.1539     204.7857    1215.6535     212.4691    0.1553    -564.1662    -494.4982 -3.517 -3.036  762 
   56302.299000    -905.3914     105.9276   -1491.4881     115.4310    0.3360     -45.3564     -40.5012 -1.272 -0.959  762 
   56337.368100   -5800.0734     119.4666   -6025.2095     137.4507    0.4456      80.8366      62.8607  0.111  1.561  762 
   56417.143800   -5384.6855     133.7312   -5625.6075     145.9327    0.4904     153.6167     129.5083  2.024  2.835  762 
