   54534.141800    7167.8945     211.2144    6994.4150     214.3922    0.6588       0.0000       0.0000  5.583  0.000  762 
   54591.213000    4081.3971     158.1615    4153.5047     166.1757    0.3862       0.0000       0.0000  3.833  0.000  762 
   54792.421200    4771.5120     162.6189    5114.1016     166.0467    0.6076       0.0000       0.0000  6.532  0.000  762 
   54794.402600    3921.9109     149.2705    5775.7277     162.6989    0.5064       0.0000       0.0000  1.607  0.000  762 
   54861.113700    5610.0044     196.9026    5922.2156     201.4518    0.5963       0.0000       0.0000  1.418  0.000  762 
   54862.104500    3515.3617     168.3184    4071.8693     176.5379    0.4977       0.0000       0.0000 -0.674  0.000  762 
   55470.446100    3621.3696     249.0833    3752.2386     252.3229    0.3555       0.0000       0.0000 -7.217  0.000  762 
   55536.218700    3377.5854     164.4054    4063.9800     173.6721    0.4521       0.0000       0.0000 -1.053  0.000  762 
   55538.255300    3112.1716     154.0484    4896.1727     167.6974    0.3986       0.0000       0.0000 -3.865  0.000  762 
   55540.326500    3514.3383     193.8734    3540.1074     200.0926    0.4300       0.0000       0.0000  0.720  0.000  762 
   55543.323400    1706.3213     156.1461    3995.9962     169.0139    0.4302       0.0000       0.0000 -2.740  0.000  762 
   55599.152300    2275.6588     201.6045    2256.0607     205.5229    0.3504       0.0000       0.0000 -0.261  0.000  762 
   55889.405200    1161.7600     198.0499    1278.4770     206.2665    0.3510       0.0000       0.0000 -0.916  0.000  762 
   55924.295100    1143.7064     155.4295     475.1288     178.5653    0.0948       0.0000       0.0000  0.178  0.000  762 
   55925.229700    1810.6410     191.6672    2234.8040     199.0632    0.3341       0.0000       0.0000 -0.585  0.000  762 
   55926.291200     963.7504     152.5533    1450.0449     175.5600    0.3519       0.0000       0.0000 -0.033  0.000  762 
   55927.336300     459.5864     162.5233     553.5565     180.5319    0.1258       0.0000       0.0000 -3.538  0.000  762 
   55930.389000     210.9679     236.2004      60.9532     241.1841    0.0081       0.0000       0.0000 -5.919  0.000  762 
   55969.097700     416.8164     179.9717    -101.7606     188.3552    0.0240       0.0000       0.0000 -1.340  0.000  762 
   56008.133000    1802.4532     188.2723    2557.7213     197.1260    0.3698       0.0000       0.0000 -0.899  0.000  762 
   56009.120000     324.3793     195.9502     115.8363     204.8597    0.0292       0.0000       0.0000 -3.239  0.000  762 
   56045.147000    2080.3032     267.5430    1965.8209     270.0599    0.1720       0.0000       0.0000 -3.838  0.000  762 
   56215.446700    1943.4987     186.1495    1659.3657     197.2432    0.3426       0.0000       0.0000  5.488  0.000  762 
   56217.444300    5223.2495     234.2064    5075.3021     238.4316    0.5157       0.0000       0.0000  5.172  0.000  762 
   56254.418300    -759.8948     157.2987    -904.1195     187.3591    0.1598       0.0000       0.0000  3.912  0.000  762 
   56301.218900    2991.5752     204.3416    2711.0802     212.0780    0.5130     319.6924     257.9508  4.870  1.600  762 
   56302.299000     773.5152     145.7060     948.0116     159.3217    0.2652       0.0000       0.0000  5.332  0.000  762 
   56337.368100    4242.5065     157.4534    2823.0072     177.0477    0.1514       0.0000       0.0000  2.453  0.000  762 
   56417.143800    3770.6441     164.3932    2702.5959     178.7790    0.1626       0.0000       0.0000  2.106  0.000  762 
