   54534.141800    3539.5330     270.5979    3077.1060     279.8653    0.0051   -3599.0849   -3124.9650 -13.234 -12.370  762 
   54591.213000     794.5287     214.0724     631.5857     232.5887    0.0693     585.9271     366.4650  2.849  4.262  762 
   54792.421200    3233.3826     204.5177    3285.1054     214.8956    0.0258   -5031.7050   -3645.9608 -40.477 -40.112  762 
   54794.402600     939.8204     212.4218    1259.7933     242.0637    0.0579    -673.9852    -305.9316 -7.497 -6.841  762 
   54861.113700    4840.8659     253.6247    4357.3673     267.1912    0.2391    -888.3660    -668.6121 -4.930 -4.641  762 
   54862.104500    5073.7547     226.7363    6098.2426     246.3596    0.3094    -310.1037    -185.7901 -2.933 -2.819  762 
   55470.446100    2139.3761     300.4191    1724.2923     311.3431    0.0939    -368.4669    -283.9107 -4.222 -3.197  762 
   55536.218700    4752.8606     223.4248    5727.6685     244.1485    0.2587   -1229.9219    -754.5888 -8.188 -7.845  762 
   55538.255300    1506.6123     217.0707    2305.3068     246.0451    0.1246    -880.8603    -416.8367 -9.215 -8.229  762 
   55540.326500    1142.6384     255.7609     357.9314     271.6706    0.2069   -2590.2526   -1959.6852 -10.154 -11.320  762 
   55543.323400     333.0845     219.7380    -105.1751     249.3254    0.0343    -659.0334    -309.0086 -6.784 -6.338  762 
   55599.152300   -1154.6867     255.5770   -1175.6607     266.7867    0.3688   -2551.9024   -2069.1720 -11.296 -10.918  762 
   55889.405200    1414.6691     262.1489     646.3903     281.9767    0.2175   -2758.4953   -1954.5175 -12.696 -13.078  762 
   55924.295100      58.1788     222.0030    1400.9609     259.7998    0.1545    -630.9466    -245.2358 -8.672 -7.431  762 
   55925.229700    2079.5441     251.4868    3128.3529     269.4668    0.2343    -825.6407    -553.3661 -6.263 -5.455  762 
   55926.291200    -886.1586     219.7329    -975.9342     258.0791    0.1812    -481.7618    -183.3496 -6.509 -5.399  762 
   55927.336300    -182.3762     228.6805     -11.0845     260.7934    0.0805    -702.7074    -321.0545 -7.680 -7.085  762 
   55930.389000     416.9550     291.6055    -252.6484     305.2041    0.0487    -444.4692    -324.2439 -8.123 -5.656  762 
   55969.097700     967.8585     239.3028    1054.7407     257.1621    0.0338   -1106.0470    -735.8286 -7.923 -7.054  762 
   56008.133000    -206.7052     252.3194     133.0232     273.8453    0.1444   -2414.5799   -1601.9504 -12.742 -12.679  762 
   56009.120000    -755.4287     257.8107    -904.8796     278.1885    0.2076   -1460.7776    -965.9704 -9.557 -8.956  762 
   56045.147000    2567.0245     316.1989    2439.6127     324.5393    0.0989   -1632.5324   -1348.5169 -9.840 -10.165  762 
   56215.446700    1897.8830     252.5711    1941.0019     276.9209    0.3412    2916.0876    1745.8063 18.841 19.130  762 
   56217.444300    2748.1884     296.7892    2972.6594     308.9045    0.4860    1715.2285    1433.3522  7.797  6.485  762 
   56254.418300   -2647.5433     228.1616   -4661.0114     276.3347    0.2999    1138.8008     377.7296 15.575 14.987  762 
   56301.218900    1232.3498     269.7570    1717.8377     288.2115    0.4913    2289.7419    1682.4077  9.915 10.256  762 
   56302.299000    -409.4720     202.2848     393.9752     228.0287    0.1729    1201.9263     589.9986 14.892 13.929  762 
   56337.368100     622.8847     226.0510   -1719.5498     261.7023    0.0771    1094.8797     468.4647 11.554 10.884  762 
   56417.143800    1813.5466     227.3003    -112.3418     256.0005    0.0116     660.7007     339.7268  7.876  7.456  762 
