    675.7509766   1792.6979980  604  Rlc00170.676.1792    677.2719727   1792.6669922     -8.2209997      0.0146000  Vlc01135.675.1790    675.6939697   1790.7679443     -8.0030003      0.0040000  Blc00083.676.1792    677.2490234   1792.5579834     -7.8480000      0.0106000  Ulc00063.676.1792    677.2319946   1792.6149902     -8.2550001      0.0054000
    480.3760071   3047.9309082  1001  Rlc00066.481.3047    481.1260071   3046.8779297      0.0000000      0.0000000  Vlc00058.481.3046    480.9859924   3046.2709961      0.0000000      0.0000000  Blc00028.481.3046    481.0000000   3046.0000000      0.0000000      0.0000000  Ulc00060.480.3046    480.9739990   3047.0129395     -9.3889999      0.0074000
    764.5029907   3470.4719238  1005  Rlc00073.764.3470    764.0000000   3469.7309570      0.0000000      0.0000000  Vlc00063.765.3469    764.6459961   3468.6430664      0.0000000      0.0000000  Blc00901.763.3470    764.3640137   3470.9340820     -6.6139998      0.1016000  Ulc00058.763.3469    764.3489990   3469.7150879     -9.1400003      0.0051000
   1531.6350098    371.4769897  2022  000       0.0000000000000000       0.0000000000000000       0.0000000000000000       0.0000000000000000  000       0.0000000000000000       0.0000000000000000       0.0000000000000000       0.0000000000000000  000       0.0000000000000000       0.0000000000000000       0.0000000000000000       0.0000000000000000  000       0.0000000000000000       0.0000000000000000       0.0000000000000000       0.0000000000000000
    816.3870239   1651.0799561  608  Rlc00042.817.1650    817.3400269   1650.3879395      0.0000000      0.0000000  Vlc00034.818.1650    817.5780029   1649.9530029      0.0000000      0.0000000  Blc00073.816.1649    817.2540283   1650.3830566     -8.8319998      0.0049000  Ulc01675.815.1652    815.8820190   1652.8599854     -8.8839998      0.0040000
    222.2590027   1754.5310059  593  Rlc00152.225.1753     225.8410034   1753.9360352   -7.7479999999999976       0.0153000  Vlc00145.225.1753    225.8029938   1753.9200439     -7.7799999999999976       0.015300  Blc00084.225.1753   225.7669983   1753.8270264     -7.9059999999999988       0.0088000  Ulc00068.225.1753   225.8020020   1753.8449707     -8.6789999999999985       0.0098000
    505.8859863    736.1909790  2016  000       0.0000000000000000       0.0000000000000000       0.0000000000000000       0.0000000000000000  000       0.0000000000000000       0.0000000000000000       0.0000000000000000       0.0000000000000000  000       0.0000000000000000       0.0000000000000000       0.0000000000000000       0.0000000000000000  000       0.0000000000000000       0.0000000000000000       0.0000000000000000       0.0000000000000000
    146.5140076   2182.1630859  790  Rlc01035.149.2181   150.0890045   2181.8701172    -8.2480001449584961       0.0450000017881393  Vlc00134.149.2181   149.9989929   2181.7609863    -8.1380000000000017       0.0501000  Blc01048.149.2181   150.0180054   2181.7949219    -8.0889997482299805       0.0472000  Ulc00021.149.2181   150.0449982   2181.7370605   -8.0650000000000013       0.042200000 
    584.2109985   1256.0920410  601  Rlc01828.583.1254    583.9609985   1255.3339844     -8.5520000      0.0030000  Vlc00899.583.1256    584.0980225   1257.4849854     -8.1520004      0.0030000  Blc01013.586.1254    586.5180054   1255.4899902     -7.5009999      0.0070000  Ulc01485.586.1254    586.5300293   1255.4090576     -7.2820001      0.0083000
    517.5520020   1884.9449463  803  Rlc00125.519.1884    519.5670166   1884.7850342     -7.7820001      0.0162000  Vlc00118.519.1884    519.5510254   1884.7889404     -7.8130002      0.0110000  Blc01315.516.1885    516.9979858   1885.9470215     -7.8449998      0.0040000  Ulc00055.519.1884    519.5300293   1884.7609863     -8.3149996      0.0075000
    144.4459991   2905.7539062  991  Rlc01057.146.2905    147.0440063   2905.6169434     -8.4670000      0.0157000  Vlc00762.146.2905    147.0110016   2905.6179199     -8.2200003      0.0094000  Blc01310.143.2906    144.2030029   2907.0339355     -7.8319998      0.0040000  Ulc00020.146.2905    147.0429993   2905.5668945     -7.8720002      0.0089000
    294.8460083    782.6610107  1882  Rlc01075.299.780   299.8619995    781.4080200    -8.6250000000000000       0.0093999998643994  Vlc00153.299.780    299.9309998    781.3909912    -8.3499999999999979       0.0159000000000000  Blc01038.299.780    299.9469910    781.4119873    -7.9260001182556152       0.0081000002101064  Ulc00038.299.780    299.9970093    781.4169922    -7.9450000000000003       0.0112000000000000
