   54534.143600   21025.2851     391.3461   21171.3810     392.7598    0.9633    3038.4891    2896.8316 12.735 13.459  762 
   54591.214800   28511.7649     272.0680   29264.8617     276.6281    0.9622     773.8605     657.8743  9.519  9.277  762 
   54861.115600   25265.4326     318.4483   25600.4081     321.5756    0.9598     393.6363     352.4189  3.352  2.919  762 
   54862.106300   27092.8612     245.3341   28144.5193     252.0049    0.9619      24.1886      19.4196  0.534  0.302  762 
   55470.447800   10924.4293     297.9189   11254.0735     302.4753    0.8754     243.3123     207.7007  1.474  3.120  762 
   55536.220400    3742.4078     261.2037    3933.5175     268.8728    0.4632    -124.1743     -98.7434 -2.086 -1.417  762 
   55538.257000    3766.1830     238.7227    4497.5118     250.0646    0.6092    1540.4884    1123.4057 24.684 25.169  762 
   55540.328200    2614.4392     310.9376    2601.2264     315.7668    0.4944      81.5745      70.9855 -0.838  0.524  762 
   55543.325100    2443.7454     228.0740    2415.4681     244.9558    0.4432     -30.1860     -19.8548 -0.569 -0.588  762 
   55889.400500    1736.3012     315.4879    1688.8188     321.1311    0.1858    -642.6857    -545.6807 -5.333 -5.216  762 
   55889.413600    2540.1692     325.6733    2409.4242     329.6315    0.2330   -1053.2160    -930.8783 -7.481 -7.019  762 
   55924.296700   -3279.9947     207.6774   -3094.1184     230.6108    0.4805    -111.0869     -63.9195 -3.511 -2.358  762 
   55925.181100   -4047.1533     282.7954   -4063.5943     288.6087    0.5231    -112.4983     -93.6408 -1.005 -1.184  762 
   55925.281600   -3669.6279     247.0282   -3703.3666     257.4377    0.7009    -152.3886    -113.6528 -2.368 -1.845  762 
   55926.293000   -4473.8271     216.3922   -4433.9210     236.3052    0.6768    -195.1347    -119.9802 -3.271 -3.869  762 
   55927.338100   -3542.3162     233.4104   -3455.1150     247.6911    0.6983     -46.2631     -31.8474 -1.428 -0.720  762 
   55930.390900   -1572.2685     301.5840   -1017.3895     306.8461    0.0933     260.2635     218.9898  6.132  4.552  762 
   55969.095200   -9373.8127     301.5568   -9333.7640     305.8413    0.7904     432.0669     374.3639  1.959  3.827  762 
   55969.103600   -9070.3495     290.7074   -9146.0112     295.7475    0.8125     195.7262     166.4533  0.751  1.801  762 
   56008.134700  -12107.6274     314.6565  -12213.1837     319.7051    0.9267    -693.7469    -597.2888 -4.879 -5.182  762 
   56009.119700  -12066.9099     310.3969  -12189.2445     316.0488    0.9288   -1011.8353    -852.7586 -8.052 -9.020  762 
   56045.148400  -10162.9357     370.8094  -10148.9355     373.5071    0.7489    -927.9081    -839.2025 -8.704 -8.463  762 
   56215.447500    2466.2030     268.4696    2544.1166     277.8947    0.4672    1316.0193    1016.6436 17.854 18.457  762 
   56217.445100    1303.7640     429.0963    1392.1511     431.0261    0.3837    2584.7818    2416.6893 14.662 15.114  762 
   56254.420000   11512.7282     217.6154    9757.8208     240.1635    0.6109     603.6278     380.4962 18.340 17.895  762 
   56301.204000   12281.1292     288.4354   12541.0491     294.3400    0.9132    2467.6478    2072.7106 18.631 19.016  762 
   56301.237400   12309.1589     323.5128   12431.4324     327.6484    0.9186    2990.6575    2656.6418 17.758 17.235  762 
   56302.300900   11360.5277     218.0267   10931.1008     224.0533    0.7701     395.4395     319.3430 10.788  9.417  762 
   56337.369900   18546.8939     219.2135   21075.9623     231.4631    0.8557    1516.5753    1063.0670 25.288 24.871  762 
   56417.145600   20988.7987     252.8361   22055.3885     257.5291    0.8664    1120.6356     943.2383 16.895 16.917  762 
