   54534.143600    5491.5162     489.9173    4827.7433     502.8358      -nan   -5491.5162   -4827.7433 -23.675 -22.756  762 
   54591.214800     116.5906     371.7971      82.7564     400.5993      -nan    -116.5906     -82.7564 -1.183 -1.188  762 
   54861.115600     146.2262     410.6678     110.4409     435.8029      -nan    -146.2262    -110.4409 -1.979 -0.997  762 
   54862.106300     226.2078     334.6126     144.5344     374.1798      -nan    -226.2078    -144.5344 -1.287 -2.578  762 
   55470.447800     229.1977     384.4452     166.4689     413.7253      -nan    -229.1977    -166.4689 -1.559 -2.598  762 
   55536.220400    -125.8336     352.5151     -83.3252     389.0400      -nan     125.8336      83.3252  1.473  1.238  762 
   55538.257000      -1.9596     321.9906      -1.1941     369.7494      -nan       1.9596       1.1941 -0.239  0.028  762 
   55540.328200    1458.1427     413.8799    1098.8238     441.1719      -nan   -1458.1427   -1098.8238 -9.206 -8.152  762 
   55543.325100      81.0209       1.9717      81.0209       1.9717      -nan     -81.0209     -81.0209 -2.971 -2.632  762 
   55889.400500     201.8973     410.6064     144.9656     442.3434      -nan    -201.8973    -144.9656 -1.961 -1.458  762 
   55889.413600    1565.1477     417.3714    1196.3228     442.0607      -nan   -1565.1477   -1196.3228 -7.808 -9.341  762 
   55924.296700    -177.7201       1.7278    -177.7201       1.7278      -nan     177.7201     177.7201  8.141  7.549  762 
   55925.181100     -30.5256     370.6547     -21.5362     401.4153      -nan      30.5256      21.5362 -1.397  0.280  762 
   55925.281600     362.5700     331.9368     220.3979     377.1815      -nan    -362.5700    -220.3979 -2.998 -3.808  762 
   55926.293000      72.8983       1.8820      72.8983       1.8820      -nan     -72.8983     -72.8983 -2.054 -2.613  762 
   55927.338100     130.8718     310.3968      74.7081     363.7739      -nan    -130.8718     -74.7081 -2.120 -1.775  762 
   55930.390900      90.1248     376.8005      66.9477     404.5445      -nan     -90.1248     -66.9477 -3.793 -1.401  762 
   55969.095200    -826.3940     384.3984    -618.0277     409.3190      -nan     826.3940     618.0277  7.323  6.558  762 
   55969.103600    -633.6436     373.5264    -461.4121     401.1234      -nan     633.6436     461.4121  4.971  5.222  762 
   56008.134700    1254.4922     398.6569     911.0852     427.8271      -nan   -1254.4922    -911.0852 -9.128 -8.639  762 
   56009.119700     983.4119     400.1784     711.7788     428.2597      -nan    -983.4119    -711.7788 -6.430 -7.604  762 
   56045.148400   -1575.2154     447.3468   -1269.7256     464.7720      -nan    1575.2154    1269.7256 12.060 13.027  762 
   56215.447500      88.1556     353.4447      57.6850     397.1687      -nan     -88.1556     -57.6850 -1.024 -1.090  762 
   56217.445100    2647.7833     519.5940    2254.5376     534.4995      -nan   -2647.7833   -2254.5376 -15.875 -14.117  762 
   56254.420000      59.6850       1.5077      59.6850       1.5077      -nan     -59.6850     -59.6850 -0.854 -3.257  762 
   56301.204000     962.1487     395.1257     681.4444     427.9341      -nan    -962.1487    -681.4444 -6.827 -6.284  762 
   56301.237400    3134.7441     431.4272    2428.1966     457.4633      -nan   -3134.7441   -2428.1966 -16.425 -15.758  762 
   56302.300900     210.7089     255.2900     148.8334     288.2857      -nan    -210.7089    -148.8334 -4.312 -5.355  762 
   56337.369900     221.2494     286.2139     137.8498     338.5528      -nan    -221.2494    -137.8498 -3.017 -3.348  762 
   56417.145600     332.0753     335.6813     238.8660     365.2266      -nan    -332.0753    -238.8660 -4.452 -4.447  762 
