   54534.143600   14249.4947     276.0568   31851.5611     419.9830    0.6248       0.0000       0.0000  0.617  0.000  762 
   54591.214800    4095.9858     301.2640    3577.3051     310.0515    0.2306       0.0000       0.0000  3.782  0.000  762 
   54861.115600    3458.7028     170.3740   13876.6127     357.2164    0.5488       0.0000       0.0000 -15.423  0.000  762 
   54862.106300    3257.8019     281.0864    3313.5166     292.0049    0.2154       0.0000       0.0000 -10.818  0.000  762 
   55470.447800    -424.7803     322.5147    -406.2084     330.0361    0.0465       0.0000       0.0000 -7.453  0.000  762 
   55536.220400    2685.9046     282.2087    2271.0947     297.3206    0.1725       0.0000       0.0000 -0.550  0.000  762 
   55538.257000     799.0535     263.4168     402.6207     279.3824    0.0377       0.0000       0.0000  3.354  0.000  762 
   55540.328200    2847.7113     141.3700   14577.5036     341.0638    0.5793       0.0000       0.0000 -6.750  0.000  762 
   55543.325100    -398.0125     255.9579   -3266.2183     277.9534    0.2914       0.0000       0.0000 -1.099  0.000  762 
   55889.400500     992.3153     108.1852    9370.5852     348.8694    0.5996       0.0000       0.0000 -8.640  0.000  762 
   55889.413600     826.0201      79.8324   14701.7303     353.5868    0.6351       0.0000       0.0000 -10.054  0.000  762 
   55924.296700    1354.7294     231.9835    1293.1226     257.9254    0.1752       0.0000       0.0000 -5.880  0.000  762 
   55925.181100    6496.9344     294.8086    7409.7656     309.8415    0.5043       0.0000       0.0000 -4.622  0.000  762 
   55925.281600     880.4470     168.2443    2919.4958     283.2625    0.4547       0.0000       0.0000 -5.656  0.000  762 
   55926.293000    1514.2966     239.1638    2877.9525     261.2814    0.3457       0.0000       0.0000 -4.539  0.000  762 
   55927.338100    1361.3937     201.3894    3551.9058     273.1141    0.5302       0.0000       0.0000 -6.583  0.000  762 
   55930.390900    1000.4229     284.2320     906.5948     326.8747    0.1011       0.0000       0.0000 -0.892  0.000  762 
   55969.095200     818.5986     118.9262    6099.5172     326.3370    0.4052       0.0000       0.0000 -12.759  0.000  762 
   55969.103600     908.1856     124.5844    5967.3474     316.9107    0.4467       0.0000       0.0000 -15.189  0.000  762 
   56008.134700     982.2508      88.8213   14065.5136     341.2103    0.6620       0.0000       0.0000 -13.612  0.000  762 
   56009.119700    6299.9338     194.2642    8555.4013     335.3766    0.6876   -3347.5028    -217.5667 -13.909 -2.355  762 
   56045.148400     909.8884     163.1710    4944.3834     389.6395    0.3519       0.0000       0.0000 -22.637  0.000  762 
   56215.447500   -1395.6312     290.5153    2392.9741     305.6277    0.4015    6439.0282    2010.6864 38.352 37.246  762 
   56217.445100  -20550.9134      61.8710   29014.8951     446.2241    0.7467   21231.1018    4338.3752 35.851 27.594  762 
   56254.420000    -927.1281     248.0058   -7105.4141     274.3135    0.3308     746.3912     441.9176 38.459 20.728  762 
   56301.204000  -47402.4850     160.7481   13062.5645     323.4525    0.6715   52577.1244    4494.4064 38.371 42.063  762 
   56301.237400  -27241.6948      67.8475   24751.9550     353.7206    0.7428   28494.6384    5424.8997 35.452 35.754  762 
   56302.300900   -2083.0062     241.1914   -4026.3883     249.1245    0.2153    1218.6223     951.4157 46.599 26.491  762 
   56337.369900   -1893.5110     251.7492   -2595.3091     272.4824    0.0595    3900.0245    1471.9637 34.957 35.038  762 
   56417.145600   -3072.5424     281.6958   -7190.7899     291.8851    0.2938     683.3837     530.7499 23.771  9.753  762 
