   54534.143600    6035.1204     379.4475    6060.3816     380.1754    0.6384      42.5252      41.0754 -0.653  0.193  762 
   54591.214800   11608.0832     254.4523   11726.1042     256.8515    0.8001    -468.7486    -416.9480 -5.493 -5.948  762 
   54861.115600    7267.6867     303.2777    7366.9849     304.8847    0.7395     834.3209     770.4613  5.794  6.433  762 
   54862.106300    6082.0114     226.9636    6375.4248     230.7478    0.6351     235.8185     199.8095  3.552  3.161  762 
   55470.447800   -7425.3172     280.6971   -7383.2008     283.3284    0.7895     168.0571     149.0203  2.806  2.282  762 
   55536.220400   -5318.1715     239.4783   -5311.8117     243.6392    0.6353    -461.1581    -388.8903 -6.194 -5.717  762 
   55538.257000   -3202.4374     212.9655   -3214.6734     219.7256    0.3758     929.5945     728.0803 17.450 17.122  762 
   55540.328200     807.9131     290.2702     704.4422     292.6595    0.0939   -1307.9625   -1184.8613 -9.242 -8.906  762 
   55543.325100    7598.6133     195.3475    7671.8496     204.5294    0.8890    -187.5080    -137.1801 -4.696 -4.246  762 
   55889.400500    9101.9253     289.7215    9033.2073     292.2216    0.8260    -255.9201    -229.2949 -2.833 -2.229  762 
   55889.413600   10270.0948     303.4836   10217.0740     305.1552    0.8078    -692.8817    -639.1831 -3.784 -4.883  762 
   55924.296700     670.4053     175.5314     651.1100     189.0306    0.1320     -42.7702     -27.5925  0.026 -1.085  762 
   55925.181100    1935.6996     256.9874    2126.4471     259.6529    0.3549     548.8416     484.1319  4.623  6.310  762 
   55925.281600     784.2938     218.9158     833.5963     224.3349    0.2622      40.5088      32.7036  0.520  0.551  762 
   55926.293000   -1104.2048     184.8810    -813.4986     196.3609    0.1925     129.7074      88.5118  4.094  3.032  762 
   55927.338100    -347.6522     204.0930    -447.0048     212.1455    0.1371    -104.3696     -78.6667 -1.885 -1.849  762 
   55930.390900     209.0432     275.8836     244.2476     278.5676    0.1269     817.5232     721.9115 15.292 15.598  762 
   55969.095200    -916.5257     278.7508    -999.9000     280.7076    0.1045     344.4893     312.4328  3.354  3.262  762 
   55969.103600    -498.1572     266.6023    -430.2153     268.8257    0.0293     285.7127     255.8628  2.510  2.835  762 
   56008.134700   -8555.7686     292.5893   -8669.1649     295.0066    0.8243    -170.7185    -153.7687 -1.820 -1.356  762 
   56009.119700   -8783.6887     287.0884   -8958.1810     289.9480    0.8757      -9.1574      -8.1014  1.398 -0.088  762 
   56045.148400    1462.3303     349.8205    1406.4316     350.9002    0.0157   -1646.8727   -1543.4002 -14.745 -15.833  762 
   56215.447500   -3619.6572     243.0103   -3577.8327     248.1172    0.5594     107.1398      88.3822  1.672  1.656  762 
   56217.445100   -1600.1974     411.3921   -1502.7718     412.2647    0.2821    -463.8787    -443.0636 -2.903 -2.820  762 
   56254.420000    -194.9868     191.0101   -2253.0677     205.0266    0.2008     117.9457      81.6054  3.490  3.970  762 
   56301.204000   -1495.4842     269.4230   -1395.8211     272.6599    0.2593     120.4443     105.7663  0.366  0.990  762 
   56301.237400    -994.7349     307.1975    -817.3071     309.2737    0.2004    -440.5878    -404.2616 -1.075 -2.660  762 
   56302.300900   -6802.7914     202.0082   -7314.7669     205.4077    0.7198     171.9734     146.0566  6.841  4.406  762 
   56337.369900    -750.0325     197.9183    -201.6104     205.4812    0.0023     296.7281     224.5815  5.154  5.328  762 
   56417.145600    2491.7305     234.0149    2583.0773     236.8554    0.2473    -153.5565    -134.2385 -1.475 -2.501  762 
