   54534.143600    2536.0190     394.1168    2605.4981     395.7138    0.1333   -3841.5796   -3691.5683 -17.146 -17.419  762 
   54591.214800   -1879.2782     259.4429   -1603.9618     263.8181    0.2574    -440.5915    -401.0003 -4.785 -5.742  762 
   54861.115600    3347.8492     308.2145    3458.8065     311.2069    0.3573     -98.2426     -91.5981  1.256 -0.783  762 
   54862.106300    2650.0958     221.7194    3147.4784     227.6850    0.4328     532.7144     477.9633  7.649  7.826  762 
   55470.447800    1652.1867     273.2148    1782.4044     276.8862    0.4816     749.2635     699.4180 10.017 10.833  762 
   55536.220400    2438.5409     233.2338    2517.2042     238.9933    0.3116    -379.9396    -342.2641 -4.823 -5.090  762 
   55538.257000    1994.1035     193.6148    2483.8026     200.9448    0.4927     376.3380     339.4675  9.703  8.142  762 
   55540.328200     -29.3671     299.5015    -259.8651     303.5797    0.2987   -1471.4386   -1345.4569 -11.287 -10.153  762 
   55543.325100     365.8360     167.5816     831.7893     176.7152    0.1479    -185.5569    -167.4729 -6.269 -5.320  762 
   55889.400500    3079.4033     294.1615    3163.3551     298.4743    0.5229     201.9902     184.6003  2.125  1.822  762 
   55889.413600    3153.6126     311.6215    3123.4750     314.6954    0.5137     469.5637     435.5455  2.467  3.362  762 
   55924.296700    -176.1089     132.3355    -132.7478     143.7063    0.0158      59.7068      54.4802  1.575  2.230  762 
   55925.181100    5681.0934     255.1122    5903.1285     259.4686    0.6151     133.8352     122.8813  1.829  1.620  762 
   55925.281600     298.6694     209.2299     169.2057     216.6248    0.0850     143.9232     127.3047  2.498  2.191  762 
   55926.293000     371.2624     145.9469     522.1961     155.6660    0.1733     121.1750     111.0682  3.560  3.933  762 
   55927.338100     221.8444     182.3521      97.6055     190.7497    0.0480      63.1246      56.3251  1.000  1.346  762 
   55930.390900   -1160.1580     264.6531   -1245.5807     267.9835    0.0978     695.1429     656.7502 12.227 14.268  762 
   55969.095200     362.1263     281.2046     319.7501     284.6092    0.1566     671.7445     621.0671  6.671  6.566  762 
   55969.103600     118.4821     268.1566    -101.5902     272.2081    0.1050     831.5057     762.0331  9.027  8.572  762 
   56008.134700    -767.6114     293.7663   -1024.0546     297.5871    0.1150     251.3775     230.3001  1.651  2.081  762 
   56009.119700     -76.1719     284.6050    -103.3561     288.3148    0.0763     483.3177     444.7616  4.622  4.839  762 
   56045.148400    1160.7010     352.2593    1384.6023     353.9995    0.1440     -71.0951     -67.4056 -0.549 -0.695  762 
   56215.447500    2006.0322     229.5466    2343.0091     235.9610    0.3474    -279.8868    -254.5931 -4.801 -4.837  762 
   56217.445100   -1252.8874     420.3876   -1145.4515     421.9718    0.3204   -1578.5052   -1508.6012 -9.612 -9.635  762 
   56254.420000    1259.5248     142.3348    1046.4939     151.1556    0.1869     101.1640      96.2908  4.180  4.844  762 
   56301.204000    -330.3968     274.7849    -199.6485     279.8813    0.1129    -396.4337    -356.6331 -2.031 -3.353  762 
   56301.237400    -662.7333     318.0000    -713.1240     321.6529    0.3395   -1734.1386   -1600.4392 -11.364 -10.557  762 
   56302.300900    -258.6276     180.9705    -347.9188     184.2182    0.0489       3.7051       3.5285  1.247  0.112  762 
   56337.369900    -808.6768     185.8183      56.3570     196.4848    0.0193      96.7491      83.0735  1.223  1.977  762 
   56417.145600    -847.9195     229.3743    -157.5950     234.2912    0.0170      -7.4552      -6.8778  1.569 -0.130  762 
