   54534.143900    1327.1911     127.4371    1112.1523     128.8510    0.2042    -144.4570    -135.1665 -0.875 -0.489  762 
   54591.214800    1313.6809      96.4260    1170.3101      99.0518    0.2361    -149.9033    -122.8028 -1.438 -1.141  762 
   54861.115600     609.9230     122.5776     472.5320     124.2777    0.0670    -182.8375    -162.7472 -1.336 -1.013  762 
   54862.106300     490.2341      96.7148     618.8265     101.1253    0.1189    -114.2472     -83.4776 -0.731 -1.118  762 
   55470.447900    1095.5544     146.2634     972.6190     147.7120    0.2734     337.4500     300.3726  3.567  3.294  762 
   55536.220500    -101.4404      98.1692    -287.7444     102.1362    0.0993    -140.3720    -108.7267 -0.681 -0.999  762 
   55538.257100    -229.6001      95.8825    -630.8716     101.0003    0.1477     -65.4253     -46.6391 -0.220 -0.649  762 
   55540.328300     393.3864     119.6417     207.6512     122.3106    0.0165    -315.9481    -272.6304 -1.105 -1.533  762 
   55543.325200     794.6724      98.7363     690.3047     102.7905    0.2647     -21.1344     -15.7157 -0.024 -0.217  762 
   55599.154200    1082.7862     109.7514     882.7008     112.2963    0.1463    -372.5567    -322.2477 -1.935 -1.777  762 
   55924.297000    -415.7910      91.4275    -857.4171     104.2211    0.2498     -23.3409     -11.6327 -1.110 -0.407  762 
   55925.231600    -195.3291     105.8349    -244.7957     110.7150    0.1658    -101.2200     -75.0537 -1.358 -0.895  762 
   55926.293300    -872.6155      88.2955   -1160.8750     101.3309    0.4821     -21.4266     -10.2281 -0.206 -0.317  762 
   55927.338400     245.7863     101.1733     300.0418     108.1694    0.1332     -32.4369     -21.4139  0.126 -0.359  762 
   55930.391100     190.2877     136.7166     148.1784     139.2944    0.0360      -1.9793      -1.6550  0.141 -0.025  762 
   55969.099700    1180.9960      97.1143    1196.7313     101.5679    0.4269      55.9750      41.9147  0.390  0.436  762 
   56008.135200     938.0162     110.0278     752.2441     115.3198    0.2184    -223.7883    -170.4943 -1.234 -1.343  762 
   56009.121900     982.4095     116.9320     916.3726     120.8704    0.3524     -23.4369     -18.6374 -0.515 -0.160  762 
   56045.149100    1648.5566     173.0693    1678.6522     173.8567    0.2740    -127.5333    -119.2092 -0.323 -0.762  762 
   56215.448600    1679.0201     115.4257    1716.0221     119.5967    0.4281      81.9927      64.1601  1.612  0.597  762 
   56217.446200     418.4146     144.0081     309.1969     146.2284    0.1492     318.8164     284.1500  1.270  1.481  762 
   56254.420200    1504.9964      93.3586    2059.2158     105.2416    0.5863      42.8562      21.1703  1.230  0.759  762 
   56301.220900    -467.9756     127.6600    -580.2305     130.6469    0.0568     485.3673     420.1244  2.038  2.150  762 
   56302.301100       8.7341      80.0089     166.9169      85.1516    0.0571      55.7285      37.0254 -0.435  0.865  762 
   56337.370100     493.4749      89.7985     988.4726      98.6911    0.2729      27.9290      15.7894  0.042  0.370  762 
   56417.145900    1946.2645      93.6836    2400.4761      98.5635    0.5102     -61.6967     -43.3237 -1.393 -0.751  762 
