   54534.143900     889.0854     144.0659     649.6360     146.2343    0.3596   -2620.2350   -2424.0525 -9.336 -8.821  762 
   54591.214800    5480.5631     104.6594    5370.9773     108.0410    0.7630    -425.0939    -340.2762 -3.309 -3.236  762 
   54861.115600    3192.6299     132.3984    3113.7079     134.7709    0.4153    -816.3666    -709.3239 -4.673 -4.534  762 
   54862.106300    3567.5890     107.1235    4185.3093     112.0797    0.6885    -161.7233    -115.5706 -1.948 -1.540  762 
   55470.447900   -3350.7895     157.1084   -3363.2200     159.4698    0.6244    -101.2679     -86.7102 -0.324 -0.975  762 
   55536.220500   -1968.9082     111.7076   -2235.3346     117.2433    0.5604    -577.7529    -428.8476 -3.792 -4.010  762 
   55538.257100   -1911.2878     109.6859   -3080.2361     117.0810    0.5336    -228.3626    -153.6143 -2.167 -2.191  762 
   55540.328300    -782.8502     134.1933    -930.4327     138.1798    0.3412    -714.9688    -600.8375 -3.391 -3.430  762 
   55543.325200    4323.7762     109.4265    4099.7350     114.5315    0.7198    -243.5627    -175.2421 -2.252 -2.497  762 
   55599.154200    4665.8933     121.2905    4603.4081     124.5402    0.6927    -767.6335    -653.9256 -4.057 -3.651  762 
   55924.297000     311.1682     104.5263      90.5375     119.4557    0.0216     -15.0375      -6.9826 -0.518 -0.252  762 
   55925.231600     809.2171     118.0984     845.9380     124.4910    0.3963      67.6729      48.2073  0.558  0.584  762 
   55926.293300    -241.6901     101.4747    -683.2783     117.1087    0.2582      -3.7746      -1.6902 -0.187 -0.055  762 
   55927.338400    -165.3591     115.0382    -207.1943     124.2226    0.0794      34.5383      21.5779  0.821  0.369  762 
   55930.391100    1505.0458     146.5972    1616.8124     150.1659    0.3634       3.9872       3.2193 -0.459  0.049  762 
   55969.099700     227.4882     111.1973      20.8416     117.2856    0.0147     -81.9036     -58.7266 -0.546 -0.614  762 
   56008.135200   -4596.9923     128.0686   -4943.9390     135.9356    0.8456      38.5906      27.9488 -0.181  0.223  762 
   56009.121900   -3843.2469     133.9022   -3893.3351     139.7828    0.7757    -307.0570    -233.2351 -1.371 -2.016  762 
   56045.149100    2098.2988     182.8183    2088.1420     184.1849    0.2913    -211.4669    -193.7003 -0.372 -1.244  762 
   56215.448600     107.0177     131.4948     392.9851     137.1105    0.0996      32.1100      24.2362  0.134  0.224  762 
   56217.446200     548.4723     159.2597     285.3866     162.7209    0.0012    -321.2530    -279.5273 -1.118 -1.456  762 
   56254.420200    1122.7810     108.3053    1452.7079     123.5884    0.3048      61.3265      27.6489  1.650  1.015  762 
   56301.220900   -1325.2336     143.8834   -1397.8364     148.0976    0.4434    -279.5054    -236.7235 -1.553 -1.216  762 
   56302.301100    -749.7629      90.7572    -246.3815      97.2308    0.1097    -334.0718    -210.3674 -3.874 -4.945  762 
   56337.370100    1585.1726     102.2352    2125.1655     112.9990    0.2721     120.1647      64.9087  1.318  1.557  762 
   56417.145900    1508.2679     105.9992    1818.4742     112.8336    0.2606      58.8407      39.3055  0.364  0.686  762 
