   54534.143900    -284.1685     163.2973    -655.6283     168.5134    0.2259    -701.6004    -621.0232 -1.875 -2.285  762 
   54591.214800    -618.0975     129.1473   -1084.7385     137.7848    0.2127      14.9858      10.3641 -0.091  0.100  762 
   54861.115600   -2434.9628     155.6486   -3617.7340     163.1060    0.5453    -455.9749    -357.2376 -1.786 -2.307  762 
   54862.106300     -18.6838     135.5548     834.0745     146.9727    0.1588    -193.4513    -116.7873 -0.945 -1.498  762 
   55470.447900    -841.3878     178.0601   -1109.2414     184.2604    0.2222     -13.5630     -10.5330 -0.969 -0.120  762 
   55536.220500    -332.1176     134.7806    -803.3140     146.2863    0.2126     -73.8896     -47.3582 -0.505 -0.446  762 
   55538.257100   -1102.3622     135.5742   -2324.9377     150.1594    0.3456      22.6798      12.5272 -0.080  0.188  762 
   55540.328300    -654.2518     156.9983    -850.1495     166.0692    0.2032      70.1973      54.0148 -0.764  0.307  762 
   55543.325200    -240.2109     139.3732    -830.5882     152.5316    0.3030    -229.9325    -128.8495 -1.502 -2.050  762 
   55599.154200    -730.2291     145.7335   -1006.0669     154.0867    0.2306     -81.2674     -63.0032 -0.472 -0.350  762 
   55924.297000      40.4759     137.2269    -609.9003     161.2291    0.1753     -90.0994     -30.7682 -0.498 -1.153  762 
   55925.231600     -16.7375     145.4380      -7.9548     158.9401    0.0198     -62.6227     -37.9012 -0.568 -0.461  762 
   55926.293300     172.3416     132.5884    -306.9281     157.0276    0.0925      13.1092       4.3068  0.423  0.149  762 
   55927.338400    -683.8180     145.1668    -922.5230     163.1117    0.4138    -255.2135    -128.4857 -2.031 -2.245  762 
   55930.391100     667.3112     174.0925     712.0082     182.5244    0.1475    -142.9439    -102.3237 -0.592 -1.533  762 
   55969.099700    -581.7696     137.7859    -562.9938     149.9359    0.1821      39.0261      24.4525  0.436  0.246  762 
   56008.135200    -714.3543     151.9611   -1277.0885     167.6936    0.3002     142.7378      89.8621  0.191  0.728  762 
   56009.121900    -155.9873     158.4283       2.1500     170.1242    0.0781    -313.3613    -212.3718 -1.792 -1.802  762 
   56045.149100     750.2406     203.9909     805.0910     207.8714    0.1494     224.6919     194.0910  0.628  1.218  762 
   56215.448600     132.4630     160.2474     425.6644     172.5283    0.0827     -52.5515     -34.7933 -0.316 -0.314  762 
   56217.446200    -163.0150     184.5817    -509.3263     192.5620    0.1494    -399.3822    -324.9306 -1.234 -1.660  762 
   56254.420200    1289.9362     142.4991    1664.5731     167.2880    0.3415     -17.0529      -5.7135  0.253 -0.215  762 
   56301.220900     160.2029     167.3381      95.8018     176.5993    0.0126    -176.6649    -139.3911 -0.725 -0.706  762 
   56302.301100     502.5965     113.8069    1388.6848     125.6778    0.3852       8.9158       4.6915  0.109  0.107  762 
   56337.370100     706.6686     134.2468    1453.8572     153.2481    0.2757    -139.1158     -58.5596 -0.404 -1.394  762 
   56417.145900     766.2615     134.0159    1523.3076     147.5389    0.2968     -64.6900     -35.9923 -0.046 -0.614  762 
