   54534.143900    1005.2390     126.3420     731.6030     127.3920    0.1844     118.8158     112.1909  0.342  0.411  762 
   54591.214800    -123.7679      92.2084    -319.5934      93.8292    0.0011     370.7967     315.6319  3.224  3.023  762 
   54861.115600      55.5803     118.2688    -158.1738     119.4335    0.0310     336.6928     304.8790  1.481  1.978  762 
   54862.106300     344.5698      91.7813     411.7195      93.8222    0.1251      27.6379      22.1564  0.741  0.286  762 
   55470.447900    -234.6485     140.6606    -336.5144     141.4309    0.0278     505.8335     461.9106  4.861  5.246  762 
   55536.220500     298.4996      93.0597     215.5653      95.2062    0.0825       4.5977       3.7675  0.221  0.035  762 
   55538.257100     -68.3222      89.0897    -565.6665      92.1140    0.1557       0.0000       0.0000  0.777  0.000  762 
   55540.328300     287.4485     116.0991     100.4775     117.8189    0.1113     336.3819     298.2838  2.302  1.708  762 
   55543.325200    -420.4761      91.9633    -636.0134      94.5144    0.2019     211.9069     165.9194  1.570  2.476  762 
   55599.154200    -702.1233     107.3504    -880.7389     109.0349    0.0929     548.1657     486.2185  1.882  2.719  762 
   55924.297000    -160.2871      80.5304     -83.8151      85.1080    0.0431       5.5238       3.3768 -0.023  0.121  762 
   55925.231600     174.2574      99.3688     166.3035     101.8187    0.0998       8.5869       6.8583  0.188  0.083  762 
   55926.293300    -243.0218      77.8381    -281.7766      82.9937    0.1730      28.3357      16.5066  0.095  0.543  762 
   55927.338400    -337.6702      93.8167    -459.7594      97.3979    0.2428      12.1653       8.8522  0.776  0.152  762 
   55930.391100      57.8694     130.6204      80.6369     131.6519    0.1129     314.2334     277.7220  4.135  4.172  762 
   55969.099700    -167.5568      93.5221    -211.0049      95.9979    0.1108       8.9652       7.1839  0.317  0.074  762 
   56008.135200    -117.1415     105.7883    -211.1429     108.8101    0.1310    -131.2287    -105.6274 -1.185 -0.849  762 
   56009.121900     124.7207     112.8879      94.7624     114.9998    0.1399     285.6559     239.8173  2.014  2.048  762 
   56045.149100      99.4068     171.5067      46.3818     172.0042    0.0784     366.8981     347.6699  2.171  2.208  762 
   56215.448600     369.2888     112.2091     375.6671     114.4486    0.1269     -34.2910     -28.4666 -0.098 -0.258  762 
   56217.446200     384.0590     142.2651     243.8586     143.6551    0.0277    -156.7277    -143.2640 -0.800 -0.738  762 
   56254.420200     783.3610      83.1084     902.8968      87.6859    0.3652     -54.1274     -32.6463 -0.681 -1.181  762 
   56301.220900      -5.7314     125.5433     -62.5972     127.2204    0.0853    -183.7274    -164.5355 -0.923 -0.839  762 
   56302.301100     376.0559      73.5639     343.0977      75.7174    0.0270    -350.6604    -263.9411 -5.177 -6.034  762 
   56337.370100     815.0818      80.7551    1039.1722      84.3742    0.4206      47.2752      31.5848  0.998  0.743  762 
   56417.145900     189.2364      88.2072     350.3219      90.4781    0.1323      60.7011      46.8548  0.007  0.798  762 
