   54534.143900    7618.1135     123.2103    7491.5890     124.1433    0.8696    -591.1753    -559.7128 -2.524 -2.020  762 
   54591.214800    7498.5268      91.9613    7394.0098      93.8525    0.9019      48.7049      41.2052  0.332  0.380  762 
   54861.115600    4265.3961     120.4679    3997.6034     121.9080    0.6175    -646.7768    -583.0986 -2.424 -3.584  762 
   54862.106300    4556.9465      91.9625    4871.6760      95.2390    0.7442    -186.5365    -140.7816 -1.609 -1.930  762 
   55470.447900     -64.5356     145.9542    -142.5910     147.2503    0.0220      48.5038      43.4811  0.072  0.474  762 
   55536.220500   -2240.3900      98.1792   -2346.6645     101.9053    0.6108      38.4129      29.9431  0.442  0.275  762 
   55538.257100   -2381.7560      95.8874   -2862.5383     100.8427    0.5993    -137.2356     -98.7973 -0.735 -1.368  762 
   55540.328300   -2655.8748     120.6033   -2795.8216     123.2356    0.6364    -419.8961    -363.4489 -2.136 -2.037  762 
   55543.325200   -2945.2041      99.9212   -3016.2029     103.6460    0.7180     -31.1200     -23.4019 -0.545 -0.317  762 
   55599.154200     287.9968     109.4418     131.7214     111.7121    0.1057    -624.9338    -544.1829 -3.023 -2.991  762 
   55924.297000    -779.9147      89.4252   -1540.3141     100.8868    0.4851     -18.0991      -9.1834 -0.118 -0.330  762 
   55925.231600    -660.1879     104.4754    -706.0997     108.9195    0.3740     -24.5982     -18.4585 -0.285 -0.221  762 
   55926.293300    -968.6655      86.3753   -1338.1810      97.7595    0.5576      55.5371      27.2642  0.235  0.851  762 
   55927.338400    -858.9599     100.1211    -989.0278     106.7656    0.3784     -30.0454     -20.0830 -0.364 -0.338  762 
   55930.391100    -625.7147     135.0757    -614.4524     137.3357    0.1719     -78.8715     -66.4042 -0.952 -1.023  762 
   55969.099700    -155.5227      96.4183    -262.0362     100.7437    0.0899      27.1278      20.3756  0.107  0.215  762 
   56008.135200   -1626.9758     110.5504   -1863.0047     115.6272    0.5957    -185.0640    -141.2947 -1.229 -1.111  762 
   56009.121900   -1314.3967     116.7770   -1425.4054     120.6750    0.5207     107.6879      85.5998  0.154  0.742  762 
   56045.149100   -3754.6194     174.1616   -3841.8597     175.1373    0.4834     474.2535     440.4119  1.728  2.827  762 
   56215.448600    -752.0231     115.0629    -673.6472     119.1206    0.1334     265.6551     207.9251  1.624  1.966  762 
   56217.446200   -1495.3754     143.4123   -1496.5419     145.4721    0.1850     786.0674     703.5795  2.733  3.694  762 
   56254.420200    2792.7281      89.5097    2995.4282      99.8575    0.7898      69.3008      35.6059  1.002  1.311  762 
   56301.220900    3194.5334     124.0920    3066.0343     126.5238    0.7632     201.2104     176.5873  0.862  0.909  762 
   56302.301100    2628.2241      76.3256    3115.6341      80.2271    0.6849    -119.5245     -82.5529 -2.367 -1.989  762 
   56337.370100    6441.3827      82.8725    6803.9984      89.8313    0.9024     131.4150      79.0166  2.255  1.863  762 
   56417.145900    6921.2755      88.0131    7257.9368      91.8855    0.8877     118.5542      86.7398  1.317  1.528  762 
