   54534.143900    -124.8255     118.5396    -382.0432     119.5137    0.1047     891.5227     842.8292  2.802  3.102  762 
   54591.214800      -1.3110      87.9622    -209.6058      89.7326    0.0415      71.2739      60.6810  0.226  0.581  762 
   54861.115600    -119.6637     113.0015    -264.5592     114.0621    0.0592      34.5818      31.3790  0.575  0.206  762 
   54862.106300    1010.5418      88.4771    1107.4685      90.7045    0.3403     -33.2047     -26.7886 -0.569 -0.327  762 
   55470.447900      30.4759     137.7575     -52.3889     138.6146    0.0233     158.0219     144.4201  0.881  1.640  762 
   55536.220500     -38.0294      88.2814     -64.9531      90.6440    0.0067      56.7272      46.2349 -0.484  0.433  762 
   55538.257100       0.0121       2.9619       3.6883       3.1412    0.0057       0.0000       0.0000  0.103  0.000  762 
   55540.328300     378.2061     109.5981     302.8433     111.1555    0.1570     242.7207     216.7470  0.948  1.236  762 
   55543.325200    -385.1955      87.0482    -618.1147      90.6563    0.2439      88.1011      66.1976  0.027  1.044  762 
   55599.154200    -318.2931     100.7659    -394.2642     102.2314    0.0133     490.7026     437.8275  1.938  2.437  762 
   55924.297000      83.5601      78.9800     126.6865      87.6571    0.0826      22.1530      12.2238  0.646  0.422  762 
   55925.231600    -352.8927      95.5214    -401.6675      98.5637    0.2147      -5.5894      -4.4172 -0.009 -0.053  762 
   55926.293300      80.6845      74.9585    -136.1904      84.8099    0.0705     -18.4939      -9.6393 -0.653 -0.315  762 
   55927.338400    -329.4845      90.1086    -373.4694      94.9749    0.2269     -83.5012     -59.2211 -1.284 -1.004  762 
   55930.391100     281.5229     129.9736     224.1569     131.2718    0.0169    -179.6554    -158.6926 -0.997 -2.285  762 
   55969.099700     238.2046      88.8314     172.2348      91.4933    0.0764     -27.6056     -22.1924 -0.594 -0.219  762 
   56008.135200    -189.8849      99.3324    -293.8639     102.8007    0.0278     273.6945     218.5516  1.975  1.757  762 
   56009.121900      25.9197     108.2748       3.7280     110.5064    0.0165     -45.6654     -38.5338 -0.369 -0.321  762 
   56045.149100     304.4459     169.1151     278.8926     169.5052    0.0009    -296.6229    -283.1251 -1.467 -1.760  762 
   56215.448600     143.5543     107.5213      99.1975     109.9815    0.0499      43.5053      36.2225  0.001  0.317  762 
   56217.446200    -487.9886     137.2613    -666.8790     138.5856    0.2356    -351.2362    -322.6300 -1.245 -1.629  762 
   56254.420200     458.2013      82.3557     408.1528      91.9849    0.1606     -40.0932     -21.7472  0.358 -0.745  762 
   56301.220900     337.9217     118.6707     161.5411     120.3789    0.1219     241.3623     216.9354  0.954  1.089  762 
   56302.301100     192.0317      72.2844     347.6329      75.2250    0.1404      35.2308      26.0958  0.560  0.560  762 
   56337.370100     236.9700      78.6644     329.8936      85.0416    0.1433     -45.1562     -28.2714 -0.718 -0.637  762 
   56417.145900     469.1175      85.5753     501.8047      88.8670    0.2224      40.3763      30.7126  0.764  0.500  762 
