   54534.143900    -351.5597     141.7081    -501.4554     145.3308    0.1291    -242.5878    -224.4520 -0.921 -0.810  762 
   54591.214800   -1224.5577      99.3933   -1040.4201     105.6968    0.1260     532.4791     451.1819  3.825  4.178  762 
   54861.115600   -1510.2214     132.2734   -1797.2181     136.7319    0.2800      31.4119      27.7842 -0.669  0.170  762 
   54862.106300   -3425.3675      92.5287   -3620.0142     101.9933    0.4686      70.0193      55.0013  0.052  0.789  762 
   55470.447900   -1072.8544     148.0837   -1194.9318     151.6284    0.2192      25.7061      23.5260 -0.370  0.258  762 
   55536.220500   -1235.7277     100.9425   -1393.7042     109.9364    0.4175     -64.5792     -51.8983 -0.112 -0.479  762 
   55538.257100   -3011.6085      91.5158   -3657.0929     102.7467    0.5383     133.4048     105.3795  1.228  1.474  762 
   55540.328300     521.6024     128.3160     205.6725     134.8346    0.0284    -363.1889    -314.8480 -1.793 -1.766  762 
   55543.325200     486.2373      92.5350     378.4852     103.2143    0.1166      23.0851      19.3309  0.017  0.261  762 
   55599.154200     178.8112     118.6609     -52.9273     124.9087    0.0354    -111.4491     -96.3402 -0.643 -0.531  762 
   55924.297000     767.8991      53.2627     732.8936      63.3268    0.1734     -36.9992     -31.9526 -1.184 -1.236  762 
   55925.231600    -213.0766     102.2086    -398.5553     112.1905    0.2377     -70.4189     -57.0421 -0.591 -0.695  762 
   55926.293300     512.6681      56.6385     256.1968      70.8775    0.0759     -86.4919     -67.7406 -2.228 -2.217  762 
   55927.338400     155.6566      88.1693     351.0418      99.8252    0.1299     -58.9434     -47.1360 -0.997 -0.814  762 
   55930.391100    -201.1693     127.2528    -277.7440     132.0424    0.0698     -24.1654     -22.0946 -0.463 -0.353  762 
   55969.099700   -2223.0873      99.6417   -2133.7387     110.1932    0.4761     -29.6624     -22.8388 -0.476 -0.247  762 
   56008.135200    -592.3516     114.2827    -686.9709     124.4571    0.2757    -301.6894    -240.4788 -1.660 -1.904  762 
   56009.121900    -322.7974     119.6684    -370.1974     128.2242    0.1697    -106.8406     -87.7275 -1.068 -0.776  762 
   56045.149100    -355.1388     178.6747    -465.9916     181.1402    0.1115    -206.4057    -191.6236 -0.773 -1.247  762 
   56215.448600   -2228.9746     119.7266   -1983.7333     129.8337    0.2810     632.9492     500.5597  4.768  4.867  762 
   56217.446200    -528.8429     153.6198    -651.9615     159.1408    0.0166     646.1862     570.2877  3.353  3.032  762 
   56254.420200    -478.2366      53.8360    -343.6005      62.9954    0.0794      81.2447      70.6659  3.387  2.827  762 
   56301.220900    -187.6072     136.3173    -326.1143     143.0424    0.0236     453.3926     393.9344  1.938  2.046  762 
   56302.301100   -1028.9759      62.7944   -1177.2029      69.9118    0.2633      64.6199      54.9374  0.959  1.411  762 
   56337.370100   -1514.0462      67.8304   -1711.8398      80.3472    0.3214     111.8719      86.4669  2.138  2.144  762 
   56417.145900   -2150.0095      85.2408   -2370.8444      95.1863    0.3767     143.3329     113.2702  1.898  2.087  762 
