   54534.146000    5133.7189     365.8644    4780.7790     367.8532    0.1589   -7406.4534   -7023.7928 -28.760 -28.406  762 
   54591.216800    3605.8347     248.0655    2419.4858     253.1819    0.1631      81.1656      65.9937 -0.462  0.979  762 
   54792.424000      68.0520     275.3759    -548.2689     277.7812    0.0777    -143.6009    -126.1196 -1.879 -1.602  762 
   54794.405400    2868.3945     207.7343    1614.0191     215.9579    0.1472     -71.3923     -47.2234 -0.689 -1.804  762 
   54861.117500    -106.9748     268.8432    -548.4750     273.8681    0.0647    1329.3591    1102.2734 11.427 13.357  762 
   54862.108200     796.4314     220.0794    -260.1639     227.7452    0.0179     582.5474     419.4989  9.520 10.491  762 
   55470.449700    4750.5973     317.3245    4586.6668     319.9558    0.4222     959.6680     850.3183 14.275 11.573  762 
   55536.222400    1756.0793     252.1251    1077.0447     258.5226    0.1934     609.2795     480.3827  5.523  6.390  762 
   55538.258900    4101.1442     224.4027    2706.5026     232.3563    0.2959       0.0000       0.0000  6.340  0.000  762 
   55540.330200     576.3808     322.0856      13.0783     325.8821    0.0221    -272.9525    -243.9011 -2.795 -1.482  762 
   55543.327000    4070.1021     210.3302    4299.6709     217.7375    0.5355     330.6268     228.0244  5.621  7.476  762 
   55599.156000    1257.2439     319.6235     742.1564     322.6440    0.0458    -233.8923    -211.6873 -2.081 -1.315  762 
   55889.408200    4700.5381     315.6600    4582.6679     320.7211    0.6338    -327.5687    -279.6948 -3.129 -2.272  762 
   55924.298900    2635.2197     231.8688    3096.8061     239.7501    0.3531     120.1417      87.8225 -0.723  1.858  762 
   55925.233500    4293.0624     279.8285    4763.4397     284.4264    0.5671     427.0713     358.2632  3.094  4.060  762 
   55926.295200    1457.9602     210.6449    1083.5992     220.8659    0.1753     214.2593     134.8337  5.517  4.644  762 
   55927.340300    2015.3576     257.5047    1802.1422     264.6268    0.2385    -297.2229    -228.0743 -1.588 -3.596  762 
   55930.393000    3603.0132     362.5006    3762.8094     364.5360    0.3397     498.0444     452.8771  4.858  5.797  762 
   55969.101700   -1045.3252     292.5536   -1469.2970     296.0443    0.1582      26.3212      23.2007  1.286  0.191  762 
   56008.137100   -1249.8980     338.8068   -1491.6165     342.9711    0.2596   -1657.9013   -1470.5796 -7.147 -9.327  762 
   56009.123900    3047.9624     315.3697    2938.8419     319.4976    0.3219    -168.2784    -146.6927 -2.121 -1.183  762 
   56045.151000    5597.9834     420.3299    5506.5330     421.9753    0.3994     264.5365     247.7348  1.784  1.675  762 
   56215.450500    -575.1508     323.2763    -828.3934     327.2862    0.2593   -2392.3625   -2098.6671 -18.852 -18.229  762 
   56217.448100    1593.5943     412.0831    1573.7198     414.3129    0.1039   -2974.0777   -2775.3692 -15.074 -15.306  762 
   56254.422100    -732.2880     226.9824   -1822.7126     238.2544    0.1810    -105.6239     -67.1742 -2.552 -2.457  762 
   56301.222800   -1383.0772     315.2251   -1399.4953     320.9503    0.3911   -1249.2434   -1058.4810 -7.756 -8.149  762 
   56302.303100   -4426.3446     253.7275   -4972.0715     255.9507    0.3678    -837.2222    -744.2853 -12.280 -11.043  762 
   56337.372000     534.1164     223.1274    -351.8703     233.7078    0.0481    -117.6460     -79.1892 -3.607 -2.138  762 
   56417.147800   -1197.3132     258.1883   -1055.3614     265.1798    0.1084      -1.2034      -0.9370 -1.262 -0.016  762 
