   54534.146000   13575.9594     464.4097   12105.2574     478.0690       nan  -13575.9594  -12105.2574 -48.923 -47.428  762 
   54591.216800     218.9166     347.6644     150.1391     383.2888       nan    -218.9166    -150.1391 -2.691 -1.945  762 
   54792.424000    9097.8493     356.5638    6950.4246     377.0230       nan   -9097.8493   -6950.4246 -81.039 -80.494  762 
   54794.405400     648.6420       2.0401     648.6420       2.0401       nan    -648.6420    -648.6420 -20.489 -20.048  762 
   54861.117500    2980.4282     378.2681    2088.3174     411.0405       nan   -2980.4282   -2088.3174 -24.947 -22.394  762 
   54862.108200    1336.5650     314.6529     777.3238     370.4622       nan   -1336.5650    -777.3238 -16.374 -16.682  762 
   55470.449700    2455.2857     403.8440    1880.9403     429.9867       nan   -2455.2857   -1880.9403 -24.339 -25.572  762 
   55536.222400    4203.9941     346.6220    2705.5026     390.9830       nan   -4203.9941   -2705.5026 -37.267 -36.077  762 
   55538.258900    2815.5780     315.7938    1661.1628     374.5580       nan   -2815.5780   -1661.1628 -35.911 -33.327  762 
   55540.330200   10624.4418     422.3055    8333.7452     447.7126       nan  -10624.4418   -8333.7452 -50.901 -51.023  762 
   55543.327000    1843.8513     297.2987    1050.7477     367.3388       nan   -1843.8513   -1050.7477 -28.294 -27.657  762 
   55599.156000   10249.2945     414.6849    8232.9271     436.0688       nan  -10249.2945   -8232.9271 -52.108 -50.773  762 
   55889.408200    6088.8580     422.4500    4430.0025     456.8750       nan   -6088.8580   -4430.0025 -35.874 -35.383  762 
   55924.298900    1131.6518     315.9600     644.0947     367.9567       nan   -1131.6518    -644.0947 -15.423 -14.595  762 
   55925.233500    1655.6023     374.8408    1141.4445     411.6492       nan   -1655.6023   -1141.4445 -14.799 -13.469  762 
   55926.295200     538.3609       2.0017     538.3609       2.0017       nan    -538.3609    -538.3609 -20.494 -17.163  762 
   55927.340300    1988.8984     360.3811    1226.3404     409.9539       nan   -1988.8984   -1226.3404 -19.189 -18.506  762 
   55930.393000    2575.9413     447.1842    2024.0860     467.3346       nan   -2575.9413   -2024.0860 -29.054 -27.274  762 
   55969.101700    3850.1970     386.5744    2894.8967     413.5456       nan   -3850.1970   -2894.8967 -23.765 -24.965  762 
   56008.137100    8832.1307     440.8166    6871.9910     468.5009       nan   -8832.1307   -6871.9910 -43.633 -43.474  762 
   56009.123900    4884.1892     415.0849    3605.5059     444.9269       nan   -4884.1892   -3605.5059 -31.097 -30.027  762 
   56045.151000    5463.2207     506.1954    4606.4631     521.3684       nan   -5463.2207   -4606.4631 -31.869 -31.736  762 
   56215.450500   -5143.4339     420.6910   -3829.2611     452.6883       nan    5143.4339    3829.2611 37.284 35.037  762 
   56217.448100   -3679.9750     508.4711   -3119.5005     527.2578       nan    3679.9750    3119.5005 13.656 17.306  762 
   56254.422100   -1052.1886       1.9653   -1052.1886       1.9653       nan    1052.1886    1052.1886 33.793 34.192  762 
   56301.222800   -4539.2115     423.4047   -3280.8843     460.5477       nan    4539.2115    3280.8843 23.046 24.906  762 
   56302.303100   -1202.4552     316.4814    -920.3260     337.6421       nan    1202.4552     920.3260 13.514 14.264  762 
   56337.372000   -2515.4047     307.8187   -1383.8304     379.8993       nan    2515.4047    1383.8304 33.423 33.072  762 
   56417.147800   -2648.5537     341.8277   -1694.4420     388.4908       nan    2648.5537    1694.4420 27.691 29.021  762 
