   54534.146000     880.0440     365.4157     433.1757     368.4595    0.1437   -2158.9271   -2019.1652 -8.567 -8.175  762 
   54591.216800    -588.1640     259.3042   -3208.1067     268.9815    0.1832     297.7594     226.6790  3.866  3.418  762 
   54792.424000    1471.1250     284.2819     257.3461     288.8444    0.0837     842.8313     712.8425  7.754  8.981  762 
   54794.405400    -904.3219     233.0860   -6764.0160     255.8732    0.3273     -15.2639      -8.6345 -0.379 -0.314  762 
   54861.117500    -164.2027     278.4070   -1641.5347     287.5203    0.0948     871.2265     682.6416  8.027  8.342  762 
   54862.108200    -255.6500     238.4131   -3879.8841     254.9007    0.2573     360.6491     233.4026  5.182  5.706  762 
   55470.449700    -662.9931     333.4621   -1398.6720     338.4130    0.0002    1630.9353    1396.7759 17.664 18.096  762 
   55536.222400    2019.8561     265.5098    1645.2160     276.4806    0.1735     129.4960      96.4813  3.255  1.235  762 
   55538.258900      -0.0017       2.3912      -4.9259       2.5254    0.0036       0.0000       0.0000  2.514  0.000  762 
   55540.330200     433.4471     328.6405      28.4683     333.9813    0.0470     529.9081     465.6547  1.983  2.738  762 
   55543.327000   -2431.7326     233.4275   -7976.9259     254.5659    0.4005     250.1969     146.5695  6.625  4.821  762 
   55599.156000    2557.2330     326.0846    2021.7893     330.4342    0.2245     626.4623     558.1064  3.813  3.359  762 
   55889.408200    1063.9820     325.5417     786.6452     333.9403    0.2066     417.3590     343.3098  2.429  2.731  762 
   55924.298900    3564.7103     250.6023    3940.1976     265.5734    0.2355     237.6472     159.0462  3.145  3.155  762 
   55925.233500    1507.1133     293.2783    1346.4351     301.5359    0.2003     440.5506     353.0336  3.729  3.841  762 
   55926.295200     785.9239     234.6919    -410.5953     258.6994    0.0322     132.3821      71.9696  1.505  2.303  762 
   55927.340300    1394.0600     273.2597    1222.8213     286.3966    0.1743      60.7451      43.4192  0.294  0.660  762 
   55930.393000    4582.2925     378.5395    5077.2446     382.1015    0.3628     660.7138     586.7542  8.874  7.137  762 
   55969.101700    1893.4638     300.7583    2254.4515     305.6335    0.2097     104.3242      90.1349  0.181  0.713  762 
   56008.137100    4265.0254     344.0856    4058.3007     350.2179    0.3428    -704.1601    -611.1099 -3.979 -3.790  762 
   56009.123900    3244.1592     324.8004    3294.6496     331.1877    0.4013     147.6851     125.2970  2.224  0.976  762 
   56045.151000    6249.2277     427.3186    6195.0769     429.8926    0.5009    1245.0545    1149.6517  7.299  7.640  762 
   56215.450500   -3449.7923     333.8136   -3514.5636     339.8536    0.3146   -1555.8521   -1327.6651 -11.111 -11.195  762 
   56217.448100    -891.0019     417.6229   -1125.5250     421.0907    0.2615   -2193.7221   -2015.9008 -10.840 -11.005  762 
   56254.422100   -3216.2544     253.1986  -10800.6550     282.6407    0.3495    -405.1834    -216.5530 -7.646 -7.713  762 
   56301.222800   -2457.0303     324.1158   -3131.0487     333.5769    0.4024    -517.5331    -422.7317 -3.880 -3.187  762 
   56302.303100   -3718.1540     265.2954   -4077.9131     269.1596    0.2148    -510.5191    -439.8754 -3.951 -6.281  762 
   56337.372000   -2925.6481     243.6589   -7885.6050     267.3095    0.3696    -409.6077    -242.7515 -7.362 -6.432  762 
   56417.147800   -2231.1751     274.5627   -3902.3736     287.7904    0.2094    -515.2202    -376.6781 -4.524 -6.031  762 
