   54534.141800   11504.5775     285.5461   11364.9510     291.3771    0.8036   -1147.9112   -1034.5162 -3.623 -3.914  762 
   54591.213000    7390.4923     206.0845    8176.4382     220.2849    0.5578    -318.2128    -218.4885 -3.499 -2.464  762 
   54792.421200       0.0000       3.4928       0.0000       3.4928      -nan       0.0000       0.0000  0.880  0.000  762 
   54794.402600   10718.9037     200.0623   13298.5640     226.0313    0.8853      84.1813      43.5950  1.053  0.891  762 
   54861.113700   12797.6320     253.6862   13853.2915     262.2675    0.7999    -624.5969    -505.9298 -3.310 -3.331  762 
   54862.104500   11016.1504     218.4881   13337.2635     234.2681    0.8505     265.7268     174.0412  1.555  2.489  762 
   55470.446100    4528.9354     294.3607    4850.9396     301.9888    0.5900     729.6797     595.6296  5.469  6.313  762 
   55536.218700    9328.0400     221.5173    9577.3512     236.7648    0.7924      91.0223      63.6289 -0.716  0.576  762 
   55538.255300   13331.3964     205.1474   15109.2018     230.1773    0.7778       8.8966       4.8478  0.889  0.085  762 
   55540.326500    7902.0912     259.2215    7700.3738     269.6366    0.7371    -417.4584    -340.0172 -1.846 -1.859  762 
   55543.323400    3722.3618     211.6907    4758.1036     238.5508    0.5882     207.2016     109.6230  1.235  2.030  762 
   55599.152300   11199.2735     262.9691   11175.9769     270.1644    0.7589    -362.6132    -310.6494 -0.917 -1.545  762 
   55889.405200     801.7763     270.9816     424.7403     284.6766    0.0563    -889.3650    -690.7720 -4.168 -4.204  762 
   55924.295100   -2062.7248     215.0721   -3672.6983     252.2593    0.4715     -38.0799     -17.6528  0.561 -0.410  762 
   55925.229700   -5118.7699     254.5712   -5722.4406     268.5495    0.7684    -259.4256    -191.1304 -0.806 -1.661  762 
   55926.291200   -2645.5874     213.0531   -3956.5645     250.9995    0.4597      29.3380      13.1410  0.498  0.311  762 
   55927.336300    1568.9056     221.6777    1436.6523     250.7062    0.3105     136.8524      72.2805  1.606  1.342  762 
   55930.389000    3892.0363     294.9103    3854.0283     304.9122    0.4799    -127.2625     -99.5205 -2.152 -1.466  762 
   55969.097700    5600.4012     239.4866    5056.7575     252.1394    0.6751     295.1113     220.4062  0.350  1.826  762 
   56008.133000    3249.0391     255.3846    3585.5325     270.8103    0.4208    -100.9568     -74.0684 -0.949 -0.537  762 
   56009.120000    2922.1361     260.7919    2453.6233     275.1977    0.3640    -446.6139    -330.8800 -3.221 -2.668  762 
   56045.147000    2263.7307     327.3128    2269.7082     332.8793    0.2729     377.7415     328.0200  1.363  2.211  762 
   56215.446700    6512.6295     249.6997    6494.7975     265.8569    0.7341     648.3794     459.5396  3.813  4.199  762 
   56217.444300    5815.3298     315.3743    5835.9646     322.7776    0.6086     -78.3337     -69.2793 -0.032 -0.289  762 
   56254.418300    4515.6526     217.7285    2696.0914     263.8936    0.2189      87.2514      35.3356  0.759  1.029  762 
   56301.218900   11099.2312     277.0973   11035.4522     288.9020    0.9251     325.1237     262.2690  2.546  1.460  762 
   56302.299000    7300.6317     194.9349    7159.9344     216.3679    0.7769     308.8580     177.1960  3.155  3.351  762 
   56337.368100    7680.2860     215.6944    8059.3430     246.9952    0.4801     235.6367     119.8713  3.023  2.364  762 
   56417.143800    1226.4605     222.9543     877.4434     245.6084    0.1160     477.6900     286.3475  5.057  4.885  762 
