   54534.141800   10204.6394     286.7903    9755.5521     290.2236    0.5709   -2935.1502   -2753.9321 -9.977 -10.297  762 
   54591.213000    3623.2670     180.1589    3454.9680     183.6418    0.3002    -716.2519    -613.3426 -5.385 -6.744  762 
   54792.421200    -361.0634     175.1775    -183.1533     176.8644    0.0996    1027.0333     920.6958  8.871  9.997  762 
   54794.402600   -3425.8207     160.0748   -1958.0082     167.2367    0.2340    -277.0897    -205.4722 -2.551 -4.083  762 
   54861.113700    3996.7965     240.5945    3979.0433     243.9111    0.4242    -315.2102    -284.2662 -1.552 -1.857  762 
   54862.104500    3668.7676     183.2615    4481.0198     186.5500    0.4833      44.7183      37.7842  0.192  0.529  762 
   55470.446100   -2991.2071     270.1494   -2975.0785     271.8353    0.2856      72.5755      66.7267  2.602  0.699  762 
   55536.218700     894.8890     199.0153    1220.5739     203.1741    0.0783    -647.2144    -547.4568 -5.394 -4.973  762 
   55538.255300     894.7904     166.5416    1593.0121     172.9781    0.1968    -248.0045    -190.1928 -2.877 -3.253  762 
   55540.326500    3776.4547     248.0790    3407.8676     252.5224    0.2420   -1369.4049   -1227.4254 -6.147 -6.740  762 
   55543.323400   -1177.4731     169.2281    -687.9838     176.5490    0.0913    -116.2923     -87.7148 -2.973 -1.569  762 
   55599.152300    5584.2483     255.4466    5488.4857     258.8362    0.5008   -1215.1512   -1114.8447 -5.188 -5.563  762 
   55889.405200    -347.6202     254.5831    -787.8236     259.6041    0.2951    -900.4860    -791.7216 -3.864 -4.810  762 
   55924.295100    -906.6054     164.6100   -1389.1896     176.6025    0.2354    -137.2748     -96.0376 -2.928 -2.156  762 
   55925.229700    4976.5674     225.2087    5198.7917     228.6374    0.6454    -253.8807    -222.9696 -1.610 -1.941  762 
   55926.291200     829.6155     161.3588    1386.1501     172.9804    0.2481      -4.1188      -2.8368 -0.404 -0.065  762 
   55927.336300    -490.0172     175.7436    -276.2220     183.8514    0.0462     108.9975      82.2377  0.659  1.492  762 
   55930.389000    1087.3505     260.7049     871.1769     262.6973    0.1116     456.4027     414.6021  7.874  5.982  762 
   55969.097700   -2163.5217     218.3806   -2177.4188     222.1368    0.4322    -362.0414    -315.7697 -1.875 -2.631  762 
   56008.133000    2030.4413     234.4063    1645.1512     239.4264    0.1332    -888.2315    -767.6808 -5.573 -5.511  762 
   56009.120000    5244.3749     235.6219    5008.8739     239.4799    0.4469    -750.4082    -655.4546 -4.243 -5.249  762 
   56045.147000     304.0853     312.2889      22.8931     314.1613    0.0318    -382.0632    -357.8806 -3.327 -2.392  762 
   56215.446700   -5510.6115     225.9843   -5602.2451     230.9292    0.6395    -705.0028    -597.4901 -5.816 -5.480  762 
   56217.444300   10433.4227     309.8344   10069.7576     313.5748    0.6513   -2662.1754   -2476.1258 -10.691 -10.335  762 
   56254.418300   -1224.1874     164.6577   -3679.2040     183.3292    0.2487    -459.7098    -287.1448 -6.725 -8.056  762 
   56301.218900    3582.1623     265.9477    3732.9620     270.6271    0.3542   -1563.7064   -1394.4208 -7.662 -7.768  762 
   56302.299000   -4861.4868     158.4961   -5282.1553     164.9993    0.6179    -124.3513     -95.9817 -1.129 -1.806  762 
   56337.368100    -714.5192     172.0922   -1531.3282     181.8864    0.1688    -359.9018    -262.3613 -5.517 -5.055  762 
   56417.143800     240.5625     181.2045    -716.9348     187.5148    0.0697      84.1160      67.2107 -0.112  1.131  762 
