   54534.141800  228838.9021       6.7022  228838.9021       6.7022      -nan -228838.9021 -228838.9021 -1126.944 -863.923  762 
   54591.213000    3406.6892       3.4075    3406.6892       3.4075      -nan   -3406.6892   -3406.6892 -102.846 -38.623  762 
   54792.421200    7734.8511       3.4706    7734.8511       3.4706      -nan   -7734.8511   -7734.8511 -151.631 -86.951  762 
   54794.402600    1276.2231       2.4775    1276.2231       2.4775      -nan   -1276.2231   -1276.2231 -35.496 -27.255  762 
   54861.113700   37915.2278       4.6168   37915.2278       4.6168      -nan  -37915.2278  -37915.2278 -394.787 -253.351  762 
   54862.104500    3648.5856       2.9974    3648.5856       2.9974      -nan   -3648.5856   -3648.5856 -74.737 -53.519  762 
   55470.446100    7302.1722       3.5383    7302.1722       3.5383      -nan   -7302.1722   -7302.1722 -134.805 -78.230  762 
   55536.218700   11201.6816       3.8580   11201.6816       3.8580      -nan  -11201.6816  -11201.6816 -186.986 -102.199  762 
   55538.255300     443.4746       2.7189     443.4746       2.7189      -nan    -443.4746    -443.4746 -10.628 -7.854  762 
   55540.326500   64539.4922       5.1934   64539.4922       5.1934      -nan  -64539.4922  -64539.4922 -546.745 -355.861  762 
   55543.323400    1163.6178       2.6295    1163.6178       2.6295      -nan   -1163.6178   -1163.6178 -18.640 -22.060  762 
   55599.152300   87370.4152       5.5164   87370.4152       5.5164      -nan  -87370.4152  -87370.4152 -639.754 -437.598  762 
   55889.405200   53793.6186       4.8974   53793.6186       4.8974      -nan  -53793.6186  -53793.6186 -495.676 -329.786  762 
   55924.295100    -141.1917       2.3487    -141.1917       2.3487      -nan     141.1917     141.1917  0.603  3.332  762 
   55925.229700   11981.1641       3.9526   11981.1641       3.9526      -nan  -11981.1641  -11981.1641 -211.801 -104.471  762 
   55926.291200    -247.9289       2.3222    -247.9289       2.3222      -nan     247.9289     247.9289  3.348  5.988  762 
   55927.336300     722.6389       2.6214     722.6389       2.6214      -nan    -722.6389    -722.6389 -21.225 -13.762  762 
   55930.389000    1178.4374       2.9680    1178.4374       2.9680      -nan   -1178.4374   -1178.4374 -35.174 -17.608  762 
   55969.097700   12965.6552       4.0568   12965.6552       4.0568      -nan  -12965.6552  -12965.6552 -226.427 -107.147  762 
   56008.133000   35996.5208       4.4122   35996.5208       4.4122      -nan  -35996.5208  -35996.5208 -401.162 -263.913  762 
   56009.120000   22533.8942       4.1487   22533.8942       4.1487      -nan  -22533.8942  -22533.8942 -310.123 -182.872  762 
   56045.147000   34757.3573       4.6008   34757.3573       4.6008      -nan  -34757.3573  -34757.3573 -380.282 -235.046  762 
   56215.446700    8555.0013       3.8576    8555.0013       3.8576      -nan   -8555.0013   -8555.0013 -180.168 -76.582  762 
   56217.444300  188218.6538       6.2717  188218.6538       6.2717      -nan -188218.6538 -188218.6538 -1007.734 -781.465  762 
   56254.418300    -828.4445       2.1072    -828.4445       2.1072      -nan     828.4445     828.4445 12.355 23.829  762 
   56301.218900   79214.7659       5.1923   79214.7659       5.1923      -nan  -79214.7659  -79214.7659 -647.371 -438.174  762 
   56302.299000   -1521.8201       2.6411   -1521.8201       2.6411      -nan    1521.8201    1521.8201  2.497 28.144  762 
   56337.368100   -1033.7153       2.5787   -1033.7153       2.5787      -nan    1033.7153    1033.7153 21.314 20.076  762 
   56417.143800    -225.8781       2.7633    -225.8781       2.7633      -nan     225.8781     225.8781 -13.638  3.813  762 
