   54534.141800   12236.4714     404.9936   12116.8547     406.8274    0.0386  -13087.9091  -12670.5454 -48.105 -47.757  762 
   54591.213000    3067.6821     229.6062    2774.8130     232.4174    0.3096     315.5547     277.9238  3.735  3.115  762 
   54792.421200   -1869.7927     210.9807   -1939.7979     212.8270    0.3953   -1961.1459   -1747.5103 -17.925 -19.479  762 
   54794.402600     745.6957     203.3205     673.5575     209.8597    0.0537    -417.5477    -320.3327 -6.934 -6.753  762 
   54861.113700    1082.3954     310.5756     982.6855     312.6390    0.0847   -1921.2205   -1782.3886 -12.156 -11.902  762 
   54862.104500    1603.4732     232.2266    1670.5200     235.8405    0.1116    -996.3270    -843.3371 -10.917 -12.276  762 
   55470.446100    2686.0119     312.7878    2665.5818     314.5104    0.1692   -1222.0507   -1120.8328 -9.950 -11.852  762 
   55536.218700    8480.4541     260.2341    8408.4576     262.8880    0.5262   -1313.9780   -1173.4808 -10.333 -10.529  762 
   55538.255300    5810.9789     216.1300    5833.3835     221.3486    0.5548    -612.1986    -492.7886 -7.964 -8.492  762 
   55540.326500    5857.7351     336.9743    5867.9813     339.2081    0.1981   -3608.9494   -3380.0580 -19.436 -18.524  762 
   55543.323400    3558.3231     216.9332    3662.7829     222.5814    0.3821    -258.5878    -204.5441 -5.155 -3.816  762 
   55599.152300      55.2877     344.5323      59.0615     346.4700    0.3045   -4019.4786   -3808.5337 -20.259 -18.975  762 
   55889.405200    2842.9497     341.4861    2715.5177     344.1745    0.0887   -3662.3736   -3379.8588 -20.490 -20.577  762 
   55924.295100   -2795.2932     214.3312   -2873.7642     222.5959    0.4670      36.6440      27.4708 -2.185  0.626  762 
   55925.229700    -730.4729     292.6090    -989.1070     295.2996    0.2332    -696.4711    -627.2138 -5.230 -5.378  762 
   55926.291200    -718.7673     211.3291   -1059.7597     220.0616    0.1767    -105.3177     -78.1141 -2.634 -1.832  762 
   55927.336300      76.5853     227.0058     173.1645     233.3201    0.0368      -9.5032      -7.4868 -1.367 -0.140  762 
   55930.389000    1967.2718     299.7826    1808.0465     302.0965    0.2325     -35.7635     -32.1236 -0.284 -0.471  762 
   55969.097700    3463.9212     284.1343    3322.8764     286.3998    0.3994    -753.2794    -687.2600 -6.530 -5.568  762 
   56008.133000      82.3790     312.2576    -273.6375     315.2974    0.2538   -2880.8634   -2599.1147 -18.778 -18.973  762 
   56009.120000    -779.2418     306.5670   -1030.6255     309.3053    0.3559   -1677.2457   -1513.2018 -11.994 -12.159  762 
   56045.147000     753.1993     372.3721     676.1832     373.7217    0.1235   -2408.6807   -2281.4684 -15.935 -15.298  762 
   56215.446700    4269.1451     296.6521    4442.1628     299.2711    0.6481    2357.1112    2132.2268 16.912 18.479  762 
   56217.444300    5934.2945     432.7945    5978.1402     434.7945    0.2710  -10020.0692   -9644.0870 -40.683 -39.664  762 
   56254.418300    7212.4298     212.2588    7346.5870     222.1932    0.7118     999.2873     725.3791 19.768 19.621  762 
   56301.218900    6406.0226     364.9246    6269.2709     367.3458    0.4931   -2508.9597   -2351.3295 -12.915 -12.823  762 
   56302.299000    3365.1578     202.2721    3091.5807     206.5374    0.4817    1299.6424    1067.3554 17.831 18.713  762 
   56337.368100    4075.3096     224.9647    3803.8040     231.1987    0.4988     426.5088     340.9153  6.997  6.281  762 
   56417.143800    3937.4305     230.6664    3855.3861     235.0506    0.5387    1342.9154    1120.3676 17.964 18.105  762 
