   54534.141800   -2851.3879     366.0907   -2632.4697     368.7916    0.7267  -14842.2160  -13997.0618 -54.212 -52.938  762 
   54591.213000   10025.0820     232.0731    9508.3207     240.4383    0.4858    -635.1600    -489.6028 -5.470 -5.531  762 
   54792.421200    -529.6304     213.7469    -468.7702     219.0734    0.1926    2234.5009    1793.5044 37.671 20.282  762 
   54794.402600     653.8528     218.5685    1266.1427     234.8614    0.1443     201.6792     124.6593 23.922  2.727  762 
   54861.113700    1043.4942     296.7618    1310.2235     302.8223    0.2162    1903.5147    1617.3419 26.719 11.025  762 
   54862.104500    2143.3864     241.5374    2963.9512     251.2220    0.2495     701.6706     510.5499 33.290  7.615  762 
   55470.446100   -2746.4536     318.5406   -2545.0007     323.5952    0.1264    1116.6488     947.3255  6.886 10.026  762 
   55536.218700    1155.6604     261.1389    1281.4962     269.6285    0.2957    2578.0139    2024.4698 39.576 17.917  762 
   55538.255300   -1216.7366     233.2581   -1195.4379     247.2039    0.0325    1202.9737     798.8559 38.071 13.567  762 
   55540.326500   -3207.3616     315.5834   -2760.9342     321.1649    0.0318    2749.8310    2406.7960 25.463 13.189  762 
   55543.323400   -3558.0014     233.5982   -1915.8754     248.2346    0.1635     473.7646     305.7491 32.055  5.810  762 
   55599.152300    -229.1766     318.4946    -249.6792     322.7928    0.1629    2769.3595    2492.0947 20.077 12.418  762 
   55889.405200    -673.2946     323.2599    -803.9537     330.5040    0.1810    -551.6795    -469.1147 -4.290 -2.857  762 
   55924.295100   -2493.2410     233.4774   -2744.2949     252.3438    0.3563     487.3976     298.6653 12.969  6.711  762 
   55925.229700    -676.6657     290.7135    -340.5835     297.9613    0.0737    1279.1446    1043.9352 20.974  8.798  762 
   55926.291200     213.5685     229.4903     137.7503     248.8782    0.0048    -167.4313    -100.6454  0.615 -2.354  762 
   55927.336300     276.3952     241.6932     -42.3104     257.2313    0.0024      46.6842      30.4983 -0.523  0.574  762 
   55930.389000    2095.5237     311.2557    1794.9550     317.3769    0.2637     349.3253     288.1522  2.620  4.228  762 
   55969.097700   -1498.8722     282.1826   -2091.8212     288.9804    0.0669    1765.5334    1460.8460 24.211 11.510  762 
   56008.133000   -4379.7271     301.3122   -3449.7397     309.8770    0.3258    1083.0271     878.6195 25.581  6.489  762 
   56009.120000   -4981.6531     301.6412   -4735.7794     309.5909    0.5579     779.1403     634.6623 19.691  5.094  762 
   56045.147000    2287.1060     362.7819    2120.1383     366.6484    0.1762     364.2833     326.1102 11.101  2.188  762 
   56215.446700   -3938.8759     301.1696   -3314.9777     308.7871    0.4493   -1875.2042   -1536.1635  1.491 -12.568  762 
   56217.444300  -10102.5832     399.7550   -9842.6751     403.3770    0.7383  -10959.0063  -10206.1270 -34.683 -41.442  762 
   56254.418300   -4710.9107     240.6422   -6079.1770     263.0820    0.4668   -1303.4738    -774.2743 -13.404 -19.447  762 
   56301.218900   -3523.3542     346.7978   -3414.9162     352.7908    0.5908   -6680.3706   -5879.1664 -28.038 -31.365  762 
   56302.299000    1100.5401     218.1073     359.8504     227.2021    0.1159   -1782.2990   -1299.2606 -20.221 -20.959  762 
   56337.368100     532.4511     246.3075    -815.0145     261.4232    0.1536   -1114.5917    -743.3790 -4.953 -12.889  762 
   56417.143800     807.3821     248.7619    -456.7485     260.2992    0.0693    -663.1619    -477.9446 12.843 -7.324  762 
