   54534.141800   18295.4051     393.6375   18397.2027     400.9405    0.6140   -5998.5865   -5799.0418 -19.148 -21.854  762 
   54591.213000    8757.7870     211.5628    8282.7966     214.8783    0.5034     398.8453     361.2026  3.092  4.045  762 
   54792.421200    5517.4028     198.0021    5327.9034     199.9855    0.3505   -1745.9532   -1593.1370 -18.244 -17.755  762 
   54794.402600    3427.4663     186.4553    3759.9991     195.8584    0.3709     -84.4101     -63.1876  1.181 -1.334  762 
   54861.113700    4901.1425     294.2770    4899.9115     298.3650    0.4380     148.3254     140.4439 -0.282  0.941  762 
   54862.104500    4283.2609     213.6008    4474.0606     217.8778    0.3532      76.2602      65.4816  0.838  0.954  762 
   55470.446100    9775.4063     296.4954    9933.7200     298.3231    0.5757    -380.4779    -359.5901 -4.515 -3.800  762 
   55536.218700    8260.6855     243.3256    8287.9225     247.2700    0.5159    -733.3137    -671.2833 -5.467 -6.008  762 
   55538.255300    6737.0086     198.3389    6616.7228     205.6385    0.4331    -152.9604    -122.2127 -1.930 -2.094  762 
   55540.326500   10409.1717     320.5249   10396.4077     326.2460    0.5619   -1113.5191   -1060.7250 -5.677 -5.817  762 
   55543.323400    1730.8780     199.3378    2288.1683     207.2798    0.2791     203.9273     158.8445  4.528  2.960  762 
   55599.152300   25756.6805     325.6145   25237.1559     331.0923    0.8812   -2218.5769   -2138.9790 -8.663 -10.661  762 
   55889.405200   -8520.2759     328.5553   -8353.3676     334.1646    0.6662   -1580.7943   -1474.6478 -8.045 -8.983  762 
   55924.295100     285.3302     197.4458    -152.9487     210.0966    0.0175      23.7780      17.1567 -0.036  0.388  762 
   55925.229700     414.2819     276.0014     287.7588     279.8118    0.0100    -393.8680    -363.2896 -2.815 -3.104  762 
   55926.291200      98.7997     194.5571    -516.3575     207.9476    0.0534      44.5059      31.5120  0.264  0.734  762 
   55927.336300     270.2868     208.4293     490.0630     217.0409    0.0271    -407.5534    -316.8268 -3.557 -5.896  762 
   55930.389000      63.2268     285.5527      49.3893     288.0255    0.0204     155.5095     141.2684  1.918  2.066  762 
   55969.097700    6065.3452     268.9591    5990.4989     273.6607    0.5930    -366.2693    -340.5782 -2.041 -2.744  762 
   56008.133000    8755.6976     291.1357    8577.4830     295.4145    0.6210   -1139.4178   -1054.9987 -7.624 -7.707  762 
   56009.120000    6680.2756     287.0258    6245.2909     290.8257    0.5943    -990.4130    -917.4024 -6.443 -7.358  762 
   56045.147000   13558.6750     356.4158   13223.7726     358.7726    0.7421     302.6295     292.8234  1.354  1.963  762 
   56215.446700    2591.4396     279.6251    2816.3549     284.4030    0.5040    2765.3650    2552.1373 20.110 21.893  762 
   56217.444300    9415.2176     420.9447    9427.9503     428.8578    0.4676   -2857.3416   -2750.1918 -13.361 -11.292  762 
   56254.418300   -8529.5961     203.2544   -9245.5711     220.9125    0.5406     871.5936     582.8234 15.910 15.457  762 
   56301.218900   -6206.1937     353.9050   -5981.0667     360.2219    0.4665     304.6607     286.7421  1.643  1.558  762 
   56302.299000  -10794.3312     191.2237  -11167.3941     197.5273    0.6656    1173.8713     948.2217 14.999 16.345  762 
   56337.368100  -10103.8994     211.4488  -10568.7041     220.5806    0.6392    1341.1680    1045.1815 17.842 19.063  762 
   56417.143800  -13280.0234     220.2303  -13629.6607     226.6813    0.7820    1633.1675    1344.1311 18.830 21.504  762 
