   54534.141800    7003.9946     244.8671    6793.9951     249.9465    0.6327      50.4858      45.4021  0.088  0.173  762 
   54591.213000   -3161.5998     182.5308   -2861.4880     195.2058    0.4238     177.2048     121.8461  1.737  1.389  762 
   54792.421200       0.0000       3.4889       0.0000       3.4889      -nan       0.0000       0.0000  0.000  0.000  762 
   54794.402600       0.0000       2.5366       0.0000       2.5366      -nan       0.0000       0.0000  0.000  0.000  762 
   54861.113700       0.0000       4.6401       0.0000       4.6401      -nan       0.0000       0.0000  0.000  0.000  762 
   54862.104500       0.0000       3.0418       0.0000       3.0418      -nan       0.0000       0.0000  0.000  0.000  762 
   55470.446100   -2415.3091     274.0290   -2195.3076     279.7060    0.2682     215.6037     180.5770  1.191  1.908  762 
   55536.218700      -0.5224       4.3989    -962.5290      86.4284    0.2239       0.0000       0.0000  1.254  0.000  762 
   55538.255300       0.0000       2.7294       0.0000       2.7294      -nan       0.0000       0.0000  0.000  0.000  762 
   55540.326500       0.0000       5.2440       0.0000       5.2440      -nan       0.0000       0.0000  0.085  0.000  762 
   55543.323400    8046.2749     182.0291    9563.8777     204.9235    0.8649     414.3590     223.0726  3.224  4.138  762 
   55599.152300   -4908.0310     235.2344   -5054.3229     241.7125    0.5924      95.5146      81.8115 -0.388  0.406  762 
   55889.405200   -5218.0948     237.1966   -5529.9448     249.4276    0.8095    -629.3086    -487.7141 -3.552 -2.959  762 
   55924.295100    1695.1904     185.9167    1287.0873     217.7388    0.2626     -49.4289     -23.5737 -1.554 -0.540  762 
   55925.229700    -988.5880     224.6034    -664.7002     235.3082    0.1931    -265.9838    -200.9460 -1.380 -1.728  762 
   55926.291200   -2194.7885     184.5446   -3899.2242     218.8202    0.4476      17.7075       8.0418  1.782  0.188  762 
   55927.336300   -1284.2661     194.1925   -1613.5797     219.6320    0.4272      17.6357       9.4660 -0.286  0.174  762 
   55930.389000    2786.8816     271.8527    2951.5552     278.8803    0.4172     -91.5384     -74.2176 -1.765 -1.097  762 
   55969.097700   -2912.6234     213.1299   -3738.3022     224.0434    0.5430    -356.4009    -268.6114 -0.969 -2.192  762 
   56008.133000   -3951.3530     223.5765   -3437.8352     237.2149    0.5235    -267.7443    -196.0143 -1.047 -1.426  762 
   56009.120000   -4200.8795     231.9223   -4210.7267     243.9671    0.7163     105.1214      78.7648  0.759  0.633  762 
   56045.147000   -2962.2593     303.6752   -3056.8028     307.7818    0.3321    -182.9949    -161.5948 -0.998 -1.094  762 
   56215.446700   -7027.9786     222.5097   -7287.7259     236.9909    0.7049     259.3831     183.9257  1.736  1.652  762 
   56217.444300    -644.1199     276.9397    -903.6127     283.4118    0.0557     588.0402     519.8158  1.413  2.162  762 
   56254.418300    -897.8228     190.1762   -3852.0374     233.0518    0.2478     207.5711      86.7131  1.681  2.436  762 
   56301.218900   -4484.2094     244.6607   -4686.0576     255.5948    0.6966     291.7260     234.0199  1.244  1.295  762 
   56302.299000   -5476.7699     175.6471   -7032.6861     194.5701    0.8121     -52.2234     -30.8402  0.279 -0.563  762 
   56337.368100   -4285.0287     190.4739   -5089.5297     218.2319    0.4365     185.1070      92.9311  1.407  1.831  762 
   56417.143800    1884.5817     196.4476    1576.7793     214.8266    0.2512     442.2952     274.2617  4.572  4.631  762 
