   54534.141800    1255.3350     320.7640     957.6050     322.4224    0.3255   -4731.6890   -4521.9320 -18.043 -17.132  762 
   54591.213000    1695.3856     196.6305    1292.1708     201.0456    0.1814      81.7338      67.7438 -0.369  0.765  762 
   54792.421200     -81.7447     186.9417    -168.7135     189.4118    0.1329    -969.0755    -839.0059 -8.556 -9.321  762 
   54794.402600    -658.0028     180.1784    -974.4327     189.4220    0.2361    -297.4234    -208.7810 -5.797 -4.316  762 
   54861.113700    6330.3754     258.6312    6275.4788     261.0459    0.5961    -258.4275    -233.7630 -1.280 -1.552  762 
   54862.104500    6063.4073     201.7318    6201.4048     206.7698    0.6567      72.4264      58.3913  0.672  0.841  762 
   55470.446100    5700.5974     281.5781    5727.2613     283.6721    0.5630     368.4518     332.7599  1.447  3.523  762 
   55536.218700   -4705.8057     221.4084   -5040.8397     225.9801    0.6067    -551.9783    -463.4142 -4.180 -4.166  762 
   55538.255300   -4454.0904     191.0953   -5051.6024     200.0495    0.6956    -152.0432    -110.0757 -0.447 -1.922  762 
   55540.326500   -2248.4831     275.2697   -2468.3515     278.0748    0.3917   -1118.9349   -1019.2306 -5.692 -5.572  762 
   55543.323400   -3250.0418     191.6633   -3205.2357     200.6129    0.5384     -65.4988     -47.1439 -1.252 -0.877  762 
   55599.152300    8777.3207     279.2300    8616.3636     281.0040    0.6087   -1880.2421   -1757.6677 -8.235 -8.744  762 
   55889.405200    3295.1916     278.5611    3188.3785     281.8828    0.3607   -1480.7803   -1325.9082 -7.162 -8.068  762 
   55924.295100     506.7578     188.2749     342.4676     199.8480    0.0601    -106.7178     -71.9627 -1.236 -1.651  762 
   55925.229700    -882.2542     248.4177   -1065.0742     252.1803    0.2760    -314.1183    -272.0019 -2.717 -2.343  762 
   55926.291200    -750.5203     186.4310   -1073.1119     198.5354    0.3004     -48.5153     -32.1428 -1.576 -0.754  762 
   55927.336300     324.0566     198.5017     166.7965     207.5856    0.0229    -110.1768     -79.7493 -1.063 -1.479  762 
   55930.389000    -780.0595     275.2057    -735.0573     278.0219    0.0748     269.5021     237.0195  2.588  3.489  762 
   55969.097700    4429.4471     237.5486    4227.6367     240.7875    0.6591    -545.4544    -478.3182 -4.477 -3.906  762 
   56008.133000    2341.3741     257.2708    1995.2211     261.4810    0.1010   -1383.4675   -1199.1744 -9.435 -8.734  762 
   56009.120000    2304.3254     257.6104    2262.9275     261.3806    0.2968    -855.1402    -743.4725 -8.029 -5.982  762 
   56045.147000    3257.8017     327.3602    3034.8972     328.8872    0.2344    -671.9598    -627.1009 -3.058 -4.228  762 
   56215.446700    6582.7245     245.4280    6551.5367     249.4777    0.7912     589.2485     506.5595  2.206  4.506  762 
   56217.444300    7407.2688     345.3458    7227.5361     347.1974    0.2981   -4445.2686   -4225.2016 -17.721 -17.515  762 
   56254.418300    5155.2186     188.0949    5149.9403     202.1528    0.5975     121.9343      77.5426  2.168  2.165  762 
   56301.218900    2248.3218     294.6965    2258.0860     297.5682    0.1806   -1480.4836   -1348.7432 -6.784 -7.435  762 
   56302.299000    1106.4890     176.7130    1363.2934     183.0144    0.2847     267.3771     203.8934  1.627  3.693  762 
   56337.368100   -1749.3034     196.2954   -2173.2724     205.9974    0.3891      78.7933      56.2053  0.133  1.079  762 
   56417.143800    2791.9232     201.5896    2942.7062     208.0005    0.5266     490.8054     381.3996  5.263  6.346  762 
