   54534.141800   -1684.0984     362.8775   -2012.7664     364.8579    0.6788   -8130.7778   -7723.1087 -33.926 -29.077  762 
   54591.213000   -2620.6876     224.1102   -2972.7358     229.3225    0.2870     813.6155     659.8977  4.469  7.384  762 
   54792.421200   -1983.5195     205.9619   -2034.2616     209.0428    0.4127   -1929.1423   -1628.7163 -17.482 -18.186  762 
   54794.402600    -860.3026     203.7194    -706.6363     211.6314    0.1125     192.9695     134.4337  4.414  2.854  762 
   54861.113700   -2937.6989     290.6465   -3075.1059     294.3214    0.3995    -535.8640    -473.0481 -4.505 -3.175  762 
   54862.104500   -2413.0479     229.7407   -2683.6792     235.8513    0.3657     428.1505     333.5719  8.012  4.878  762 
   55470.446100   -1350.8456     306.8636   -1344.3755     309.7363    0.1818    -266.8796    -235.1533 -2.039 -2.491  762 
   55536.218700   -1503.4481     250.0011   -2150.7742     255.5059    0.2862    -901.7784    -744.7569 -3.923 -6.686  762 
   55538.255300   -1696.3594     217.6199   -2491.1481     225.8181    0.3309     -81.1986     -58.7453 -3.223 -1.008  762 
   55540.326500   -2911.0773     309.2830   -2986.7986     312.8750    0.3517    -885.2256    -795.6384 -5.694 -4.375  762 
   55543.323400   -1716.2967     217.7313   -2094.9320     226.0433    0.3487      56.6218      40.4192  0.664  0.755  762 
   55599.152300    -271.3221     313.8718    -730.3115     316.6015    0.3454   -2802.9209   -2574.1829 -11.356 -12.856  762 
   55889.405200    -639.6087     315.2972    -864.0173     319.8070    0.3623   -1798.8334   -1581.2567 -8.842 -9.654  762 
   55924.295100     316.9943     214.4350     610.0583     223.4340    0.1326      63.4040      43.4037  3.046  0.986  762 
   55925.229700   -2502.5484     279.1271   -2658.9259     283.8511    0.4561    -482.8593    -409.8739 -2.682 -3.512  762 
   55926.291200    -893.0076     212.4429    -850.0831     221.8284    0.2187     -67.0183     -45.1590  0.039 -1.058  762 
   55927.336300    -615.6830     225.8719    -636.4005     234.0623    0.1596    -163.5799    -117.5295 -3.147 -2.198  762 
   55930.389000     101.2092     297.8907      68.5699     301.2050    0.0033     -47.5831     -41.0057 -3.713 -0.600  762 
   55969.097700   -2317.6402     270.5357   -2534.6559     274.8759    0.4846    -481.2302    -413.0956 -3.445 -3.338  762 
   56008.133000     720.6403     291.1562     743.9299     296.3107    0.0706   -1610.2054   -1369.3440 -8.912 -10.020  762 
   56009.120000    -226.7433     290.0574    -256.2745     294.9157    0.2623   -1347.8658   -1146.5458 -9.667 -9.216  762 
   56045.147000     963.0728     354.5822     888.3461     356.8362    0.0219   -1231.9702   -1130.8836 -6.842 -7.583  762 
   56215.446700   -1197.6213     283.8771   -1052.8584     289.0106    0.0956    2039.5491    1723.6081 16.829 14.804  762 
   56217.444300   -1976.6400     390.3731   -2209.5220     392.8171    0.5720   -6193.8035   -5830.4425 -24.210 -23.957  762 
   56254.418300    -257.9288     217.8347      81.8867     227.8713    0.1122     850.9156     560.8137 13.285 14.965  762 
   56301.218900   -3300.4710     335.7942   -3477.1276     339.8265    0.5718    -809.5940    -726.6029 -4.164 -3.950  762 
   56302.299000   -1280.1755     202.3970   -1119.7802     208.1261    0.0084    1402.4287    1067.6676 19.213 18.474  762 
   56337.368100   -1291.7542     226.7901   -1554.2452     235.2416    0.0945    1045.4725     755.8246 13.566 13.751  762 
   56417.143800   -1076.0151     231.1851   -1375.8606     237.9357    0.0569    1281.2356     981.6148  8.583 15.708  762 
