   54534.141800   11403.3482     358.4386   11039.6373     361.5565    0.0427  -10836.3667  -10493.3228 -39.722 -39.458  762 
   54591.213000    5435.5283     207.4291    5430.7952     211.4140    0.5856      98.9572      84.7939  3.662  0.944  762 
   54792.421200    3474.2868     195.3184    3328.2550     197.7262    0.2451   -1750.9468   -1545.4059 -17.040 -17.166  762 
   54794.402600    5586.8277     184.2180    5737.4658     192.6912    0.6770      13.8840      10.2078  0.787  0.214  762 
   54861.113700    4266.4376     279.3418    3977.1110     282.7253    0.2558   -1876.4570   -1716.8794 -11.002 -11.511  762 
   54862.104500    3112.4148     212.7005    2971.4994     217.8621    0.3870    -332.9752    -273.4167 -5.983 -3.969  762 
   55470.446100    6835.5146     293.7056    6817.1985     295.8404    0.5794    -578.1376    -528.0572 -7.325 -5.562  762 
   55536.218700    9249.5321     233.0044    9388.3994     237.0703    0.7222   -1062.4981    -927.4986 -10.446 -8.296  762 
   55538.255300    9356.6514     196.2921    9356.7544     203.4241    0.8329     -19.1208     -14.7635 -4.757 -0.251  762 
   55540.326500   10803.4431     299.4288   10499.3441     303.1919    0.5534   -3503.8638   -3239.5072 -15.631 -17.791  762 
   55543.323400    8780.0500     195.8228    9028.0276     203.2719    0.8678    -145.5402    -110.8248 -2.993 -2.049  762 
   55599.152300    9326.3653     306.2509    9165.1273     309.1636    0.4765   -4235.6062   -3997.4551 -17.242 -19.947  762 
   55889.405200   12111.3389     302.5002   12049.5105     306.5955    0.8387   -2669.9022   -2435.6569 -13.873 -14.832  762 
   55924.295100    -640.7927     196.4188    -702.9144     207.5829    0.1077     -28.0479     -19.8836  0.914 -0.445  762 
   55925.229700   -2100.5396     267.3617   -2244.4230     271.5358    0.4105    -700.6690    -617.4812 -4.665 -5.272  762 
   55926.291200     -27.3406     193.6441    -369.8489     205.1947    0.0614      78.9228      55.0893 -1.563  1.270  762 
   55927.336300     213.6351     207.3869     177.4807     215.5927    0.0137    -146.2365    -110.6231 -2.652 -2.047  762 
   55930.389000    1154.9172     283.3176    1187.5443     285.8266    0.1479     -61.3536     -54.9441  1.108 -0.799  762 
   55969.097700   11181.8647     255.2031   11165.0551     258.9361    0.8943    -766.7663    -687.4469 -6.847 -5.537  762 
   56008.133000    7205.5471     277.8762    7072.5213     282.4538    0.5087   -2363.6193   -2097.3941 -13.357 -15.310  762 
   56009.120000    5038.7194     277.0553    5025.4345     281.2414    0.5801   -1456.3691   -1291.0349 -9.321 -10.349  762 
   56045.147000    7299.4208     344.8657    7171.4591     346.7658    0.4588   -1750.5637   -1651.4115 -9.435 -11.058  762 
   56215.446700     549.7724     270.6875     598.8885     275.5326    0.2835    1732.4540    1520.1315  8.033 12.999  762 
   56217.444300    1744.7083     386.3082    1007.6209     389.9389    0.4982   -7864.2093   -7544.3217 -33.212 -30.972  762 
   56254.418300   10248.0220     194.0525   11110.6771     206.1740    0.8265     909.7680     627.9152  9.164 16.377  762 
   56301.218900    2281.0260     326.6975    1882.2374     330.9204    0.0533   -2426.3701   -2244.1298 -15.419 -12.173  762 
   56302.299000    2332.6075     187.2355    2324.1466     192.6031    0.4430    1270.7983    1018.3594  9.811 17.393  762 
   56337.368100    3665.3470     204.3503    3279.1873     212.3382    0.4636     882.6372     671.9312  8.015 12.091  762 
   56417.143800    5703.8901     211.5973    5761.9594     217.1887    0.7121    1114.1782     903.4436 13.719 14.321  762 
