   54534.141800     -76.0906      11.2958  -35942.8744     199.5787    0.7883       0.0000       0.0000 -0.305  0.000  762 
   54591.213000  -56218.5649     177.5577  -57699.1089     189.1294    0.9870    -455.8281    -319.3897 -4.566 -3.483  762 
   54792.421200  -28432.3481     168.5350  -28600.4225     172.9866    0.9785     746.3868     606.8897  5.026  6.656  762 
   54794.402600  -27523.0046     159.6511  -29508.9798     179.8385    0.9828     -66.2703     -35.9382 -0.627 -0.743  762 
   54861.113700  -17427.1593     207.0939  -17453.0033     212.1931    0.9355     -59.7756     -50.3419 -0.446 -0.334  762 
   54862.104500  -17299.8900     174.2753  -16822.0195     184.3004    0.9009      70.1144      49.3339 -0.110  0.706  762 
   55470.446100  -41294.3134     264.4699  -41855.8303     268.9054    0.9708    -563.7377    -483.2935 -4.811 -5.079  762 
   55536.218700  -15349.8699     172.5370  -15652.8465     182.1031    0.9641    -107.8732     -79.2499 -0.459 -0.722  762 
   55538.255300  -17150.8776     160.7698  -18438.7749     178.5893    0.9749    -410.9420    -240.6590 -4.236 -4.050  762 
   55540.326500  -13724.9437     201.4016  -13848.4565     207.4219    0.9356     159.3846     133.8692  0.760  0.742  762 
   55543.323400  -13875.1642     160.8499  -15555.1734     179.2192    0.9345    -127.0015     -73.1888 -1.183 -1.324  762 
   55599.152300    2574.5063     205.1090    2565.5632     208.3642    0.3988     544.1426     485.5121  2.222  2.438  762 
   55889.405200     360.6577     202.3992     318.2825     209.1192    0.0876      71.4765      58.8119  0.157  0.359  762 
   55924.295100   -1314.4461     155.9738   -2115.0651     177.8287    0.4943    -252.0864    -135.6940 -4.324 -3.035  762 
   55925.229700    1612.3776     194.0090    2087.9930     199.7919    0.4315    -104.8826     -85.1365 -0.444 -0.739  762 
   55926.291200    -300.3551     152.0695    -873.1597     175.1450    0.2318    -163.9312     -83.9842 -1.797 -1.923  762 
   55927.336300     185.3712     161.4259     353.5764     177.9854    0.1062      48.0929      28.8411  0.826  0.532  762 
   55930.389000    -913.8915     250.2269    -842.0795     253.8155    0.0918     366.2042     316.0669  5.075  4.555  762 
   55969.097700    2702.1828     181.7989    3074.0485     187.4240    0.6110    -222.0395    -179.4965 -1.928 -1.483  762 
   56008.133000    6129.1298     188.7874    6238.2688     196.3205    0.7847     -44.7482     -35.3482 -0.326 -0.256  762 
   56009.120000    6640.2738     198.1875    6716.6859     204.3794    0.9068      38.2559      30.9962  0.256  0.249  762 
   56045.147000    6466.6898     279.8408    6287.5925     281.5659    0.5723    -490.0329    -452.7950 -4.340 -3.013  762 
   56215.446700   -6124.0929     190.9878   -6361.8918     199.7604    0.8112    -575.2812    -439.7648 -4.744 -3.882  762 
   56217.444300   -4808.4611     247.7459   -5046.1415     251.3942    0.6074     282.7095     257.2902  0.086  1.064  762 
   56254.418300   -7934.7038     161.1908   -9887.2632     190.3452    0.8258    -574.9177    -270.0848 -7.125 -7.226  762 
   56301.218900  -11142.8324     216.4854  -11380.2765     223.2483    0.9246    -875.7320    -733.3692 -3.632 -4.023  762 
   56302.299000  -12991.2918     152.5888  -13285.5369     164.5807    0.9292    -573.8134    -373.1476 -6.380 -6.683  762 
   56337.368100  -25148.0493     170.4905  -27034.1278     192.5933    0.9721   -1176.0838    -643.4999 -11.084 -11.710  762 
   56417.143800  -38124.7945     184.7915  -40323.9915     200.4617    0.9798    -667.1394    -431.0324 -7.777 -6.972  762 
