   54534.141800    2443.6792     286.4821    2236.0062     287.5549    0.1667   -4107.6656   -3945.5245 -14.812 -14.949  762 
   54591.213000    1979.1025     176.1097    2125.7101     180.1181    0.3485     234.5372     194.6227  2.654  2.220  762 
   54792.421200    -237.8981     172.5970      70.2578     174.7198    0.0933    -852.1076    -743.4008 -8.271 -8.364  762 
   54794.402600   -1415.4243     161.7466    -575.7585     171.2250    0.1609    -308.3271    -211.7831 -3.912 -4.501  762 
   54861.113700    3320.8040     234.0410    3317.4355     236.1187    0.4033    -525.2671    -476.7959 -3.591 -3.180  762 
   54862.104500    3077.4977     182.8428    3579.8717     187.7136    0.5236    -185.7931    -148.9674 -2.707 -2.181  762 
   55470.446100   -1749.5951     265.7771   -1694.8379     267.7094    0.2127    -173.9738    -157.4309 -0.528 -1.689  762 
   55536.218700    2700.8030     194.8294    2535.0996     198.8408    0.2550   -1167.5022    -983.3662 -6.991 -8.972  762 
   55538.255300    2791.3500     167.8379    3004.7700     176.5169    0.5569    -258.8703    -185.7448 -2.474 -3.320  762 
   55540.326500    1416.7843     244.1587    1288.9068     246.4105    0.0485   -1782.4166   -1631.7411 -9.287 -8.982  762 
   55543.323400    1879.9802     169.3336    2236.9646     178.4187    0.4287    -164.4287    -116.6285 -1.643 -2.217  762 
   55599.152300     158.8871     253.1619      52.3659     254.6683    0.2568   -2590.3865   -2423.9851 -10.546 -12.126  762 
   55889.405200   -1463.8399     249.8708   -1542.6481     252.9982    0.5451   -1712.2226   -1530.3521 -8.845 -9.381  762 
   55924.295100   -1748.6634     169.3942   -1531.8309     182.8553    0.3354      44.0501      28.4879 -0.080  0.677  762 
   55925.229700   -1271.7887     223.9908   -1396.5709     227.4380    0.3563    -395.0512    -342.2082 -3.695 -2.989  762 
   55926.291200     -31.5638     166.0624     103.5106     179.7764    0.0167     -44.4550     -28.2815 -0.215 -0.687  762 
   55927.336300      88.6952     177.5945      91.8863     187.5073    0.0291      16.0405      11.3331  0.034  0.216  762 
   55930.389000    -988.4710     258.4981   -1077.4465     261.1585    0.1639      34.1711      30.1482  0.238  0.452  762 
   55969.097700   -2639.9667     214.8978   -2990.9999     218.2628    0.6361    -599.7924    -522.2673 -3.338 -4.327  762 
   56008.133000    -880.7812     229.9489    -794.4270     233.7697    0.2805    -906.7381    -785.1497 -5.561 -5.757  762 
   56009.120000     262.0644     232.4229     145.8242     235.9778    0.1232    -747.0883    -648.5617 -5.033 -5.270  762 
   56045.147000    3246.5650     305.3867    3188.3502     306.5256    0.2771    -686.9823    -645.7171 -3.875 -4.379  762 
   56215.446700   -3581.5520     221.3127   -3807.3982     225.7835    0.3801    1627.2362    1379.0670 11.074 12.470  762 
   56217.444300   -1299.5447     311.1398   -1432.3222     312.5991    0.3012   -1178.8511   -1121.2012 -6.112 -4.668  762 
   56254.418300    -865.7619     170.3331    -981.9048     187.8484    0.1143     382.7653     226.1057  6.563  6.632  762 
   56301.218900     -67.2592     262.6183    -273.8760     265.2646    0.1160    -348.9938    -317.4687 -1.036 -1.764  762 
   56302.299000   -2099.0575     159.8206   -1736.6324     166.6071    0.1789     616.8216     459.9992  7.473  8.634  762 
   56337.368100     356.7557     173.8588     476.7167     184.6442    0.1387     550.1619     381.2835  5.131  7.541  762 
   56417.143800   -1343.3057     183.3760   -1578.8043     190.8298    0.1892     747.0445     567.4450  9.682  9.702  762 
