   54534.141800  -15038.8371     308.9713  -15248.5950     309.5293    0.8781   -2723.7820   -2651.8657 -10.023 -10.029  762 
   54591.213000  -16415.2411     178.5933  -17745.0997     180.8807    0.6752     807.9594     710.1508  7.942  8.060  762 
   54792.421200  -27791.9631     176.5236  -28375.2095     177.9119    0.9544   -2076.7539   -1863.9485 -21.743 -20.907  762 
   54794.402600  -26839.0710     160.5667  -28737.4284     166.7666    0.9616     110.1250      83.3109  1.612  1.768  762 
   54861.113700  -13804.2696     243.1555  -14260.6946     244.3129    0.8557    -506.0221    -472.8444 -2.988 -3.158  762 
   54862.104500  -14715.7246     182.0553  -16144.9990     184.9775    0.7882     -82.5198     -70.6534 -0.399 -1.032  762 
   55470.446100  -15604.4681     266.5961  -16087.9474     267.5925    0.8274    -234.1180    -218.3921 -2.196 -2.328  762 
   55536.218700  -14731.8629     200.4208  -15617.9324     202.5717    0.8259    -864.5675    -770.7621 -7.071 -6.974  762 
   55538.255300  -16922.4468     166.3954  -18982.8076     171.4368    0.8325     -70.8423     -56.4493 -1.086 -0.992  762 
   55540.326500  -14765.9705     258.2189  -15187.9434     259.3777    0.8989   -1614.8788   -1520.0277 -8.073 -8.340  762 
   55543.323400  -17703.4838     166.6604  -18969.7618     171.5692    0.9386      19.1191      15.1109 -0.688  0.285  762 
   55599.152300  -22633.7139     269.8055  -23209.3197     270.8204    0.9324   -2767.7442   -2629.9813 -13.057 -13.122  762 
   55889.405200   -5188.6821     257.2489   -5295.9121     258.3314    0.7731   -1342.3811   -1259.1180 -7.017 -7.687  762 
   55924.295100     506.4941     152.4369     412.9183     156.5819    0.0790     -73.7413     -58.7084 -0.441 -1.366  762 
   55925.229700   -1540.5036     223.5100   -1801.8229     224.6793    0.2918    -388.6764    -359.2285 -2.486 -3.106  762 
   55926.291200    -351.0414     149.8974    -534.4096     154.4259    0.1101     -37.7775     -29.6998 -1.729 -0.708  762 
   55927.336300     116.4291     164.2925      26.5009     167.2057    0.0343    -170.9217    -142.0241 -1.844 -2.679  762 
   55930.389000    1249.0971     249.1131    1270.9741     249.7569    0.2099     156.8532     147.0161  3.163  2.190  762 
   55969.097700    2404.6761     213.8196    2215.5648     214.7434    0.2723    -630.3884    -588.0579 -4.236 -4.810  762 
   56008.133000   -5058.3011     233.7496   -5178.6179     235.1201    0.6535    -661.9090    -608.8050 -4.866 -4.456  762 
   56009.120000   -2990.9623     233.8525   -3045.2284     234.9669    0.6542   -1101.8534   -1018.1888 -8.035 -8.223  762 
   56045.147000   -9470.4635     311.5001   -9602.1493     312.0176    0.6892    -767.9411    -737.1082 -3.879 -4.978  762 
   56215.446700  -13976.8048     225.6950  -14206.2807     227.4735    0.8221    3210.3865    2904.1383 25.751 25.671  762 
   56217.444300  -13118.0383     331.6981  -13369.4917     332.3840    0.8507    -930.1794    -900.4323 -5.472 -3.725  762 
   56254.418300  -24941.9528     165.5827  -26324.2574     174.9143    0.9600    1140.2156     806.6469 23.275 22.583  762 
   56301.218900  -35827.7271     284.9697  -36289.7812     286.8541    0.9786    1912.4599    1774.5168  9.217  9.763  762 
   56302.299000  -37255.3968     164.3331  -37864.9839     168.2461    0.9784    1767.8828    1421.7832 25.667 25.690  762 
   56337.368100  -35421.9085     179.2286  -37549.3576     186.1949    0.8843    1493.7006    1138.3299 21.923 21.920  762 
   56417.143800  -10079.9513     177.0004  -10591.6375     179.7868    0.5686    1393.0715    1185.4527 20.961 19.785  762 
