   54534.141800  -17246.2091     426.7120  -16914.8345     427.8617    0.8891  -23111.8681  -22781.3133 -192.223 -85.724  762 
   54591.213000  -13517.8441     223.7202  -13693.9292     225.0576    0.7552     421.1289     387.3356  4.720  4.333  762 
   54792.421200  -16008.4527     205.9028  -16389.5685     206.8692    0.8977   -2045.4054   -1895.9084 -21.809 -21.070  762 
   54794.402600  -18542.7286     191.7297  -19610.8988     195.9365    0.9276    -574.5895    -474.0234 -9.114 -9.939  762 
   54861.113700  -12217.5176     310.9400  -12164.4121     311.8347    0.7928   -3657.9891   -3505.5961 -41.178 -23.367  762 
   54862.104500  -14464.4264     222.7485  -14759.4804     224.6111    0.8424    -996.8736    -893.2016 -14.298 -12.943  762 
   55470.446100  -31348.0532     311.6422  -31528.0102     312.7579    0.9390    -286.0059    -268.0061 -1.926 -2.830  762 
   55536.218700    -179.0589     253.1134    -137.6266     254.0894    0.1987   -2112.9737   -1987.4811 -19.529 -17.862  762 
   55538.255300   -1436.3368     200.0637   -1546.3942     202.1981    0.1374     104.4214      91.8938 -0.827  1.578  762 
   55540.326500    2794.2933     339.0247    2771.3271     339.9351    0.3824   -7972.9360   -7753.7472 -64.236 -42.490  762 
   55543.323400   -1078.8424     199.3311   -1587.8822     202.0447    0.2178     -55.4341     -48.0032 -5.729 -0.891  762 
   55599.152300   -9527.1310     350.4922   -9531.9043     351.4138    0.8119   -8885.5312   -8666.2933 -69.258 -43.182  762 
   55889.405200   -9000.0284     343.2244   -8923.6488     344.2753    0.8593   -6828.8781   -6561.3066 -65.976 -39.923  762 
   55924.295100     265.4755     190.7876     342.9035     194.0954    0.0629      63.4135      53.5640  0.002  1.214  762 
   55925.229700   -1563.9831     283.6625   -1500.5396     284.5787    0.3324   -1318.6779   -1251.2194 -12.999 -10.730  762 
   55926.291200     795.5336     187.8675     681.4591     191.3156    0.1074     -81.6704     -68.4437 -2.211 -1.592  762 
   55927.336300    -344.5367     206.6535    -403.4844     209.0838    0.1103    -142.0048    -123.7449 -1.961 -2.299  762 
   55930.389000    -330.0402     285.7338    -473.9012     286.5951    0.0436     110.0770     103.5491  1.009  1.518  762 
   55969.097700   -9874.7510     280.2721   -9780.1427     281.1659    0.8319   -1501.9493   -1426.3519 -16.162 -11.567  762 
   56008.133000  -14983.3557     310.9630  -15021.3309     312.2687    0.8921   -4048.6689   -3820.3662 -48.668 -27.823  762 
   56009.120000  -14040.2410     303.1252  -14058.1648     304.3144    0.9367   -2852.5568   -2687.6544 -31.146 -21.549  762 
   56045.147000  -15478.9239     373.1826  -15634.1791     373.8686    0.8343   -4980.7849   -4815.1513 -40.683 -32.266  762 
   56215.446700   -7577.3810     290.3832   -7659.3953     291.5786    0.5459    2304.2029    2174.6880 16.631 18.888  762 
   56217.444300   -1087.5166     446.9026    -948.9676     448.0370    0.7644  -20257.9425  -19953.6985 -155.957 -82.112  762 
   56254.418300  -11918.4926     195.2574  -12762.9527     201.0527    0.7855    1542.9429    1231.2106 31.382 33.018  762 
   56301.218900  -14760.8612     371.9267  -14713.6660     373.0514    0.9214   -5609.3818   -5419.1840 -74.240 -29.576  762 
   56302.299000  -20596.3081     192.6809  -20833.8466     194.9331    0.8991    2830.2799    2468.1419 43.933 43.286  762 
   56337.368100  -19235.8453     214.0204  -19943.5964     217.6231    0.8383    1051.9922     893.7927 17.059 16.595  762 
   56417.143800  -11297.1302     218.4710  -11604.4153     220.6941    0.7133    1724.0976    1527.7896 23.040 24.796  762 
