   54534.141800    2224.2686     247.2155    2042.8791     249.1168    0.2854    -158.9789    -149.4427 -0.584 -0.563  762 
   54591.213000   -2174.9757     163.9596   -2320.9392     167.7678    0.4528    -506.4736    -414.0559 -4.120 -4.610  762 
   54792.421200     806.8249     163.6167    1001.2041     165.2223    0.1348     -84.2757     -74.0786 -0.551 -0.809  762 
   54794.402600     386.0653     148.7620     670.7185     155.8578    0.1477    -112.8890     -79.0505 -1.372 -1.577  762 
   54861.113700     748.2447     215.2152     632.1651     217.6340    0.0525    -297.4455    -264.7921 -1.682 -1.733  762 
   54862.104500      68.2506     171.3298     442.4808     175.2965    0.1245     225.2353     180.8048  2.452  2.542  762 
   55470.446100     868.7810     254.8237     915.5142     256.2592    0.0946    -260.4381    -237.6973 -0.657 -2.486  762 
   55536.218700    -280.7020     177.8214    -204.8197     181.8098    0.0721    -214.5211    -176.1916 -1.450 -1.579  762 
   55538.255300    -642.0082     155.0530    -361.1809     161.8856    0.0833      40.6363      29.0855  0.019  0.500  762 
   55540.326500     -30.1210     217.4704    -241.0056     220.6122    0.0626    -146.1031    -129.8150 -0.245 -0.706  762 
   55543.323400     123.4965     156.6163     279.3337     163.8932    0.0927     115.9759      82.2790  0.506  1.488  762 
   55599.152300    2027.6178     226.4365    1758.1944     228.5814    0.1448    -772.2387    -707.3625 -3.040 -3.503  762 
   55889.405200      40.3787     222.9974    -128.8691     226.8685    0.2056    -837.4369    -727.6101 -4.317 -4.397  762 
   55924.295100     521.4831     154.6795     389.5484     164.1704    0.1174     -68.4321     -45.3836 -0.395 -1.019  762 
   55925.229700    -341.0539     206.1281    -443.6440     209.4966    0.1425    -161.0001    -137.6903 -0.826 -1.184  762 
   55926.291200      82.7034     152.4424    -198.1332     162.6792    0.0588     -13.5005      -8.7121 -0.060 -0.199  762 
   55927.336300    -686.0396     164.4588    -515.9470     171.9704    0.1813    -111.0926     -79.0632 -1.872 -1.432  762 
   55930.389000    -633.3572     249.8758    -656.9996     251.6706    0.1090     -84.0122     -75.3925  0.726 -1.093  762 
   55969.097700   -1126.0741     195.5618   -1191.6341     198.8719    0.3248    -158.7850    -135.9165 -1.430 -1.114  762 
   56008.133000     237.1843     207.2776      23.1427     211.6238    0.0494    -305.1812    -256.6105 -2.452 -1.845  762 
   56009.120000    -105.1839     213.3929    -204.3844     216.9677    0.1325    -365.2408    -311.8974 -2.109 -2.488  762 
   56045.147000    -128.5429     291.0965    -154.3557     292.2495    0.0304     402.0531     376.0149  1.026  2.516  762 
   56215.446700    -556.6278     199.7770    -619.4982     204.2122    0.0480    1005.1203     832.2098  7.016  7.503  762 
   56217.444300    1465.8117     271.8212    1239.8655     274.1077    0.3613    1742.9602    1622.5341  6.892  6.730  762 
   56254.418300     150.3248     155.7386     -12.8830     167.8457    0.0227     220.0673     134.0216  4.290  3.718  762 
   56301.218900     301.6107     232.3451     107.6675     235.9167    0.2929    1375.1338    1213.3627  6.609  6.709  762 
   56302.299000    -247.7414     147.6981    -110.0887     152.8893    0.0931     662.3815     497.0074  7.890  9.121  762 
   56337.368100     -69.9190     158.6197     -34.5991     166.9315    0.0480     342.3905     236.9587  5.483  4.565  762 
   56417.143800     505.4671     169.0218     559.4664     174.2696    0.1972     347.6128     268.4560  3.846  4.482  762 
