   54534.141800       0.0000       6.7509       0.0000       6.7509      -nan       0.0000       0.0000  0.000  0.000  762 
   54591.213000   -1212.0994     182.7842    -967.7924     193.1859    0.0954       0.0000       0.0000 -3.696  0.000  762 
   54792.421200  -10380.8819     180.8069  -10296.6594     186.7719    0.8677   -1989.3431   -1563.2983 -15.059 -17.627  762 
   54794.402600  -10598.0875     178.7876  -10700.9328     202.2634    0.9003    -668.2925    -347.5268 -6.279 -7.591  762 
   54861.113700   -1936.7376     228.6809   -1769.5143     235.5040    0.2659    -158.0850    -129.8888 -1.841 -0.880  762 
   54862.104500   -1858.1749     194.2769   -1869.2065     207.6064    0.1761    -267.3891    -179.4440 -2.615 -2.664  762 
   55470.446100   -7412.1419     274.6729   -7539.4084     279.8587    0.6412    -547.5188    -462.8420 -4.342 -4.930  762 
   55536.218700   -4834.9735     197.8439   -5067.6567     209.4468    0.7092    -512.4108    -368.9756 -3.458 -3.345  762 
   55538.255300   -5766.5165     184.1735   -6535.2201     205.0588    0.6864    -227.7641    -129.4515 -2.219 -2.219  762 
   55540.326500   -3716.4291     230.2946   -3911.0274     238.2411    0.5439    -576.5426    -476.5871 -3.184 -2.639  762 
   55543.323400   -5376.7334     185.2494   -4562.3316     206.3588    0.5930    -259.1337    -143.3231 -3.448 -2.708  762 
   55599.152300   -1917.1760     236.7410   -1770.2896     241.9173    0.3200    -978.2554    -850.9583 -4.880 -4.275  762 
   55889.405200   -5460.0629     238.7988   -5630.8704     248.9238    0.8066    -767.5768    -610.9652 -3.457 -3.745  762 
   55924.295100    1050.6621     184.1593    1821.4729     210.4124    0.4088      65.2740      33.5529  0.777  0.768  762 
   55925.229700    2125.1292     223.7420    2237.3732     232.6258    0.4469    -146.5814    -114.1125 -1.143 -0.983  762 
   55926.291200      69.5294     181.5854     223.8206     209.7304    0.0097    -346.6053    -169.2254 -3.022 -4.003  762 
   55927.336300   -1111.8018     191.4263   -1027.0322     213.2800    0.2690      -4.8834      -2.7456 -0.597 -0.052  762 
   55930.389000     998.4455     270.1844    1173.7422     276.1254    0.1534    -215.0178    -177.1808 -0.506 -2.619  762 
   55969.097700   -1711.2995     213.8549   -1940.1758     222.3824    0.4758    -378.6404    -295.0025 -1.809 -2.393  762 
   56008.133000   -5606.7952     225.9631   -5678.4447     237.9069    0.7863    -576.5953    -432.3259 -2.931 -3.183  762 
   56009.120000   -5978.0867     233.2648   -5885.3385     243.3333    0.8493    -520.4857    -400.0256 -2.963 -3.234  762 
   56045.147000   -2993.6526     304.8055   -3085.0711     308.1899    0.3609    -587.1739    -525.0811 -4.700 -3.529  762 
   56215.446700    1787.7706     222.1795    2046.5005     232.5074    0.4663     424.8662     321.4081  2.583  2.737  762 
   56217.444300    1929.7646     282.8644    1735.3483     287.9330    0.2854     516.0413     464.6068  2.131  1.906  762 
   56254.418300   -1383.3552     189.4102    -580.0205     221.4440    0.0717      93.6862      44.1904  1.472  1.162  762 
   56301.218900   -5845.1997     250.4927   -5987.3137     259.1990    0.7935    -244.0259    -201.6758 -1.432 -1.093  762 
   56302.299000   -9949.3552     176.6634  -10240.7809     190.7326    0.8656    -188.0970    -119.9643 -1.570 -2.053  762 
   56337.368100   -4143.0191     191.4835   -4035.2895     213.3378    0.6357    -394.5862    -220.6952 -5.023 -3.978  762 
   56417.143800    5004.5594     195.3864    5254.1667     209.8108    0.5036      82.0709      54.3753  1.318  0.866  762 
