   54534.141800    5735.3193     388.5708    5585.6588     389.4061    0.2620   -9213.1544   -8988.1491 -34.682 -33.873  762 
   54591.213000    2046.1785     222.9337    1574.0566     226.3222    0.2055     484.0353     420.8318  4.537  4.701  762 
   54792.421200    1651.0955     205.1584    1489.3534     207.3415    0.0140   -1548.6180   -1373.0166 -14.005 -15.214  762 
   54794.402600    1040.9283     199.1367     669.9477     208.3641    0.0884     -19.4299     -14.4540 -1.810 -0.300  762 
   54861.113700   -5225.4007     300.8493   -5449.4080     302.7347    0.6176   -1837.0887   -1699.8333 -10.886 -11.327  762 
   54862.104500   -3877.5664     228.4401   -4306.7862     233.5455    0.5345   -1000.7764    -829.0184 -10.963 -11.957  762 
   55470.446100    4602.3188     306.0681    4369.6272     308.0492    0.3555    -965.0334    -882.1059 -8.556 -9.271  762 
   55536.218700   -6523.3331     255.3519   -6970.2039     258.6877    0.6442   -1982.1351   -1744.7547 -13.626 -15.581  762 
   55538.255300   -8444.5092     216.0516   -9097.2981     224.1542    0.7417    -442.2438    -340.9871 -3.369 -5.817  762 
   55540.326500   -5988.6937     325.5577   -6338.4301     327.3719    0.5952   -1982.2164   -1858.7305 -10.289 -10.159  762 
   55543.323400   -5966.1548     215.1042   -6425.4580     223.6930    0.7726    -108.6147     -82.6807 -0.813 -1.525  762 
   55599.152300    8708.7837     328.2385    8553.8868     329.3093    0.4388   -3397.4529   -3248.6057 -15.988 -16.155  762 
   55889.405200    1661.3420     327.2923    1576.8681     329.4024    0.0345   -1454.6156   -1348.6883 -8.758 -8.184  762 
   55924.295100   -1247.5793     210.1830   -1482.0768     221.8187    0.2485      21.7943      15.7702 -0.850  0.354  762 
   55925.229700   -1395.0673     282.9615   -1528.4085     285.7191    0.3378    -821.6971    -738.4444 -6.846 -6.305  762 
   55926.291200    -303.2746     207.2338    -574.8218     219.1206    0.1288     -95.7930     -68.5622 -1.280 -1.581  762 
   55927.336300     -11.9191     221.4149    -156.8976     229.7944    0.0600    -168.1266    -129.3517 -2.666 -2.384  762 
   55930.389000     473.8607     295.1072     393.0691     297.9116    0.0380    -118.9064    -105.8677  1.042 -1.540  762 
   55969.097700   -1005.6936     275.5723   -1088.7610     277.8464    0.2979    -877.1287    -796.9365 -6.294 -6.434  762 
   56008.133000    6481.1248     297.4199    6458.2506     300.0079    0.5123   -1119.8269   -1015.9705 -6.424 -7.394  762 
   56009.120000    8565.8821     292.9854    8554.2229     295.4975    0.7777   -1320.5567   -1196.1263 -9.671 -9.579  762 
   56045.147000    7821.0355     360.1198    7730.1206     361.1929    0.5563    -513.1695    -487.2550 -2.495 -3.263  762 
   56215.446700    6600.6679     285.1637    6673.3355     287.7694    0.7294    1882.0091    1696.4994 13.942 14.663  762 
   56217.444300    8300.5651     414.6987    8016.2325     415.7571    0.0416   -8772.5915   -8502.8108 -36.561 -34.950  762 
   56254.418300    3346.7558     210.6216    3257.6456     224.7771    0.4343     722.5743     500.2654 15.710 13.261  762 
   56301.218900   -1334.2900     351.2868   -1472.5721     353.0935    0.4315   -1959.2923   -1841.0422 -10.796 -10.024  762 
   56302.299000     772.4164     197.7181     469.8441     203.1828    0.2393    1634.8047    1315.0586 20.861 22.800  762 
   56337.368100    7892.2359     217.4405    7627.0928     225.3642    0.6791    1104.9885     863.7978 14.518 15.807  762 
   56417.143800    5803.9062     224.5205    5637.4785     230.1564    0.6317    1584.6537    1297.4101 19.665 20.818  762 
