   54534.141800    7003.3221     314.9542    6999.7880     316.2536    0.2739   -4122.4092   -3953.6102 -16.588 -14.953  762 
   54591.213000    3431.4130     191.7967    3416.9976     195.8508    0.6275     853.8757     711.7969  7.874  8.068  762 
   54792.421200    3402.5161     182.9468    3571.2576     185.2172    0.1804   -2515.1309   -2190.3099 -26.019 -24.710  762 
   54794.402600    4089.7309     173.2184    4867.6162     182.5871    0.6895    -132.4379     -92.6607 -1.132 -2.000  762 
   54861.113700    4555.2250     253.8856    4432.0051     256.2630    0.4524    -896.2517    -809.5357 -3.995 -5.446  762 
   54862.104500    4507.1924     197.3473    4374.2641     202.6642    0.5890    -258.4247    -206.6243 -2.545 -3.055  762 
   55470.446100    1386.7813     279.1382    1372.7076     281.2221    0.0734    -909.5554    -820.0850 -7.854 -8.755  762 
   55536.218700    3702.5919     214.4466    3450.6858     218.5335    0.3706    -970.3184    -822.3174 -8.422 -7.414  762 
   55538.255300    3399.7970     184.2432    3212.1053     192.7291    0.4637    -522.3602    -382.6612 -7.145 -6.700  762 
   55540.326500    4505.6046     268.4817    4186.8518     271.0189    0.1651   -3186.3263   -2911.3863 -15.365 -16.009  762 
   55543.323400    3613.0524     184.2649    3946.2891     193.0219    0.6481    -340.2019    -245.4521 -4.158 -4.673  762 
   55599.152300    6353.1540     275.1863    6141.0555     276.9330    0.3263   -3177.3198   -2969.2501 -15.038 -14.834  762 
   55889.405200    1961.8949     273.5950    1909.4597     276.7819    0.0062   -2174.0883   -1947.1764 -12.002 -11.910  762 
   55924.295100     -65.1486     184.1179    -343.3314     196.8677    0.0908    -126.1340     -84.6528 -2.153 -1.973  762 
   55925.229700    -592.4951     244.1831    -934.3937     247.7961    0.2731    -636.1511    -552.0349 -4.858 -4.756  762 
   55926.291200    -440.8289     181.3782    -728.7922     194.7002    0.1439     -59.9810     -39.5120 -1.110 -0.949  762 
   55927.336300    -318.8487     193.5725    -369.3392     203.1454    0.1352     -86.0624     -61.9584 -1.786 -1.178  762 
   55930.389000    -694.6625     271.4113    -679.4047     274.2937    0.0317     525.1772     462.1922  5.257  6.859  762 
   55969.097700   -3212.1591     236.1574   -3569.1109     239.4512    0.6435    -679.5086    -594.5044 -4.917 -4.830  762 
   56008.133000    1267.0487     252.1115    1161.6785     256.0337    0.0838   -2005.2196   -1738.8071 -12.980 -12.790  762 
   56009.120000    -275.1947     253.4139    -385.2302     257.0503    0.2289   -1015.7824    -883.4064 -7.522 -7.148  762 
   56045.147000    2635.2525     323.7043    2498.9437     325.0781    0.1286   -1481.0853   -1384.7270 -9.429 -9.339  762 
   56215.446700    4554.0847     242.0309    4563.0441     245.7249    0.7710    4667.9234    4037.4152 34.223 35.021  762 
   56217.444300    9034.2677     339.9768    8842.3123     341.6149    0.6719   -1093.8266   -1040.5286 -3.687 -4.285  762 
   56254.418300    7467.1100     182.3361    7801.4216     196.8116    0.7873    1861.8951    1191.1977 32.190 32.937  762 
   56301.218900    1428.2691     290.2663    1208.0228     293.0621    0.4969    2598.2785    2367.5487 12.611 12.932  762 
   56302.299000    -770.2689     174.2671   -1268.9807     180.5624    0.0931    2600.6502    1992.9084 35.551 35.189  762 
   56337.368100    6778.1083     189.3139    6943.1840     198.7396    0.8323    2178.9477    1585.6257 27.967 29.519  762 
   56417.143800     872.7013     199.2784     845.9346     206.0980    0.4073    2206.9831    1716.8052 28.149 27.984  762 
