   54534.141800   21460.6616     547.9997   17780.2882     590.0252      -nan  -21460.6616  -17780.2882 -72.161 -67.235  762 
   54591.213000     834.2882     410.2958     426.8315     496.1763      -nan    -834.2882    -426.8315 -4.961 -4.822  762 
   54792.421200    1823.6443     338.2894    1072.2662     400.9636      -nan   -1823.6443   -1072.2662 -12.518 -11.945  762 
   54794.402600     291.8351       2.5087     291.8351       2.5087      -nan    -291.8351    -291.8351 -4.392 -6.078  762 
   54861.113700    3151.9117     475.3409    2096.5668     544.1494      -nan   -3151.9117   -2096.5668 -12.556 -13.909  762 
   54862.104500     -85.9470     398.3509     -42.8419     503.5881      -nan      85.9470      42.8419 -0.412  0.620  762 
   55470.446100     487.1231     485.1971     310.4455     556.4501      -nan    -487.1231    -310.4455 -3.887 -3.305  762 
   55536.218700    1833.8369     427.5981    1030.4415     517.7625      -nan   -1833.8369   -1030.4415 -7.719 -9.345  762 
   55538.255300     139.3578       2.7241     139.3578       2.7241      -nan    -139.3578    -139.3578 -3.241 -2.457  762 
   55540.326500    6611.6394     502.5303    4648.9713     568.6850      -nan   -6611.6394   -4648.9713 -25.406 -25.516  762 
   55543.323400     164.5665       2.6481     164.5665       2.6481      -nan    -164.5665    -164.5665 -4.028 -3.078  762 
   55599.152300    7986.6826     491.7738    5967.9973     547.0938      -nan   -7986.6826   -5967.9973 -28.704 -29.779  762 
   55889.405200    6525.5441     520.9782    4328.2965     599.2023      -nan   -6525.5441   -4328.2965 -26.195 -26.435  762 
   55924.295100      19.0523       2.3624      19.0523       2.3624      -nan     -19.0523     -19.0523 -1.263 -0.444  762 
   55925.229700    1426.5800     463.2002     852.3554     550.2645      -nan   -1426.5800    -852.3554 -7.036 -7.407  762 
   55926.291200      -3.4211       2.3393      -3.4211       2.3393      -nan       3.4211       3.4211 -1.102  0.081  762 
   55927.336300      69.7588       2.6430      69.7588       2.6430      -nan     -69.7588     -69.7588 -1.146 -1.308  762 
   55930.389000     101.6354       2.9823     101.6354       2.9823      -nan    -101.6354    -101.6354  0.704 -1.504  762 
   55969.097700    1727.2770     454.7370    1042.0951     535.6124      -nan   -1727.2770   -1042.0951 -7.510 -8.600  762 
   56008.133000    4711.9224     491.3397    2869.2681     579.7640      -nan   -4711.9224   -2869.2681 -20.056 -20.917  762 
   56009.120000    2779.0224     484.0076    1678.9779     570.8722      -nan   -2779.0224   -1678.9779 -14.932 -13.566  762 
   56045.147000    2446.2379     538.8490    1756.4018     594.0150      -nan   -2446.2379   -1756.4018 -12.461 -11.854  762 
   56215.446700    -355.2111     481.7926    -204.2416     577.4181      -nan     355.2111     204.2416  2.634  1.842  762 
   56217.444300   15779.7774     591.4770   12666.7897     644.1484      -nan  -15779.7774  -12666.7897 -57.411 -52.675  762 
   56254.418300     -89.0978       2.1071     -89.0978       2.1071      -nan      89.0978      89.0978  2.718  2.563  762 
   56301.218900    6769.3638     536.8278    4747.7900     611.0313      -nan   -6769.3638   -4747.7900 -29.774 -26.324  762 
   56302.299000    -333.1179       2.6334    -333.1179       2.6334      -nan     333.1179     333.1179  6.572  6.195  762 
   56337.368100    -220.6773       2.5720    -220.6773       2.5720      -nan     220.6773     220.6773  4.140  4.300  762 
   56417.143800    -397.6070       2.7615    -397.6070       2.7615      -nan     397.6070     397.6070  6.540  6.718  762 
