   54534.141800    9331.3936     517.4309    8699.1459     522.6261    0.5330  -24344.7582  -22787.8280 -124.839 -85.633  762 
   54591.213000  -11980.2542     328.0490  -11989.4690     337.0328    0.6151     650.5329     515.1566  5.352  5.720  762 
   54792.421200    -631.8023     280.5452    -777.1351     286.4820    0.1701   -1454.5625   -1177.4076 -14.821 -12.987  762 
   54794.402600   -1356.6376     297.3951   -2013.7610     310.0503    0.2405    -294.9881    -202.9055 -3.908 -4.190  762 
   54861.113700   -4606.2002     414.7320   -5494.4925     422.3518    0.5795   -4140.7291   -3557.6482 -23.850 -23.651  762 
   54862.104500  -10895.7859     332.3358  -12015.8103     342.4573    0.7013    -354.6240    -268.3463 -3.975 -3.854  762 
   55470.446100   -6480.9464     405.1989   -7101.8636     412.1118    0.4917    -167.3376    -140.0577  0.363 -1.471  762 
   55536.218700   -5171.8025     366.4417   -6844.9171     376.0576    0.5042   -2412.1350   -1943.8930 -14.803 -17.396  762 
   55538.255300   -5896.3326     319.4023   -8080.8768     331.8874    0.5076       9.8137       7.0003 -1.927  0.119  762 
   55540.326500    7869.8577     446.6555    7099.3921     454.0330    0.0497   -8968.4249   -7904.2228 -45.286 -43.280  762 
   55543.323400   -3166.0461     318.5367   -3840.1748     330.9096    0.3860    -178.4690    -126.2740 -2.901 -2.314  762 
   55599.152300   -3108.2714     447.0523   -4402.3606     453.5194    0.6284   -9658.2449   -8674.8140 -49.956 -43.182  762 
   55889.405200    7111.0218     456.8290    6584.2941     465.3835    0.0370   -8085.4030   -6965.7270 -48.071 -42.324  762 
   55924.295100   -4143.0647     314.0152   -4310.8577     327.2124    0.4468      61.1756      41.6658  1.250  0.931  762 
   55925.229700   -6682.3556     398.5837   -7919.5325     407.6002    0.6303    -930.5460    -765.9387 -6.023 -6.547  762 
   55926.291200   -1737.7670     310.6970   -2415.6809     324.6245    0.2345     -35.5277     -24.0344  0.327 -0.551  762 
   55927.336300    1880.8492     328.2359    1736.5101     340.8490    0.2286    -362.4312    -257.9971 -3.682 -4.736  762 
   55930.389000    -329.0503     391.0954    -124.3920     398.8507    0.0218    -112.2588     -91.4174 -1.876 -1.326  762 
   55969.097700   -6896.2547     391.0775   -7706.2048     399.1027    0.7127   -1404.0445   -1173.5669 -7.717 -9.492  762 
   56008.133000    3585.9592     424.0467    3559.6884     433.2546    0.0932   -5708.6111   -4757.2625 -35.681 -34.519  762 
   56009.120000    1769.0361     414.3780    1642.6958     423.1093    0.0724   -2795.9978   -2319.3582 -19.583 -18.528  762 
   56045.147000    2052.5104     467.8745    1708.2787     473.6668    0.2408   -5576.4063   -4932.6801 -33.896 -32.947  762 
   56215.446700   -9457.3074     415.1419  -10014.7749     424.6087    0.5399    3621.3932    2976.4540 25.336 25.792  762 
   56217.444300    5248.5043     554.2623    4267.7648     560.7235    0.6443  -19509.6888  -18007.3160 -92.561 -74.083  762 
   56254.418300  -10768.9031     318.2878  -11965.2042     333.9198    0.5509    2120.4448    1402.2560 35.970 37.090  762 
   56301.218900    3700.6916     484.0923    2555.5160     492.4199    0.1708   -4898.6942   -4306.3506 -37.325 -23.469  762 
   56302.299000   -1751.2848     289.1686   -2379.6545     298.5291    0.0268    2811.2577    2090.0129 35.696 36.383  762 
   56337.368100   -1800.9654     335.1157   -1377.8263     349.7788    0.0053    1837.8441    1302.7379 23.857 23.860  762 
   56417.143800   -5233.8404     333.2728   -5148.2344     345.1079    0.2733    2260.8209    1675.9054 23.413 26.917  762 
