   54534.141800   -5666.0197     333.0980   -5761.0744     333.2919    0.8127   -6558.2493   -6502.9395 -23.844 -24.501  762 
   54591.213000   -4907.2042     174.3646   -5270.9254     174.8622    0.5077    -349.2980    -332.6075 -5.151 -3.748  762 
   54792.421200   -8473.2014     170.9909   -8599.8059     171.2397    0.8234   -1702.9080   -1635.3032 -17.083 -18.282  762 
   54794.402600   -7700.5642     142.6562   -7983.5521     143.8617    0.8337    -100.9949     -90.0065 -0.780 -1.904  762 
   54861.113700  -12855.3244     251.5554  -12916.2193     251.8731    0.8541   -1365.5785   -1326.6924 -9.580 -8.865  762 
   54862.104500  -12508.3395     177.1587  -12753.7152     177.8829    0.8687    -544.4829    -505.7042 -6.282 -7.367  762 
   55470.446100  -10742.6301     264.9490  -10783.8975     265.1485    0.7862    -625.4823    -607.3661 -7.475 -6.459  762 
   55536.218700  -10234.0652     201.2204  -10287.5702     201.6418    0.8012   -1233.3045   -1177.7514 -9.782 -10.684  762 
   55538.255300  -11622.6796     157.2871  -11986.2264     158.4691    0.8326     -76.2728     -68.7582 -1.758 -1.198  762 
   55540.326500  -10455.4453     270.4524  -10560.8367     270.7761    0.8006   -2041.4977   -1996.1967 -11.411 -10.986  762 
   55543.323400  -10364.4771     155.7165  -10768.4453     157.0148    0.8559     145.7837     130.4078  3.390  2.443  762 
   55599.152300   -6142.1084     279.3863   -6231.5454     279.5900    0.6843   -3017.3994   -2974.5199 -16.081 -14.878  762 
   55889.405200   -6739.0033     270.0148   -6774.5348     270.3333    0.8702   -1934.7062   -1885.9066 -11.370 -11.521  762 
   55924.295100     -89.7427     141.9536    -213.0633     142.8896    0.0541     -20.7914     -18.7623 -0.780 -0.433  762 
   55925.229700      38.6817     226.4546      12.0093     226.6898    0.0901    -476.2332    -462.9728 -3.935 -4.010  762 
   55926.291200     252.0011     138.3091     208.7918     139.1824    0.0270     -97.7015     -88.1487 -2.967 -2.085  762 
   55927.336300      46.2884     156.0568     -12.4580     156.7073    0.0096     -19.9014     -18.3784 -1.949 -0.346  762 
   55930.389000     798.9199     245.7364     748.0891     245.8905    0.0775    -148.3905    -144.4977 -0.914 -2.141  762 
   55969.097700   -2222.4273     220.2232   -2196.0782     220.4429    0.3819    -219.4675    -213.7458 -3.333 -1.753  762 
   56008.133000  -12941.2594     245.0946  -13082.1739     245.6216    0.8943   -1303.3158   -1250.4162 -9.241 -9.144  762 
   56009.120000  -13526.9303     243.6499  -13660.9120     244.1345    0.9337   -1212.1527   -1161.1905 -9.747 -9.381  762 
   56045.147000  -17066.6900     320.9754  -17242.7696     321.2161    0.8543   -2086.9564   -2041.4280 -12.369 -13.767  762 
   56215.446700   -7080.1588     227.3268   -7067.5448     227.7091    0.5938    2812.6553    2707.3146 23.675 23.926  762 
   56217.444300   -6918.2141     353.8448   -6993.0303     354.0622    0.7682   -3730.4520   -3692.7421 -15.989 -15.284  762 
   56254.418300  -14195.3976     147.3729  -14756.8815     150.0704    0.8853    1150.8613     965.1574 24.846 26.712  762 
   56301.218900  -14992.4061     293.0129  -15061.9126     293.3857    0.9177     651.9467     634.8672  2.881  3.492  762 
   56302.299000  -14805.1754     150.1527  -15097.6910     151.0756    0.8889    1224.0137    1109.7213 20.447 19.985  762 
   56337.368100   -7430.6224     156.9266   -7780.4200     158.1088    0.6947     893.9090     806.6288 16.219 15.351  762 
   56417.143800  -15019.8772     173.8151  -15377.4840     174.8822    0.8691    1147.4149    1048.0011 16.670 17.379  762 
