   54534.141800   17318.9444     370.0905   16058.7210     376.9407    0.6762   -5411.5633   -4946.8002 -16.844 -18.753  762 
   54591.213000   12122.3607     250.2236    8075.9840     265.2149    0.3586     815.3650     581.7860  4.809  6.576  762 
   54792.421200   -6673.1131     229.8645   -7519.1676     239.3919    0.7201   -2583.1775   -1956.2606 -22.222 -21.777  762 
   54794.402600   -5263.2318     243.6313   -7282.2505     271.7150    0.5819    -199.2273    -109.1495 -3.240 -2.274  762 
   54861.113700  -11054.2860     318.4633  -11975.7868     329.6679    0.6948    -395.7522    -320.5038 -1.835 -2.137  762 
   54862.104500  -11811.7269     267.3480  -13026.0600     284.9447    0.6057     -78.6936     -52.3905  1.834 -0.758  762 
   55470.446100    5417.3156     334.6572    5494.4171     343.1240    0.4237     448.1833     365.3598  4.944  3.854  762 
   55536.218700    5573.4679     278.5089    4699.4988     292.7683    0.2978    -654.8790    -482.1575 -3.196 -4.293  762 
   55538.255300    5912.7673     251.9810    3767.6079     276.0418    0.3097     102.7051      60.9629  1.361  1.053  762 
   55540.326500    9274.4924     329.7488    8019.6543     340.4397    0.4576   -2069.5546   -1740.6598 -8.980 -9.480  762 
   55543.323400    5863.4688     254.2442    4516.7185     279.9069    0.4780    -213.7976    -123.5461 -1.513 -2.302  762 
   55599.152300   38475.1402     325.3468   37788.4980     332.8203    0.9599   -2318.2977   -2033.5424 -9.994 -10.083  762 
   55889.405200   -6046.6424     342.9646   -7395.0006     356.4680    0.6907   -1194.2223    -964.6549 -5.396 -5.851  762 
   55924.295100     144.2833     256.1292    -581.8223     288.8790    0.0674      28.9129      15.3064  0.528  0.346  762 
   55925.229700     141.7295     308.4330    -211.6278     321.5617    0.0420    -123.7451     -95.1411 -0.136 -0.810  762 
   55926.291200     118.3598     253.9423    -933.7584     287.8303    0.0956      87.2614      45.0800  1.305  1.048  762 
   55927.336300       7.2548     265.8682     176.2350     292.2210    0.0325       0.3560       0.2069  0.549  0.004  762 
   55930.389000    2765.4822     331.6500    2250.3402     342.5875    0.1978    -556.8206    -434.1401 -5.768 -6.376  762 
   55969.097700    4251.0695     297.3791    3559.4657     309.4558    0.3913    -368.3403    -288.1713 -3.496 -2.317  762 
   56008.133000    5194.1794     318.8601    4335.6705     333.9257    0.3325   -1400.0558   -1075.3098 -7.940 -7.838  762 
   56009.120000    2763.9518     318.8243    1903.4568     333.0291    0.1901    -776.6559    -597.5115 -4.933 -4.782  762 
   56045.147000  -11132.1556     381.9077  -12112.2275     389.5175    0.6489   -1245.0611   -1072.3646 -7.938 -7.207  762 
   56215.446700   -1306.1743     314.5053    -927.3469     329.3215    0.2374    4133.7210    3125.1246 26.308 27.044  762 
   56217.444300    3720.0003     405.7240    2752.7322     414.2743    0.1691    -531.9286    -478.4720 -2.775 -1.968  762 
   56254.418300   17361.7589     257.0761   19808.5881     294.9069    0.7801    1787.4273     886.8362 22.997 23.773  762 
   56301.218900    1873.6216     357.6880    1160.4766     369.7387    0.3461    1870.3911    1562.7027  9.210  8.519  762 
   56302.299000     397.5622     234.7595     718.4125     253.0547    0.2245    2118.5752    1344.3538 22.668 23.390  762 
   56337.368100    5048.6336     263.8113    2484.6412     289.3336    0.1790    2050.7707    1195.9288 16.414 22.379  762 
   56417.143800  -38397.0354     276.9126  -41852.3233     299.5767    0.9170    1934.7149    1218.4603 17.844 19.787  762 
