   54534.141800    1759.2934     293.7529    1664.1847     294.5065    0.3973    2932.3473    2850.2667  9.158 10.770  762 
   54591.213000   -3046.4187     170.5200   -3508.0630     172.0982    0.1367    1924.4332    1726.8260 19.340 19.348  762 
   54792.421200   -8358.5927     169.7704   -8620.2988     170.6866    0.8308   -2520.9708   -2318.3171 -25.359 -25.671  762 
   54794.402600   -8083.8915     149.6042   -8874.5458     154.8488    0.8416      56.4370      44.3937  1.609  0.918  762 
   54861.113700   -4927.0610     236.2548   -5212.0219     237.2344    0.5708    -887.6439    -833.4047 -5.883 -5.545  762 
   54862.104500   -4682.5888     175.1187   -5436.2898     177.4752    0.5047    -187.9564    -164.4316 -2.770 -2.368  762 
   55470.446100     918.7422     260.1563     784.8831     260.7509    0.0041    -791.3691    -751.5327 -7.506 -7.889  762 
   55536.218700   -1467.4318     192.6901   -1787.3764     194.0914    0.3603   -1845.7946   -1681.3364 -15.201 -14.934  762 
   55538.255300   -1862.1888     156.7688   -2655.5709     160.5543    0.3164    -336.2414    -278.7551 -5.100 -4.762  762 
   55540.326500    -379.7820     248.8405    -653.2643     249.9061    0.4411   -3481.9231   -3297.5649 -17.599 -17.956  762 
   55543.323400   -1981.8302     156.2362   -2439.0064     160.2610    0.4804    -464.6108    -380.2065 -7.068 -7.016  762 
   55599.152300   -1195.8548     258.5522   -1376.8594     259.3077    0.5573   -4211.5781   -4039.7691 -19.267 -20.023  762 
   55889.405200   -3750.8517     252.1157   -3918.1161     253.3682    0.7251   -1594.4265   -1490.4351 -7.811 -9.026  762 
   55924.295100     390.6994     151.1607     386.1165     156.3066    0.0860     -14.7604     -11.6602 -0.128 -0.261  762 
   55925.229700    -994.2507     220.8057   -1062.4885     221.8391    0.2633    -435.7212    -404.3384 -3.678 -3.435  762 
   55926.291200    -612.1695     148.2957    -659.1800     153.9197    0.1275      19.7007      15.3183  0.221  0.352  762 
   55927.336300     491.6251     161.5321     524.6542     165.0628    0.1129    -137.6222    -114.2604 -1.697 -2.097  762 
   55930.389000   -1511.3374     249.5721   -1524.5358     250.3871    0.1851      54.0360      50.6796  1.774  0.737  762 
   55969.097700    1895.0748     211.5657    1814.1771     212.4681    0.2650    -370.5799    -346.5729 -1.457 -2.780  762 
   56008.133000    2564.8876     225.9636    2469.3959     227.1822    0.2125   -1114.7373   -1032.7111 -7.967 -7.506  762 
   56009.120000    3820.9826     227.3509    3813.3553     228.2900    0.5764    -883.5040    -824.0699 -6.097 -6.577  762 
   56045.147000    2724.3944     305.5782    2636.9479     305.9749    0.1550   -1209.3193   -1168.6094 -7.696 -7.820  762 
   56215.446700      65.0580     216.4281      51.1112     217.6360    0.5793    6299.7628    5816.1934 50.261 50.032  762 
   56217.444300    1606.9530     318.0551    1391.0637     318.9574    0.6371    6654.9774    6439.5639 26.567 26.426  762 
   56254.418300    3060.6617     147.6812    3600.6947     154.0073    0.6192    2368.7813    1806.7515 47.269 47.668  762 
   56301.218900    5034.2933     263.4560    4914.1466     264.4385    0.8166    6502.9813    6178.9081 34.219 33.580  762 
   56302.299000    5177.4156     144.9578    5368.5461     146.7137    0.7553    3253.2479    2850.7414 46.534 49.104  762 
   56337.368100    5602.3313     155.4086    5739.7309     158.5070    0.6261    2684.0337    2253.8080 40.293 41.385  762 
   56417.143800    3789.9798     168.7203    3946.8723     170.6732    0.5988    3031.0281    2666.7902 40.930 42.742  762 
