   54534.141800    5573.9849     313.0478    4706.5401     318.1785    0.0656   -5788.2221   -5270.7367 -30.090 -19.816  762 
   54591.213000    9577.6030     213.1124    9301.5596     224.0421    0.6661    1060.8345     769.0464  9.919  8.769  762 
   54792.421200  -12507.3563     203.5006  -13078.7261     210.8854    0.8954   -1515.4520   -1162.8882 -11.526 -13.323  762 
   54794.402600  -13446.1075     209.7298  -13487.2253     232.5106    0.9101     150.3791      80.5502  1.325  1.812  762 
   54861.113700    1082.4464     268.8321    1301.5527     276.5202    0.0920    -731.7921    -600.7905 -4.250 -4.070  762 
   54862.104500    1476.6182     225.0268    1945.1289     238.4737    0.3121     202.8618     137.2034  1.496  2.074  762 
   55470.446100    8042.4606     297.2807    7986.5787     303.3840    0.6733     176.2803     146.5008  0.699  1.595  762 
   55536.218700   -6585.4232     236.4365   -6736.3759     248.6528    0.5218    -540.5881    -392.9364 -3.825 -3.653  762 
   55538.255300   -9163.5837     218.2171  -10688.0117     239.4002    0.7057     -10.2817      -5.9702  0.681 -0.107  762 
   55540.326500   -3596.1073     278.6206   -4471.5634     287.5085    0.6203   -2728.8057   -2261.2505 -13.923 -12.632  762 
   55543.323400   -5985.1066     219.1162   -7414.4595     240.6768    0.7967    -190.3667    -107.9287 -2.201 -2.106  762 
   55599.152300   18421.1591     277.0849   18073.4129     282.7920    0.8685   -4234.9544   -3692.1038 -18.714 -18.686  762 
   55889.405200     671.5619     286.2652      84.8565     296.9675    0.3667   -2844.1391   -2282.6249 -15.012 -14.147  762 
   55924.295100    3019.1430     216.2069    3333.7754     242.3422    0.5272    -126.8318     -66.3146 -0.627 -1.619  762 
   55925.229700    5154.1712     260.6065    6045.5362     270.2289    0.6760    -498.8180    -386.5338 -4.038 -3.418  762 
   55926.291200     256.8230     214.9399     305.2771     242.1447    0.0453     -70.5898     -35.6558 -0.474 -0.894  762 
   55927.336300    -741.1580     225.8591    -963.4762     247.5624    0.2124    -103.3055     -59.3141  0.450 -1.173  762 
   55930.389000    -132.9812     296.4200    -204.1313     304.2744    0.0441    -189.4295    -151.0720 -0.034 -2.302  762 
   55969.097700   -8499.1255     254.3744   -8322.4691     264.1602    0.8156    -558.2230    -432.4400 -4.533 -3.617  762 
   56008.133000   -3435.3036     271.2904   -4189.2329     284.0842    0.6416   -1554.2748   -1178.3463 -8.642 -8.744  762 
   56009.120000   -4791.5047     273.6539   -4626.0269     284.9149    0.7478    -804.7893    -617.1119 -5.953 -5.072  762 
   56045.147000   10129.6013     334.9282    9869.4445     339.3395    0.6582   -1966.2601   -1733.1537 -10.249 -11.778  762 
   56215.446700   10269.6615     261.2993   10678.9880     272.4183    0.9047    2505.6422    1898.4933 17.202 16.963  762 
   56217.444300   16377.6022     335.6656   15944.8257     341.3984    0.8942   -1089.6263    -980.5902 -6.717 -4.074  762 
   56254.418300   -4659.3519     223.9191   -5602.3512     256.5563    0.4052    1157.4297     541.7121 17.574 15.931  762 
   56301.218900  -15291.9050     304.4788  -15762.9483     314.8005    0.9210     420.9978     346.6055 -1.178  1.919  762 
   56302.299000  -17826.3601     205.5543  -18153.6784     221.3103    0.9230    1895.6274    1172.8561 22.462 21.918  762 
   56337.368100    8737.4486     222.1586    8010.9484     244.1123    0.5361    1517.3156     873.3566 17.487 16.961  762 
   56417.143800   -5002.4534     229.7201   -5632.7407     246.8297    0.4653    1950.1123    1250.9083 20.230 21.271  762 
