   54534.141800    6907.5223     309.5590    6393.6252     311.8859    0.1885   -4304.4179   -4114.0026 -15.522 -15.510  762 
   54591.213000     327.2903     190.9033     232.4548     196.3077    0.0466      65.3244      53.5648  2.205  0.603  762 
   54792.421200     996.8845     182.3094    1069.0609     185.1894    0.1165   -2239.0317   -1932.2230 -19.990 -21.694  762 
   54794.402600     613.3508     172.8584     592.1275     186.0375    0.1073     -13.0913      -8.7261  2.815 -0.187  762 
   54861.113700   -1375.6429     251.0679   -1350.8623     254.3998    0.1395     360.3810     323.3756  2.312  2.183  762 
   54862.104500   -1249.3885     197.1797   -1338.9872     204.0722    0.2324       7.9380       6.2172  3.813  0.092  762 
   55470.446100    -546.9461     278.5283    -834.7256     281.1844    0.1072    -138.7389    -124.7294  0.432 -1.323  762 
   55536.218700    5208.9285     210.6604    5006.6001     215.8193    0.5796    -529.4968    -445.4459 -2.469 -3.992  762 
   55538.255300    4330.9503     182.1566    4270.0037     192.4237    0.5864     -68.7866     -49.2948  1.288 -0.846  762 
   55540.326500    3031.3675     262.7703    2657.9361     266.2946    0.1820   -1249.4177   -1139.0841 -5.613 -6.262  762 
   55543.323400    4458.7913     181.4697    5260.2368     192.2011    0.6838      35.1391      24.7022  2.673  0.465  762 
   55599.152300    2256.2449     270.9858    2113.2333     273.4581    0.0421   -1894.4147   -1765.2670 -7.653 -8.818  762 
   55889.405200    2028.1401     267.7130    1760.1168     271.9880    0.2320    -565.2208    -504.2140 -3.160 -3.077  762 
   55924.295100     938.1963     182.3530    1074.7363     198.1689    0.2134     -42.2580     -27.4038 -1.820 -0.622  762 
   55925.229700     660.1729     240.6339     469.4304     245.1258    0.0504    -265.1499    -229.3305 -2.135 -1.959  762 
   55926.291200     302.4358     179.4243    -128.4598     196.4822    0.0430    -144.9075     -91.4479 -3.271 -2.145  762 
   55927.336300    -635.2587     191.1306    -288.5743     203.0723    0.0477     104.9273      73.5679  0.241  1.382  762 
   55930.389000    1626.0585     269.6574    1756.8189     272.8104    0.2972     377.4850     331.7279  4.829  4.880  762 
   55969.097700    2906.5221     230.9840    2791.0000     235.3032    0.4835     -90.4969     -79.0679 -0.081 -0.636  762 
   56008.133000   -2050.5783     248.5292   -2283.7809     253.8250    0.4646    -784.6620    -673.2808 -4.458 -4.945  762 
   56009.120000   -1375.7901     250.3039   -1517.5681     255.1082    0.4007    -514.7829    -443.9183 -3.075 -3.573  762 
   56045.147000    -662.8759     322.0871    -874.2750     323.9451    0.2342   -1277.0450   -1190.9560 -5.722 -8.005  762 
   56215.446700    1936.1475     241.0669    2065.8166     246.2937    0.5865    2176.3321    1867.9824 16.804 15.871  762 
   56217.444300    2581.3173     335.7669    2269.4127     338.4275    0.2320     -36.6960     -34.8360 -0.887 -0.143  762 
   56254.418300    3463.7260     183.5463    3837.1238     203.3001    0.5245     877.1001     536.3290 13.288 14.073  762 
   56301.218900    -442.5167     286.3520    -739.8353     290.3568    0.0097     882.5440     802.9528  3.968  4.348  762 
   56302.299000   -1557.8592     173.9498   -1871.5767     181.5087    0.2121     910.5415     690.3920 11.817 11.739  762 
   56337.368100    3983.8650     189.1786    3701.8631     200.3417    0.6585     808.2546     575.3326  8.673 10.402  762 
   56417.143800    1113.4297     198.3542    1324.4858     205.9604    0.3380    1207.8384     930.7303 15.986 14.793  762 
