   54534.141800    4720.4260     284.2014    4459.0374     286.3060    0.2425   -2363.1174   -2228.9740 -8.852 -8.456  762 
   54591.213000    7614.9065     182.7227    7580.6308     188.6317    0.7453      46.3701      36.6826 -0.329  0.418  762 
   54792.421200    2793.7003     178.6387    3043.4725     181.9557    0.3096    -849.8171    -713.2549 -7.893 -8.002  762 
   54794.402600     304.7878     173.7030     631.5513     187.0662    0.1483     123.7683      78.2755  3.210  1.648  762 
   54861.113700   -1426.6670     241.0088   -1376.9004     244.7212    0.2052     -54.6050     -47.7423 -0.164 -0.318  762 
   54862.104500    -642.0180     195.0019    -224.4726     202.5325    0.0034     274.6458     206.4740  2.709  3.009  762 
   55470.446100    2364.1770     272.2826    2625.7056     275.1183    0.3610     291.1129     256.9616  3.772  2.749  762 
   55536.218700    3359.2635     202.1274    3587.8403     208.2480    0.4629     212.5012     170.4323  2.216  1.548  762 
   55538.255300    2673.1303     179.3973    3528.3237     191.0276    0.4624     352.7945     235.5816  5.968  4.202  762 
   55540.326500    3933.1654     247.0593    3883.6859     250.9134    0.4719    -135.0434    -119.7327 -0.532 -0.657  762 
   55543.323400    3210.6770     181.6161    3899.1710     193.9711    0.6533     300.4669     196.5448  4.497  3.721  762 
   55599.152300    2199.2988     255.0125    2041.3076     257.7807    0.1973    -663.8014    -605.1007 -3.399 -3.019  762 
   55889.405200    4298.9930     253.3434    4055.8027     258.4979    0.6030    -737.4984    -634.6767 -3.541 -3.881  762 
   55924.295100   -2197.0799     183.2296   -2780.9558     200.9833    0.5218     173.1719     102.3085  1.633  2.421  762 
   55925.229700   -1696.7664     232.2822   -1991.2690     237.9843    0.3745     173.4691     143.5791  1.465  1.250  762 
   55926.291200    -403.9591     180.3832    -748.1013     198.4146    0.1542     -40.2952     -23.3195 -0.514 -0.564  762 
   55927.336300     716.7545     191.0568     610.9173     204.8850    0.1841      74.6691      48.5549  1.009  0.919  762 
   55930.389000    3922.7854     267.3582    3870.1267     271.2932    0.5017    -220.2672    -188.6944 -3.152 -2.815  762 
   55969.097700    2903.3242     220.2602    2807.1055     225.1743    0.5403      18.2037      15.2828  0.712  0.126  762 
   56008.133000    2942.7421     235.9544    2820.1445     242.2150    0.3646    -512.0836    -422.7527 -3.087 -3.094  762 
   56009.120000    1244.4282     240.1141    1046.2645     245.9779    0.2045    -280.4706    -232.6576 -2.144 -1.887  762 
   56045.147000    3886.4328     310.6952    3692.7564     312.7549    0.3238    -526.8228    -484.2149 -0.804 -3.280  762 
   56215.446700    2664.0476     228.0391    2501.8669     234.6092    0.4727    1114.1478     902.9116  8.043  8.166  762 
   56217.444300   10041.4901     307.3608    9992.2755     309.6886    0.7993      52.5374      49.1571  1.091  0.205  762 
   56254.418300    1835.9059     184.5264     568.9752     207.1377    0.1179     846.1714     452.7883 12.782 13.278  762 
   56301.218900   10161.4671     262.9966   10071.2922     267.1820    0.9223     860.7433     760.6842  4.870  4.224  762 
   56302.299000    7199.1691     168.1296    7146.5410     177.5732    0.8365    1097.8898     767.0038 13.156 14.383  762 
   56337.368100    3482.2220     185.2539    3419.6783     199.5447    0.4776     591.4391     380.4168  6.559  7.489  762 
   56417.143800    1536.7199     193.6678    1241.0181     203.7265    0.2986     737.5001     529.5946  8.315  9.021  762 
