   54534.141800   15086.8408     643.4950   15202.1718     651.3956    0.5229  -33143.2923  -31106.1041 -210.803 -117.710  762 
   54591.213000   12677.5215     379.6001   12748.1789     385.5580    0.4694       0.0000       0.0000 -5.330  0.000  762 
   54792.421200    4442.3957     324.7453    3990.0359     328.9827    0.1947       0.0000       0.0000 -12.342  0.000  762 
   54794.402600   14693.4436     332.9152   13488.8277     337.6313    0.5478       0.0000       0.0000 -2.173  0.000  762 
   54861.113700   31980.2583     496.2392   31801.3714     503.1376    0.7006   -3786.3286   -3347.4430 -58.629 -22.242  762 
   54862.104500   15750.5394     378.5836   15730.7022     383.7871    0.6649       0.0000       0.0000 -8.890  0.000  762 
   55470.446100    2758.5315     461.5388    2436.1922     466.6449    0.1365       0.0000       0.0000 -16.259  0.000  762 
   55536.218700   20624.3284     433.5407   19265.5324     440.5071    0.5578       0.0000       0.0000 -23.502  0.000  762 
   55538.255300    8924.8831     361.2023    7628.9996     366.6913    0.2747       0.0000       0.0000 -13.625  0.000  762 
   55540.326500   17547.4955     550.7805   16611.7677     559.0061    0.2519   -9930.3539   -8906.0628 -98.793 -48.489  762 
   55543.323400   11212.9414     361.6841   10374.2161     366.8786    0.5264     -10.6329      -8.3874 -15.060 -0.154  762 
   55599.152300   24769.9628     547.7704   24241.5151     555.0963    0.4720   -9946.4945   -9063.2080 -104.282 -44.938  762 
   55889.405200    7089.2437     560.3431    6079.1966     569.1187    0.0501   -8102.4967   -7142.7333 -86.546 -43.250  762 
   55924.295100   15780.6562     345.2488   14252.7419     349.9318    0.6338       0.0000       0.0000 -0.737  0.000  762 
   55925.229700   11729.6816     473.3871   11170.7102     480.4608    0.4449    -895.2984    -767.8462 -31.006 -6.545  762 
   55926.291200   -6801.7225     348.1610   -6743.2858     352.5213    0.4754       0.0000       0.0000 -1.805  0.000  762 
   55927.336300    1050.2065     377.5311    1303.3363     382.4629    0.1354       0.0000       0.0000 -5.027  0.000  762 
   55930.389000  -10152.6255     444.6166  -10323.0988     449.2430    0.4629       0.0000       0.0000 -4.909  0.000  762 
   55969.097700   20169.5921     464.6332   18616.2176     471.6292    0.6699    -181.1494    -157.5443 -25.615 -1.271  762 
   56008.133000    4445.1873     516.0614    4055.8487     524.4730    0.0634   -5984.1535   -5142.1364 -69.469 -37.366  762 
   56009.120000    9715.7829     498.0983    9868.6576     505.4901    0.4686   -2199.6387   -1887.1306 -43.123 -15.095  762 
   56045.147000   -1554.1353     552.2930   -2591.9798     558.6987    0.2025   -2921.6245   -2607.6036 -50.791 -17.503  762 
   56215.446700   -8027.0640     498.4039   -7865.1296     506.4271    0.3867    -601.3604    -515.6700 -38.281 -4.490  762 
   56217.444300   24229.6523     684.7383   24285.9843     693.0935    0.0954  -29985.0833  -27939.0711 -219.069 -115.081  762 
   56254.418300    6472.1370     344.8059    5427.0117     348.5399    0.2158       0.0000       0.0000 -7.737  0.000  762 
   56301.218900    2245.4739     597.5763    2186.1282     606.4162    0.3191  -12046.7530  -10802.5825 -125.305 -58.987  762 
   56302.299000    6282.5242     331.6451    6137.9768     335.5258    0.3162       0.0000       0.0000 -7.212  0.000  762 
   56337.368100  -12779.3906     383.9743  -12647.6781     390.3953    0.3729       0.0000       0.0000 -7.529  0.000  762 
   56417.143800    7646.3663     379.6642    6671.7699     385.6232    0.2901       0.0000       0.0000  1.659  0.000  762 
