   54534.141800    3367.2585     418.4424    3230.1425     418.7706    0.7355  -23103.6597  -22899.9552 -84.562 -86.154  762 
   54591.213000   -1628.1295     215.8382   -1905.1559     216.3673    0.3567   -1377.3138   -1315.8033 -15.673 -14.679  762 
   54792.421200   -1670.1165     198.8583   -1786.6517     199.1509    0.2697    -742.7305    -713.0899 -8.258 -7.885  762 
   54794.402600   -1328.1735     175.6385   -1509.9292     176.6112    0.2678    -190.4953    -172.6768 -7.047 -3.575  762 
   54861.113700   -4846.8000     306.4999   -4892.8650     306.8451    0.6893   -3851.5475   -3750.9012 -23.933 -24.890  762 
   54862.104500   -3213.9873     212.9094   -3383.2839     213.5070    0.4739   -1132.4123   -1064.7281 -17.092 -15.309  762 
   55470.446100    -211.9210     298.7776    -164.4539     298.9628    0.0827    -669.1862    -651.6248 -5.990 -6.858  762 
   55536.218700   -1719.9382     249.1480   -1646.5605     249.5211    0.3067   -1477.6518   -1423.5144 -12.446 -12.771  762 
   55538.255300   -1061.4534     191.5881   -1120.5499     192.3292    0.0992     102.1297      94.6602 -1.897  1.622  762 
   55540.326500    2159.1149     335.9261    2042.4982     336.2541    0.2698   -5325.7948   -5224.4878 -29.048 -28.569  762 
   55543.323400    -802.8144     190.3904    -893.0360     191.1882    0.1220      75.0667      68.9552 -0.430  1.270  762 
   55599.152300    1866.7700     344.6115    1810.1786     344.8713    0.3413   -6206.7115   -6112.9281 -29.577 -30.406  762 
   55889.405200    -384.8602     337.0929    -456.5221     337.4648    0.5093   -4410.6389   -4304.0989 -26.346 -26.134  762 
   55924.295100    -372.8809     180.7277    -411.6774     181.8279    0.0728      19.7050      17.7544  1.044  0.400  762 
   55925.229700   -1895.4567     279.8011   -1847.2603     280.1570    0.3680    -862.7969    -833.9702 -8.824 -7.148  762 
   55926.291200    -521.4138     177.8857    -555.3087     179.0097    0.1353    -146.4068    -131.5229 -2.768 -3.040  762 
   55927.336300       0.3576     197.8417       2.0012     198.6277    0.0379    -206.8423    -190.3508 -3.197 -3.511  762 
   55930.389000     209.8117     279.9119     149.0871     280.2075    0.0213      -0.2387      -0.2300 -0.693 -0.003  762 
   55969.097700   -2051.5706     274.6402   -2055.2933     275.0197    0.4409   -1399.5534   -1356.2639 -11.690 -11.011  762 
   56008.133000   -1972.2830     303.0202   -2111.5688     303.4898    0.4355   -2400.1550   -2319.3971 -17.495 -16.834  762 
   56009.120000   -1513.3382     295.4759   -1558.2665     295.8939    0.5073   -2064.7148   -1992.7174 -15.499 -15.947  762 
   56045.147000    -604.4077     365.9957    -754.5536     366.2405    0.1943   -1797.6986   -1764.8113 -13.094 -11.811  762 
   56215.446700   -1024.4567     284.3536   -1042.1869     284.8106    0.1915    -425.6768    -410.6432 -3.404 -3.589  762 
   56217.444300     399.7625     442.7732     271.7375     443.1349    0.8098  -21416.2631  -21167.9393 -87.028 -87.198  762 
   56254.418300   -1210.1900     177.6750   -1304.6004     179.2220    0.1635     239.0480     211.0374  3.841  5.677  762 
   56301.218900     217.1001     364.3309     162.8336     364.6831    0.6505   -7025.2715   -6879.5378 -38.778 -37.614  762 
   56302.299000     802.9008     178.3839     790.8854     178.9293    0.2287     809.5826     755.3076 13.282 13.335  762 
   56337.368100     858.5588     195.1550     638.0647     195.9686    0.0861     179.6187     166.1854  1.451  3.097  762 
   56417.143800     740.8170     206.5386     445.8393     207.2284    0.0395    -129.6596    -121.3254 -3.409 -1.975  762 
