   54534.141800    6811.5960     339.0518    6710.4125     340.8250    0.3302   -3404.9826   -3253.6693 -12.254 -12.163  762 
   54591.213000    9032.1511     198.8318    8991.3842     202.7054    0.6527    -547.1012    -472.4367 -6.727 -5.251  762 
   54792.421200    5880.1538     187.8402    6100.1443     189.9077    0.6007    -423.1044    -378.6854 -3.687 -4.205  762 
   54794.402600    1724.2069     166.6348    2553.3787     175.3477    0.3339     -30.8848     -25.0497 -13.309 -0.528  762 
   54861.113700    6465.8379     268.0268    6161.9258     270.4521    0.5322    -807.1828    -732.9315 -5.776 -4.879  762 
   54862.104500    3148.9521     202.7379    3215.5430     207.5399    0.2747    -272.0238    -228.4771 -5.956 -3.313  762 
   55470.446100   -1519.9390     287.3469   -1696.1797     289.4269    0.1897    -131.9537    -120.4485 -0.374 -1.276  762 
   55536.218700    4356.3152     223.5469    4370.6823     227.3640    0.5106     162.5935     140.2831  0.009  1.277  762 
   55538.255300    2340.7711     185.0053    1852.2708     192.8989    0.2095       8.1179       6.4882 -1.009  0.112  762 
   55540.326500    2087.1897     285.6391    1898.4238     288.1520    0.1510    -630.8705    -576.8176 -2.367 -3.182  762 
   55543.323400    1081.4796     182.9955     775.7077     191.5271    0.0607    -455.8688    -367.0324 -17.160 -6.795  762 
   55599.152300    7753.7339     290.8947    7657.1052     292.6708    0.6007    -653.2475    -609.5234 -2.893 -3.053  762 
   55889.405200    3669.4464     290.0520    3484.2205     292.9860    0.4430    -742.2294    -667.7877 -2.326 -4.079  762 
   55924.295100     816.9937     172.2726    1043.7930     184.4222    0.1849      24.3227      19.4223 -0.766  0.444  762 
   55925.229700    2911.1998     253.4384    3150.4967     256.4497    0.3914      91.9582      81.2055  0.630  0.704  762 
   55926.291200     397.4535     167.6566     653.5945     180.1533    0.1094     -48.0488     -38.6429  0.523 -0.905  762 
   55927.336300    1446.1341     187.4281    1207.8901     196.4681    0.2684       5.0256       4.1341 -1.128  0.077  762 
   55930.389000   -2733.4113     275.1374   -2970.2323     278.0284    0.3947    -377.1568    -342.2974 -10.893 -5.033  762 
   55969.097700      79.9350     246.4479      74.2777     249.5719    0.1104    -759.7575    -671.7613 -7.615 -5.525  762 
   56008.133000    3096.0667     266.9364    2837.6392     270.6645    0.2923    -544.7467    -478.6947 -3.383 -3.483  762 
   56009.120000    4440.4383     265.1594    4155.4813     268.6131    0.5120    -556.1915    -490.9086 -3.396 -3.951  762 
   56045.147000    4922.4794     335.1718    4675.2456     336.6915    0.3475   -1057.1439    -990.9424 -7.379 -6.636  762 
   56215.446700   -4640.3501     258.8659   -4906.3322     263.0867    0.5689     290.5177     251.6527  0.039  2.219  762 
   56217.444300   -1056.5920     363.2336   -1260.4065     365.3809    0.3648   -2969.4688   -2809.4849 -13.114 -11.604  762 
   56254.418300   -1391.9551     161.3566   -2507.1819     178.8199    0.2377     116.7291      96.8334  0.371  2.647  762 
   56301.218900     789.7011     309.7865     760.0990     312.5963    0.0341   -1135.0653   -1035.7312 -6.864 -5.685  762 
   56302.299000     922.3898     170.3751    1006.0345     176.9025    0.1760      61.1219      51.8552 -2.365  0.933  762 
   56337.368100    3774.2963     189.6691    3720.5051     198.6718    0.4996    -176.5923    -139.9581 -7.095 -2.625  762 
   56417.143800    9702.5075     196.9745    9711.1088     202.9472    0.7779    -191.8225    -160.8697 -6.261 -2.647  762 
