   54534.141800  -63968.2055     357.7407  -66502.8812     359.5204    0.8216   -8542.1998   -8424.5425 -33.579 -31.801  762 
   54591.213000  -33857.9309     179.2382  -44640.9045     184.3349    0.4711       8.3895       8.1948 -9.212  0.092  762 
   54792.421200  -34016.1899     171.5482  -43049.3733     173.6170    0.4049   -2007.2619   -2010.6022 -28.869 -22.533  762 
   54794.402600  -11531.3793     130.2083  -18605.5635     132.0490    0.1575    -191.6805    -189.1124 -10.024 -4.036  762 
   54861.113700  -41964.1811     259.6676  -47539.1798     262.5697    0.6426   -1846.6090   -1822.1852 -19.728 -12.277  762 
   54862.104500  -18448.3311     169.7572  -25253.0858     172.8249    0.3391    -854.5058    -848.0594 -17.987 -12.446  762 
   55470.446100  -21579.2264     265.6660  -24087.2294     266.9265    0.5164   -1583.2171   -1573.8516 -22.907 -16.669  762 
   55536.218700  -10730.5860     201.4603  -12355.4565     203.7034    0.6255    -966.9252    -951.7119 -7.691 -8.511  762 
   55538.255300   -4450.8516     144.2673   -5865.5513     145.8762    0.2734     135.4103     133.4152 -0.487  2.290  762 
   55540.326500  -10814.9056     276.0479  -11479.4870     277.4780    0.6692   -2168.1970   -2152.7970 -12.078 -11.816  762 
   55543.323400   -3065.4093     139.4766   -4030.3897     140.5095    0.2121      45.4156      44.7118 -1.577  0.839  762 
   55599.152300    1529.7748     284.0586    1319.3142     285.0113    0.1871   -3416.2874   -3405.8166 -21.021 -16.991  762 
   55889.405200    -179.3499     271.4077    -364.7889     272.7251    0.1692    -930.6205    -927.7290 -6.050 -5.657  762 
   55924.295100     456.9383     130.3160     533.1393     131.1614    0.0816     -44.8006     -43.4831 -4.920 -0.986  762 
   55925.229700     303.7966     227.4700     320.3640     228.6534    0.0918    -800.2993    -799.7166 -7.280 -6.826  762 
   55926.291200     -50.6063     125.9603     -62.4250     126.7015    0.0005      61.8499      59.6861  2.122  1.397  762 
   55927.336300    -424.0207     144.7027    -499.8753     145.4195    0.1168      15.7640      15.5244 -0.188  0.291  762 
   55930.389000     -30.7768     241.3865     -26.0456     241.7840    0.0075      84.4474      84.4297  1.422  1.240  762 
   55969.097700    1860.3207     221.6711    1887.0714     223.1029    0.1860    -572.2427    -572.1993 -11.897 -4.597  762 
   56008.133000    5084.8333     238.0070    5218.9793     239.1681    0.2490   -1937.6972   -1943.2436 -22.243 -14.256  762 
   56009.120000    4366.3467     236.1975    4616.6148     237.2020    0.2855   -1420.9819   -1428.7331 -23.100 -11.488  762 
   56045.147000    6068.3563     316.6981    6214.5145     317.2051    0.3964   -1410.9324   -1413.7054 -11.550 -9.501  762 
   56215.446700    4471.2998     226.7656    5104.3580     228.1073    0.3732    1292.3498    1295.6461 10.842 11.031  762 
   56217.444300    5329.1276     362.7448    5167.1819     363.7692    0.0724   -4015.2130   -4002.1468 -18.541 -16.414  762 
   56254.418300     739.9411     125.0466     991.3312     125.8828    0.1128     674.8823     642.3043 11.951 16.909  762 
   56301.218900    5961.6650     294.8059    5974.4475     295.9980    0.3884    -930.3377    -927.3510 -6.975 -5.025  762 
   56302.299000    1654.1747     136.3108    1923.2220     136.7490    0.1878     875.7869     876.2607 10.317 14.934  762 
   56337.368100    1923.9133     146.1529    2372.2358     147.9241    0.2567     706.0065     684.0559 11.403 12.399  762 
   56417.143800    4681.5838     160.6080    5502.6365     161.5966    0.3721     687.8486     681.1536  2.070 10.839  762 
