   54534.141800   -5582.8741     299.7809   -5633.1058     300.2637    0.6055   -2291.0206   -2239.3957 -28.657 -8.504  762 
   54591.213000   -1635.2048     168.1574   -1907.5313     169.9360    0.1908     205.1501     185.5985  8.134  2.132  762 
   54792.421200   -1018.4910     165.1059   -1049.4467     165.9368    0.3343   -1865.0030   -1744.3771 -26.284 -19.885  762 
   54794.402600    -365.8863     136.6881    -754.4859     140.7775    0.1660       0.0000       0.0000 -2.065  0.000  762 
   54861.113700   -2425.8115     234.2954   -2498.8391     235.2784    0.3640    -481.7750    -456.1570 -9.906 -3.080  762 
   54862.104500    -227.6538     168.8974    -391.2969     171.0967    0.0554       0.0000       0.0000  0.585  0.000  762 
   55470.446100    -295.8162     257.0129    -335.1193     257.7369    0.0452       0.0000       0.0000 -4.642  0.000  762 
   55536.218700   -1419.5521     190.3206   -1522.6333     192.0170    0.2670    -573.5098    -526.3150 -12.335 -4.782  762 
   55538.255300   -1226.3865     150.1497   -1415.3222     153.6726    0.2579     -40.8285     -35.2380 -6.378 -0.631  762 
   55540.326500    -828.7999     248.7137    -903.0315     249.6729    0.3894   -2577.4991   -2455.1348 -22.032 -13.536  762 
   55543.323400    -310.4576     148.0848    -475.9559     151.8299    0.1061       0.0000       0.0000 -1.851  0.000  762 
   55599.152300    -738.5876     258.5978    -780.7263     259.2357    0.4584   -3577.3243   -3450.6463 -27.588 -17.281  762 
   55889.405200    -582.7996     250.8334    -566.3471     251.9732    0.5057   -2717.5637   -2560.6722 -22.805 -15.734  762 
   55924.295100    -548.7186     141.1944    -699.9555     146.0856    0.1746       0.0000       0.0000 -2.570  0.000  762 
   55925.229700   -1078.5650     219.4318   -1251.8477     220.8404    0.3269    -298.3085    -276.7157 -6.799 -2.403  762 
   55926.291200     252.8886     137.5823     368.2441     142.3741    0.1182       0.0000       0.0000  2.220  0.000  762 
   55927.336300    -111.9518     154.7633     -33.1028     158.3010    0.0091       0.0000       0.0000 -2.316  0.000  762 
   55930.389000     -20.6910     243.6384    -102.0131     244.5791    0.0133       0.0000       0.0000 -1.307  0.000  762 
   55969.097700   -1500.9720     211.6266   -1514.0771     212.9010    0.4027    -369.8854    -344.9255 -9.855 -2.824  762 
   56008.133000   -1338.0965     226.9609   -1348.3716     228.4646    0.3850   -1517.9446   -1407.7895 -16.190 -10.416  762 
   56009.120000    -455.4279     228.0608    -492.6734     229.4483    0.3143   -1049.8719    -976.3265 -14.285 -7.957  762 
   56045.147000   -1828.3166     305.4947   -1877.9521     305.9979    0.3225   -1247.8970   -1205.6618 -14.972 -8.189  762 
   56215.446700    1769.9168     215.6352    1623.9837     217.2632    0.5255    3017.0581    2786.7202 24.043 24.500  762 
   56217.444300    -817.6736     322.4407    -940.9043     323.0518    0.2113   -1027.2669   -1000.2546 -24.943 -4.137  762 
   56254.418300    1316.8388     136.2237    1404.7041     142.3160    0.3495     785.4171     653.1609 27.745 18.760  762 
   56301.218900    1144.9683     267.2373     951.6121     268.3125    0.2815     889.1668     844.9415  0.091  4.646  762 
   56302.299000    1218.2351     143.0827    1035.9978     145.7271    0.3780    1898.1802    1676.5956 32.460 30.357  762 
   56337.368100   -1767.5250     152.2766   -1813.6727     156.1613    0.0918    1328.6772    1143.4648 24.408 21.955  762 
   56417.143800     419.7746     165.3246     402.0526     167.7524    0.2562    1718.1092    1533.3871 26.868 25.602  762 
