   54534.141800       0.0000       6.7639       0.0000       6.7639      -nan       0.0000       0.0000  0.000  0.000  762 
   54591.213000       0.0000       3.4415       0.0000       3.4415      -nan       0.0000       0.0000  0.000  0.000  762 
   54792.421200   -2527.0831     158.4393   -2564.3969     160.3423    0.4696   -1047.6717    -912.3810 -9.239 -10.264  762 
   54794.402600    -660.5378     139.3485   -1252.2787     149.2431    0.2631    -252.2758    -165.5499 -2.868 -3.618  762 
   54861.113700     -38.4983     203.6982    -636.2445     206.9556    0.3665   -2255.6575   -1977.0202 -13.105 -13.348  762 
   54862.104500   -2092.1440     162.9324   -2512.2595     168.1900    0.5015    -913.2436    -707.7538 -11.915 -10.498  762 
   55470.446100    -973.9154     248.3207   -1101.1975     249.8920    0.2467    -885.2489    -805.3004 -8.989 -8.587  762 
   55536.218700      27.8188     167.6841    -526.9263     172.9938    0.2140   -1036.5697    -832.4203 -7.653 -7.584  762 
   55538.255300   -2188.5864     148.6096   -3278.0471     157.5825    0.5799    -823.5373    -563.4157 -10.390 -9.667  762 
   55540.326500    1857.0890     201.8236    1574.4215     205.4566    0.1588   -2991.9932   -2638.2584 -15.798 -14.635  762 
   55543.323400     -79.9553     146.8899    -347.6998     155.6483    0.1483    -299.3903    -203.4665 -3.558 -3.839  762 
   55599.152300    1242.7051     212.8918     879.3359     215.4668    0.3505   -3925.4122   -3574.2102 -19.734 -17.976  762 
   55889.405200    2028.0217     206.3064    1797.4148     210.6848    0.0930   -1428.8872   -1233.2594 -8.671 -7.570  762 
   55924.295100    -869.8536     146.3652   -1004.9599     157.7594    0.2225     186.4794     118.9740  3.012  2.736  762 
   55925.229700    1269.2002     194.9836    1287.4414     198.4462    0.2095    -473.7514    -403.7540 -4.057 -3.491  762 
   55926.291200     439.9708     142.0059     518.3755     154.0427    0.1331      35.8519      22.0998 -0.149  0.524  762 
   55927.336300    -199.6123     153.1417    -455.6853     162.0418    0.1721    -118.1252     -81.0555 -1.324 -1.545  762 
   55930.389000     391.8741     241.8679     408.1630     243.6271    0.0938     160.3472     144.1206 -0.938  2.130  762 
   55969.097700    -380.7477     185.1193    -655.3732     188.8373    0.2756    -683.5476    -580.7493 -5.014 -4.736  762 
   56008.133000     151.9981     193.2566     -75.0139     198.2969    0.0263     -63.7381     -52.6387 -0.497 -0.387  762 
   56009.120000     912.8289     200.8158     900.0821     204.5563    0.1329    -445.1486    -377.5825 -2.459 -3.050  762 
   56045.147000    1859.5345     281.9717    1775.6216     283.1868    0.1428    -578.1582    -541.1909 -2.206 -3.627  762 
   56215.446700      45.3079     190.7370     -56.5724     195.4266    0.0809    -388.3181    -321.8289 -4.548 -2.759  762 
   56217.444300    2360.5500     256.5859    1942.4062     259.2999    0.0451   -2432.8201   -2263.3959 -21.894 -9.295  762 
   56254.418300     150.8320     146.7949     172.5505     161.0406    0.0183     -88.8211     -52.9295 -3.082 -1.409  762 
   56301.218900     310.5471     219.2499      61.8578     223.3008    0.3630   -1765.9229   -1551.6641 -15.344 -8.429  762 
   56302.299000    -100.6392     141.3641     -37.7767     146.2501    0.0605    -370.8983    -282.5534 -5.472 -4.905  762 
   56337.368100    -574.9952     153.5481     -99.9403     162.6684    0.0453    -236.9481    -159.6944 -2.118 -2.897  762 
   56417.143800    1064.6485     163.3959    1177.8386     169.0788    0.2348      67.8473      51.9363  2.989  0.833  762 
