   54534.141800    4237.1442     357.8275    3780.1194     359.7741    0.5388  -11360.8819  -11046.1838 -43.445 -41.614  762 
   54591.213000   -1091.5305     194.4433   -1291.8236     196.0756    0.1172     256.1716     236.6588 -6.090  2.657  762 
   54792.421200      44.2485     184.3557      17.2891     185.2560    0.1416   -1156.9898   -1085.7446 -12.410 -12.102  762 
   54794.402600     319.1285     163.7766     733.7211     167.0910    0.0858    -217.9472    -183.6747 -2.795 -3.860  762 
   54861.113700    1926.9826     271.1854    2180.1482     272.7656    0.1567    -418.8701    -398.9293 -3.028 -2.657  762 
   54862.104500     145.9913     193.9588     132.3650     195.6506    0.0401     343.5238     311.1335  4.733  4.520  762 
   55470.446100   -1424.6814     280.4024   -1429.0182     281.2021    0.1229     211.8791     202.2604  0.014  2.151  762 
   55536.218700   -2762.3409     222.3902   -3067.7129     224.3493    0.4851   -1219.1398   -1130.1346 -9.070 -10.247  762 
   55538.255300   -2643.8404     177.3381   -2784.3095     180.3996    0.3282    -349.5473    -300.5411 -4.467 -5.247  762 
   55540.326500     255.4643     293.7864     160.3699     295.8954    0.2442   -2807.9418   -2675.9317 -16.292 -14.728  762 
   55543.323400    -434.6706     176.7029    -380.3282     179.8455    0.1363    -581.8110    -498.2509 -6.173 -9.311  762 
   55599.152300   -2866.5083     303.9540   -3406.8080     305.9054    0.5688   -5391.9959   -5169.4453 -23.696 -25.844  762 
   55889.405200    1390.0232     295.5131    1385.6329     297.5897    0.2040   -2856.0378   -2701.1311 -17.113 -16.514  762 
   55924.295100    1246.4407     169.1834    1392.5199     173.9452    0.2574     113.5701      92.7665  0.583  2.149  762 
   55925.229700    2267.5611     250.4131    2293.2464     252.0417    0.1955    -715.4410    -671.3052 -4.589 -5.822  762 
   55926.291200     219.7825     167.2909     358.8881     172.2984    0.0525     -46.4015     -37.5072 -0.719 -0.890  762 
   55927.336300    -357.8710     184.4417    -384.3629     187.9067    0.0783      21.1477      18.0523  0.239  0.339  762 
   55930.389000    -615.5287     267.5778    -653.9698     268.6700    0.0919    -149.6681    -140.9269 -2.115 -2.077  762 
   55969.097700    -906.4192     243.8744   -1070.6739     245.6398    0.2337    -385.2267    -362.4671 -0.922 -2.980  762 
   56008.133000     382.1868     267.8827     371.9476     270.0674    0.1578   -1674.1439   -1563.0110 -11.493 -11.408  762 
   56009.120000   -1949.3249     264.5163   -2028.7870     266.4159    0.5194   -1027.9119    -962.8743 -8.851 -7.774  762 
   56045.147000    1098.6631     337.3459    1271.5753     338.3535    0.0376    -854.1063    -824.7621 -6.305 -5.550  762 
   56215.446700    -596.8412     250.8393    -706.9500     252.9552    0.3206    3151.1155    2946.5500 26.022 26.196  762 
   56217.444300   -1057.6586     380.2546   -1395.5065     382.3274    0.4710   -4722.1349   -4579.4934 -19.906 -18.976  762 
   56254.418300     674.8903     168.0873     869.5537     174.7708    0.2095    1252.5778     970.4374 25.724 27.296  762 
   56301.218900    4761.0849     315.4347    4818.7453     317.6402    0.4834     -16.6404     -15.8335 -1.863 -0.087  762 
   56302.299000     576.2342     165.3348     389.9812     167.7313    0.1935    1299.1044    1137.4611 16.651 20.738  762 
   56337.368100    -867.6983     180.8036    -870.4577     184.4131    0.0110    1099.0125     937.4013 13.432 17.813  762 
   56417.143800   -1283.8714     191.3832   -1362.0195     193.7988    0.0775     832.8850     737.1564  7.072 12.238  762 
