   54534.141800    -158.3609     344.5263    -242.5529     358.9285    0.2010   -3665.9843   -3302.1488 -12.035 -12.479  762 
   54591.213000  -28238.2206     221.1084  -31569.4956     260.0737    0.5998    -377.1728    -276.0721 -22.776 -3.081  762 
   54792.421200  -10652.8708     198.9364  -10477.1395     219.4289    0.4367   -1421.7434   -1182.6536 -13.493 -12.953  762 
   54794.402600   -9078.8399     151.6802  -15652.7941     201.6430    0.3744    -141.2308    -113.5083 -7.338 -2.280  762 
   54861.113700     472.5889     285.7322    -176.0125     311.6717    0.1371   -1293.4208   -1065.1611 -10.753 -7.014  762 
   54862.104500   -1454.4789     201.9164   -2305.1056     242.6887    0.2508    -463.2693    -368.4693 -8.485 -5.209  762 
   55470.446100    3223.7487     300.3815    2656.5174     320.8183    0.2506     -97.5542     -85.1035 -1.623 -0.891  762 
   55536.218700    3400.6732     236.9004    2393.8455     273.2547    0.2105    -484.3607    -369.0470 -6.901 -3.292  762 
   55538.255300   -1699.4861     173.2207   -2238.6929     220.0221    0.2213    -219.7187    -166.1775 -3.359 -2.848  762 
   55540.326500    1766.7819     298.7486     681.7786     323.7221    0.0599   -1622.8234   -1356.0579 -7.911 -7.379  762 
   55543.323400    -991.2571     165.9319   -2626.6689     215.1161    0.2543      51.8267      40.6952 -2.788  0.739  762 
   55599.152300    3880.7558     305.6815    1838.3788     325.0073    0.0414   -2710.5206   -2337.1608 -13.706 -11.582  762 
   55889.405200    1997.0236     303.3996     710.4215     333.0604    0.1986   -2377.6504   -1945.0601 -26.820 -11.774  762 
   55924.295100    2089.5569     141.5769    2730.2835     188.7317    0.2041     -72.6590     -62.0387 -2.245 -1.385  762 
   55925.229700    4591.9154     264.5501    2415.2109     297.7115    0.2003    -204.6277    -164.9072 -2.124 -1.410  762 
   55926.291200     108.1762     136.8787    1123.5114     182.6379    0.1198     -86.0349     -72.8380 -1.079 -1.660  762 
   55927.336300   -1248.0609     170.2338    -851.2416     217.5175    0.1591     -17.1710     -13.8884  1.422 -0.252  762 
   55930.389000   -1943.7980     286.6603   -1972.9387     312.1783    0.2246     207.2766     181.0374  1.799  2.622  762 
   55969.097700    3641.8547     255.8296    3052.9326     289.0383    0.3527     148.4430     119.5490  3.274  0.971  762 
   56008.133000    1270.2851     277.1973     920.8882     312.1176    0.0129   -1301.0569   -1032.9332 -18.222 -7.455  762 
   56009.120000     105.6032     275.0208    -189.1734     308.8155    0.1854   -1065.2876    -863.8132 -19.256 -6.885  762 
   56045.147000   -1138.8160     356.9145   -1771.4315     373.6982    0.1959   -1116.2158    -975.1610 -11.093 -6.529  762 
   56215.446700    2827.4955     261.5380    3278.4214     303.2503    0.3532     545.0967     429.7773  1.385  3.810  762 
   56217.444300    2571.4462     373.6271    1342.5907     391.8373    0.1834   -3722.3980   -3307.3748 -15.487 -13.685  762 
   56254.418300    2512.5192     122.2422    6736.2802     159.5271    0.1877     136.6386     124.1814  4.691  3.369  762 
   56301.218900    4833.7590     319.8282    3482.5325     348.0067    0.2761   -1071.5540    -893.8171 -6.614 -4.916  762 
   56302.299000    2399.3814     152.8637    5924.1360     188.2394    0.4021     154.8826     131.8258 -1.606  2.358  762 
   56337.368100   -2894.8638     188.3431    1145.0451     247.0858    0.0858     433.5757     297.7244  9.809  5.638  762 
   56417.143800   -1607.8812     200.2481    -584.4774     246.5976    0.0214     287.6396     219.9496 -14.947  3.613  762 
