   54534.141800   -3351.3756     329.6817   -3346.5322     330.5511    0.6104   -6066.6621   -5898.4637 -21.496 -22.274  762 
   54591.213000    -988.5639     190.4704    -996.9655     193.2785    0.0598     737.0349     638.2193  9.361  7.237  762 
   54792.421200    -187.2770     181.7394    -232.8728     183.4237    0.2719   -1908.6700   -1704.4456 -15.095 -19.246  762 
   54794.402600    1222.1692     168.3892    1265.7420     175.8196    0.2136     -96.5739     -71.2074  0.336 -1.544  762 
   54861.113700     468.7946     256.8666     139.3455     258.5172    0.0049    -108.0221     -99.8996 -0.615 -0.673  762 
   54862.104500    1295.9431     193.8503    1230.1068     197.6101    0.1969     -42.7068     -35.6430  0.469 -0.528  762 
   55470.446100    1329.8063     276.7404    1228.7886     278.1528    0.0549    -841.0973    -775.9451 -7.876 -8.286  762 
   55536.218700   -1232.9365     214.9878   -1552.0107     217.8160    0.3073    -725.0588    -637.6552 -5.484 -5.760  762 
   55538.255300   -2707.2914     181.2241   -2896.5533     187.6294    0.4991      15.5927      12.0363  0.861  0.210  762 
   55540.326500   -1141.8052     274.6235   -1217.1687     276.1597    0.2704   -1585.8163   -1487.8063 -9.144 -8.186  762 
   55543.323400     551.7320     180.0276     242.6795     186.9157    0.0131    -441.8804    -335.8408 -5.806 -6.396  762 
   55599.152300     194.8056     282.4608     115.4798     283.5356    0.2382   -2217.6496   -2110.8907 -9.122 -10.555  762 
   55889.405200    2622.8455     276.9939    2623.0963     278.8151    0.0953   -2149.9407   -1990.4438 -11.720 -12.175  762 
   55924.295100    1018.2767     176.9247     900.4736     186.1817    0.2065     -15.2725     -10.9718 -2.554 -0.255  762 
   55925.229700     823.0902     242.9867     670.6972     245.2300    0.0530    -469.8702    -423.1604 -2.683 -3.642  762 
   55926.291200     447.4661     174.3489      80.5050     184.3479    0.0261      52.9423      37.3891  2.631  0.893  762 
   55927.336300    -984.7768     188.0169    -888.4332     194.9925    0.2049     -15.2593     -11.6478  2.076 -0.221  762 
   55930.389000     826.9129     266.3946     851.1734     268.3174    0.1278      36.0055      32.4773 -1.092  0.484  762 
   55969.097700   -3488.5672     236.1412   -3672.0038     238.2050    0.5816     -58.3801     -52.9148 -1.406 -0.429  762 
   56008.133000     626.8107     253.2991     696.5767     255.7398    0.0836   -1411.3147   -1271.7889 -10.912 -9.356  762 
   56009.120000    1301.8199     253.0821    1238.4295     255.3879    0.0247   -1245.3011   -1122.7062 -9.387 -9.070  762 
   56045.147000   -1376.0170     325.5613   -1339.6955     326.4497    0.2134    -923.6666    -878.3522 -4.484 -5.924  762 
   56215.446700   -2631.0704     245.3037   -2700.3132     247.8502    0.0673    2499.0072    2234.1059 16.919 19.272  762 
   56217.444300   -1768.8800     354.3597   -2057.8570     355.5201    0.4024   -2818.6501   -2716.9725 -10.363 -11.176  762 
   56254.418300   -1464.8840     179.6538   -1496.1130     191.5616    0.0852    1152.5166     783.6273 18.393 21.275  762 
   56301.218900   -1085.2971     297.3452   -1256.0086     299.0753    0.1171     513.5872     481.1375  3.110  2.623  762 
   56302.299000    -400.8989     170.1996    -845.4506     174.7634    0.0663    1542.6722    1245.5001 24.261 21.772  762 
   56337.368100   -4736.1747     188.3946   -5041.6092     195.7619    0.6300    1260.1152     957.5718 18.263 17.889  762 
   56417.143800    1581.8944     194.0156    1592.1485     198.5471    0.3434    1348.7679    1102.6065 17.751 17.975  762 
