   54534.141800    4821.6892     389.8326    4611.0518     391.2031    0.4527  -12341.0636  -11863.4970 -45.528 -44.674  762 
   54591.213000    2867.5362     232.9451    2920.8896     237.9895    0.2808     305.2666     254.7747  3.444  2.848  762 
   54792.421200    2112.1605     212.8452    2238.8586     216.2341    0.0793   -1815.5618   -1553.0975 -18.698 -17.176  762 
   54794.402600     379.3268     214.0442     934.9281     226.1670    0.1076    -424.3286    -295.5846 -5.602 -6.101  762 
   54861.113700    -964.6431     306.6169    -887.8394     309.5087    0.2632   -1603.0695   -1448.4805 -10.919 -9.611  762 
   54862.104500    -159.3248     239.2308     255.3870     246.2495    0.0076    -250.6759    -199.0004 -3.163 -2.857  762 
   55470.446100   -2196.8302     316.6099   -2059.3057     319.8820    0.2591    -412.2424    -365.1013 -5.219 -3.844  762 
   55536.218700    -584.4999     262.0446    -543.2433     267.0013    0.2234   -1696.9447   -1441.5713 -13.609 -12.956  762 
   55538.255300    -669.5679     226.4643    -441.8487     237.0291    0.1135    -428.5893    -313.3636 -6.471 -5.384  762 
   55540.326500    3114.7468     328.2646    2838.7855     331.0030    0.0588   -3726.9763   -3423.8747 -18.344 -18.735  762 
   55543.323400    2032.8136     226.7485    2278.4501     238.0977    0.2803    -214.7020    -155.0201 -2.442 -2.853  762 
   55599.152300    -252.9522     334.0618    -499.6722     336.0994    0.3411   -4295.2446   -4012.1484 -20.121 -19.972  762 
   55889.405200    6971.9320     332.8568    6800.1342     336.3878    0.4652   -3556.9752   -3209.0200 -19.254 -19.489  762 
   55924.295100     817.2616     225.1608     391.2577     240.5759    0.0643      16.4649      11.0552  1.064  0.250  762 
   55925.229700    1033.4628     290.5359    1016.7089     294.9544    0.0607    -758.6213    -658.5456 -5.064 -5.661  762 
   55926.291200   -1280.0200     223.7315   -1594.2131     239.6856    0.2473      37.9238      25.0810  0.550  0.581  762 
   55927.336300     508.7792     236.5805     292.6356     248.7449    0.0483     -81.5449     -58.5416 -0.466 -1.080  762 
   55930.389000     441.9618     307.0815     301.8469     311.6575    0.0178    -200.8649    -172.2256 -0.898 -2.516  762 
   55969.097700    1682.2640     281.9915    1700.8167     285.7312    0.1554    -718.7388    -632.2061 -6.236 -5.154  762 
   56008.133000     589.1157     308.3115     479.7823     313.0172    0.1716   -2363.8826   -2061.9728 -16.022 -14.977  762 
   56009.120000    -733.2461     304.6306    -771.0672     309.2928    0.3142   -1391.2595   -1209.0649 -10.264 -9.700  762 
   56045.147000    1080.4769     368.1813    1106.1636     370.1637    0.0122   -1348.7186   -1250.5408 -9.644 -8.391  762 
   56215.446700    -188.9568     295.3610    -288.4853     300.2984    0.2600    2421.4871    2085.6756 16.649 18.370  762 
   56217.444300    5655.2280     415.7863    5412.9636     417.5553    0.3224   -9196.0517   -8759.2104 -35.061 -36.176  762 
   56254.418300    -893.7990     229.5154   -3158.6496     250.0516    0.2185     995.4321     622.2239 17.133 16.893  762 
   56301.218900   -1946.8120     355.7198   -2187.1169     358.9222    0.4690   -1072.8639    -980.8421 -5.707 -5.380  762 
   56302.299000   -1505.1507     209.9201   -2410.6700     218.9639    0.1431    1813.2860    1355.6423 24.668 24.150  762 
   56337.368100    -687.8579     235.4873    -828.0790     247.9139    0.0099    1245.8583     893.8095 16.615 16.770  762 
   56417.143800    3170.4710     238.0758    2972.1907     247.0754    0.4497    1238.4485     950.1235 12.721 15.563  762 
