   54534.141800   46440.3476      48.4092 -123235.7436     467.0840    0.7463  -48043.2681  -20234.8213 -212.506 -76.313  762 
   54591.213000     -58.5444      33.4456   -2718.8878     235.7638    0.1237       0.0000       0.0000 -15.461  0.000  762 
   54792.421200     -52.1437      34.4454   -1406.1672     212.5039    0.0805       0.0000       0.0000 -25.796  0.000  762 
   54794.402600       1.3275      13.3156     621.1371     198.4111    0.0911       0.0000       0.0000 -1.878  0.000  762 
   54861.113700    5561.2879      22.6228  -33972.6895     326.1084    0.6369   -5738.0587   -2270.9007 -62.267 -15.136  762 
   54862.104500    -127.4398      32.1175   -6307.9412     234.9542    0.5273       0.0000       0.0000 -10.426  0.000  762 
   55470.446100     -44.9359      24.1932   -7293.5707     314.6400    0.4069       0.0000       0.0000 -16.379  0.000  762 
   55536.218700     764.9921      18.9211    2903.5264     261.9567    0.1062    -757.1246    -292.8932 -33.117 -2.658  762 
   55538.255300      37.2464      12.8748   10058.6428     206.7849    0.7947       0.0000       0.0000  8.113  0.000  762 
   55540.326500   11615.4172      29.4049  -33335.4026     358.3425    0.5870  -11871.9976   -4429.8712 -88.620 -24.387  762 
   55543.323400       9.6347       7.2379    8211.3029     198.5174    0.7318       0.0000       0.0000 -7.821  0.000  762 
   55599.152300   14150.5360      27.8233  -61892.9740     370.2641    0.7070  -14535.3599   -6345.1873 -104.429 -31.731  762 
   55889.405200   12618.8270      26.1290  -29977.4717     359.9592    0.6171  -12803.0420   -4716.5297 -80.756 -28.849  762 
   55924.295100      88.2516      61.0616    1160.7323     208.1925    0.1199       0.0000       0.0000  2.722  0.000  762 
   55925.229700     138.5242      18.8716   -8572.4345     295.3129    0.3532    -175.6867     -70.9025 -23.859 -0.616  762 
   55926.291200      13.9106      27.7496     922.4880     205.3293    0.0975       0.0000       0.0000 -0.658  0.000  762 
   55927.336300       6.5909      17.2025    1347.3193     222.9799    0.1945       0.0000       0.0000 -1.127  0.000  762 
   55930.389000       1.7603      12.8241    1168.4265     291.5868    0.0777       0.0000       0.0000 -7.246  0.000  762 
   55969.097700     -63.8504      18.8297  -14753.0320     290.3364    0.5189       0.0000       0.0000 -20.425  0.000  762 
   56008.133000    6795.8057      22.1643  -29091.7523     327.1445    0.6038   -6944.2279   -2515.1657 -68.457 -18.380  762 
   56009.120000    3196.7447      16.9346  -19182.9795     312.2213    0.5527   -3257.6393   -1455.8297 -47.196 -11.771  762 
   56045.147000    2407.1896      22.6461  -17934.9066     378.6080    0.4046   -2474.0713    -995.7553 -61.220 -6.711  762 
   56215.446700     -16.8567      13.5149   -8103.6486     295.0705    0.3462       0.0000       0.0000 -7.698  0.000  762 
   56217.444300   25001.5658      24.5593 -109081.3903     472.7233    0.7286  -25321.9820  -14182.1038 -193.656 -58.812  762 
   56254.418300     -19.1382      12.6147   -4728.7745     207.1327    0.2779       0.0000       0.0000 20.645  0.000  762 
   56301.218900    6585.0606      17.5952  -52312.4203     379.1256    0.6706   -6699.1233   -3756.7612 -95.679 -20.730  762 
   56302.299000   -1406.6848      17.4068    3469.1510     196.4211    0.4888    1438.9731     395.0411 20.583  7.226  762 
   56337.368100    2120.9444      86.1186   12545.7469     217.4283    0.6567       0.0000       0.0000  7.685  0.000  762 
   56417.143800     -16.3560      12.8414   -5653.2669     227.6207    0.4401       0.0000       0.0000  5.505  0.000  762 
