   54534.141800   -2007.4740     303.4161   -2237.6882     304.8005    0.4171   -2455.5160   -2355.1629 -8.926 -8.894  762 
   54591.213000     188.8526     184.2487     255.8248     188.1044    0.1094     521.2548     436.2699  5.332  4.943  762 
   54792.421200    2809.3992     176.9143    2936.4053     178.9857    0.1424   -1967.6473   -1723.3730 -19.310 -19.539  762 
   54794.402600    5609.2691     163.6134    6079.6196     172.9292    0.7732      28.5370      19.9918  1.635  0.439  762 
   54861.113700    4725.7055     242.7586    4729.6494     244.8830    0.5369    -300.1721    -272.6208 -3.642 -1.845  762 
   54862.104500    4541.0521     187.9056    4769.8669     192.7252    0.5871     156.2709     126.1262  0.139  1.883  762 
   55470.446100    2504.6849     271.0419    2498.8030     272.8217    0.3202     -74.0927     -67.3817 -0.048 -0.721  762 
   55536.218700    3806.8313     204.0836    3756.5598     207.7342    0.4985     -73.8251     -63.0970  1.117 -0.569  762 
   55538.255300    2933.7401     175.4787    2648.0316     183.5721    0.4239     -16.2495     -11.9665  1.354 -0.209  762 
   55540.326500    3166.0085     255.7034    3002.6584     257.9851    0.2085   -1443.1600   -1324.4036 -5.943 -7.299  762 
   55543.323400    3398.3704     174.8589    3907.1954     182.9819    0.6105     197.7395     143.2077  4.393  2.746  762 
   55599.152300    4826.4307     263.6418    4653.8307     265.2003    0.3296   -1908.5844   -1788.2216 -8.268 -8.949  762 
   55889.405200    2529.4675     260.1192    2494.3541     262.9734    0.3347    -900.7023    -810.5864 -4.844 -4.966  762 
   55924.295100     -84.8058     175.1910    -618.2690     187.6520    0.1839    -240.2608    -161.2807 -3.379 -3.757  762 
   55925.229700    -588.4947     234.3102    -820.1643     237.5972    0.1952    -322.3010    -281.5392 -0.830 -2.420  762 
   55926.291200     284.7717     171.8872    -266.4902     184.8537    0.0680    -104.6719     -68.9406 -2.029 -1.661  762 
   55927.336300     134.8148     183.8582     108.6227     192.8106    0.0213     -35.1067     -25.4125 -0.806 -0.486  762 
   55930.389000     431.6237     263.7423     378.5372     266.2315    0.1343     454.5982     403.6376  5.218  5.999  762 
   55969.097700    2891.3773     224.0178    2812.9815     226.8151    0.5045     -58.1333     -51.4733  0.629 -0.416  762 
   56008.133000    2291.2627     239.7383    2244.3519     243.3220    0.2220    -915.3470    -797.4607 -5.787 -5.887  762 
   56009.120000    2785.3427     241.8250    2750.5630     245.0641    0.4630    -755.1896    -661.2057 -5.354 -5.352  762 
   56045.147000    3878.9226     314.5531    3863.0652     315.6870    0.3011   -1016.2031    -956.1349 -4.670 -6.442  762 
   56215.446700    1229.0903     234.0540    1166.6579     237.7016    0.4857    2076.6143    1804.8133 15.091 15.405  762 
   56217.444300    3619.1406     327.1313    3371.7222     328.7569    0.3514     -84.3315     -80.4807 -0.582 -0.330  762 
   56254.418300    1390.8595     176.5302    1239.3588     190.9987    0.3173     852.4361     544.1267 17.619 14.774  762 
   56301.218900    -602.6729     278.6641    -735.7219     281.2640    0.0337    1002.1422     917.9434  3.822  4.983  762 
   56302.299000    -298.0794     167.4381    -346.3701     172.6434    0.0901    1090.7505     852.3411 11.678 14.742  762 
   56337.368100   -2056.4958     184.4327   -2280.1838     193.7146    0.3423     948.5096     690.6298 13.071 12.618  762 
   56417.143800     883.4074     191.2944    1124.5053     197.1121    0.3662    1356.6138    1069.9672 17.752 17.190  762 
