   54534.141800  -17574.5458     380.1308  -17183.0772     381.9028    0.6488  -13569.6760  -13067.2794 -54.120 -49.229  762 
   54591.213000  -15529.0602     223.1540  -15070.0910     227.8559    0.4462    -161.9715    -136.9865  0.436 -1.529  762 
   54792.421200   -9313.6630     204.8480   -8511.3961     207.6157    0.3063   -2439.7427   -2131.8033 -26.354 -23.693  762 
   54794.402600   -6950.1343     201.0582   -6462.4545     212.1547    0.2545    -500.3435    -354.1622 -8.317 -7.445  762 
   54861.113700  -13152.7030     294.7245  -12628.9356     297.4755    0.4153   -3060.1298   -2809.4306 -20.569 -18.806  762 
   54862.104500   -5861.0064     225.6583   -5261.9748     231.6052    0.1910    -970.5601    -787.6001 -14.072 -11.445  762 
   55470.446100  -12351.6485     306.6513  -11965.9926     309.1982    0.3696   -1380.9463   -1250.3935 -11.622 -13.137  762 
   55536.218700   -5363.8786     249.6264   -5545.1579     254.0286    0.4337   -1250.4702   -1084.2489 -8.081 -9.633  762 
   55538.255300   -5173.1624     213.4733   -5544.3611     222.8908    0.4271    -504.5053    -377.7128 -8.279 -6.402  762 
   55540.326500   -3922.7074     316.9315   -3754.7330     319.9394    0.4418   -3125.9567   -2895.8657 -14.028 -15.824  762 
   55543.323400    -989.5717     212.2775    -480.0964     221.7029    0.0823    -361.7845    -267.0737 -5.002 -4.949  762 
   55599.152300   -9098.3303     323.8486   -9745.0969     326.4763    0.5373   -4266.2576   -4010.8498 -19.727 -19.932  762 
   55889.405200   -4668.2962     321.6371   -4859.0563     325.3649    0.6374   -1664.2955   -1510.9341 -8.859 -9.168  762 
   55924.295100     350.1261     209.4879     338.3964     222.6682    0.0251    -245.2543    -170.2301 -5.125 -3.797  762 
   55925.229700     442.0565     278.2048       1.8585     282.0296    0.0973    -916.4570    -811.8014 -6.559 -6.882  762 
   55926.291200     587.3002     206.9109     591.6058     220.5498    0.0919      -7.2703      -4.9657 -0.328 -0.114  762 
   55927.336300      68.1324     220.8897     471.4845     230.8240    0.0947       3.5277       2.6088 -0.736  0.048  762 
   55930.389000    2264.5108     293.8306    2257.1109     297.1300    0.2659     215.5521     189.8475  2.325  2.758  762 
   55969.097700   -3766.6506     270.6834   -4303.7088     274.1664    0.2205    -676.8444    -607.9729 -4.855 -4.855  762 
   56008.133000  -13862.1163     296.4908  -14441.2092     301.1480    0.4425   -1573.7387   -1389.2016 -9.775 -10.130  762 
   56009.120000  -12818.4086     293.5783  -13407.7661     297.9755    0.4294   -1510.2434   -1334.3895 -11.502 -10.655  762 
   56045.147000    2359.0161     356.1604    2062.4238     357.9953    0.0664   -1073.7456   -1010.1505 -7.270 -6.746  762 
   56215.446700   -8817.1987     286.6169   -8925.1525     290.9501    0.6594    1602.5525    1413.5399 10.097 11.949  762 
   56217.444300   -5678.7156     404.4121   -5944.0377     406.6803    0.5893   -5270.9323   -5035.0195 -22.202 -20.578  762 
   56254.418300   -6549.8459     216.2722   -6608.0172     233.3694    0.5317     947.9425     619.2426 15.637 15.989  762 
   56301.218900   -7011.2084     345.0027   -7386.0758     348.5158    0.5691   -1017.7723    -940.0782 -4.607 -5.075  762 
   56302.299000   -9373.2155     201.7848   -9590.0669     208.7074    0.6306    1169.7450     913.0246 15.817 15.380  762 
   56337.368100   -6850.6567     222.3723   -7348.9278     232.4614    0.3992    1294.6855     966.2578 16.384 17.281  762 
   56417.143800   -5766.1758     227.3826   -5796.4584     234.4164    0.1573    1416.4364    1126.7365 16.883 17.721  762 
