   54534.141800    6561.8198     335.8267    6519.9901     338.2846    0.3122   -3376.6056   -3220.6352 -12.172 -12.053  762 
   54591.213000    6408.9550     202.2890    6671.5445     206.3222    0.4886    -380.9205    -319.2575 -5.120 -3.558  762 
   54792.421200    5460.7787     190.7022    5786.5915     192.9313    0.5817    -285.8925    -249.0975 -2.655 -2.771  762 
   54794.402600    3194.8707     182.6214    3990.6725     191.4037    0.5315       0.0000       0.0000 -11.366  0.000  762 
   54861.113700    6787.0042     267.2194    6386.2685     270.2775    0.5701    -713.9219    -642.3187 -5.060 -4.284  762 
   54862.104500    5522.6763     207.1156    5357.0050     212.1288    0.4951    -120.9742     -97.5300 -3.181 -1.415  762 
   55470.446100    -985.4921     289.0913   -1159.0510     291.3963    0.1006     206.9597     186.2231  1.629  1.974  762 
   55536.218700    4348.9039     224.4686    4448.0978     228.9082    0.5278     215.6975     182.3907  1.053  1.662  762 
   55538.255300    3228.1212     194.1377    2804.5674     202.1022    0.3243      77.5690      57.3285  0.160  0.986  762 
   55540.326500    1844.9381     283.4595    1655.6007     286.8833    0.1333    -516.9666    -469.1196 -2.071 -2.591  762 
   55543.323400    1586.9457     195.8719    1335.0031     204.4134    0.1509    -457.6534    -332.5702 -15.679 -6.162  762 
   55599.152300    8333.4426     288.3918    8259.5071     290.8496    0.6655    -604.4707    -561.9918 -2.864 -2.818  762 
   55889.405200    4049.3968     288.0866    3846.2781     292.0315    0.5035    -823.8353    -734.0350 -3.053 -4.485  762 
   55924.295100    2653.3258     191.4865    2552.4096     203.3483    0.4517      28.4091      19.4057 -0.244  0.444  762 
   55925.229700    4379.6525     253.5219    4436.6731     257.2996    0.5570     135.6921     117.9273  0.857  1.024  762 
   55926.291200    1251.7800     189.8142    1277.6862     202.3774    0.2257     -27.2607     -18.2979  1.205 -0.429  762 
   55927.336300     580.8353     204.1705     373.4854     213.4639    0.0772     -31.5679     -22.8902 -1.546 -0.429  762 
   55930.389000   -4223.6456     282.2964   -4271.9091     285.1926    0.5585    -476.2158    -417.4321 -11.808 -6.144  762 
   55969.097700     602.4719     246.1049     539.9952     249.9694    0.0244    -768.8153    -670.4155 -7.681 -5.525  762 
   56008.133000    2094.3446     267.3755    2075.3338     271.9189    0.2129    -435.7933    -376.2286 -3.372 -2.743  762 
   56009.120000    3609.2161     266.3656    3449.0881     270.5455    0.4140    -518.7005    -448.8470 -3.288 -3.623  762 
   56045.147000    3294.9873     335.6608    3205.8786     337.4216    0.2309    -821.1403    -764.1876 -5.709 -5.133  762 
   56215.446700   -4180.8713     258.8593   -4555.7534     263.9739    0.5198     421.2536     358.3614  1.087  3.168  762 
   56217.444300    -551.4375     360.0360    -898.7014     363.0194    0.3290   -2872.6378   -2711.4642 -12.224 -11.217  762 
   56254.418300   -3073.4397     195.5181   -4116.2708     212.7613    0.3949     230.6305     146.5548  1.118  4.007  762 
   56301.218900    2098.0835     306.8904    1930.3909     310.7523    0.1257   -1014.2308    -920.4794 -6.492 -5.060  762 
   56302.299000     989.7413     182.7413     931.9819     189.0494    0.1654      67.8282      51.8295 -2.379  0.933  762 
   56337.368100    2400.4468     201.2268    2552.4005     210.0692    0.3489     -75.0764     -54.6506 -6.249 -1.025  762 
   56417.143800    7455.1436     205.9088    7625.9217     211.7630    0.6261     -52.3802     -41.2216 -5.303 -0.679  762 
