   54534.141800  -27245.1157     405.0724  -26685.8462     409.7072    0.6250  -11770.8556  -11526.5326 -156.929 -43.395  762 
   54591.213000    2229.6451     210.8277    2385.0076     213.2170    0.1962       0.0000       0.0000 -1.289  0.000  762 
   54792.421200    4911.9276     195.1081    5008.7069     196.4454    0.3298   -1492.3615   -1386.2462 -32.676 -15.507  762 
   54794.402600    3150.6709     179.3156    3529.3777     184.8279    0.3086       0.0000       0.0000 -4.552  0.000  762 
   54861.113700   -6638.7528     296.8594   -6235.0850     300.2349    0.4933   -1848.4505   -1763.3130 -52.238 -11.808  762 
   54862.104500   -4585.8619     211.3724   -4546.6375     214.3620    0.4094    -214.9829    -188.6106 -13.434 -2.757  762 
   55470.446100    4486.7583     293.2841    4595.3765     294.5153    0.2728       0.0000       0.0000 -11.793  0.000  762 
   55536.218700   -3408.3770     242.3735   -3575.2071     245.3040    0.3043    -670.3599    -621.9979 -23.885 -5.620  762 
   55538.255300   -1877.8928     194.7088   -1833.1957     199.3468    0.1511       0.0000       0.0000 -7.648  0.000  762 
   55540.326500    -325.1896     321.8055    -300.0935     325.7972    0.2647   -5139.0397   -4966.8237 -74.642 -27.312  762 
   55543.323400    5670.9186     191.4270    5868.9009     196.1052    0.5165    -114.4927     -94.5623 -13.276 -1.773  762 
   55599.152300   -1574.2465     333.0321    -417.0996     336.8725    0.2668   -5611.4214   -5436.3066 -77.386 -27.166  762 
   55889.405200   -5868.8236     323.5569   -5906.3979     327.2168    0.4741   -3995.4379   -3830.9701 -65.008 -23.393  762 
   55924.295100    1036.7843     188.6027    1403.7887     195.7904    0.2035       0.0000       0.0000  2.422  0.000  762 
   55925.229700    -947.6539     271.1719    -972.6701     273.7652    0.1400       0.0000       0.0000 -14.865  0.000  762 
   55926.291200    -786.9305     186.6920    -911.4624     194.7413    0.1130       0.0000       0.0000  4.468  0.000  762 
   55927.336300    -821.1093     202.5854    -997.1543     208.1256    0.1726       0.0000       0.0000 -4.357  0.000  762 
   55930.389000    -257.7910     280.3664    -155.6756     281.9133    0.0171       0.0000       0.0000 -3.854  0.000  762 
   55969.097700   -2109.8961     264.8414   -2108.1870     267.6535    0.3302    -239.7419    -226.3675 -16.841 -1.842  762 
   56008.133000    -134.2706     292.5881     466.0225     295.8880    0.1304   -2466.2592   -2314.7162 -51.209 -16.929  762 
   56009.120000    1216.2102     286.1800    1565.9707     288.9879    0.0543   -1032.0669    -965.2176 -33.970 -7.770  762 
   56045.147000    3549.5802     359.2313    4180.1456     361.4365    0.0347   -3709.4491   -3593.4834 -76.644 -24.156  762 
   56215.446700    2744.0346     273.8990    2653.7759     277.1349    0.4760    2837.8192    2653.0079 20.242 23.071  762 
   56217.444300   -9703.1060     424.9787   -8770.4981     429.7728    0.3408   -4872.4473   -4759.0559 -110.615 -19.608  762 
   56254.418300    2643.2445     188.4070    2671.8123     198.3418    0.1641    1717.2833    1257.4559 41.996 34.043  762 
   56301.218900   -1498.0726     349.0665   -1134.8017     353.5657    0.0575       0.0000       0.0000 -57.175  0.000  762 
   56302.299000    7076.1333     179.0292    6894.2460     182.3580    0.6513    2384.7341    2036.7870 38.859 35.890  762 
   56337.368100    4031.9950     198.6565    3511.6448     203.7067    0.2608    1287.2254    1066.1591 24.298 19.942  762 
   56417.143800    7749.4189     205.4537    7797.1682     208.6398    0.5506    1728.1616    1501.5516 28.613 24.524  762 
