   54534.141800     917.1374     266.6515     624.4311     267.7410    0.2872    2485.2957    2415.4408 10.422  9.032  762 
   54591.213000   -5143.1383     157.1550   -5402.8957     161.3668    0.3113    1825.4326    1620.9919 19.015 17.960  762 
   54792.421200   -1196.1183     155.8261   -1317.8427     157.6345    0.3108    -617.0739    -584.8691 -8.832 -6.479  762 
   54794.402600     377.6485     112.2870     220.4225     118.9496    0.1033     270.7607     256.8776  6.704  5.391  762 
   54861.113700    2149.4777     213.9408    1837.6984     216.1995    0.2905       0.0000       0.0000  6.820  0.000  762 
   54862.104500    3024.0422     151.1978    2786.2432     156.1466    0.4318       0.0000       0.0000  6.101  0.000  762 
   55470.446100    2587.8507     246.3794    2435.5722     247.9161    0.2691       0.0000       0.0000  2.615  0.000  762 
   55536.218700    4990.8523     168.7068    4678.8391     172.6631    0.4555    -512.4307    -471.4462 -6.411 -4.263  762 
   55538.255300    4320.9866     127.1353    4291.8906     134.1081    0.4249    -123.1472    -113.1999 -5.167 -1.932  762 
   55540.326500     988.5966     221.4532     810.7626     223.6498    0.0290    -659.4727    -623.6927 -6.084 -3.432  762 
   55543.323400    1874.8962     123.5472    2052.0702     130.5279    0.4340     -33.9119     -31.7203 -1.032 -0.585  762 
   55599.152300    2170.9158     232.5263    1984.4538     233.9669    0.0962   -1263.4897   -1211.8200 -8.077 -6.057  762 
   55889.405200    -275.7815     224.6344    -331.1387     227.3661    0.2837    -976.7420    -913.7040 -6.116 -5.568  762 
   55924.295100    -247.1062     114.9231    -231.8368     123.3007    0.0528       0.0000       0.0000  0.072  0.000  762 
   55925.229700     -77.0125     199.6254     -45.5063     202.6732    0.0210     -49.9305     -46.5080 -2.670 -0.401  762 
   55926.291200     560.8021     108.4879     601.5677     116.5997    0.1489     -23.0308     -21.9455 -1.638 -0.510  762 
   55927.336300    -331.4920     128.8588    -214.5447     135.2840    0.0676     -10.6775     -10.0631 -1.986 -0.187  762 
   55930.389000   -1828.3294     234.3177   -1845.9276     236.1516    0.2267       0.0000       0.0000 -1.601  0.000  762 
   55969.097700    1419.8595     190.9121    1363.8186     194.1038    0.1721    -519.9562    -483.4705 -4.900 -3.948  762 
   56008.133000    -446.6389     203.7872    -561.5364     207.3340    0.1889    -422.3789    -390.3773 -4.233 -2.838  762 
   56009.120000     786.2968     207.2661     877.6718     210.3942    0.0794    -563.6855    -524.8579 -5.273 -4.212  762 
   56045.147000   -1689.2253     291.4672   -1669.3128     292.4384    0.2667    -753.5361    -727.1568 -4.755 -4.857  762 
   56215.446700    2629.5588     192.1788    2670.3654     196.4648    0.7150    4828.3296    4447.0048 39.056 38.777  762 
   56217.444300    2745.6495     286.3999    2488.6922     287.7394    0.6355    6297.4547    6082.9219 25.219 25.044  762 
   56254.418300      50.7303     102.9656     582.0712     110.0264    0.2482    1349.0974    1316.6017 37.265 35.349  762 
   56301.218900     692.6259     237.8023     475.1974     240.3318    0.6356    5101.1391    4811.0193 25.858 26.277  762 
   56302.299000    -375.4714     122.3141     -41.2231     127.0656    0.3266    2111.6215    1997.6402 34.877 35.302  762 
   56337.368100   -5219.2161     136.4814   -5648.6562     145.3048    0.3509    2093.0749    1794.2040 32.734 33.024  762 
   56417.143800   -1770.5288     151.0101   -1349.2459     156.3103    0.0746    2264.9599    2038.5418 31.981 33.029  762 
