   54534.141800    1837.9548     225.1229    1608.4940     227.3781    0.1628    -490.3960    -460.7337 -1.552 -1.751  762 
   54591.213000   -2497.2596     149.5655   -2382.4482     156.6163    0.3855     -63.6771     -50.9986 -0.822 -0.585  762 
   54792.421200   -1361.6871     153.0502   -1526.8121     156.3877    0.3001    -410.1955    -359.9151 -4.389 -4.120  762 
   54794.402600    -809.3398     119.3445    -643.4301     136.0788    0.1601    -101.5679     -75.5937 -1.181 -1.688  762 
   54861.113700     106.3574     197.5085     253.6586     201.3205    0.0152    -177.7825    -156.7867  1.366 -1.074  762 
   54862.104500    1086.3539     151.8537     939.0892     161.1501    0.2120     -33.7552     -27.1662  0.225 -0.411  762 
   55470.446100     -92.1662     243.9432    -356.1363     246.5334    0.0754    -184.5074    -168.8226 -2.528 -1.807  762 
   55536.218700    1050.4201     162.2463     778.7603     169.4215    0.1996     203.5605     166.0025  1.044  1.481  762 
   55538.255300     626.4681     133.6465     257.1926     148.2050    0.0822      55.5018      40.8079  0.499  0.709  762 
   55540.326500    1465.8854     197.6272    1219.3902     201.9516    0.1590    -385.3526    -341.1465 -1.416 -1.874  762 
   55543.323400    -834.6402     129.8555    -419.4324     145.3590    0.1025      49.9954      36.9899  1.077  0.718  762 
   55599.152300    1359.0439     208.8898    1167.0687     211.6306    0.1125    -398.2252    -364.5365 -0.709 -1.821  762 
   55889.405200    1578.2635     201.9031    1457.4182     207.3162    0.1799    -798.8655    -691.8287 -3.902 -4.233  762 
   55924.295100     121.6247     122.2409     170.7601     142.2471    0.0518      38.4387      28.9463  1.754  0.668  762 
   55925.229700    -196.9844     192.0512    -179.5456     197.2905    0.0018     216.2719     185.7983  1.362  1.578  762 
   55926.291200     212.2305     115.7574     535.5668     136.5194    0.1417     -21.6698     -16.1453  0.326 -0.388  762 
   55927.336300    -170.7607     134.3071    -378.0516     150.2307    0.1720     -79.0202     -60.5781 -1.706 -1.162  762 
   55930.389000      -7.6020     235.2236     116.6820     238.5577    0.0258    -305.0049    -278.6821 -2.720 -4.169  762 
   55969.097700     298.3758     181.6150      58.1512     186.7939    0.0744    -419.4110    -361.0461 -1.786 -2.864  762 
   56008.133000     687.6487     186.4833     764.6956     193.3085    0.0789    -477.4846    -398.5406 -3.683 -2.963  762 
   56009.120000    -268.2219     195.8020    -314.5432     201.6763    0.1290    -222.6037    -190.5927 -2.517 -1.541  762 
   56045.147000     172.6493     278.7895      75.2122     280.4673    0.0399    -418.1289    -392.0260 -4.347 -2.652  762 
   56215.446700     467.1896     186.7458     472.7781     193.4816    0.1672     363.0655     306.6222  2.927  2.538  762 
   56217.444300    1490.9166     253.6282    1167.3576     256.2469    0.1539     -45.2507     -42.2249 -0.053 -0.172  762 
   56254.418300    -814.4067     112.9062     -80.0507     135.9538    0.0177     245.3342     194.0333  4.675  5.031  762 
   56301.218900     269.8835     215.2797     -22.2799     220.0354    0.0534    -214.5577    -190.2443 -1.099 -1.021  762 
   56302.299000      51.4010     131.0953      13.1009     140.7982    0.0143      63.7828      52.7301  0.829  0.868  762 
   56337.368100   -1424.8119     142.4494   -1417.2283     157.7644    0.3161     -46.7556     -32.8565 -1.492 -0.589  762 
   56417.143800    1382.8545     155.5879    1340.7951     165.5120    0.3032     103.7250      82.4879  1.003  1.295  762 
