   54534.141800     605.0027     376.1924     369.8399     377.3145    0.6481  -11142.6517  -10793.5135 -41.779 -40.532  762 
   54591.213000    4632.1306     213.7032    4431.5898     216.3359    0.3721    -177.8289    -156.7682 -10.709 -1.736  762 
   54792.421200    -765.6234     199.7224    -655.7078     201.4347    0.2382   -1423.2919   -1276.7898 -12.089 -14.008  762 
   54794.402600    -195.8922     190.5808     659.2719     198.2080    0.0882     -63.2390     -48.3149  0.655 -0.984  762 
   54861.113700    9228.1067     287.5582    9185.1661     289.0198    0.6826    -850.0880    -794.7820 -4.422 -5.255  762 
   54862.104500    6335.0794     215.1833    6224.1011     218.8900    0.5365     128.4583     109.7579 -0.526  1.563  762 
   55470.446100    2763.8651     297.5987    2993.8224     299.0245    0.2122    -345.8751    -320.6916 -1.918 -3.362  762 
   55536.218700   -2266.8811     242.6866   -2081.2632     245.2545    0.2615    -655.9682    -585.9426 -4.489 -5.254  762 
   55538.255300    -711.2172     202.1454    -633.3034     208.7412    0.0587    -122.5558     -97.6275  0.499 -1.661  762 
   55540.326500    1228.5700     311.8117    1223.4856     313.4190    0.1289   -2965.4097   -2791.3720 -15.968 -15.274  762 
   55543.323400    1887.0215     202.4617    2381.6108     209.1997    0.2637    -282.5689    -223.0789 -4.183 -4.056  762 
   55599.152300   -8495.4557     321.4550   -8610.8997     322.8207    0.6841   -4492.6410   -4265.9497 -19.623 -21.226  762 
   55889.405200    3729.0545     314.7252    3814.1818     316.6128    0.2135   -2533.5821   -2356.6745 -14.660 -14.307  762 
   55924.295100    2523.9168     197.9225    2666.9395     208.5210    0.4291     101.7981      75.3484  0.322  1.681  762 
   55925.229700    6365.2987     269.3787    6179.8217     271.6143    0.6811    -292.6624    -265.9550 -0.968 -2.280  762 
   55926.291200    2799.6039     195.6055    2926.9624     206.4625    0.4452     -30.0837     -22.0257 -1.078 -0.503  762 
   55927.336300   -2873.2800     213.1612   -2878.6816     220.8764    0.5455     159.9024     124.7357  1.980  2.276  762 
   55930.389000    -944.7378     289.3364   -1016.8615     291.7426    0.1327    -212.4213    -190.9766 -3.958 -2.762  762 
   55969.097700    2862.2003     262.2252    2692.1673     264.2008    0.3534    -360.5968    -330.1406 -2.974 -2.686  762 
   56008.133000    2485.1396     288.3434    2486.1857     290.8014    0.1321   -1558.1212   -1414.5615 -10.552 -10.226  762 
   56009.120000    -308.1397     285.2184    -471.9373     287.7286    0.2772   -1404.3279   -1270.2607 -8.893 -10.141  762 
   56045.147000    8345.8874     352.2702    8213.0662     353.2823    0.5174   -1030.9854    -979.0376 -7.158 -6.537  762 
   56215.446700   -4553.6618     274.3636   -4249.5730     276.9667    0.1092    3492.4017    3147.6621 27.097 27.661  762 
   56217.444300   -5702.7128     401.1048   -5857.5539     402.4445    0.6254   -4564.0822   -4395.9693 -18.845 -18.146  762 
   56254.418300    -995.9751     200.1434   -1649.8600     215.7315    0.0497    1657.2060    1149.3295 29.975 30.802  762 
   56301.218900    8808.3747     334.2332    8700.8270     335.9318    0.8077    -247.3575    -232.6683 -5.262 -1.275  762 
   56302.299000    1523.8945     187.8899    1088.3857     193.1493    0.3075    1776.5225    1442.0153 15.875 25.562  762 
   56337.368100      12.0122     209.7987     140.5839     217.5961    0.1261    1159.9231     905.1610  9.041 16.795  762 
   56417.143800   -3052.7804     216.8702   -2713.5533     222.2655    0.1751     957.3196     789.8427  9.648 12.827  762 
