   54534.141800   -3131.8981     277.8769   -3720.0590     280.3255    0.4694   -1573.4600   -1509.3126 -6.026 -5.629  762 
   54591.213000    -750.0026     165.7277   -1122.2603     168.1161    0.0467     370.0633     325.6041  4.095  3.576  762 
   54792.421200   -2407.6924     164.9009   -2442.5036     165.9189    0.2139    -814.9360    -745.3632 -8.825 -8.191  762 
   54794.402600    -986.3465     143.3550    -781.4757     147.8727    0.0856     -43.0871     -32.9647 -0.306 -0.681  762 
   54861.113700   -3146.3617     224.9841   -3412.7203     226.9802    0.3103     280.1889     259.6436  1.003  1.723  762 
   54862.104500   -1023.2206     169.0621    -983.1721     171.5323    0.1154     126.0467     108.0333  1.794  1.549  762 
   55470.446100   -2179.0967     256.4947   -2187.0795     257.3087    0.1554      -9.8784      -9.3159  0.871 -0.098  762 
   55536.218700   -3305.1738     183.5127   -3287.4233     186.1722    0.3306      -8.0151      -7.0550 -0.093 -0.064  762 
   55538.255300   -1881.8208     153.1870   -1859.4349     157.3797    0.1354      50.4849      40.0159 -0.235  0.677  762 
   55540.326500     -57.5070     231.7905    -442.6330     234.3177    0.1874   -1376.8515   -1280.0273 -6.355 -7.052  762 
   55543.323400   -1726.9503     152.9806   -1835.2790     157.5614    0.2230     -81.0096     -63.0192 -1.365 -1.147  762 
   55599.152300     365.0004     241.5922    -164.6624     243.6612    0.1911   -1962.2061   -1856.7545 -8.217 -9.285  762 
   55889.405200   -1723.3853     235.9511   -2107.0480     238.7209    0.3001    -686.3347    -629.0679 -3.246 -3.834  762 
   55924.295100     605.3830     149.0083     728.6372     154.4287    0.1464     -62.8769     -46.7627 -1.540 -1.046  762 
   55925.229700    1118.6075     210.2204    1291.1451     212.1393    0.2494      14.2162      12.9127  0.228  0.111  762 
   55926.291200     342.2637     145.9359     398.2259     151.8295    0.0848      -2.6438      -1.9214 -1.087 -0.044  762 
   55927.336300    -408.4838     158.7660    -583.4397     163.4632    0.1239      -1.0648      -0.8295  0.198 -0.015  762 
   55930.389000   -1084.5919     247.4138   -1087.7776     248.4452    0.1161     259.3445     240.3075  0.330  3.471  762 
   55969.097700   -1233.5038     202.6857   -1170.3235     204.9326    0.2614    -176.4771    -159.7368 -0.996 -1.307  762 
   56008.133000   -2668.6665     216.3620   -2984.4618     219.1031    0.2141    -253.5434    -227.9257 -2.890 -1.650  762 
   56009.120000   -3556.1364     220.5348   -3634.5280     222.8189    0.3584    -175.3315    -158.2471 -1.445 -1.266  762 
   56045.147000    -849.2186     298.6331   -1053.4979     299.5439    0.1384    -412.0275    -394.6699 -2.478 -2.629  762 
   56215.446700   -3206.9970     208.4960   -3145.3704     211.2887    0.2435    1297.5871    1155.0453  9.862 10.109  762 
   56217.444300   -1046.5526     299.1251   -1532.8434     301.7074    0.2071    -781.8582    -746.1927 -2.860 -3.077  762 
   56254.418300   -1000.1802     149.7032   -1425.5380     157.3015    0.1612     301.1755     209.5501  5.842  5.585  762 
   56301.218900   -3556.3895     251.2998   -3910.7735     254.2174    0.3380     300.2288     277.9032  0.940  1.520  762 
   56302.299000    -704.2320     144.8521    -853.5979     147.9532    0.0374     565.7275     463.4308  7.043  8.199  762 
   56337.368100    -258.9704     156.5986    -567.4127     161.5682    0.0529     201.8766     157.3337  3.468  2.871  762 
   56417.143800    -998.4743     167.9761   -1016.0855     171.0717    0.0486     356.6868     299.2208  4.898  4.824  762 
