   54534.141800       0.0000       6.8192       0.0000       6.8192      -nan       0.0000       0.0000  0.000  0.000  762 
   54591.213000       0.0000       3.4846       0.0000       3.4846      -nan       0.0000       0.0000  0.000  0.000  762 
   54792.421200    -772.5643     135.0676   -1010.9986     136.2343    0.0574     684.9201     652.4235  5.387  7.221  762 
   54794.402600   -1334.3748      89.1490   -2019.5943      96.3419    0.3877     -12.9197     -11.4830 -0.403 -0.243  762 
   54861.113700   -3547.5235     170.1113   -3704.5150     171.9266    0.4695     326.1099     303.3638  1.729  2.023  762 
   54862.104500   -3632.3135     123.8915   -3816.9666     128.0851    0.6931    -105.7941     -95.4654 -2.825 -1.387  762 
   55470.446100   -2676.5030     222.3748   -2703.2363     223.2577    0.4095    -462.6715    -446.8811 -6.221 -4.735  762 
   55536.218700   -4392.6873     129.5699   -4362.5314     133.3953    0.5048     367.0839     322.0081  2.562  2.955  762 
   55538.255300   -3534.0136     100.0294   -4628.2810     108.2490    0.6109    -144.3706    -123.9470 -1.899 -2.108  762 
   55540.326500   -1852.5393     161.0518   -1843.8433     163.1819    0.2598     545.8100     508.3096  2.658  2.826  762 
   55543.323400   -1658.1251      96.4221   -2222.2930     104.1593    0.3651     -35.0336     -30.8642 -0.127 -0.568  762 
   55599.152300    -890.6827     175.9336    -833.7302     177.1500    0.0436    1169.2368    1114.8192  5.164  5.614  762 
   55889.405200   -1121.1531     163.5308   -1155.5236     166.3005    0.2159     355.1472     327.0053  1.770  2.006  762 
   55924.295100   -1200.1532      90.2448   -1553.2611      97.9286    0.3751     -44.0584     -38.2748 -0.897 -0.873  762 
   55925.229700   -1742.8378     157.8162   -1684.9761     160.1852    0.4303      20.5579      18.9789  0.212  0.166  762 
   55926.291200   -1020.3422      83.0145   -1437.2149      91.8794    0.3790     -33.7374     -29.4553 -1.200 -0.689  762 
   55927.336300     322.6372      99.2041     297.3132     105.8719    0.1138      13.7644      12.3466  0.366  0.232  762 
   55930.389000    1389.6132     213.4264    1404.2923     214.4473    0.2409     419.6554     407.8705  4.399  5.940  762 
   55969.097700   -2814.2423     147.2427   -2606.7746     149.6589    0.5428       3.7645       3.4382 -0.242  0.028  762 
   56008.133000    -768.1225     150.0743   -1084.0544     153.6632    0.2247     131.1580     119.0940  1.116  0.866  762 
   56009.120000     -44.1732     161.2453     -50.8195     163.7644    0.0109      91.5392      84.8235  0.525  0.684  762 
   56045.147000    1659.5136     255.5341    1519.9080     256.1346    0.1727     -74.7184     -72.7743 -1.050 -0.485  762 
   56215.446700   -1675.2682     146.0514   -1613.5532     149.7669    0.4577    -850.1695    -764.1228 -7.417 -6.733  762 
   56217.444300    -594.7593     212.1515    -749.0247     213.4453    0.0019     770.1265     738.0344  2.550  3.049  762 
   56254.418300    -339.8223      77.9154    -336.8624      86.1503    0.1173    -334.5752    -306.9122 -9.046 -8.350  762 
   56301.218900    -829.4896     173.6274    -837.0073     175.9837    0.4980    -984.5657    -915.6860 -5.126 -5.021  762 
   56302.299000      24.2948      97.5154     165.1480     101.6642    0.0346    -343.8803    -320.8474 -5.075 -5.785  762 
   56337.368100    3330.0071      94.4960    3576.0298     104.1761    0.3377    -722.5359    -639.7457 -11.940 -11.702  762 
   56417.143800    3424.0043     116.8200    3648.1914     121.3459    0.3548    -514.2729    -478.9129 -7.056 -7.791  762 
