   54534.141800    3280.8881     258.4177    3143.1687     258.6409    0.2993    -562.3552    -553.2062 -60.463 -2.097  762 
   54591.213000    -979.6143     148.3111   -1533.8548     149.6669    0.0730    2516.8620    2282.7824 26.050 25.772  762 
   54792.421200   -1059.0778     154.0927   -1137.3849     154.6127    0.4775   -2490.3572   -2333.0832 -29.063 -26.006  762 
   54794.402600     -25.1237     127.4943    -545.4629     131.2858    0.0991      43.3647      34.8518  2.090  0.729  762 
   54861.113700    1334.6960     208.3924    1071.8253     208.9333    0.0420   -1448.6826   -1382.4554 -22.042 -9.241  762 
   54862.104500    -108.3324     153.8251    -670.7230     155.5550    0.0979    -207.5335    -183.9091 -4.485 -2.670  762 
   55470.446100    -212.3269     243.9545    -431.8890     244.4045    0.1449    -982.5669    -939.6359 -13.612 -9.933  762 
   55536.218700     261.6726     167.4491     -16.1023     168.4924    0.2135   -1758.2913   -1619.4767 -21.833 -14.438  762 
   55538.255300      64.3292     135.7986    -660.7710     139.0963    0.1745    -750.0984    -622.5881 -11.885 -10.762  762 
   55540.326500    1807.8840     217.5656    1552.9587     218.1017    0.3046   -4168.5286   -4002.5146 -42.448 -21.861  762 
   55543.323400    -633.9701     135.6222    -959.1367     138.9496    0.2443    -220.8061    -181.0525 -4.307 -3.381  762 
   55599.152300    1018.4592     229.7459     755.6187     230.1248    0.5029   -5424.8307   -5260.0751 -53.351 -26.138  762 
   55889.405200    1212.0442     219.1286    1074.0803     219.7776    0.3263   -2600.3678   -2471.0130 -33.801 -15.028  762 
   55924.295100     843.7522     131.3253     860.9387     135.5848    0.2223       0.0000       0.0000  0.050  0.000  762 
   55925.229700     458.0104     196.1515     345.1647     196.8717    0.1005    -871.9947    -817.5779 -13.526 -6.975  762 
   55926.291200     395.1425     128.1029     333.8924     132.8127    0.0718     -21.9267     -17.0286 -0.161 -0.398  762 
   55927.336300    -348.6493     141.8076    -477.2983     144.9743    0.1255      79.9033      66.0808  1.522  1.226  762 
   55930.389000    -291.9497     234.0630    -295.5726     234.5967    0.0601    -112.6664    -106.7676 -1.887 -1.565  762 
   55969.097700    1185.5299     186.6868    1091.5706     187.3321    0.0637    -826.5326    -779.9925 -15.216 -6.277  762 
   56008.133000    1224.9168     198.3114     934.0189     199.2745    0.2364   -2589.8440   -2414.0315 -29.817 -17.631  762 
   56009.120000    1603.1733     202.6312    1503.1946     203.3790    0.0011   -1606.2126   -1507.2457 -24.682 -12.088  762 
   56045.147000    1980.5895     285.0261    1917.8975     285.2228    0.0900   -2852.7631   -2784.8562 -27.905 -18.723  762 
   56215.446700    1046.5239     187.9103     962.6387     188.7998    0.5907    5550.9202    5169.1754 38.953 44.680  762 
   56217.444300    4997.2547     281.1194    4805.0524     281.4246    0.6733    3469.5224    3396.9193 -36.361 13.978  762 
   56254.418300     862.2596     128.8558    1139.6857     134.4393    0.4181    2462.1167    1852.7319 49.185 49.874  762 
   56301.218900    2170.7130     231.0113    2017.3762     231.5368    0.6616    5389.4603    5169.4771 -2.432 28.181  762 
   56302.299000    1133.4659     129.9002    1211.3013     131.4331    0.4939    2934.1435    2555.7802 45.397 44.465  762 
   56337.368100    1476.9980     135.3483    1181.1126     138.7449    0.3719    3015.6729    2499.2439 45.683 46.381  762 
   56417.143800    2056.5266     149.6817    1961.8131     151.3979    0.4595    3068.9595    2709.5058 42.608 43.800  762 
