   54534.141800    6460.0825     382.7060    6189.8358     384.0809    0.2770  -10010.4764   -9612.7328 -38.408 -36.371  762 
   54591.213000    6349.3331     226.7735    6233.6359     230.7748    0.5925      28.4173      23.8456  0.035  0.273  762 
   54792.421200    2025.8479     207.4359    2055.0893     209.7072    0.1023   -1533.5153   -1325.3207 -14.988 -15.038  762 
   54794.402600    -281.5526     200.8170      65.4448     205.9284    0.0190    -246.7918    -184.1089 -4.011 -4.005  762 
   54861.113700    2605.8872     300.4791    2503.1878     303.0913    0.1357   -1442.6522   -1302.9060 -6.048 -8.754  762 
   54862.104500     959.7186     231.6906    1169.0300     236.2519    0.1156    -338.7076    -273.9196 -4.310 -4.065  762 
   55470.446100    1138.9267     309.3105    1275.7266     311.7160    0.0917    -339.9238    -303.3368 -3.543 -3.273  762 
   55536.218700    1422.3180     255.9313    1376.0882     260.0419    0.0597    -984.5329    -837.5997 -9.073 -7.680  762 
   55538.255300    1671.9208     216.6534    1885.5137     222.7397    0.2476      48.5788      36.7519  0.262  0.659  762 
   55540.326500    4815.1301     322.1193    4655.2711     324.6005    0.1529   -3307.0582   -3035.8540 -15.928 -16.786  762 
   55543.323400     489.8708     215.9333     628.5929     221.4700    0.0580    -375.5636    -284.4592 -5.235 -5.475  762 
   55599.152300    7250.6340     326.6006    7213.3013     328.3994    0.2567   -4293.2654   -4019.5753 -21.003 -20.183  762 
   55889.405200    3542.8052     327.9801    3257.3402     331.2962    0.0953   -2860.4028   -2570.2174 -15.971 -15.811  762 
   55924.295100   -3039.6724     211.9652   -3252.9989     219.0264    0.5054      17.6804      12.6985  1.487  0.305  762 
   55925.229700   -3333.2756     286.0369   -3219.7061     289.7495    0.4713    -435.9449    -378.1432 -3.157 -3.312  762 
   55926.291200      42.4848     206.9629      -2.7262     213.4791    0.0102     -76.4756     -55.3759 -0.702 -1.361  762 
   55927.336300    2180.3371     222.2332    2002.7796     227.5295    0.3396     -69.9365     -53.5387 -1.755 -1.034  762 
   55930.389000     678.6575     296.3093     620.9413     298.7748    0.0544    -263.9246    -231.4050 -3.071 -3.497  762 
   55969.097700     897.8770     277.3648     794.1008     280.7773    0.0020    -919.8391    -806.9385 -6.657 -6.689  762 
   56008.133000     758.8741     302.0089     891.0627     305.7822    0.1290   -2149.5805   -1877.1128 -14.347 -13.843  762 
   56009.120000   -1393.1639     298.9256   -1479.2749     302.7226    0.4925   -1500.1428   -1303.8167 -11.440 -10.640  762 
   56045.147000    4718.6438     361.6497    4536.8248     363.4113    0.2517   -1732.5677   -1608.1276 -10.160 -10.927  762 
   56215.446700    -668.7681     289.9874    -846.4732     294.3196    0.1609    2479.5987    2132.2126 18.238 19.118  762 
   56217.444300    3521.0057     408.8314    3457.3717     410.5519    0.2215   -6386.3505   -6079.5830 -25.910 -25.272  762 
   56254.418300    1212.0050     204.9410     396.6662     212.0898    0.1037     880.3244     634.2846 19.671 18.532  762 
   56301.218900    1077.2619     348.4298     838.4557     351.3952    0.0980    -191.6119    -175.0208 -1.006 -0.970  762 
   56302.299000     310.5557     198.7199     -10.9100     202.8051    0.2026    1721.7442    1358.1150 26.317 25.277  762 
   56337.368100    1986.3355     224.3355    1813.7037     231.6443    0.3776    1421.8600    1058.5936 20.965 20.786  762 
   56417.143800     735.2840     230.4095     463.2630     236.2964    0.1925    1119.5609     877.0459 13.084 14.935  762 
