   54534.143600    4940.6247     601.5270    4894.3072     601.9801    0.2058   -2774.4465   -2717.9301 -12.963 -12.192  762 
   54591.214800    4094.1791     350.1476    4396.2885     352.2386    0.6032    1463.8971    1360.0466 15.656 17.835  762 
   54861.115600     135.8609     426.8390     100.5723     428.1726    0.0486    -564.8253    -535.9914 -2.124 -4.390  762 
   54862.106300   -2627.1649     320.5345   -3057.9145     324.2133    0.3137     373.0435     337.0498  3.509  4.965  762 
   55470.447800    5505.5442     379.3538    5426.2674     381.4497    0.5868    -457.2977    -425.7467 -8.085 -5.521  762 
   55536.220400    1316.6985     351.0920    1242.5838     353.8856    0.2363     577.6133     529.3287  7.279  6.568  762 
   55538.257000     181.1436     302.3804     123.4152     307.1515    0.0828     502.2541     445.9964  9.325  8.502  762 
   55540.328200    3859.2460     448.9876    3888.9187     450.2555    0.2956   -1262.0144   -1202.0082 -5.414 -8.465  762 
   55543.325100    3310.0036     266.0807    3817.5734     272.4855    0.5317     289.7136     255.4260 -1.727  6.235  762 
   55889.400500   -2434.6754     423.3131   -2323.9525     425.1525    0.3409     -18.6954     -17.5062  0.012 -0.160  762 
   55889.413600   -2371.0035     443.0236   -2390.1723     444.3099    0.3386    -655.7527    -623.4577 -2.966 -4.582  762 
   55924.296700   -1318.5855     221.4347   -1729.2499     231.4392    0.2079      63.7331      54.8907 -1.346  1.804  762 
   55925.181100   -3471.4727     364.6940   -3706.8193     366.8955    0.4593     113.4865     104.9867  1.779  1.218  762 
   55925.281600   -1630.8696     309.5641   -1763.7268     313.3879    0.3166      52.7475      47.2329 -0.496  0.718  762 
   55926.293000    -830.6175     236.7779   -1427.6416     244.9933    0.1677      31.7031      27.5240  0.442  0.800  762 
   55927.338100     731.8614     278.8720     804.2071     284.2780    0.2007      -1.9450      -1.7164 -0.597 -0.035  762 
   55930.390900    2428.4394     343.4882    2794.8442     346.0406    0.3723    -102.5121     -95.0102 -1.546 -1.808  762 
   55969.100600      46.4840     388.7928    -126.6285     390.4090    0.2272   -1368.6088   -1286.2647 -12.322 -12.417  762 
   56008.134600   -1886.6913     424.0426   -2054.0610     425.4941    0.3753   -1636.8540   -1548.6611 -11.642 -12.539  762 
   56009.114400     500.9788     383.6613     411.3616     385.7505    0.0785   -1052.1777    -980.7651 -8.473 -10.409  762 
   56009.128500    1933.8267     393.5488    2063.2332     395.2698    0.0889   -1494.7038   -1402.8141 -9.962 -13.701  762 
   56045.148400    4046.0238     455.0397    4242.8805     456.0586    0.3847    -259.2029    -247.8106 -0.528 -2.340  762 
   56215.447500    4003.2664     330.6097    4389.2720     334.0118    0.6894    3173.2016    2878.0690 48.889 46.449  762 
   56217.445100    4256.6778     576.7944    4258.2763     577.4468    0.6176    3459.7902    3359.5026 18.230 19.736  762 
   56254.420000    5855.7572     234.2372    6734.2616     244.1955    0.5654    1498.6824    1331.5693 42.032 47.941  762 
   56301.204000    5611.8887     412.8156    5439.4360     414.6159    0.6959    3770.7402    3540.2104 30.366 29.947  762 
   56301.237400    7238.3479     491.3785    7198.0547     492.4062    0.4343   -3012.4161   -2892.6355 -18.262 -17.490  762 
   56302.300900    6596.9875     249.0480    6601.9988     251.9849    0.6147    1224.7124    1128.1461 29.476 27.603  762 
   56337.369900    9246.3479     280.3743    9766.2800     285.1161    0.8027    3129.9406    2771.3108 54.520 54.213  762 
   56417.145600    5771.0950     295.2954    6623.9510     298.0401    0.6497    2474.1684    2259.3257 44.527 42.904  762 
