   54534.143600   -1556.0804     491.2088   -1568.9070     492.5061    0.0452    1198.3535    1157.2957  6.056  5.129  762 
   54591.214800   -1999.4850     295.3097   -1951.6249     296.4254    0.0553     892.1549     840.2375 11.625 11.076  762 
   54861.115600    3049.9468     368.1334    3154.9906     368.9896    0.4093     442.3745     421.7621  2.925  3.214  762 
   54862.106300    1650.8655     273.4378    1896.8771     274.9225    0.1846     335.6807     309.4242  5.441  4.129  762 
   55470.447800   -2279.5590     321.1936   -2372.6967     322.2325    0.1018      96.3388      91.2135  1.937  1.224  762 
   55536.220400    -974.3995     285.9129   -1116.5576     287.5105    0.0398     532.2378     491.9550  5.618  6.285  762 
   55538.257000   -1439.4850     245.5371   -1503.1795     248.6186    0.0350     921.7875     833.6194 17.990 16.062  762 
   55540.328200    -178.0814     362.7116    -377.2765     363.9678    0.0027     426.4467     402.7074  3.252  2.855  762 
   55543.325100   -1088.3565     215.9075   -1324.5281     220.8602    0.0536     497.7810     441.3829 11.625 10.962  762 
   55889.400500   -1173.9649     349.7578   -1348.9825     350.8942    0.0309     978.7112     922.2642  7.794  8.377  762 
   55889.413600   -2071.1075     368.2539   -2419.0215     369.3257    0.1587     398.7677     378.1822  3.495  2.747  762 
   55924.296700    -227.8848     176.9266    -186.0766     184.2664    0.0223      56.0491      48.0435  0.962  1.586  762 
   55925.181100    1833.0739     302.1346    1784.6328     303.2705    0.1819    -356.8472    -334.7876 -4.673 -3.923  762 
   55925.281600     866.9172     251.4155     919.5203     253.6820    0.0848    -131.3845    -119.4298 -2.665 -1.810  762 
   55926.293000     -12.4891     189.7356     -58.5244     195.8216    0.0071     -33.8372     -29.4718 -1.250 -0.867  762 
   55927.338100     300.4955     225.5495     304.1868     229.2703    0.0100    -211.6801    -189.3545 -4.900 -3.855  762 
   55930.390900    -342.7165     298.2451    -347.3852     299.8058    0.0936    -450.9863    -425.7536 -10.633 -8.270  762 
   55969.100600     255.4556     324.4806     175.9368     325.3974    0.0363       8.0473       7.6031  0.081  0.074  762 
   56008.134600   -2406.2088     357.4737   -2689.0902     358.4210    0.1709    -641.5995    -610.4846 -4.796 -4.740  762 
   56009.114400   -4102.0809     324.4778   -4179.5932     325.5607    0.2627    -353.8063    -332.6566 -3.262 -3.505  762 
   56009.128500   -3837.9807     329.5665   -3894.0179     330.6086    0.2516      -7.4454      -7.0179 -0.234 -0.069  762 
   56045.148400    -675.0064     398.2160    -670.9575     398.7745    0.0447     198.4238     191.0074  2.596  1.817  762 
   56215.447500   -1988.1754     272.9066   -1970.6831     275.0795    0.0845     934.4186     861.1941 14.728 14.305  762 
   56217.445100   -2249.2381     492.9536   -2436.2558     493.7022    0.0936    1380.7088    1335.8794  8.757  7.851  762 
   56254.420000     -30.9445     194.3372    -209.8012     201.2841    0.0027     272.6850     241.9007  9.281  8.840  762 
   56301.204000   -3302.7098     334.4527   -3406.0235     335.8106    0.2136     710.9333     663.9182  5.952  5.682  762 
   56301.237400   -3505.3935     395.0113   -3690.2844     396.3577    0.3312    -535.5686    -508.0784 -3.379 -3.092  762 
   56302.300900    -447.1961     220.0317    -417.8091     221.6047    0.0352      81.5383      76.4888  1.635  1.858  762 
   56337.369900    1087.7398     224.1977    1174.3458     227.5843    0.2682     823.8982     735.7782 14.821 14.855  762 
   56417.145600    -751.3239     248.0434    -977.9809     250.0603    0.0270     409.4833     379.6925  8.557  7.357  762 
