   54534.143600       0.0000       5.9419       0.0000       5.9419      -nan       0.0000       0.0000  0.000  0.000  762 
   54591.214800    4518.5397     273.7474    4303.9795     279.7365    0.3261     223.8239     197.5809  2.775  2.742  762 
   54861.115600   -1563.3067     327.0615   -1230.6258     330.5608    0.1134     364.4718     332.1728  3.244  2.728  762 
   54862.106300   -4864.0689     250.3233   -4410.9469     259.4340    0.3847     371.3024     307.8670  5.456  4.575  762 
   55470.447800   -7074.3863     312.5716   -7079.2590     317.4179    0.7873    -247.1773    -220.0177 -3.421 -2.901  762 
   55536.220400   -6631.2115     272.5848   -6982.6020     280.2890    0.6448    -179.3777    -151.8826 -1.693 -1.904  762 
   55538.257000   -6360.0391     239.8378   -6980.1955     252.7895    0.7091     189.0196     152.0031  3.383  2.970  762 
   55540.328200   -2195.9548     323.4251   -2188.7503     327.7359    0.3737      10.2671       9.2612 -0.302  0.066  762 
   55543.325100   -4739.3233     210.3362   -4704.1282     228.4547    0.7097     149.8221     116.6083  3.781  2.947  762 
   55889.400500   -3399.2023     321.0859   -3527.1364     326.3814    0.5245     579.3476     513.3419  5.605  4.718  762 
   55889.413600   -2206.2273     332.1169   -2305.8155     335.7311    0.3838    -115.6511    -105.5280 -1.012 -0.777  762 
   55924.296700    -244.5159     167.4959    -326.5652     194.1335    0.0516    -117.1818     -86.4620 -2.127 -2.997  762 
   55925.181100     718.7078     285.2645     324.4457     290.7206    0.0640    -822.9763    -723.2486 -9.869 -8.436  762 
   55925.281600    1720.2267     235.6318    2056.1590     245.8572    0.4336     -46.0530     -37.7339 -0.407 -0.587  762 
   55926.293000    -436.3796     182.0541    -504.0441     203.9590    0.0910      -4.8956      -3.7155 -0.841 -0.113  762 
   55927.338100    1133.1054     214.9462    1643.1363     229.4533    0.4254     -14.4039     -11.4513 -0.855 -0.239  762 
   55930.390900    4912.7203     292.1342    5377.3812     297.7612    0.6256      96.0460      86.1116  1.592  1.682  762 
   55969.100600   -3318.9522     302.9771   -3518.5120     307.1339    0.6903   -1119.4878   -1003.7868 -9.937 -9.716  762 
   56008.134600   -2675.0386     320.6921   -2742.4639     324.5902    0.4101    -433.8752    -393.0390 -2.631 -3.194  762 
   56009.114400   -4383.6795     301.4093   -4285.5760     306.5580    0.5772     -39.2441     -34.7595 -0.917 -0.375  762 
   56009.128500   -2983.2286     305.8542   -3005.1341     310.5557    0.4010      37.9912      33.9570  0.036  0.336  762 
   56045.148400    2114.7881     380.1386    1987.4868     382.5105    0.0977    -966.3405    -904.7906 -8.577 -8.592  762 
   56215.447500      -1.7343     262.3460     854.9252     270.8985    0.1702     239.3700     202.0928  2.823  3.345  762 
   56217.445100    1780.7359     451.2646    1771.4452     452.9620    0.2525     -23.1308     -22.0116 -0.725 -0.131  762 
   56254.420000     804.0428     186.2239    3112.0183     210.0363    0.2478     104.1249      83.1059  4.401  3.198  762 
   56301.204000   -4323.3417     302.3729   -4591.8918     308.3519    0.6535      70.7838      62.0286 -0.009  0.530  762 
   56301.237400   -3025.0279     347.8194   -3109.8484     351.7457    0.5086    -161.4209    -147.6210 -0.841 -0.898  762 
   56302.300900   -4208.1010     216.9707   -4458.1133     223.3156    0.3987    -253.4606    -223.0340 -3.893 -5.612  762 
   56337.369900    6376.0725     213.1520    7579.8183     226.9609    0.5333     469.5271     371.9257  6.934  7.488  762 
   56417.145600   10816.4461     240.9110   11214.1107     247.9306    0.7970     406.0996     351.1415  6.101  6.666  762 
