   54534.143600   13315.4998     706.9627   13265.3427     707.5804    0.3637   -8359.0382   -8179.7379 -36.586 -36.249  762 
   54591.214800    5812.6700     408.1342    6152.4531     411.7015    0.6374    1014.8113     936.7466 12.002 12.124  762 
   54861.115600   -7966.6354     501.0593   -8219.3923     503.1751    0.5216    1305.1082    1232.7206  8.306  9.900  762 
   54862.106300   -7884.6850     379.9679   -8738.4446     386.0307    0.5541     793.1316     712.9471 10.295 10.320  762 
   55470.447800    6052.1082     434.4324    6334.4524     437.8121    0.5102    -277.2393    -256.1882 -0.652 -3.303  762 
   55536.220400   -5695.1739     414.3199   -5961.2302     418.7673    0.5401     142.7413     129.8563  0.466  1.603  762 
   55538.257000   -7081.4030     356.6334   -7617.7511     365.3137    0.6388      22.6479      19.8619  0.110  0.376  762 
   55540.328200   -6678.2942     534.7681   -6990.3540     536.6929    0.6502   -2290.9233   -2172.0716 -15.146 -15.100  762 
   55543.325100   -4919.0019     316.9740   -4371.3736     329.1067    0.3902     330.4901     285.9381  6.220  6.942  762 
   55889.400500     885.3190     495.7894     788.8367     498.5645    0.1851     894.1622     835.6173  8.298  7.536  762 
   55889.413600    1703.3123     517.7409    1672.1939     519.5196    0.3661    2016.3280    1914.2437 14.047 13.888  762 
   55924.296700   -2238.7889     264.3994   -1904.2277     282.3397    0.1827      43.3755      36.6644  1.606  1.194  762 
   55925.181100   -1591.7179     424.1007   -1973.2139     427.5341    0.1461     626.9252     577.8011  5.813  6.653  762 
   55925.281600    -429.4497     365.6366    -527.3542     371.8510    0.0679      64.3203      57.4120  0.415  0.865  762 
   55926.293000     994.5591     280.4113     973.7220     295.3096    0.1081     -59.0110     -50.5256 -2.667 -1.457  762 
   55927.338100    2914.8427     329.3322    3389.1851     338.6204    0.5547    -103.7413     -90.9021 -1.052 -1.827  762 
   55930.390900    5360.0270     387.3682    6369.8068     392.5019    0.5615     216.0477     197.2836  5.107  3.736  762 
   55969.100600     632.2969     452.4851     573.2367     454.8434    0.0174    -780.1689    -730.8753 -5.687 -6.996  762 
   56008.134600    9154.6045     495.2882    8935.6603     497.2755    0.5816     -96.3530     -91.1474 -1.452 -0.727  762 
   56009.114400   12047.4313     443.5884   12277.1295     446.5567    0.6869    -992.1962    -924.0694 -7.041 -9.698  762 
   56009.128500   12308.0562     456.3379   12573.0358     458.8731    0.7144   -1002.7715    -938.9608 -7.119 -9.086  762 
   56045.148400   13773.3883     511.0997   14249.7977     512.7862    0.7276     457.8000     435.5868  5.700  4.085  762 
   56215.447500    8273.2722     385.7814    9354.3607     391.3494    0.7453    1741.9568    1571.8066 24.228 25.227  762 
   56217.445100   10395.0568     660.9867   10327.2976     661.9452    0.3926   -5127.9005   -4964.0074 -29.662 -28.775  762 
   56254.420000    5003.0419     276.7003    8249.8786     294.9168    0.4676     856.8940     741.1481 28.060 26.394  762 
   56301.204000    -322.0018     491.9241    -278.1770     494.4766    0.1901    1857.8880    1740.6509 13.450 14.565  762 
   56301.237400     457.0345     585.5719     431.3647     587.0631    0.6002   -9863.0708   -9450.9082 -58.890 -56.464  762 
   56302.300900   -1772.1423     283.9776   -1706.7866     290.1637    0.1058     719.7812     647.2243 14.048 15.722  762 
   56337.369900   12580.9890     334.9190   14843.1422     342.3505    0.7455    1967.3088    1727.5758 33.109 33.708  762 
   56417.145600    6744.2653     343.1140    8427.0594     348.2368    0.5757    1507.6780    1355.1983 24.170 25.744  762 
