   54534.143600    1345.5365     456.9173    1315.1315     458.2966    0.0194   -1193.8338   -1151.3079 -4.979 -5.061  762 
   54591.214800     533.5590     296.3774     701.2041     300.9766    0.1172    -134.8093    -120.3311 -1.971 -1.501  762 
   54861.115600    -861.0239     354.9602   -1013.9406     357.8620    0.2331    -697.3075    -646.7413 -4.294 -4.831  762 
   54862.106300   -1874.5994     268.6286   -2280.2853     275.7477    0.3831    -569.8238    -492.1996 -6.066 -6.539  762 
   55470.447800     132.8811     317.8587     163.8906     322.4838    0.0063    -143.1025    -127.8774 -1.596 -1.725  762 
   55536.220400     366.6316     278.8890     553.8284     285.7239    0.0589    -282.2394    -242.5250 -3.784 -3.147  762 
   55538.257000   -1661.4926     248.1154   -1869.1609     258.9892    0.4330    -444.0736    -367.0571 -8.399 -7.165  762 
   55540.328200     506.9323     343.1053     634.2563     346.7580    0.0423    -982.2986    -897.1734 -6.590 -6.312  762 
   55543.325100      32.0976     217.4003    -343.8284     232.9036    0.1504    -376.4725    -301.7592 -8.031 -7.663  762 
   55889.400500    1117.1549     336.8421     970.2555     341.4094    0.1325   -1846.1907   -1657.6569 -14.679 -15.023  762 
   55889.413600     817.8611     350.8510     811.4145     353.9319    0.0791   -1419.0766   -1307.7256 -10.124 -9.482  762 
   55924.296700     264.5359     177.5560     234.5286     199.1170    0.0446      49.3506      37.6304  1.405  1.272  762 
   55925.181100     862.6210     294.2902     762.2484     299.3299    0.1801     163.3864     144.4791  2.787  1.718  762 
   55925.281600     191.3509     249.1212     334.1828     257.9802    0.0937      56.9273      47.5044  0.304  0.719  762 
   55926.293000     314.6005     191.4197     483.3971     208.9988    0.0929     -21.0782     -16.4942  0.866 -0.493  762 
   55927.338100    -610.8363     226.6095    -518.7013     239.1692    0.1484      38.2002      30.9064  0.136  0.634  762 
   55930.390900     734.9191     299.1282     863.1900     304.5762    0.1997     434.8121     388.9808  7.705  7.687  762 
   55969.100600     -64.4872     312.5269     -44.8791     316.3355    0.1248    -547.2359    -494.4044 -5.113 -4.859  762 
   56008.134600     895.8703     342.0380     608.5150     345.2360    0.0948     129.9092     119.4820 -1.417  0.919  762 
   56009.114400    1698.6473     316.3061    1699.8797     320.6180    0.2750     -35.5545     -31.9856 -0.338 -0.332  762 
   56009.128500    1114.2586     319.2734    1225.2900     323.3676    0.1693    -230.9890    -208.2292 -1.690 -2.040  762 
   56045.148400    2213.1386     388.0708    2317.4579     390.2915    0.2926     181.2085     169.4476  0.101  1.630  762 
   56215.447500    1931.5324     271.6303    2513.9486     279.7866    0.6304    1075.3291     915.6340 15.974 15.232  762 
   56217.445100    1965.1994     475.0553    1979.5144     476.5804    0.5320    2885.2158    2757.8252 14.879 15.947  762 
   56254.420000    1404.4475     197.7959    1738.2286     217.8218    0.2224     135.2931     109.6804  3.222  4.040  762 
   56301.204000     745.6882     318.3251     946.9117     323.3519    0.3270     791.7974     705.5409  4.556  6.014  762 
   56301.237400    2737.3137     369.7552    2932.6454     372.9249    0.4100     -85.1328     -78.9073 -0.455 -0.476  762 
   56302.300900    -984.0870     223.1363   -1137.1138     228.7742    0.0854     661.1562     584.9608 14.340 14.483  762 
   56337.369900    3640.0330     222.5624    3865.0494     235.6753    0.5746     270.9337     216.5870  5.208  4.488  762 
   56417.145600    1407.9060     244.0961    2045.3592     251.7860    0.2925      42.7322      36.4987 -0.666  0.755  762 
