   54534.143600    2434.5162     549.1653    2224.7979     552.9008    0.1732       0.0000       0.0000 -32.429  0.000  762 
   54591.214800   -7954.0498     363.0419   -7926.9441     376.5579    0.2468    3808.6725    3137.6003 43.660 40.545  762 
   54861.115600    -875.6399     413.9935   -2448.9273     423.6666    0.1228    -246.1909    -215.4066 -7.079 -1.786  762 
   54862.106300    5491.7084     323.1817     723.3286     345.6261    0.0229       0.0000       0.0000  7.494  0.000  762 
   55470.447800    4747.1081     388.0852    4410.8821     400.3637    0.3161       0.0000       0.0000 -0.412  0.000  762 
   55536.220400    5865.4336     355.2466    6582.0156     371.0622    0.4041       0.0000       0.0000 -3.938  0.000  762 
   55538.257000    7550.7136     315.2996    7460.2921     341.0808    0.4018       0.0000       0.0000  9.379  0.000  762 
   55540.328200    -339.6238     431.1884    -445.5786     440.2044    0.2499   -1920.8961   -1684.5048 -23.986 -11.739  762 
   55543.325100    5177.4806     280.2522   10602.7288     313.0075    0.5391       0.0000       0.0000  8.671  0.000  762 
   55889.400500   -4766.4916     418.5740   -5823.0590     430.8663    0.7365   -2426.2048   -2053.4810 -30.391 -18.697  762 
   55889.413600   -2786.7796     428.4371   -3627.3887     437.0945    0.7245   -5010.1752   -4398.8442 -47.144 -32.233  762 
   55924.296700    -330.1985     233.6828    -667.4767     280.4592    0.0403       0.0000       0.0000 -0.152  0.000  762 
   55925.181100    -723.3432     367.5298   -2247.1728     380.8047    0.1930    -591.5416    -492.2307 -13.783 -5.712  762 
   55925.281600   -1372.8644     318.6093   -3358.0751     340.8747    0.3171       0.0000       0.0000 -3.859  0.000  762 
   55926.293000    1431.1817     250.3416     161.4533     290.2912    0.0113       0.0000       0.0000  0.998  0.000  762 
   55927.338100   -2681.6433     293.9458   -2325.6610     322.8605    0.3065       0.0000       0.0000  0.627  0.000  762 
   55930.390900   -4890.8887     362.3460   -2630.2013     377.4777    0.1350       0.0000       0.0000 -0.125  0.000  762 
   55969.100600    -468.9094     386.0637   -2018.0784     396.4772    0.3127   -1832.9882   -1571.4460 -20.006 -15.140  762 
   56008.134600   -8421.3748     414.0736  -10485.8849     424.1925    0.6830   -2504.0107   -2160.3931 -34.668 -17.574  762 
   56009.114400   -5562.6736     385.9066   -5584.4904     398.3362    0.5516   -1065.4117    -893.8143 -21.876 -9.486  762 
   56009.128500   -2009.4033     392.7237   -1376.3026     403.6061    0.2711   -1836.7774   -1562.3732 -25.890 -15.202  762 
   56045.148400   -7622.6942     457.0516   -6550.8994     463.8036    0.4049   -2406.9252   -2139.4831 -34.105 -20.190  762 
   56215.447500    5237.5253     343.2680    7154.6316     362.6697    0.7245    7270.3463    5746.3837 87.949 92.563  762 
   56217.445100    3062.2328     551.8035    2804.3747     556.5597    0.6303    8174.5238    7569.0055 18.012 43.958  762 
   56254.420000   -2974.2123     252.8335    4009.0084     298.8860    0.1818    3152.8460    2301.3411 87.659 84.368  762 
   56301.204000    4662.6134     402.7540    4164.6537     414.9048    0.6576    8564.7404    7259.8332 51.601 60.900  762 
   56301.237400    1536.1747     462.6085    1637.5988     470.4981    0.4444    4825.6914    4308.8952  1.511 25.798  762 
   56302.300900    -954.5557     265.2310     159.6327     281.5383    0.2134    3897.4280    3167.3399 84.001 78.983  762 
   56337.369900  -10734.1916     305.8721   -4347.2071     330.7402    0.0176    4957.0677    3552.5913 70.634 69.679  762 
   56417.145600   -6137.7120     316.1543    2428.5497     331.1012    0.1089    3512.7654    2755.5388 59.461 53.090  762 
