   54534.143600   15906.1512     578.1609   16261.5940     579.5879    0.5502   -3123.9422   -3051.1016 -19.488 -13.620  762 
   54591.214800    5208.0434     338.1246    5475.7590     341.3817    0.3175    2006.5575    1854.1138 -2.213 24.561  762 
   54861.115600    3813.2133     413.2763    3779.2255     415.5386    0.1634       0.0000       0.0000 10.381  0.000  762 
   54862.106300   -1184.5429     310.5720   -1802.4884     315.7901    0.0740       0.0000       0.0000 18.810  0.000  762 
   55470.447800    4763.2636     370.6227    4996.0992     373.5354    0.2156    -680.3890    -631.4872 -3.577 -8.161  762 
   55536.220400   10242.0466     338.9558   10353.0986     342.7089    0.3511    -696.1293    -636.0355 -2.107 -7.848  762 
   55538.257000    6884.0232     291.6807    7421.7510     297.9567    0.2413    -152.3821    -134.4511  1.290 -2.554  762 
   55540.328200   15464.4281     431.6894   15500.7649     434.0079    0.4535   -2176.1902   -2062.6143 -8.472 -14.467  762 
   55543.325100    5249.3248     258.1058    6570.6389     266.8503    0.2106     183.8967     159.1327 12.874  3.870  762 
   55889.400500   11582.9900     407.7608   11751.7026     410.5384    0.7225    -631.3053    -590.9311 -9.578 -5.372  762 
   55889.413600   11195.4626     427.3996   11167.2312     429.5737    0.7342   -1365.2672   -1296.4048 -12.341 -9.483  762 
   55924.296700   -2479.2730     215.0735   -4023.3071     229.4480    0.2986       9.0623       7.5744 -3.488  0.248  762 
   55925.181100   -5234.7033     354.8587   -5750.2938     358.1981    0.5598     -12.1630     -11.2121 -3.042 -0.129  762 
   55925.281600   -4383.9092     300.2879   -4715.5600     305.9673    0.6424    -364.9974    -324.0311 -5.520 -4.918  762 
   55926.293000   -1797.6543     229.8068   -3092.7188     241.6955    0.2748       6.8804       5.8386 -1.079  0.169  762 
   55927.338100    -488.8656     270.2182    -532.6352     277.9849    0.1168      28.2004      24.6113  2.029  0.497  762 
   55930.390900    1746.0208     336.8876    2188.7859     340.5408    0.3277     197.9807     182.6694  1.408  3.464  762 
   55969.100600    9838.4255     375.8847    9816.8382     378.2516    0.6249   -1054.4737    -990.6867 -4.166 -9.505  762 
   56008.134600    7022.3511     409.8792    6777.0181     412.3329    0.2593    -690.6461    -650.6098  4.786 -5.249  762 
   56009.114400    5480.9058     372.1833    5606.5200     375.1382    0.2328     226.4300     210.4131  8.659  2.230  762 
   56009.128500    6819.7778     381.6840    7041.6757     384.3566    0.2858      99.0007      92.5455 11.410  0.901  762 
   56045.148400   11675.3325     444.6980   11817.2551     446.2626    0.3712    -221.4577    -211.4027 12.970 -1.987  762 
   56215.447500    2192.2358     321.4257    2975.8088     326.2501    0.3401    2420.7553    2184.7113 40.238 35.209  762 
   56217.445100    5365.2816     560.2048    5437.9426     561.5718    0.4795    1575.8585    1526.7657 12.519  8.952  762 
   56254.420000    5814.0515     228.5402    8453.9042     241.1213    0.4152    1638.8751    1418.6583 65.500 51.027  762 
   56301.204000   -3860.9655     400.1428   -3906.8053     403.2717    0.0459    4661.6989    4347.4384 44.511 36.614  762 
   56301.237400   -1846.4448     474.6278   -1824.8139     476.8877    0.3648   -1182.0997   -1129.5867  1.405 -6.800  762 
   56302.300900   -1559.3536     246.1743   -1409.4760     250.3329    0.0139    1384.8196    1262.7358 47.369 30.764  762 
   56337.369900    6922.1219     271.5617    8392.8562     278.2650    0.5221    2958.1811    2581.2555 73.276 50.324  762 
   56417.145600   10952.8410     287.3657   12397.9039     291.0357    0.4079    2224.1973    2019.7251 75.455 37.899  762 
