   54534.143600  -17982.8800     643.5763  -18095.0362     643.9680    0.8663   -6425.1359   -6319.3910 -28.034 -28.191  762 
   54591.214800  -20352.7073     368.7196  -20976.2000     370.8836    0.8779    1343.7671    1256.4689 15.889 16.273  762 
   54861.115600  -32098.4354     460.1520  -32440.1426     461.3939    0.9219   -1605.1534   -1536.4656 -12.797 -12.075  762 
   54862.106300  -31148.7920     344.9506  -32905.0579     348.5805    0.8720    -646.2322    -592.8350 -10.443 -8.258  762 
   55470.447800  -27106.0291     393.6975  -27840.5146     395.9248    0.8878    -900.0783    -841.7695 -12.408 -11.126  762 
   55536.220400  -34147.4293     368.9022  -35326.5860     371.9771    0.8883     591.6891     545.2565  6.189  6.894  762 
   55538.257000  -29539.9707     316.6368  -32411.2573     322.4505    0.8138     504.8161     451.3963  8.271  8.649  762 
   55540.328200  -33797.5949     478.9730  -34116.3001     480.2736    0.9234   -2703.1743   -2586.3499 -18.144 -18.303  762 
   55543.325100  -26985.1226     281.1665  -30638.9978     289.5834    0.7852     188.7678     166.0192  3.495  4.089  762 
   55889.400500  -14691.9262     443.8532  -14984.0433     445.4058    0.8675    -172.4010    -163.4392 -1.190 -1.491  762 
   55889.413600  -12841.7007     466.3679  -13158.1862     467.4058    0.8017    -189.6186    -182.1113 -1.361 -1.333  762 
   55924.296700    -270.4046     227.0755    -623.4329     236.9249    0.0663     153.6197     134.3806  4.269  4.412  762 
   55925.181100     841.0515     374.0939     623.8183     375.7500    0.0454    -335.7841    -317.1002 -3.018 -3.712  762 
   55925.281600    -350.7778     319.0812    -464.9125     322.1143    0.0572     171.4128     157.6282  0.921  2.388  762 
   55926.293000    -605.8963     242.2918    -981.8902     250.2804    0.1721     -58.7808     -51.9877 -2.926 -1.515  762 
   55927.338100     939.6626     285.9319     806.8268     290.7432    0.1560    -187.1760    -169.3816 -2.835 -3.432  762 
   55930.390900     855.0792     348.5088    1046.4055     350.9301    0.1448    -170.8130    -160.0074 -2.614 -3.080  762 
   55969.100600   -8544.3559     403.6666   -8809.6969     404.9710    0.7542    -655.1429    -623.7667 -6.142 -6.069  762 
   56008.134600  -37142.0447     454.1979  -37920.1464     455.6197    0.9141   -1535.9990   -1462.4571 -11.173 -11.579  762 
   56009.114400  -37379.9916     406.6759  -38698.9584     408.9833    0.8928   -1042.4550    -975.9398 -10.862 -10.282  762 
   56009.128500  -37344.3260     416.2297  -38172.4406     418.1877    0.9100    -943.4507    -887.7833 -7.467 -8.702  762 
   56045.148400  -42121.4764     475.0689  -42708.7882     476.4035    0.9093     146.9543     140.2607  1.109  1.334  762 
   56215.447500  -20236.7629     344.4093  -21366.1212     348.1708    0.7858    2200.1030    2013.6849 33.965 32.942  762 
   56217.445100  -22619.1589     606.9910  -22738.9102     607.6050    0.9035    -770.8277    -751.2237 -5.189 -4.410  762 
   56254.420000  -26009.8119     250.6998  -32862.6724     264.5682    0.7011     632.7958     550.6944 20.855 19.847  762 
   56301.204000  -33088.5657     440.0246  -33673.9735     441.8897    0.9203    1747.7153    1649.5718 13.356 14.055  762 
   56301.237400  -31436.8525     526.2807  -31813.6359     527.3727    0.9194   -7923.7168   -7636.2516 -45.631 -46.359  762 
   56302.300900  -30105.5907     261.1753  -32983.8472     265.0871    0.7863     783.5370     716.3795 15.343 17.450  762 
   56337.369900  -21200.6704     295.6103  -22076.2162     300.8191    0.8748     548.2303     487.1172  9.293  9.716  762 
   56417.145600  -34365.5366     309.8102  -35630.3760     313.6165    0.8608     -56.1575     -50.9785  1.705 -0.991  762 
