   54534.143600  -20039.9754     456.2196  -20402.4777     457.7719    0.8840     540.0588     517.9408 11.834  2.331  762 
   54591.214800   -3471.7447     288.1083   -3399.0821     291.4735    0.4198       0.0000       0.0000 -1.609  0.000  762 
   54861.115600   13579.2586     329.7212   13593.5370     331.8936    0.7864       0.0000       0.0000  5.917  0.000  762 
   54862.106300   12722.2690     247.4845   13053.1538     252.2019    0.7396       0.0000       0.0000  6.699  0.000  762 
   55470.447800  -30304.9794     332.5299  -31447.4519     336.1497    0.8926       0.0000       0.0000  3.380  0.000  762 
   55536.220400  -38130.0388     296.7129  -39858.5334     302.5135    0.9190       0.0000       0.0000 -4.356  0.000  762 
   55538.257000  -37414.9184     262.0890  -41358.0779     271.1120    0.8650       0.0000       0.0000 -4.124  0.000  762 
   55540.328200  -44193.6874     356.2088  -45086.6533     360.2884    0.9402       0.0000       0.0000 -3.163  0.000  762 
   55543.325100  -31843.2473     229.6326  -38204.5106     241.7825    0.7502       0.0000       0.0000  3.286  0.000  762 
   55889.400500    4472.7258     334.7156    4615.9212     337.6651    0.6413       0.0000       0.0000 -5.206  0.000  762 
   55889.413600    4713.6532     346.8715    4857.7486     349.0128    0.5765       0.0000       0.0000 -7.811  0.000  762 
   55924.296700   -1879.3933     178.3892   -2547.6180     189.8203    0.3561       0.0000       0.0000 -0.852  0.000  762 
   55925.181100   -2204.8540     299.3912   -2376.7400     302.5298    0.3826       0.0000       0.0000  0.297  0.000  762 
   55925.281600   -2125.9588     247.8677   -2196.6740     253.2545    0.5329       0.0000       0.0000  0.331  0.000  762 
   55926.293000   -1051.1719     192.1353   -1474.1560     201.4952    0.2801       0.0000       0.0000  1.302  0.000  762 
   55927.338100    -129.7834     225.9146    -222.6814     232.8067    0.0792       0.0000       0.0000 -0.562  0.000  762 
   55930.390900    4811.8207     301.0814    5095.6090     303.6932    0.6253       0.0000       0.0000  6.673  0.000  762 
   55969.100600    8269.2284     314.3426    8412.6696     316.5703    0.7649     -23.6083     -21.5915 -5.516 -0.206  762 
   56008.134600   22919.9174     325.4522   23224.5798     327.4285    0.8947       0.0000       0.0000 -3.846  0.000  762 
   56009.114400   25023.6747     305.1173   25738.1328     307.1883    0.8758       0.0000       0.0000 -5.022  0.000  762 
   56009.128500   25609.6488     312.9322   26294.1305     314.7726    0.8956       0.0000       0.0000 -3.102  0.000  762 
   56045.148400   27678.6304     388.0768   28161.7843     388.9980    0.8927       0.0000       0.0000 -4.419  0.000  762 
   56215.447500   37358.5022     263.1209   38910.4866     265.6310    0.8303       0.0000       0.0000 -2.865  0.000  762 
   56217.445100   38734.9296     463.5611   38907.1871     464.2863    0.9162       0.0000       0.0000 -1.272  0.000  762 
   56254.420000   16974.9618     189.7956   21502.9697     196.9241    0.6161       0.0000       0.0000 11.680  0.000  762 
   56301.204000   10677.3154     318.0708   10752.1635     321.1591    0.8315     864.9842     779.0892 13.313  6.513  762 
   56301.237400   11943.0364     368.7113   11981.2427     370.8733    0.8246       0.0000       0.0000  8.917  0.000  762 
   56302.300900    6985.0372     217.0025    7707.4044     219.5888    0.6040       0.0000       0.0000  2.723  0.000  762 
   56337.369900   15105.4607     224.7370   16350.9766     230.4547    0.8600       0.0000       0.0000  3.687  0.000  762 
   56417.145600   18212.2685     248.8700   19311.5487     251.6235    0.8484       0.0000       0.0000  2.920  0.000  762 
