   54534.143600   18271.8581     483.1574   18144.8831     484.7062    0.8799   -2436.3899   -2348.6532 -10.430 -10.403  762 
   54591.214800   14777.0597     306.6082   14994.2121     313.0195    0.9115    -219.6424    -193.6326 -1.924 -2.524  762 
   54861.115600    3900.7962     378.0287    4238.9029     381.3607    0.3514    -557.9432    -516.7749 -3.688 -3.803  762 
   54862.106300     965.8012     290.7564    2526.4526     298.5893    0.1716     -76.3650     -65.6596 -3.145 -0.840  762 
   55470.447800   -1972.8327     333.4774   -2162.1085     340.1122    0.2823      65.3370      57.0182 -1.317  0.791  762 
   55536.220400    5677.7295     296.3344    5903.0331     305.4322    0.4860     429.5192     360.9371  3.342  4.768  762 
   55538.257000    6065.7561     262.0872    6839.3124     275.5104    0.5231     463.2809     372.2140  8.628  7.341  762 
   55540.328200   11275.0649     362.2121   11517.9433     366.7286    0.8179     642.2840     583.3880  5.200  4.193  762 
   55543.325100    6613.2294     234.6421    5349.3238     254.4746    0.4579     294.0784     225.2797  5.172  5.784  762 
   55889.400500   12183.4924     354.6177   12834.9583     360.0821    0.8267     779.4135     694.5074  6.270  6.372  762 
   55889.413600   13809.4146     368.5373   14041.4309     372.2149    0.8614     504.0507     462.4457  4.243  3.381  762 
   55924.296700   -1781.1808     199.2890    -519.7675     224.4673    0.0601      53.1371      37.6679  3.382  1.283  762 
   55925.181100     150.2654     312.7486    1165.5693     319.1008    0.1472     321.2446     279.5811  3.688  3.353  762 
   55925.281600     587.0668     268.1719    1368.7680     279.4255    0.2008    -180.8402    -147.0569 -0.198 -2.251  762 
   55926.293000   -1075.5090     211.6052     408.8507     232.7051    0.0617     -28.8529     -21.2120 -1.164 -0.643  762 
   55927.338100   -1122.7864     245.4605   -1594.5584     261.8156    0.3666    -119.6227     -93.1465 -2.535 -1.935  762 
   55930.390900   -3088.9139     314.5805   -4701.1930     323.0708    0.4215    -331.9179    -288.5854 -5.547 -5.784  762 
   55969.100600    4568.2212     329.8493    5209.5016     334.6659    0.5468     703.9911     629.4407  7.267  6.244  762 
   56008.134600    9971.5722     362.1476   10705.4271     365.5472    0.7458     -17.1886     -15.7972 -1.101 -0.121  762 
   56009.114400    9206.8335     331.8913    9609.8067     337.4918    0.8469     414.8894     368.5261  4.188  3.888  762 
   56009.128500    8512.7126     335.0443    8625.2769     340.6155    0.7625     273.5293     243.5271  1.121  2.429  762 
   56045.148400    4004.3456     402.8455    3655.9182     406.2126    0.4175     567.3269     524.7329  6.726  5.086  762 
   56215.447500    1620.9170     289.7110    1978.9338     300.8278    0.2219    -364.9132    -300.7351 -7.196 -5.138  762 
   56217.445100   10305.9361     492.5561   10350.6256     494.5363    0.6671   -2606.5443   -2477.8334 -14.332 -14.643  762 
   56254.420000    2281.2388     216.1455   -1669.9587     242.9929    0.1100    -330.1646    -250.2909 -13.378 -9.454  762 
   56301.204000    3236.7885     339.6234    3569.2185     346.0462    0.2444   -1765.6232   -1554.2612 -12.174 -13.521  762 
   56301.237400    5330.1700     394.4085    5371.5756     398.5179    0.2536   -3543.1327   -3256.0364 -20.692 -20.031  762 
   56302.300900    2277.6756     236.0608    2320.6667     243.3951    0.2240    -211.4978    -181.5532 -9.562 -4.490  762 
   56337.369900   13829.9792     238.6658   11320.8413     256.8032    0.6809    -342.1351    -264.8253 -7.582 -5.565  762 
   56417.145600    2450.7365     262.9889   -1281.0679     275.1423    0.1069    -490.1669    -404.8536 -10.047 -8.251  762 
