   54534.143600   29388.3997     935.3191   24385.8754    1021.9174      -nan  -29388.3997  -24385.8754 -115.635 -108.362  762 
   54591.214800    -841.6990       3.1519    -841.6990       3.1519      -nan     841.6990     841.6990  9.953 10.855  762 
   54861.115600    2811.6478       4.1786    2811.6478       4.1786      -nan   -2811.6478   -2811.6478 -27.291 -21.888  762 
   54862.106300     350.0688       3.0236     350.0688       3.0236      -nan    -350.0688    -350.0688 -7.274 -4.936  762 
   55470.447800     568.7791       3.0944     568.7791       3.0944      -nan    -568.7791    -568.7791 -10.608 -7.751  762 
   55536.220400    1171.8394       3.1629    1171.8394       3.1629      -nan   -1171.8394   -1171.8394 -16.663 -15.337  762 
   55538.257000     749.5430       2.5222     749.5430       2.5222      -nan    -749.5430    -749.5430 -16.129 -15.084  762 
   55540.328200    7859.0097       4.4780    7859.0097       4.4780      -nan   -7859.0097   -7859.0097 -55.022 -55.840  762 
   55543.325100     228.7477       2.1967     228.7477       2.1967      -nan    -228.7477    -228.7477 -9.038 -6.039  762 
   55889.400500    4356.7585       3.8575    4356.7585       3.8575      -nan   -4356.7585   -4356.7585 -38.927 -40.175  762 
   55889.413600    7332.5023       4.3945    7332.5023       4.3945      -nan   -7332.5023   -7332.5023 -52.188 -53.997  762 
   55924.296700    -107.1826       1.8702    -107.1826       1.8702      -nan     107.1826     107.1826  3.892  3.860  762 
   55925.181100     388.3818       3.3013     388.3818       3.3013      -nan    -388.3818    -388.3818 -5.420 -4.679  762 
   55925.281600     472.3935       2.8809     472.3935       2.8809      -nan    -472.3935    -472.3935 -4.872 -7.370  762 
   55926.293000     -97.6639       2.0019     -97.6639       2.0019      -nan      97.6639      97.6639  4.369  3.078  762 
   55927.338100      17.7634       2.4525      17.7634       2.4525      -nan     -17.7634     -17.7634  1.030 -0.378  762 
   55930.390900     -85.2407       2.5097     -85.2407       2.5097      -nan      85.2407      85.2407  3.729  1.730  762 
   55969.100600    1637.2424       3.6652    1637.2424       3.6652      -nan   -1637.2424   -1637.2424 -14.272 -16.258  762 
   56008.134600    4815.0853       4.1952    4815.0853       4.1952      -nan   -4815.0853   -4815.0853 -37.357 -38.119  762 
   56009.114400    2196.7778       3.5532    2196.7778       3.5532      -nan   -2196.7778   -2196.7778 -22.261 -23.372  762 
   56009.128500    2501.2522       3.6883    2501.2522       3.6883      -nan   -2501.2522   -2501.2522 -26.158 -24.878  762 
   56045.148400    2852.2686       3.7394    2852.2686       3.7394      -nan   -2852.2686   -2852.2686 -30.195 -27.748  762 
   56215.447500   -1210.3676       2.7354   -1210.3676       2.7354      -nan    1210.3676    1210.3676 20.241 20.523  762 
   56217.445100   13092.8542       5.0524   13092.8542       5.0524      -nan  -13092.8542  -13092.8542 -86.185 -76.626  762 
   56254.420000    -287.1201       1.7770    -287.1201       1.7770      -nan     287.1201     287.1201  8.253 11.301  762 
   56301.204000    3877.6742       3.9831    3877.6742       3.9831      -nan   -3877.6742   -3877.6742 -32.124 -33.407  762 
   56301.237400   16749.9963       4.9421   16749.9963       4.9421      -nan  -16749.9963  -16749.9963 -104.751 -101.921  762 
   56302.300900     -49.2515       2.2009     -49.2515       2.2009      -nan      49.2515      49.2515  2.904  1.275  762 
   56337.369900    -458.8376       2.4422    -458.8376       2.4422      -nan     458.8376     458.8376  9.463  9.707  762 
   56417.145600    -142.5402       2.4491    -142.5402       2.4491      -nan     142.5402     142.5402  1.959  2.993  762 
