   54534.143600   -1318.5776     560.4292   -1322.4365     560.9249    0.2116    -828.2749    -815.8863 -25.412 -3.659  762 
   54591.214800    3059.4506     322.2771    2997.0990     323.8866    0.4341     357.3920     337.5117  9.647  4.496  762 
   54861.115600   -1169.2387     395.4410   -1141.9613     396.3914    0.1317       0.0000       0.0000 -10.451  0.000  762 
   54862.106300   -1647.7209     290.8885   -1675.3505     293.5353    0.2593       0.0000       0.0000 -7.641  0.000  762 
   55470.447800     574.3902     353.5236     720.7771     354.8098    0.1034       0.0000       0.0000 -8.599  0.000  762 
   55536.220400   -3668.9723     323.2551   -3787.4267     325.2463    0.5312       0.0000       0.0000 -14.137  0.000  762 
   55538.257000   -3559.1239     275.4170   -3615.8276     279.1395    0.5806       0.0000       0.0000 -11.163  0.000  762 
   55540.328200   -2083.6362     415.7317   -2158.1763     416.7405    0.4876   -2824.6059   -2718.1975 -29.516 -19.141  762 
   55543.325100    -784.5739     240.3806    -424.3787     245.8386    0.0441       0.0000       0.0000 -4.191  0.000  762 
   55889.400500    2559.2673     389.5292    2558.8629     390.7831    0.3478       0.0000       0.0000 -9.177  0.000  762 
   55889.413600    3541.1028     409.6976    3554.5433     410.5574    0.3987    -547.2347    -527.7382 -14.144 -3.882  762 
   55924.296700     -60.1999     195.8270      -0.0936     204.4644    0.0000       0.0000       0.0000  2.232  0.000  762 
   55925.181100    -751.8048     335.7717    -834.2254     337.2446    0.1276       0.0000       0.0000 -5.236  0.000  762 
   55925.281600    -238.1023     280.2976    -219.3282     283.0938    0.0459       0.0000       0.0000  1.168  0.000  762 
   55926.293000      54.9723     210.8154     -90.7564     217.8526    0.0149       0.0000       0.0000 -0.761  0.000  762 
   55927.338100     657.4745     250.9262     721.5876     255.1883    0.2002       0.0000       0.0000 -2.856  0.000  762 
   55930.390900    2802.0697     319.6862    3007.2958     321.5555    0.4319       0.0000       0.0000  3.872  0.000  762 
   55969.100600   -4791.3760     361.2850   -4780.4050     362.3902    0.7118    -488.2865    -465.7340 -10.410 -4.505  762 
   56008.134600    -123.7256     391.9118    -189.2462     392.9189    0.1581   -1241.4932   -1190.8386 -18.705 -9.694  762 
   56009.114400    -579.1937     354.8141    -542.7573     356.1543    0.1835    -562.4802    -533.9635 -14.259 -5.710  762 
   56009.128500    1485.9938     364.2699    1656.3909     365.3776    0.1620    -419.0522    -400.0551 -14.704 -3.924  762 
   56045.148400    1367.6738     430.2617    1414.7974     430.9740    0.0831    -716.8597    -693.6073 -13.841 -6.571  762 
   56215.447500     647.3480     302.9504     884.5102     305.3406    0.3036    1279.0202    1186.1965 18.808 19.328  762 
   56217.445100    1659.5456     543.8844    1609.8326     544.4074    0.1477       0.0000       0.0000 -12.654  0.000  762 
   56254.420000     247.8085     211.9676     553.9523     220.6307    0.1032     777.0309     695.3284 38.069 25.954  762 
   56301.204000    1732.1848     380.1252    1642.3626     381.4343    0.4817    2429.0863    2313.8461 19.821 19.613  762 
   56301.237400     381.6183     454.6903     364.4757     455.5526    0.0121    -482.6721    -467.8339 -16.079 -2.830  762 
   56302.300900     773.5032     231.8137     845.2881     234.0282    0.1814     588.0579     549.7879 25.420 13.746  762 
   56337.369900    1633.6734     253.6406    2140.1907     257.4216    0.4623    2505.5189    2260.0731 50.531 44.843  762 
   56417.145600    5761.9752     271.0242    6239.4243     273.0825    0.4892     947.3246     881.8152 34.162 16.913  762 
