   54534.143600    3677.8886     687.8893    3666.9615     688.8339    0.2484   -6948.1912   -6798.9875 -29.840 -30.419  762 
   54591.214800    1164.6680     388.2590    1248.5622     390.3723    0.2267     970.1684     913.4851 12.621 12.064  762 
   54861.115600   -3001.5788     481.8401   -3257.0988     483.0904    0.1975     885.6534     847.0770  8.910  6.895  762 
   54862.106300   -5250.4699     358.0535   -5696.8191     361.7585    0.3798     997.7778     920.7573 16.030 13.574  762 
   55470.447800    5935.3561     413.9122    6036.8541     415.8803    0.4672    -298.1379    -281.1789 -1.057 -3.693  762 
   55536.220400    6608.2698     390.1245    6827.5419     392.4266    0.4404    -792.9170    -741.8180 -4.757 -9.323  762 
   55538.257000    6706.5212     330.0496    7410.4748     335.2839    0.5214     280.3110     254.8060  5.317  4.953  762 
   55540.328200   11221.7667     510.9868   11208.2294     512.0369    0.6342   -2644.3514   -2540.0939 -19.874 -17.910  762 
   55543.325100    8618.8891     290.1316   10371.2252     298.0180    0.6331      70.4230      63.2571  3.041  1.588  762 
   55889.400500   -1359.1237     475.1120   -1486.6232     476.7186    0.1531     260.0205     246.6239  0.527  2.258  762 
   55889.413600     142.4592     499.2391      99.1681     500.3605    0.0614     443.8284     425.2558  2.849  3.125  762 
   55924.296700   -1652.4870     241.7497   -2834.3416     255.9943    0.2096     -87.4339     -76.0590 -2.391 -2.594  762 
   55925.181100   -3760.9790     404.5656   -4144.6557     406.5338    0.3622      96.6496      90.7933  0.229  1.063  762 
   55925.281600   -1488.6469     344.2559   -1711.0994     348.2799    0.2592     101.7410      93.2598  0.141  1.435  762 
   55926.293000   -1293.6762     258.6491   -2550.8897     270.3320    0.1871     155.0871     136.3878  0.670  4.096  762 
   55927.338100    -865.1493     307.8827   -1111.0774     314.6449    0.2023     137.9660     124.1563  3.887  2.565  762 
   55930.390900      65.9174     367.6462     314.2556     371.1774    0.0033    -309.5669    -288.8400 -4.424 -5.612  762 
   55969.100600    1110.4305     433.5488     928.7748     434.8813    0.0055   -1020.1849    -970.4523 -8.815 -9.425  762 
   56008.134600      47.6347     478.0207    -143.3519     479.2556    0.1050   -1017.2716    -971.6457 -8.636 -7.844  762 
   56009.114400    1018.8301     426.0964    1009.5018     427.9231    0.0412   -1417.0854   -1338.8996 -16.014 -14.277  762 
   56009.128500    1222.8589     438.9060    1170.8736     440.4583    0.0278   -1003.8976    -952.4815 -7.747 -9.357  762 
   56045.148400   -2797.9053     496.0052   -2773.3289     497.0919    0.1658     956.3411     917.7823 12.113  8.728  762 
   56215.447500    6017.1984     364.0486    6423.5678     367.6590    0.5860    1560.4358    1442.2552 29.213 23.645  762 
   56217.445100    9409.2519     641.7118    9267.1971     642.5047    0.4693   -3604.2195   -3505.0304 -19.800 -20.574  762 
   56254.420000    4668.3420     253.8552    5087.1960     268.1985    0.3374    1153.4782    1021.5763 42.513 38.263  762 
   56301.204000    3883.2944     470.2101    3730.3722     471.7156    0.4928    2582.0338    2452.7082 21.633 20.842  762 
   56301.237400    4650.6604     563.8446    4567.2903     564.9750    0.2076   -7170.4442   -6913.8532 -42.108 -41.850  762 
   56302.300900    2621.0888     266.1641    2526.6494     270.4087    0.3341    1358.0881    1252.1567 35.002 31.358  762 
   56337.369900    9427.3036     311.0793   10589.5378     316.2722    0.7054    2377.8973    2154.4161 51.609 43.150  762 
   56417.145600    4916.8975     321.6910    5964.3284     325.0055    0.4658    1589.2652    1470.1420 31.812 28.596  762 
