   54534.143600 -128102.2580     566.9160 -128469.8747     567.7895    0.9750   -2955.6896   -2872.7475 -15.153 -12.952  762 
   54591.214800 -111852.0847     335.1318 -116748.6167     339.4993    0.9097     241.9102     218.8730 -2.429  2.965  762 
   54861.115600  -94068.7714     397.0091  -96093.2372     399.1517    0.9533   -1804.9488   -1695.4029 -22.897 -14.376  762 
   54862.106300  -89697.4699     297.3099  -96455.1937     303.7673    0.8975    -129.1331    -113.5498 -14.732 -1.774  762 
   55470.447800  -62362.8003     355.5165  -63975.9435     357.6984    0.9371    -412.5034    -385.0746 -13.730 -5.018  762 
   55536.220400  -32815.3432     315.1879  -33763.8156     317.2926    0.9263     306.4649     286.0052  5.127  3.564  762 
   55538.257000  -29346.3301     267.7261  -31399.5231     272.0919    0.8884      91.7157      82.6556  1.408  1.621  762 
   55540.328200  -29085.5773     404.0481  -29379.8548     404.8844    0.9343   -1089.2145   -1051.1968 -8.087 -7.425  762 
   55543.325100  -25057.3656     232.8129  -27662.9902     239.5137    0.8313      99.2394      88.0316  4.800  2.232  762 
   55889.400500    1108.0670     371.6232    1043.5480     372.3987    0.0252    -914.7453    -883.7304 -8.527 -8.155  762 
   55889.413600    2075.8640     392.6702    2053.1251     393.1225    0.0471   -1725.0760   -1682.7836 -13.297 -12.470  762 
   55924.296700     873.6904     179.4949     917.2126     187.7135    0.1091    -106.4073     -94.4001 -2.371 -3.301  762 
   55925.181100   -1409.1412     319.9814   -1472.9460     320.9003    0.2575    -255.2874    -244.6700 -3.278 -2.862  762 
   55925.281600     164.1360     262.3740     101.5488     264.3601    0.0111     -56.2333     -52.5967 -5.243 -0.821  762 
   55926.293000   -1118.0142     195.0094   -1686.1975     201.7092    0.2434      32.2975      28.9608 -3.338  0.887  762 
   55927.338100    -333.5802     234.1730    -453.8282     237.6627    0.1344     -29.6342     -27.2548  0.144 -0.571  762 
   55930.390900     675.5574     306.1383     819.9194     307.4384    0.1802     181.0863     173.0063  4.999  3.373  762 
   55969.100600    5255.7868     343.1895    5254.6016     343.7560    0.5698   -1260.9136   -1222.8305 -23.320 -11.869  762 
   56008.134600    9753.1635     370.1669    9796.0358     370.6240    0.5878   -2734.2119   -2667.2056 -35.327 -22.077  762 
   56009.114400   10123.5262     334.9672   10357.2177     335.5836    0.7108   -1716.8114   -1664.8983 -31.279 -18.005  762 
   56009.128500    9624.2444     345.9773    9768.9884     346.5280    0.6572   -2216.7578   -2154.8046 -31.641 -21.252  762 
   56045.148400    5966.3270     415.1059    6058.4083     415.4455    0.5841      39.4585      38.6535  1.547  0.368  762 
   56215.447500   18116.5648     280.1781   18789.3531     281.2688    0.8595    1630.9047    1560.7862 37.857 25.565  762 
   56217.445100   14146.4409     523.3313   14200.9597     523.4862    0.8102    2652.0853    2623.3391 15.463 15.498  762 
   56254.420000   11732.8054     191.6602   14091.0147     198.0184    0.6429     902.5591     826.5356 36.433 31.829  762 
   56301.204000   10656.6413     358.2012   10898.3636     358.7176    0.7885    3597.9890    3500.1612 30.138 29.762  762 
   56301.237400   12836.8596     432.6448   12863.3759     432.9496    0.8374     532.7762     523.4191  4.886  3.174  762 
   56302.300900   13639.4045     216.8152   14419.5178     218.0086    0.7614     714.6270     682.6330 26.306 17.440  762 
   56337.369900   14929.0308     232.0550   15734.0315     233.9811    0.8287    1523.1651    1416.0098 41.664 28.310  762 
   56417.145600   19784.4182     252.1195   20418.0726     252.9890    0.8665    1120.9458    1072.0535 22.722 20.657  762 
