   54534.143600    6848.2855     566.3732    6843.3453     567.4644    0.4755   -1549.5300   -1514.9752 -6.513 -6.767  762 
   54591.214800    6143.3444     335.7177    6514.2764     339.0565    0.8071    2748.9022    2524.4300 34.734 33.372  762 
   54861.115600   -1231.6774     406.7205   -1193.6898     409.0283    0.0802     518.6780     488.0452  3.881  4.018  762 
   54862.106300    -955.8807     305.2990   -1236.1615     310.9216    0.1299     360.0125     319.7805  4.278  4.808  762 
   55470.447800    -247.9884     366.4275     -41.5520     369.5047    0.0306    -198.4429    -182.7443 -2.024 -2.387  762 
   55536.220400    3409.2630     334.7470    3984.0743     338.6994    0.5213     496.2810     449.6606  3.703  5.617  762 
   55538.257000    3472.7460     289.1161    4020.1839     296.0943    0.4750     324.4999     282.4738  7.559  5.494  762 
   55540.328200    4787.7279     424.7504    4946.0562     427.0599    0.5991    1674.8926    1582.1115 13.735 11.099  762 
   55543.325100    4473.0423     254.8252    5834.3381     264.5758    0.6130     357.3157     305.2871  8.077  7.659  762 
   55889.400500     -17.6734     402.8835     -79.6456     405.9551    0.0570    -316.2133    -293.2696 -3.090 -2.683  762 
   55889.413600    2808.1380     420.5572    2864.9985     422.6427    0.1325   -1991.1360   -1882.6630 -12.418 -13.827  762 
   55924.296700    -791.7192     212.5336   -1614.8434     228.4079    0.1736      47.1146      38.3257  0.069  1.313  762 
   55925.181100   -3667.6170     349.5179   -3897.6014     352.9746    0.4784    -204.5083    -187.0066  0.402 -2.181  762 
   55925.281600   -2183.2825     295.7410   -2403.3480     301.7444    0.4901    -306.3061    -268.7537 -4.083 -4.146  762 
   55926.293000   -1675.6394     227.5901   -2625.6233     240.7854    0.2960    -105.4684     -87.3296 -4.027 -2.632  762 
   55927.338100    -974.0607     267.1701    -926.0094     275.6225    0.2296      42.6998      36.6154  0.476  0.759  762 
   55930.390900     663.6947     333.5246     886.5794     337.6087    0.1527      66.4896      60.6756  1.267  1.176  762 
   55969.100600   -8448.6173     373.8555   -8582.7028     376.5628    0.7950   -1451.7324   -1348.6983 -13.798 -13.045  762 
   56008.134600   -4054.3510     404.2550   -4304.3785     406.7705    0.5773   -2196.6374   -2059.7232 -17.645 -16.726  762 
   56009.114400   -1454.4212     367.2726   -1482.4692     370.3779    0.3780   -1443.3349   -1332.1461 -13.608 -14.255  762 
   56009.128500     381.6561     376.6148     363.7848     379.4076    0.1529   -1563.3867   -1452.7783 -13.122 -14.251  762 
   56045.148400    3387.1405     440.0140    3478.7095     441.6801    0.3486    -442.5581    -420.5679 -6.331 -3.986  762 
   56215.447500    6675.0838     315.7955    7423.6253     320.8493    0.7517    4288.8704    3833.4948 61.171 62.702  762 
   56217.445100    8257.6573     551.4628    8276.4163     552.6636    0.7915    4165.3625    4031.8071 21.906 23.578  762 
   56254.420000    7380.7752     225.5934    9841.8458     239.7060    0.5921    2034.5458    1722.8240 65.413 64.848  762 
   56301.204000    1569.9259     392.4484    1528.0432     395.6044    0.5838    5945.1741    5516.6864 48.874 46.620  762 
   56301.237400    3147.5961     464.5940    3121.0414     466.6882    0.4471     774.1626     737.9758  4.179  4.443  762 
   56302.300900    1487.5842     242.4411    1789.3729     246.7881    0.3822    2554.2049    2302.5090 57.295 57.960  762 
   56337.369900   12371.1522     267.5040   14048.9553     274.4473    0.8463    3938.4161    3402.7685 66.958 67.596  762 
   56417.145600    5797.6565     285.2599    7365.4942     289.5995    0.6868    2837.5563    2543.2438 52.093 48.993  762 
