   54534.143600  -38589.5551     689.7699  -39809.3567     694.2200    0.4972  -11424.2523  -11240.9268 -105.366 -50.029  762 
   54591.214800   11557.3952     377.5461   11414.6360     378.4944    0.3888   -1453.9319   -1386.6589 -61.007 -17.812  762 
   54861.115600    7771.2396     466.8670    7332.5522     468.0146    0.2323       0.0000       0.0000  0.112  0.000  762 
   54862.106300    6760.7761     329.6199    6734.4399     343.0054    0.3288       0.0000       0.0000 12.292  0.000  762 
   55470.447800   -1412.1648     404.2760   -1551.3179     405.2396    0.1101       0.0000       0.0000 -14.033  0.000  762 
   55536.220400     221.0481     378.7270     162.0964     379.8740    0.0096       0.0000       0.0000 -21.553  0.000  762 
   55538.257000     676.8864     319.2537     198.0309     321.8012    0.0154       0.0000       0.0000 -6.177  0.000  762 
   55540.328200   -7633.1188     503.8702   -7808.9150     505.4494    0.2246   -3207.9141   -3110.6045 -57.787 -21.716  762 
   55543.325100    2369.9807     277.6191    2332.9412     281.4945    0.1907       0.0000       0.0000  5.961  0.000  762 
   55889.400500   -2647.5397     463.2322   -2610.1795     464.2466    0.1668   -2125.0290   -2036.6961 -45.249 -18.559  762 
   55889.413600   -7889.5324     490.5464   -7938.9250     491.8185    0.2392   -2119.8049   -2050.7663 -48.803 -15.013  762 
   55924.296700    -655.4283     225.2061    -610.2448     231.3885    0.0198       0.0000       0.0000  9.994  0.000  762 
   55925.181100   -3834.9354     392.0508   -3919.7998     392.9893    0.2134       0.0000       0.0000 -13.053  0.000  762 
   55925.281600    -770.2898     331.6361    -765.0671     333.2264    0.0810       0.0000       0.0000 -9.104  0.000  762 
   55926.293000    -861.0903     242.8700    -763.3100     247.5833    0.0395       0.0000       0.0000 12.242  0.000  762 
   55927.338100    -121.9056     294.0791      76.9588     296.6718    0.0131       0.0000       0.0000 -4.008  0.000  762 
   55930.390900    1637.3918     280.6334    2937.7360     356.6228    0.2929       0.0000       0.0000 -12.160  0.000  762 
   55969.100600   -2724.7367     421.8961   -2723.6366     422.7649    0.1180       0.0000       0.0000 -2.269  0.000  762 
   56008.134600  -13027.7057     468.5353  -12881.6607     469.7085    0.3378       0.0000       0.0000 -21.016  0.000  762 
   56009.114400   -6724.8256     416.4881   -6524.9255     417.3763    0.3162       0.0000       0.0000 -22.821  0.000  762 
   56009.128500   -7403.7621     429.4070   -7197.1116     430.2697    0.2617       0.0000       0.0000 -26.877  0.000  762 
   56045.148400    3896.6556     485.4446    3810.2803     486.0789    0.0593   -1947.6010   -1887.2632 -53.862 -17.911  762 
   56215.447500   -5881.9687     317.6033   -8547.2743     356.5612    0.5116   -1321.4857     -95.5687 -35.274 -1.556  762 
   56217.445100  -46451.0037     645.2126  -46534.1636     647.0827    0.5554   -7885.4347   -7722.2457 -107.483 -44.788  762 
   56254.420000    1459.5593     231.8875    2402.2728     245.3374    0.0645       0.0000       0.0000 -4.335  0.000  762 
   56301.204000  -17265.4158     461.7722  -17200.3430     463.0324    0.3759    -470.1994    -451.7022 -46.916 -3.803  762 
   56301.237400  -35342.1452     561.5932  -35924.8156     563.9031    0.5092  -10235.1421   -9967.7399 -107.241 -59.734  762 
   56302.300900     867.8751     255.7235    1122.0833     257.4297    0.0893       0.0000       0.0000 -12.665  0.000  762 
   56337.369900      10.1107     289.7988     663.5093     303.7969    0.0321       0.0000       0.0000 -43.687  0.000  762 
   56417.145600   11936.4211     307.3009   12382.1101     308.6923    0.4834       0.0000       0.0000 -40.489  0.000  762 
