   54534.143600  -26779.1029     645.4560  -27396.9654     645.7163    0.5818   -7329.6771   -7270.8016 -84.387 -32.379  762 
   54591.214800     824.9222     353.0357     832.7878     353.8983    0.0858       0.0000       0.0000 -7.673  0.000  762 
   54861.115600   -6022.8882     449.4076   -5964.1409     449.7258    0.3808       0.0000       0.0000 -22.450  0.000  762 
   54862.106300   -6987.3363     327.0952   -7109.0067     328.6921    0.6189       0.0000       0.0000 -9.004  0.000  762 
   55470.447800   -2109.7185     375.3014   -2069.6489     376.2084    0.2074       0.0000       0.0000 -15.599  0.000  762 
   55536.220400   -3630.2780     348.6140   -3440.6520     349.7383    0.3144       0.0000       0.0000 -9.372  0.000  762 
   55538.257000     537.2405     293.3546     715.9015     295.9996    0.0819       0.0000       0.0000  4.047  0.000  762 
   55540.328200   -4093.5641     465.3074   -3995.4069     465.5453    0.2608   -1881.0865   -1849.5964 -42.918 -13.097  762 
   55543.325100   -2604.2029     257.3340   -2745.1977     262.0348    0.3712       0.0000       0.0000 -6.330  0.000  762 
   55889.400500   -3226.8364     430.5770   -3064.1825     431.0823    0.2368     -95.1716     -92.7285 -24.484 -0.848  762 
   55889.413600   -6503.6974     458.0065   -6406.6815     458.2820    0.3437    -765.7620    -751.5651 -37.131 -5.503  762 
   55924.296700     793.2044     209.5099     701.0604     216.9802    0.0878       0.0000       0.0000  6.706  0.000  762 
   55925.181100    -997.9363     362.6854    -921.0591     363.4595    0.0991       0.0000       0.0000 -8.856  0.000  762 
   55925.281600    -670.1077     306.1042    -636.7087     307.9223    0.0951       0.0000       0.0000 -5.343  0.000  762 
   55926.293000   -1604.7526     226.0665   -1806.7755     232.0791    0.2577       0.0000       0.0000  2.603  0.000  762 
   55927.338100   -1505.3113     271.5623   -1625.6758     275.0105    0.3050       0.0000       0.0000 -4.292  0.000  762 
   55930.390900     987.1276     334.1765     987.5187     335.8366    0.1516       0.0000       0.0000 -2.214  0.000  762 
   55969.100600    -445.5916     391.7970    -332.6491     392.2331    0.0314       0.0000       0.0000 -14.290  0.000  762 
   56008.134600     397.7013     439.2618     413.8527     439.5634    0.0235       0.0000       0.0000 -29.280  0.000  762 
   56009.114400    3775.3308     387.4566    3919.8473     388.1007    0.3319       0.0000       0.0000 -20.545  0.000  762 
   56009.128500    2463.6144     397.7431    2611.8943     398.2794    0.1679    -226.3686    -220.6522 -26.222 -2.172  762 
   56045.148400    1259.5657     457.3633    1402.5327     457.6941    0.0852       0.0000       0.0000 -24.465  0.000  762 
   56215.447500      18.4966     325.1404     176.5576     326.8865    0.0932     546.0689     518.1934 19.795  8.585  762 
   56217.445100  -25010.3408     603.3327  -25042.0638     603.5002    0.5464    -703.8360    -695.9013 -62.569 -4.077  762 
   56254.420000    -180.2162     225.1029   -1163.9366     233.4569    0.0953       0.0000       0.0000  8.498  0.000  762 
   56301.204000   -3107.9432     424.1565   -2893.4105     424.5899    0.1752       0.0000       0.0000 -20.497  0.000  762 
   56301.237400  -19872.2281     518.8585  -19826.0317     519.1031    0.5556   -7531.6511   -7420.7929 -89.681 -45.090  762 
   56302.300900    6589.1039     242.1373    6733.1657     243.9446    0.6095       0.0000       0.0000  9.817  0.000  762 
   56337.369900    3716.2093     271.4380    3909.5842     274.2625    0.3767       0.0000       0.0000 -2.620  0.000  762 
   56417.145600    3320.3638     284.3433    3743.7424     286.0397    0.3483       0.0000       0.0000 -17.904  0.000  762 
