   54534.143600    2595.7568     583.9153    2452.3508     591.2594      -nan   -2595.7568   -2452.3508 -20.163 -10.968  762 
   54591.214800   -1203.6942     346.5259   -1116.2279     360.3719      -nan    1203.6942    1116.2279 -8.275 14.501  762 
   54861.115600     644.6442     422.9909     594.5036     435.3094      -nan    -644.6442    -594.5036 -17.954 -4.950  762 
   54862.106300    -283.9742     296.4182    -267.9199     315.6751      -nan     283.9742     267.9199 -16.301  4.128  762 
   55470.447800     167.4505     373.2502     156.4641     385.0822      -nan    -167.4505    -156.4641 -1.522 -2.046  762 
   55536.220400       9.3194     340.9811       8.5522     356.6970      -nan      -9.3194      -8.5522  4.052 -0.107  762 
   55538.257000    -689.0208     270.7286    -662.8557     286.5562      -nan     689.0208     662.8557 16.140 13.033  762 
   55540.328200    1241.5275     449.5692    1125.8339     461.7034      -nan   -1241.5275   -1125.8339 -4.855 -7.881  762 
   55543.325100      41.2109     221.7518      40.8579     233.7391      -nan     -41.2109     -40.8579  2.439 -1.040  762 
   55889.400500    3112.5407     421.5805    2822.7656     435.5577      -nan   -3112.5407   -2822.7656 -25.624 -25.918  762 
   55889.413600    4395.5527     440.5648    4031.2687     452.0095      -nan   -4395.5527   -4031.2687 -30.494 -29.720  762 
   55924.296700      19.3946       1.8973      19.3946       1.8973      -nan     -19.3946     -19.3946 -2.232 -0.679  762 
   55925.181100     515.2826     360.3027     470.7094     374.7570      -nan    -515.2826    -470.7094 -5.275 -5.527  762 
   55925.281600     198.9882     288.3908     184.6918     304.1250      -nan    -198.9882    -184.6918 -2.691 -2.869  762 
   55926.293000      74.7394       2.0309      74.7394       2.0309      -nan     -74.7394     -74.7394 -1.528 -2.289  762 
   55927.338100     130.1243     242.4886     125.8446     255.8595      -nan    -130.1243    -125.8446 -2.432 -2.638  762 
   55930.390900     277.3009     319.2156     272.5737     327.8426      -nan    -277.3009    -272.5737 -5.782 -5.331  762 
   55969.100600    1270.0999     388.5886    1160.3746     401.3404      -nan   -1270.0999   -1160.3746 -9.348 -11.281  762 
   56008.134600    1914.7981     419.5243    1754.0644     431.9525      -nan   -1914.7981   -1754.0644 -11.535 -14.351  762 
   56009.114400    1028.0943     373.6729     959.5302     385.0100      -nan   -1028.0943    -959.5302 -6.465 -10.295  762 
   56009.128500    1446.5217     387.2798    1341.9919     398.9744      -nan   -1446.5217   -1341.9919 -7.490 -13.183  762 
   56045.148400    1837.9367     452.4099    1740.9149     460.8477      -nan   -1837.9367   -1740.9149 -9.712 -16.589  762 
   56215.447500   -3123.7969     313.7729   -2931.2530     329.3785      -nan    3123.7969    2931.2530 44.573 48.058  762 
   56217.445100   -2680.2210     576.6085   -2515.5336     584.4314      -nan    2680.2210    2515.5336 15.815 14.640  762 
   56254.420000   -1026.6311       1.8027   -1026.6311       1.8027      -nan    1026.6311    1026.6311 34.688 39.274  762 
   56301.204000   -3823.4041     413.6143   -3448.3085     428.7508      -nan    3823.4041    3448.3085 27.971 29.112  762 
   56301.237400    -499.5901     487.7208    -457.8476     499.4530      -nan     499.5901     457.8476  1.931  2.750  762 
   56302.300900   -1166.1055     220.9528   -1174.2962     227.3424      -nan    1166.1055    1174.2962 32.834 30.117  762 
   56337.369900   -1846.7133     257.0755   -1719.6287     281.4979      -nan    1846.7133    1719.6287 27.823 34.394  762 
   56417.145600   -1742.2381     279.2812   -1644.5405     298.5723      -nan    1742.2381    1644.5405 23.722 32.363  762 
