   54534.143600    5522.6411     580.4825    5058.0734     600.1631      -nan   -5522.6411   -5058.0734 -17.620 -22.249  762 
   54591.214800    -319.1709     360.8946    -271.0446     401.4005      -nan     319.1709     271.0446 -13.771  3.361  762 
   54861.115600     964.0750     434.4131     842.7020     466.9467      -nan    -964.0750    -842.7020 -7.000 -6.527  762 
   54862.106300     -65.2024     311.7188     -55.7455     365.5111      -nan      65.2024      55.7455 -4.513  0.775  762 
   55470.447800     278.2800     386.1222     236.5581     423.9650      -nan    -278.2800    -236.5581 -2.575 -3.078  762 
   55536.220400    1037.4688     347.7798     851.8188     394.8818      -nan   -1037.4688    -851.8188 -8.515 -10.666  762 
   55538.257000      37.0466       2.5961      37.0466       2.5961      -nan     -37.0466     -37.0466 -0.628 -0.703  762 
   55540.328200    3499.4373     449.4681    2968.3097     483.9201      -nan   -3499.4373   -2968.3097 -16.145 -20.563  762 
   55543.325100     145.3156       2.2833     145.3156       2.2833      -nan    -145.3156    -145.3156 -4.471 -3.547  762 
   55889.400500    4097.3424     426.8616    3432.9716     466.0558      -nan   -4097.3424   -3432.9716 -37.916 -30.803  762 
   55889.413600    5859.7984     442.5229    5062.1506     474.2642      -nan   -5859.7984   -5062.1506 -38.857 -36.521  762 
   55924.296700      -8.1508       1.9725      -8.1508       1.9725      -nan       8.1508       8.1508 -0.031  0.264  762 
   55925.181100     449.1788     366.5135     373.9540     407.0640      -nan    -449.1788    -373.9540 -2.275 -4.344  762 
   55925.281600     115.7265     296.4585      95.3143     344.9477      -nan    -115.7265     -95.3143 -1.117 -1.423  762 
   55926.293000      43.7403       2.0971      43.7403       2.0971      -nan     -43.7403     -43.7403 -2.744 -1.256  762 
   55927.338100     -82.6948       2.5286     -82.6948       2.5286      -nan      82.6948      82.6948  2.027  1.655  762 
   55930.390900    -266.1360       2.5884    -266.1360       2.5884      -nan     266.1360     266.1360  7.136  5.076  762 
   55969.100600    1276.7905     391.8060    1081.0035     428.1126      -nan   -1276.7905   -1081.0035 -6.235 -10.418  762 
   56008.134600    3398.9014     426.6340    2924.2803     461.9040      -nan   -3398.9014   -2924.2803 -25.883 -22.834  762 
   56009.114400    1271.5202     382.8395    1097.7625     418.7415      -nan   -1271.5202   -1097.7625 -19.073 -11.347  762 
   56009.128500    2289.5310     391.7591    1974.3611     427.5130      -nan   -2289.5310   -1974.3611 -23.221 -19.042  762 
   56045.148400    2205.7879     455.0972    1998.8303     479.5480      -nan   -2205.7879   -1998.8303 -17.893 -18.864  762 
   56215.447500    -850.3362     321.0255    -716.8349     368.0779      -nan     850.3362     716.8349 10.662 11.531  762 
   56217.445100    1324.8495     576.3375    1203.3787     596.9548      -nan   -1324.8495   -1203.3787 -7.356 -6.899  762 
   56254.420000    -292.9431       1.8780    -292.9431       1.8780      -nan     292.9431     292.9431  9.609 10.313  762 
   56301.204000     693.5962     409.6201     581.4592     451.2195      -nan    -693.5962    -581.4592 -3.277 -4.862  762 
   56301.237400    5025.5357     479.4993    4385.6073     511.4988      -nan   -5025.5357   -4385.6073 -25.630 -26.104  762 
   56302.300900     512.1316     233.3276     480.6251     257.5419      -nan    -512.1316    -480.6251 -14.561 -11.638  762 
   56337.369900    -727.9955     256.2823    -596.3612     317.3491      -nan     727.9955     596.3612 15.555 11.808  762 
   56417.145600    -277.6392     275.2629    -242.6673     319.4114      -nan     277.6392     242.6673 -13.211  4.788  762 
