   54534.143600       0.0000       6.0237       0.0000       6.0237      -nan       0.0000       0.0000  0.000  0.000  762 
   54591.214800  -58284.0083     290.0000  -63597.9730     299.3046    0.8592      15.3092      12.9718  0.551  0.173  762 
   54861.115600  -21593.8011     337.4180  -21694.2041     340.9776    0.8647    1896.2350    1739.5604 11.391 12.799  762 
   54862.106300  -18742.8850     259.0135  -17833.0273     266.2778    0.7636     994.3605     848.3177 11.708 10.739  762 
   55470.447800  -31685.1081     310.1370  -33322.9958     316.4109    0.9087     289.2291     251.5090  2.000  3.439  762 
   55536.220400  -19323.3090     266.3601  -21343.1632     275.8003    0.8494    1329.4730    1100.2509 12.679 14.264  762 
   55538.257000  -16305.0985     236.1485  -18337.6811     249.4788    0.8712     810.7268     643.7437 12.984 12.419  762 
   55540.328200  -15192.6113     315.0800  -15787.6571     320.3290    0.8730    1818.8720    1617.4898 11.865 11.593  762 
   55543.325100  -14927.7142     212.2300  -20733.7868     232.3169    0.7818     666.4283     502.2080 12.015 12.503  762 
   55889.400500    4501.5345     310.8943    4719.7717     315.7858    0.7622    1682.8365    1492.2679 14.058 13.585  762 
   55889.413600    4189.2600     323.1110    4212.6244     326.4600    0.6221    1111.1583    1013.2807  8.748  7.362  762 
   55924.296700    1373.3068     169.9535    3867.4170     191.2311    0.3040     -33.6426     -24.2345  1.056 -0.795  762 
   55925.181100    3650.2112     276.6091    4558.3480     281.3942    0.4687    -262.7540    -230.4400 -2.135 -2.716  762 
   55925.281600    2708.8315     231.6173    3569.5175     240.9158    0.5268      14.9790      12.2124  0.553  0.185  762 
   55926.293000    1375.6279     182.1659    3459.7116     199.7615    0.3325     102.0815      76.2268  0.937  2.238  762 
   55927.338100    2360.8071     211.9646    2808.3344     225.3287    0.5382    -188.9929    -148.8642 -3.441 -3.026  762 
   55930.390900    1863.3311     289.9270     753.8017     295.9370    0.0134    -964.9461    -858.4951 -17.414 -16.793  762 
   55969.100600    6878.1712     291.3419    7291.4582     295.1068    0.7962     978.2361     878.4186  8.200  8.593  762 
   56008.134600   13475.7794     314.6095   14441.3136     317.1756    0.8053     275.6916     253.7610  2.308  1.940  762 
   56009.114400    9837.3755     293.6790    9997.1242     298.1657    0.8491     357.2056     318.1318  4.039  3.346  762 
   56009.128500    9723.8660     295.4283    9913.2948     299.7890    0.8583      -6.7758      -6.0521 -0.289 -0.060  762 
   56045.148400    9966.3603     370.4831    9884.5656     372.7132    0.8203     647.3488     605.0823  4.758  5.784  762 
   56215.447500   -3597.7866     256.9268   -3724.9878     266.1919    0.5235     229.6775     190.8716  1.737  3.215  762 
   56217.445100    -841.0972     442.7087    -831.5518     444.4214    0.1251    1759.6534    1672.3587  9.143  9.915  762 
   56254.420000   -4890.6187     192.8572   -9717.6275     216.8325    0.5662    -380.0258    -292.7222 -10.652 -10.692  762 
   56301.204000  -10028.1753     293.2829  -10463.2472     299.9214    0.8807    -825.2547    -714.5542 -5.976 -6.179  762 
   56301.237400   -9935.5805     336.9248  -10340.4206     341.4719    0.8677    -860.0443    -778.2354 -5.134 -4.777  762 
   56302.300900  -10062.5800     221.0010  -10711.3313     226.6992    0.7612    -569.0335    -497.1287 -10.354 -11.945  762 
   56337.369900  -14651.9164     214.3380  -23272.2395     234.4932    0.6242    -232.9873    -175.0195 -3.365 -3.582  762 
   56417.145600  -34308.9763     249.3296  -44428.8745     262.6669    0.7780    -275.3601    -223.6884 -3.260 -4.348  762 
