   54534.143600    9087.3407     820.9823    9432.9683     823.4445    0.5555  -20724.9463  -20511.4900 -97.547 -91.719  762 
   54591.214800    3053.9246     442.6224    2844.4689     444.3812    0.2213       0.0000       0.0000  5.324  0.000  762 
   54861.115600   -9183.6840     565.9465   -9157.8938     567.7383    0.5581       0.0000       0.0000 -8.045  0.000  762 
   54862.106300   -9621.7716     414.0326   -9941.8543     416.1839    0.6709       0.0000       0.0000 -7.234  0.000  762 
   55470.447800    4468.1442     462.7861    4549.1369     464.2714    0.3842    -388.8014    -375.9079 -17.149 -5.071  762 
   55536.220400   -7189.8831     449.1364   -7438.9121     451.1278    0.5431       0.0000       0.0000 -7.601  0.000  762 
   55538.257000   -8653.6110     373.1127   -8831.8052     375.6948    0.6352     -96.9418     -91.6094 -19.114 -1.836  762 
   55540.328200    4481.4611     605.9023    4321.4692     607.9999    0.2275   -8087.9192   -7892.2410 -57.270 -56.137  762 
   55543.325100   -1007.4527     326.1946    -971.5873     329.2985    0.1018       0.0000       0.0000 -7.207  0.000  762 
   55889.400500     142.3763     551.2806      57.7112     553.1530    0.0054       0.0000       0.0000 -6.377  0.000  762 
   55889.413600    3210.3957     583.0044    3099.3163     584.8092    0.2143       0.0000       0.0000  0.383  0.000  762 
   55924.296700     307.8407     267.9562     353.8874     272.4677    0.0377       0.0000       0.0000 10.513  0.000  762 
   55925.181100   -2781.4337     461.3977   -2914.0961     463.1703    0.2997       0.0000       0.0000  5.790  0.000  762 
   55925.281600   -1096.7474     392.6140   -1125.8258     394.7383    0.1500       0.0000       0.0000 -0.726  0.000  762 
   55926.293000   -1390.0414     287.2712   -1679.0511     291.1835    0.2095       0.0000       0.0000  6.685  0.000  762 
   55927.338100    2360.5733     345.1103    2314.9229     347.7368    0.3735       0.0000       0.0000 -0.975  0.000  762 
   55930.390900    3252.7905     398.9889    3456.1454     400.5873    0.3893       0.0000       0.0000  0.124  0.000  762 
   55969.100600   -3202.0144     499.6075   -3325.9852     501.3095    0.4134    -291.9442    -283.1646 -8.303 -2.790  762 
   56008.134600   -3405.0140     559.6287   -3597.5269     561.4546    0.2832       0.0000       0.0000 -9.525  0.000  762 
   56009.114400   -1966.5258     487.4010   -2135.1012     489.0400    0.2140       0.0000       0.0000 -11.715  0.000  762 
   56009.128500    -433.8647     504.0062    -564.9474     505.6739    0.0728    -167.9123    -163.0847 -12.727 -1.625  762 
   56045.148400    1615.4639     554.1712    1297.6436     555.5035    0.0871       0.0000       0.0000  3.137  0.000  762 
   56215.447500   -2591.2635     411.1535   -2538.8963     413.2163    0.2619       0.0000       0.0000 -2.452  0.000  762 
   56217.445100    3339.3815     743.5305    3575.1329     745.2524    0.5737  -14634.4254  -14390.9694 -90.510 -84.840  762 
   56254.420000    -921.0799     279.1171    -823.9359     283.8795    0.0630       0.0000       0.0000 10.864  0.000  762 
   56301.204000    1932.8304     553.4256    2039.8110     555.4196    0.0315   -1724.1317   -1671.1119 -26.351 -14.370  762 
   56301.237400    9418.5984     670.8482    9460.2711     672.9723    0.5810  -20842.3700  -20402.3152 -126.608 -124.316  762 
   56302.300900   -3654.3364     288.1343   -3954.6457     289.8823    0.3099       0.0000       0.0000  1.166  0.000  762 
   56337.369900   -2338.1763     355.1813   -2660.5558     357.8978    0.2017       0.0000       0.0000 -1.831  0.000  762 
   56417.145600    6296.9664     357.6282    6395.3482     359.5383    0.4852       0.0000       0.0000 -7.239  0.000  762 
