   54534.143600   12652.9538      27.0004  -88093.0011     701.6694    0.6827  -12793.9887   -6725.6901 -118.621 -29.628  762 
   54591.214800      -1.2360       6.5037   -3438.7512     361.1486    0.1595       0.0000       0.0000  1.910  0.000  762 
   54861.115600     -13.1597       9.8772  -33472.7624     464.8108    0.6574       0.0000       0.0000 -31.202  0.000  762 
   54862.106300     -18.8696      13.7383  -14759.8015     384.8331    0.6638       0.0000       0.0000 -13.388  0.000  762 
   55470.447800      -6.7693       9.4252  -13207.0075     412.9196    0.4324       0.0000       0.0000 -11.058  0.000  762 
   55536.220400       0.1814       9.4256    1546.1000     386.8468    0.0718       0.0000       0.0000 -16.128  0.000  762 
   55538.257000      -0.8144       6.0824   -2431.1440     323.3820    0.1595       0.0000       0.0000 -8.457  0.000  762 
   55540.328200     -36.6835      18.6086  -27519.8336     519.1253    0.5054       0.0000       0.0000 -52.391  0.000  762 
   55543.325100      -0.6915       5.6952   -2260.8007     293.5984    0.1478       0.0000       0.0000 -4.618  0.000  762 
   55889.400500      -7.1001      10.9375  -12522.2643     465.7941    0.3594       0.0000       0.0000 -35.071  0.000  762 
   55889.413600     -65.6643      25.3565  -25188.5428     514.7429    0.4816       0.0000       0.0000 -47.206  0.000  762 
   55924.296700     -10.3459      11.2391   -5669.7379     267.8665    0.0700       0.0000       0.0000  6.586  0.000  762 
   55925.181100      -4.9331      20.1066   -1004.0179     417.4279    0.0504       0.0000       0.0000 -21.004  0.000  762 
   55925.281600       3.5722      15.2547    3340.6959     361.7854    0.2168       0.0000       0.0000 -7.026  0.000  762 
   55926.293000      -5.8287      10.1707   -6545.4224     280.9387    0.1756       0.0000       0.0000  3.564  0.000  762 
   55927.338100       3.0261      16.0042    1661.9658     328.7101    0.2956       0.0000       0.0000 -5.805  0.000  762 
   55930.390900       0.8825       5.9328    4531.9116     348.4992    0.2811       0.0000       0.0000  0.678  0.000  762 
   55969.100600     -12.8565      13.7208  -12362.1605     436.9955    0.4237       0.0000       0.0000 -19.158  0.000  762 
   56008.134600     -13.6584      10.7575  -27734.4205     464.7791    0.5573       0.0000       0.0000 -41.954  0.000  762 
   56009.114400      -8.0205      10.4163  -13482.8547     423.6614    0.4494       0.0000       0.0000 -25.297  0.000  762 
   56009.128500     -26.3704      18.4842  -14642.9414     452.7142    0.4509       0.0000       0.0000 -28.984  0.000  762 
   56045.148400      -2.6533      10.4503   -4584.9992     477.0725    0.1302       0.0000       0.0000 -27.036  0.000  762 
   56215.447500      -1.7582       9.1564   -2007.6735     371.9697    0.1196       0.0000       0.0000 10.923  0.000  762 
   56217.445100    3323.0341      19.7568  -57637.2104     647.1105    0.6190   -3377.9115   -1744.2811 -97.907 -10.090  762 
   56254.420000      -4.6629       5.5401   -9507.1858     273.0506    0.0789       0.0000       0.0000 16.469  0.000  762 
   56301.204000     -20.5763      14.8430  -20191.9384     476.5910    0.4658       0.0000       0.0000 -42.175  0.000  762 
   56301.237400   21930.0217      22.3305  -50571.5455     577.6836    0.6119  -22022.1533   -9442.2053 -121.692 -56.590  762 
   56302.300900     -41.0758      19.5065   -9561.5291     284.9872    0.5266       0.0000       0.0000  9.129  0.000  762 
   56337.369900       1.2008       9.7985    2769.9822     328.1098    0.1487       0.0000       0.0000  2.765  0.000  762 
   56417.145600      -8.1739       9.3258  -10028.5138     333.6983    0.3472       0.0000       0.0000 -7.907  0.000  762 
