   54534.143600  -67174.9582     623.1829  -68445.2921     627.4652    0.9694   -3935.6249   -3710.0484 -18.007 -16.600  762 
   54591.214800  -67875.8962     402.1876  -71994.1970     416.9761    0.9449    2066.1213    1699.3279 20.799 22.246  762 
   54861.115600  -63498.0063     468.7674  -66725.1664     478.6312    0.9165    -820.4468    -718.4821 -19.764 -5.785  762 
   54862.106300  -56717.4513     370.8048  -66717.6857     392.4177    0.8277    -342.7216    -270.8500 -22.941 -3.966  762 
   55470.447800  -67108.5475     426.4446  -72711.6337     441.4190    0.8964    -758.5696    -627.4748 -15.174 -8.390  762 
   55536.220400  -45695.5101     395.1680  -49702.1636     412.5407    0.8950   -1437.7662   -1158.0067 -20.823 -14.850  762 
   55538.257000  -45086.3512     351.6983  -53258.1729     378.9002    0.8583    -351.4278    -264.3723 -14.309 -5.247  762 
   55540.328200  -50479.2115     484.2075  -52385.0300     493.7789    0.9527   -2710.8618   -2379.2090 -21.452 -16.875  762 
   55543.325100  -39939.0731     314.4646  -48577.1865     349.1768    0.8014    -217.7699    -158.3836 -17.448 -4.094  762 
   55889.400500  -17629.5224     458.0036  -19239.6794     469.6757    0.8885   -1939.1826   -1658.5814 -14.948 -15.298  762 
   55889.413600  -16900.7648     470.3934  -18256.5689     478.6617    0.8798   -2579.9085   -2284.3649 -14.871 -16.872  762 
   55924.296700      87.5077     254.7469    -754.8394     295.8743    0.0722      97.6455      68.6433  1.885  2.425  762 
   55925.181100   -2058.8483     396.2530   -3255.2224     408.5180    0.3396     105.0512      88.0765  3.196  1.048  762 
   55925.281600    -876.6099     346.3853   -2139.2584     365.9778    0.3284     -90.3422     -70.8637 -1.756 -1.103  762 
   55926.293000     325.6097     271.7821   -2144.3233     307.8651    0.2183     -46.6713     -33.5122 -1.347 -1.037  762 
   55927.338100    1820.6038     316.5800    1828.8563     342.5877    0.2543      52.2232      39.3745  1.009  0.830  762 
   55930.390900    1837.6647     376.9367    4106.1508     391.4883    0.3127     236.6033     196.8733  4.444  3.919  762 
   55969.100600   11491.8481     414.7144   11259.0105     423.7940    0.8362    -410.2750    -355.9882 -4.115 -3.503  762 
   56008.134600   -5366.0683     453.3434   -7089.4949     462.0177    0.5692   -1436.4137   -1262.7436 -9.433 -10.173  762 
   56009.114400   -3388.9510     416.4611   -4072.8872     428.0621    0.5728    -911.5029    -774.6210 -8.313 -8.285  762 
   56009.128500   -1922.8385     423.9598   -1875.1763     434.3040    0.3877   -1204.0068   -1034.8730 -9.917 -10.252  762 
   56045.148400  -25421.6061     485.0715  -25745.4832     492.4635    0.9129   -1035.7966    -920.8735 -7.559 -8.875  762 
   56215.447500  -54314.5848     381.9430  -60049.8872     404.0356    0.8380    3837.5913    3002.7044 50.728 50.092  762 
   56217.445100  -64371.9568     607.5828  -66262.3896     613.4083    0.9389    2618.5978    2410.8383 14.162 14.165  762 
   56254.420000    -759.7539       1.7938    -759.7539       1.7938      -nan     759.7539     759.7539 29.558 29.404  762 
   56301.204000 -124822.3184     468.5512 -132047.9840     484.4341    0.9280    1769.1199    1475.4053 11.511 12.645  762 
   56301.237400 -126174.6859     536.8356 -130571.5954     547.5582    0.9493   -5653.0235   -4996.2404 -30.981 -30.379  762 
   56302.300900 -103045.3453     295.8098 -123779.5998     317.6477    0.8048     735.5437     576.5860 10.448 14.783  762 
   56337.369900 -109692.8929     349.3572 -122947.2026     381.0163    0.8964    2584.4035    1835.1799 35.958 37.809  762 
   56417.145600  -55229.6973     343.1149  -56192.5773     361.9120    0.9116    1044.8741     815.8287 11.831 16.517  762 
