   54534.143600     777.0784     536.1405     614.5807     537.5038    0.0482   -1113.6275   -1073.8531 -2.915 -4.787  762 
   54591.214800    5105.4354     331.7959    5764.0149     335.5006    0.6354     744.6529     671.7936  9.101  8.631  762 
   54861.115600    5664.0234     396.2294    5583.2300     398.8063    0.5015     560.5459     520.2862 -17.176  4.154  762 
   54862.106300    3946.7746     299.7860    3780.0077     305.8297    0.4531     388.4016     338.0984 -23.136  4.924  762 
   55470.447800    4888.9634     354.9381    4961.2260     358.8603    0.5530    -519.9748    -468.9052 -17.321 -6.278  762 
   55536.220400   -2244.5371     324.4564   -2327.7884     329.9420    0.4130    -892.7997    -780.8471 -13.358 -10.044  762 
   55538.257000   -3717.8678     284.4130   -4130.2135     293.0809    0.6148      71.9315      60.3129 -3.076  1.199  762 
   55540.328200     405.2072     406.2467     260.2981     409.2756    0.1630   -1742.0711   -1607.0486 -13.336 -11.355  762 
   55543.325100   -1923.9421     250.7662   -1789.2573     262.0017    0.3529    -339.2966    -277.7074 -12.152 -7.202  762 
   55889.400500    2297.7991     387.9651    2402.9808     391.6983    0.1256   -1665.2114   -1510.0446 -12.793 -13.903  762 
   55889.413600    3103.9609     403.9793    3075.9090     406.6258    0.1881   -1772.5383   -1642.2657 -11.272 -12.109  762 
   55924.296700     123.4238     207.5733      -0.1164     222.7111    0.0048      45.0038      35.1423 -1.738  1.243  762 
   55925.181100   -1521.2957     337.0069   -1664.8232     341.2236    0.2614    -118.3024    -105.6564 -3.239 -1.260  762 
   55925.281600     -93.4401     287.5387     -78.1052     294.5988    0.0515    -192.6838    -163.9864 -2.531 -2.548  762 
   55926.293000     120.3927     222.0331     204.3366     234.7895    0.0447      12.5099       9.9791 -1.871  0.309  762 
   55927.338100    1370.6608     260.3995    1531.5062     269.8795    0.3565      22.3311      18.4758  0.539  0.390  762 
   55930.390900    1469.2818     325.8044    2043.0371     330.3384    0.3196     255.7966     229.2206  5.411  4.576  762 
   55969.100600    5801.5076     356.7547    5759.8009     359.8778    0.6472    -743.1587    -678.4386 -8.999 -6.685  762 
   56008.134600    4023.8593     389.8829    3651.4696     392.7603    0.3124   -1110.3675   -1023.5922 -10.933 -8.208  762 
   56009.114400    3457.7818     357.0358    3500.8235     360.7804    0.3393   -1189.6743   -1075.6819 -13.679 -11.456  762 
   56009.128500    4364.7156     363.3450    4562.1216     366.7306    0.5066    -753.1983    -685.6037 -9.920 -6.779  762 
   56045.148400    6750.8170     426.0571    6985.1473     428.0287    0.5931    -570.3722    -534.3635 -7.126 -5.159  762 
   56215.447500    8944.2078     308.1794    9911.9405     314.2866    0.7907     216.8208     188.4012 -4.900  3.144  762 
   56217.445100   10141.1596     533.1895    9982.8855     534.6483    0.6260   -2923.2719   -2794.8720 -18.268 -16.316  762 
   56254.420000    5070.8320     223.1362    7575.7387     236.7778    0.5515      83.2544      68.3843 -4.666  2.644  762 
   56301.204000    3274.0654     376.1034    3274.3931     379.9690    0.4793      52.9523      47.9479 -3.026  0.410  762 
   56301.237400    4196.2743     440.7783    4153.2982     443.3366    0.1911   -2872.6611   -2683.0573 -19.068 -16.242  762 
   56302.300900    3127.1171     239.1434    3942.9706     243.6275    0.4103    -472.2745    -418.4444 -15.379 -10.762  762 
   56337.369900    1640.2497     262.7924    2757.9476     271.8563    0.3595     346.3539     285.7127 -1.162  5.904  762 
   56417.145600    9200.5498     273.9712   10922.3660     279.1792    0.6825     287.4524     250.6651 -0.710  5.143  762 
