   54534.143600   10162.0906     683.1431   10190.2970     684.0761    0.3643   -5816.6565   -5770.8518 -28.089 -25.932  762 
   54591.214800    8343.3613     377.5982    8351.2070     379.3998    0.7464    1908.2769    1821.7067 30.364 24.212  762 
   54861.115600   -3333.9719     473.0936   -3131.6673     474.4156    0.1011    1831.2156    1774.9103 15.441 14.523  762 
   54862.106300   -3121.4145     348.8276   -3207.4378     351.4410    0.1713     865.4283     809.4222  9.078 12.012  762 
   55470.447800    1382.3018     405.0560    1664.8080     406.7341    0.1065    -595.1815    -566.3822 -7.041 -7.537  762 
   55536.220400    4374.0655     380.6496    4858.7730     382.6607    0.3980    -106.9050    -101.1023  0.602 -1.284  762 
   55538.257000    2640.2473     321.2809    3190.7838     324.6096    0.2888     158.3398     145.8739  4.711  2.874  762 
   55540.328200    6920.8901     503.8908    6972.5993     505.3087    0.3021   -3622.5438   -3522.2472 -25.863 -25.044  762 
   55543.325100    2548.1890     283.5145    3121.0141     288.4134    0.2506     345.7389     313.8961 11.670  8.000  762 
   55889.400500    1405.3835     465.1702    1269.6877     466.9379    0.1430     -23.6813     -22.7342 -0.292 -0.210  762 
   55889.413600    2742.0905     490.4686    2656.6842     491.7799    0.2902     109.9509     106.8033  0.175  0.792  762 
   55924.296700   -3585.3025     236.5152   -4415.7035     245.1163    0.3847    -135.3525    -118.8381 -3.596 -4.136  762 
   55925.181100   -4586.2362     395.5343   -4597.4305     397.4050    0.2241     218.2236     207.2896  1.034  2.449  762 
   55925.281600   -3055.5984     335.2747   -3174.6008     338.2770    0.4671      38.1623      35.3777  1.279  0.551  762 
   55926.293000   -2382.8270     252.1445   -3155.8190     259.1893    0.2989     139.0315     123.4740  0.562  3.782  762 
   55927.338100     215.3926     298.5581      91.5980     302.7970    0.0320      44.2311      40.3482  1.198  0.847  762 
   55930.390900    2871.9100     358.3763    2960.2473     360.5996    0.4108     119.8382     113.1134  1.172  2.226  762 
   55969.100600    1912.4655     424.5212    1988.1526     425.9804    0.1127   -1223.5361   -1177.3508 -12.316 -11.529  762 
   56008.134600     374.4718     469.3930     216.7205     470.8029    0.1114   -1480.9099   -1433.9538 -11.162 -11.671  762 
   56009.114400     107.1794     416.5555    -149.2841     418.3776    0.2094   -1711.7862   -1636.0970 -18.786 -17.655  762 
   56009.128500     111.4129     429.7689      54.5535     431.3860    0.1985   -1630.4554   -1565.1743 -15.350 -15.536  762 
   56045.148400    5257.4561     486.2667    5204.7297     487.3076    0.4624     -96.2010     -93.4874 -0.281 -0.896  762 
   56215.447500    5351.9389     353.3933    5933.0911     355.9377    0.5788    1819.6345    1703.2677 30.251 28.322  762 
   56217.445100    7848.7098     635.8680    7895.4731     636.7541    0.3190   -4386.6239   -4315.5392 -24.110 -25.500  762 
   56254.420000    6347.1136     246.4577    7216.6919     254.3866    0.4474    1184.5796    1065.8640 41.075 40.909  762 
   56301.204000    6504.7460     460.1034    6770.0223     461.7506    0.7426    3182.7405    3068.1556 25.678 26.264  762 
   56301.237400   10131.1562     555.5512   10153.6421     556.8420    0.2932   -6744.6571   -6602.8707 -39.630 -40.201  762 
   56302.300900    4899.1827     258.6600    5120.2423     260.9473    0.5092    1341.6399    1254.9245 30.259 31.909  762 
   56337.369900    8895.1182     301.8200    9383.5172     305.2257    0.6209    2650.5918    2442.3405 52.877 49.276  762 
   56417.145600    9146.5820     312.6714    9742.1841     314.8549    0.6876    1902.3769    1785.7997 41.024 34.912  762 
