   54534.143600    5081.1121     417.8147    5107.2674     419.5398    0.6332     194.5285     186.0233  0.463  0.824  762 
   54591.214800    1552.7992     283.0678    1579.2242     288.6456    0.1173    -283.1996    -249.9435 -3.711 -3.095  762 
   54861.115600  -10878.4648     329.6029  -11112.8260     333.8679    0.8315    -248.0470    -223.8736 -2.122 -1.779  762 
   54862.106300  -10849.5158     250.6690  -11616.2779     261.4749    0.7782    -159.1372    -130.4929 -1.176 -1.897  762 
   55470.447800   -2843.9929     310.5657   -3021.9574     316.0787    0.4014     150.9051     133.0068  2.105  1.744  762 
   55536.220400   -2562.0134     267.7893   -2255.4911     276.0943    0.2996    -291.5087    -244.0787 -2.797 -3.093  762 
   55538.257000   -4201.8158     241.0741   -4990.1356     255.0921    0.6628    -193.3830    -154.1385 -4.335 -3.003  762 
   55540.328200    5420.0832     318.1495    5527.9750     322.6814    0.6698    -693.1056    -622.7342 -4.616 -4.339  762 
   55543.325100    3367.9804     205.9278    5498.8193     224.8351    0.5178    -142.5845    -110.6831 -2.730 -2.797  762 
   55889.400500   -5731.6409     319.5753   -5972.2522     325.5307    0.8052   -2536.2901   -2226.1134 -21.161 -20.242  762 
   55889.413600   -4733.9934     330.5411   -4879.5669     334.5976    0.7277   -2505.6766   -2267.7198 -16.319 -16.574  762 
   55924.296700     -60.4666     166.6128     595.7617     196.0890    0.0740    -151.9788    -109.9049 -4.793 -3.745  762 
   55925.181100   -1897.7278     282.2970   -1726.5961     288.3115    0.2754    -330.1144    -286.0729 -3.934 -3.377  762 
   55925.281600   -1087.3421     236.1056   -1031.9480     247.5854    0.3086    -184.1552    -148.3025 -2.834 -2.260  762 
   55926.293000   -1786.4915     182.3359   -2112.5155     206.2453    0.3263      -4.3599      -3.2450  0.943 -0.097  762 
   55927.338100    1051.3839     214.4963    1563.5569     230.7276    0.3870     156.6944     122.4830  1.715  2.520  762 
   55930.390900    6063.3719     291.0473    6951.6790     297.1991    0.7346     808.8229     719.8984 11.616 14.067  762 
   55969.100600   -3595.9245     298.6638   -3721.6610     303.3985    0.7713   -1331.0463   -1180.4814 -12.290 -11.528  762 
   56008.134600   -3311.3724     318.8243   -3523.4550     323.1687    0.3980     533.2303     479.5615  2.587  3.820  762 
   56009.114400   -1720.8034     301.5203   -1863.2826     307.0997    0.2691     344.6982     303.9022  2.116  3.176  762 
   56009.128500    -885.5842     304.2707    -800.9989     309.3888    0.0675     477.5883     423.7012  3.282  4.124  762 
   56045.148400    1821.1568     376.7980    1731.2008     379.4721    0.1175    -586.9297    -545.5883 -7.140 -5.220  762 
   56215.447500   -5350.0726     265.0994   -5610.8861     275.5941    0.7975    -464.0274    -382.6340 -3.817 -6.227  762 
   56217.445100    2620.7190     454.1998    2466.9406     456.0511    0.1068   -1630.0593   -1547.0110 -7.262 -8.901  762 
   56254.420000     297.5897     189.3450    2715.8332     215.3174    0.2917      55.1627      43.2753  1.248  1.594  762 
   56301.204000   -4599.5127     300.2348   -5003.6790     307.0098    0.7207    -119.8786    -103.8499 -0.824 -0.874  762 
   56301.237400   -3000.7989     343.7525   -3144.9199     348.1703    0.4975    -229.9919    -208.8072 -2.368 -1.248  762 
   56302.300900   -2556.4464     216.8501   -2253.5659     223.7701    0.2913    -281.0332    -245.2078 -7.594 -6.174  762 
   56337.369900   -1167.9043     214.0615    -776.7377     230.6569    0.0573     258.0208     197.4397  4.287  4.004  762 
   56417.145600    8065.2718     233.6561    9692.7851     242.4527    0.7293     224.1368     189.3814  3.830  3.889  762 
