   54534.143600    3273.3167     774.6298    3065.0312     774.9267    0.1062       0.0000       0.0000 -25.804  0.000  762 
   54591.214800      14.1334     354.0830     120.0376     430.7041    0.0167       0.0000       0.0000  0.551  0.000  762 
   54861.115600      -0.0199       4.1399    -322.1864      30.6374    0.0170       0.0000       0.0000 -1.315  0.000  762 
   54862.106300      -0.0189       3.0016    -278.7132      10.5081    0.0174       0.0000       0.0000 -6.494  0.000  762 
   55470.447800     411.5812     450.1190     403.0382     451.6677    0.0434       0.0000       0.0000  3.740  0.000  762 
   55536.220400    1615.6944     420.1633    1462.6530     433.0483    0.1290       0.0000       0.0000 15.734  0.000  762 
   55538.257000     441.3544     358.3165     391.6339     367.4930    0.0425       0.0000       0.0000  3.977  0.000  762 
   55540.328200    2481.7330     496.8330    3143.0519     573.9419    0.1693       0.0000       0.0000 -2.761  0.000  762 
   55543.325100    3357.8823     320.9894    3493.7736     326.0983    0.3154       0.0000       0.0000 24.561  0.000  762 
   55889.400500     209.1950     527.3106     -42.9830     528.5020    0.0032       0.0000       0.0000 10.166  0.000  762 
   55889.413600    4361.8499     555.1941    4053.8508     555.9681    0.2060       0.0000       0.0000 23.486  0.000  762 
   55924.296700    -795.6121     267.2711   -1026.6873     275.0791    0.0969       0.0000       0.0000  4.177  0.000  762 
   55925.181100    -405.8833     443.7793    -624.2794     445.2527    0.0661       0.0000       0.0000 12.548  0.000  762 
   55925.281600     272.7008     381.1707     193.7904     383.7493    0.0255       0.0000       0.0000  1.495  0.000  762 
   55926.293000   -1080.8239     285.1300   -1707.3873     291.7297    0.1783       0.0000       0.0000 -1.699  0.000  762 
   55927.338100    1221.5312     339.1901    1270.7676     343.1780    0.2602       0.0000       0.0000  3.737  0.000  762 
   55930.390900     668.7484     394.1891     956.8297     396.5337    0.1186       0.0000       0.0000 -2.081  0.000  762 
   55969.100600   -1962.0562     477.9774   -2081.1202     479.0225    0.2004       0.0000       0.0000 -5.862  0.000  762 
   56008.134600   -1167.9683     533.7857   -1390.7900     534.6256    0.0771       0.0000       0.0000  6.640  0.000  762 
   56009.114400   -1554.5231     470.4455   -1645.1937     471.8404    0.1400       0.0000       0.0000 -3.687  0.000  762 
   56009.128500    -557.7616     484.3947    -567.3327     485.5777    0.0497       0.0000       0.0000  2.209  0.000  762 
   56045.148400   10599.3977     534.2039   10648.9670     534.9702    0.6020       0.0000       0.0000 15.594  0.000  762 
   56215.447500     -38.3589     400.5172     238.8346     403.0325    0.0310       0.0000       0.0000  2.882  0.000  762 
   56217.445100   -1297.5604     708.3488   -1244.4502     708.7703    0.1006    -912.0295    -891.2322 -34.392 -5.237  762 
   56254.420000    3229.0001     278.4376    4007.3306     286.5178    0.3196       0.0000       0.0000 -12.124  0.000  762 
   56301.204000    4826.1360     524.7993    4914.3752     525.8005    0.3769       0.0000       0.0000 -2.628  0.000  762 
   56301.237400     747.4780     633.9926     775.5972     634.6079    0.3871   -8786.0201   -8531.7825 -59.096 -51.823  762 
   56302.300900    3341.7922     285.4383    3632.0272     287.9708    0.3830       0.0000       0.0000 -2.779  0.000  762 
   56337.369900    4384.0844     345.7309    5443.7957     349.0065    0.4278       0.0000       0.0000 -14.359  0.000  762 
   56417.145600    3228.3945     350.2916    4175.3066     352.6299    0.3078       0.0000       0.0000 -15.110  0.000  762 
