   54534.143600   10596.0979     447.4545   10515.7068     448.6880    0.6180    -419.9041    -406.8574 -1.576 -1.803  762 
   54591.214800    3016.0887     286.7709    3004.9437     289.7402    0.3688     109.8835     101.0017  0.604  1.255  762 
   54861.115600    1101.4458     345.5191     973.1724     347.8097    0.0203    -880.8131    -829.4083 -6.790 -6.299  762 
   54862.106300    -788.6648     256.7555   -1134.3845     261.5141    0.2223    -380.0966    -339.5618 -4.280 -4.566  762 
   55470.447800     742.3782     308.9140     618.8759     311.8015    0.0660    -341.0656    -313.6198 -4.531 -4.211  762 
   55536.220400    3470.2759     268.0398    3559.2362     272.3398    0.2976    -374.0037    -333.5197 -4.215 -4.305  762 
   55538.257000     661.1477     236.9802     633.7083     243.2504    0.0596      71.0533      61.4079  0.801  1.189  762 
   55540.328200    5704.8675     333.6602    5802.1016     336.4407    0.4409   -1423.8494   -1324.0817 -10.423 -9.367  762 
   55543.325100    1161.8576     207.0606    1122.1881     216.0564    0.0557    -580.3324    -488.7394 -11.540 -12.239  762 
   55889.400500    -277.1428     327.6833    -332.3329     330.9353    0.3106   -1664.7616   -1529.9813 -13.568 -13.947  762 
   55889.413600     808.2129     342.9529     728.2827     345.3395    0.2084   -2031.3560   -1901.8578 -13.883 -13.899  762 
   55924.296700    -256.4341     169.8920    -628.1508     183.5450    0.1169     -14.4700     -11.5854 -1.768 -0.384  762 
   55925.181100   -1047.9787     285.5906   -1169.1337     288.9891    0.1784     147.1006     133.8755 -0.481  1.590  762 
   55925.281600    -158.5531     238.5418    -130.4394     244.1768    0.0827    -232.0934    -201.8882 -3.427 -3.050  762 
   55926.293000    -429.9102     182.9580    -685.4074     194.0343    0.1677    -125.3232    -102.7766 -4.354 -3.022  762 
   55927.338100    -164.7981     215.6700    -302.3619     223.4083    0.0927       9.1885       7.8116 -0.527  0.159  762 
   55930.390900      93.2552     290.7877     318.5767     293.7862    0.1706     657.1462     605.7980 11.064 11.853  762 
   55969.100600     279.5970     304.1640     404.1917     306.7789    0.1144   -1064.3908    -985.1214 -9.863 -9.695  762 
   56008.134600    -980.8845     333.6097   -1178.5712     336.0985    0.1002     512.8403     479.3292  2.847  3.730  762 
   56009.114400   -1169.8623     308.0898   -1240.0773     311.1065    0.1813     311.4236     286.6435  2.180  2.988  762 
   56009.128500    -308.6058     310.9775    -301.3133     313.8621    0.0695     -87.2481     -80.5142 -0.647 -0.790  762 
   56045.148400    1811.1163     381.2728    1856.4748     382.7614    0.3161     415.3544     395.0998  1.876  3.800  762 
   56215.447500    4945.7899     260.3044    5012.8840     265.3111    0.4476    1038.4950     919.4728 16.212 15.194  762 
   56217.445100    9230.7609     467.9014    9295.4559     469.0292    0.7069    2163.4506    2087.1589 12.847 12.140  762 
   56254.420000    2057.2230     189.5149    1895.9794     201.2124    0.1258     212.8197     180.4874  7.152  6.535  762 
   56301.204000    4299.7265     308.3276    4389.3782     311.9401    0.5233     695.9090     635.2835  6.448  5.428  762 
   56301.237400    6243.8781     360.5753    6232.7508     363.1678    0.6517     583.4165     547.6127  2.646  3.319  762 
   56302.300900     854.4535     215.3303     941.0091     218.2296    0.1284     373.4434     341.6480  8.839  8.391  762 
   56337.369900    3764.5020     211.2292    3831.0669     219.1639    0.4137     439.2822     369.6560  8.456  7.552  762 
   56417.145600    3974.4588     233.6861    4205.3003     237.9654    0.2890       2.2880       2.0385  0.660  0.042  762 
