   54534.143600   21016.0658     522.1595   20462.6347     527.2965    0.8118   -3667.3266   -3429.2283 -42.181 -15.335  762 
   54591.214800   22546.3788     344.1425   24244.7229     358.1962    0.9247    2311.2282    1886.7049 46.046 25.891  762 
   54861.115600   11387.4180     410.1622   13752.8260     418.9940    0.5632   -1277.1032   -1112.1875 -6.922 -8.707  762 
   54862.106300    5786.0962     328.1036   10784.1193     345.3085    0.3754    -187.9961    -146.6445  2.882 -2.056  762 
   55470.447800    9950.4664     373.9910   11353.0321     387.0196    0.6708     181.1650     148.6826 21.060  2.058  762 
   55536.220400    2148.7307     345.1630    1624.7956     363.5893    0.0955    -586.0854    -452.8698  1.841 -5.961  762 
   55538.257000     -60.9441     306.9242     476.7071     332.8849    0.0679     431.0517     314.1992 15.351  6.387  762 
   55540.328200    6274.3810     411.0320    6501.4365     422.4292    0.4380   -3030.9619   -2582.2392 -22.479 -18.619  762 
   55543.325100     344.0882     274.4492     226.6835     308.3352    0.0598     503.6798     352.3969 17.975  9.406  762 
   55889.400500   10393.3254     402.4635   10249.7163     416.0062    0.7503   -1251.9493   -1034.4360 -14.348 -9.628  762 
   55889.413600   11969.8943     411.1800   11621.6024     421.0857    0.7988   -2353.7815   -2028.7237 -21.393 -15.026  762 
   55924.296700   -1200.6439     227.6565    -451.7073     270.8589    0.0339      -2.6086      -1.7096  0.244 -0.063  762 
   55925.181100    -143.6081     357.1976    -368.2485     371.5772    0.1929   -1241.9925   -1002.5856 -12.162 -12.085  762 
   55925.281600     229.2148     311.1447     702.5005     333.3639    0.0654    -429.4609    -317.1355 -6.987 -5.024  762 
   55926.293000   -2961.6998     244.3036   -3262.2007     281.7912    0.2969     -16.4312     -11.0492 -1.579 -0.356  762 
   55927.338100     -20.1072     284.6889     -38.8642     313.6622    0.0337    -170.2111    -121.0020 -2.292 -2.616  762 
   55930.390900      77.3983     348.5900    -653.1885     365.1802    0.0817    -192.6194    -157.3028 -2.332 -3.226  762 
   55969.100600  -15796.5801     377.9411  -16941.7736     390.2382    0.9371   -1285.7886   -1066.5644 -12.417 -10.605  762 
   56008.134600    6596.3511     402.4208    7469.1607     412.1960    0.4492   -1781.4139   -1529.1991 -14.360 -12.174  762 
   56009.114400    3225.0293     373.6714    3190.9517     387.1479    0.3057    -752.0504    -618.0052 -6.289 -6.710  762 
   56009.128500    2626.0148     378.4690    2963.5323     391.1972    0.3340    -255.2343    -211.7492 -3.220 -2.136  762 
   56045.148400   24202.7247     437.3356   24964.7376     444.7181    0.9011   -1729.0456   -1528.2267 -19.449 -14.887  762 
   56215.447500   10339.2083     331.5941   13094.8390     351.8983    0.7385    3529.2390    2694.7159 35.787 46.631  762 
   56217.445100   18823.2456     528.6066   19017.5368     534.3663    0.8341      14.7915      13.5275 -20.772  0.081  762 
   56254.420000    -721.2818       1.7447    -721.2818       1.7447      -nan     721.2818     721.2818 13.564 29.473  762 
   56301.204000   -9177.4669     390.6848   -9796.5689     406.0269    0.7277     585.0397     475.7516 -8.653  4.155  762 
   56301.237400   -6167.6202     443.2919   -6815.4040     454.4144    0.7261   -4990.5340   -4329.5713 -63.680 -26.715  762 
   56302.300900   -5322.6572     261.5894   -5403.7496     277.4855    0.3257    1575.3546    1263.2643 29.299 32.852  762 
   56337.369900   21126.6461     283.5909   24540.6545     311.4392    0.8733    2361.9354    1672.9039 32.777 35.637  762 
   56417.145600    9952.7042     302.5500    7536.7943     322.8098    0.4161    1807.9367    1397.0479 30.138 28.403  762 
