   54534.143600  -29277.7989     772.6831  -28545.1681     773.4022    0.8409  -30606.6395  -30218.4272 -379.677 -135.256  762 
   54591.214800  -11710.6481     423.8325  -11947.1187     426.4308    0.6516    2222.2372    2085.5312 30.456 27.656  762 
   54861.115600   -8134.2063     530.9997   -8570.7576     532.5356    0.8010   -9698.6458   -9328.8359 -111.886 -75.297  762 
   54862.106300  -12033.7780     395.7837  -13171.8765     399.6130    0.7374   -3321.5247   -3068.4607 -51.687 -44.776  762 
   55470.447800  -22472.9289     451.6603  -23397.6172     454.4110    0.8729   -3091.9624   -2891.0638 -42.643 -38.393  762 
   55536.220400    4096.8739     426.5874    4183.5183     429.1820    0.0053   -4406.8588   -4127.9108 -71.441 -52.454  762 
   55538.257000    5519.1112     360.2648    5773.7202     364.8684    0.3157   -2602.0758   -2370.4321 -52.686 -46.543  762 
   55540.328200    8427.2145     565.8358    8603.1984     567.0868    0.3025  -14400.3728  -13943.1207 -215.664 -98.814  762 
   55543.325100    2786.8249     319.4928    3704.7861     326.0509    0.3224    -415.6219    -373.1894 -8.580 -9.502  762 
   55889.400500   -6834.4320     522.0674   -7041.1233     524.0752    0.7405   -4728.2212   -4500.4866 -125.031 -41.369  762 
   55889.413600   -7680.4120     550.1528   -7869.6055     551.5755    0.7270   -5861.6431   -5648.9652 -172.786 -41.601  762 
   55924.296700   -2120.2001     266.3714   -2970.9047     277.0627    0.1733     990.2989     866.6472 38.270 30.056  762 
   55925.181100     -86.1898     439.0621    -430.6698     441.3128    0.3278   -2665.0132   -2512.6996 -42.457 -29.646  762 
   55925.281600   -1932.2897     377.1314   -2055.4728     380.8740    0.2882       1.9052       1.7500 -1.116  0.027  762 
   55926.293000   -1340.4541     283.9307   -2032.3113     292.7236    0.1653     485.4835     429.2497 16.900 13.086  762 
   55927.338100     339.9393     336.7413     162.2294     342.2761    0.0165     -84.8554     -76.6642 -4.475 -1.599  762 
   55930.390900    -988.9253     392.5459    -685.4676     395.7751    0.1680    -771.8930    -717.9904 -13.887 -14.126  762 
   55969.100600  -14024.5132     475.1346  -14563.5662     477.0136    0.9091   -5860.3944   -5572.8044 -105.731 -54.476  762 
   56008.134600  -17056.8091     528.8390  -17586.4169     530.5492    0.8424   -8691.2414   -8333.0055 -170.365 -67.083  762 
   56009.114400  -16243.6311     467.4670  -16897.9518     469.7920    0.8202   -4425.4586   -4178.2797 -97.068 -44.666  762 
   56009.128500  -15945.2067     481.6296  -16380.0886     483.7034    0.8510   -5076.3695   -4817.3905 -117.773 -47.583  762 
   56045.148400  -15414.7205     534.0386  -15486.6837     535.4932    0.7768   -7549.5200   -7247.6448 -157.359 -69.374  762 
   56215.447500  -10354.8555     398.9577  -10529.1454     402.8017    0.7313    1707.4347    1570.9107 28.554 26.035  762 
   56217.445100  -13417.5158     704.0622  -13160.6232     704.9563    0.8199  -23593.1077  -23063.9647 -375.739 -135.829  762 
   56254.420000   -1040.8675       4.3082  -11381.9627     271.9517    0.4441    1039.1238     689.9625 46.935 26.300  762 
   56301.204000  -12764.7705     521.4312  -13133.0000     523.4183    0.8685   -4778.9149   -4554.8660 -139.986 -38.957  762 
   56301.237400  -23696.4382     631.4842  -23102.2276     632.7018    0.7914  -28090.7340  -27309.7080 -397.593 -166.063  762 
   56302.300900  -16070.2457     287.4238  -17405.4695     291.5715    0.6939    2242.9915    2051.3369 50.958 51.841  762 
   56337.369900  -13369.7823     347.2142  -13925.0043     352.8152    0.7189     484.7225     434.6663  1.611  8.842  762 
   56417.145600   -6663.6904     350.3151   -6269.5029     353.8140    0.4382    1088.8277    1000.3344 18.921 19.762  762 
