   54534.143600   29484.5159     429.8989   30902.2407     431.9212    0.7110       0.0000       0.0000 -1.129  0.000  762 
   54591.214800   13190.7275     278.7632   14643.2639     286.1261    0.6418       0.0000       0.0000  1.951  0.000  762 
   54861.115600   21013.6386     319.5171   22783.5458     324.8486    0.6849       0.0000       0.0000  1.111  0.000  762 
   54862.106300    4509.8790     237.3088    4617.7427     250.6737    0.4306       0.0000       0.0000  6.253  0.000  762 
   55470.447800   16087.3665     318.0879   17663.9837     323.2673    0.6392       0.0000       0.0000  2.842  0.000  762 
   55536.220400   12904.5155     277.4800   14911.9491     285.3893    0.5645       0.0000       0.0000 -0.803  0.000  762 
   55538.257000    -677.2738     240.7055     -37.5032     253.7892    0.0040       0.0000       0.0000  3.679  0.000  762 
   55540.328200   24077.8324     330.9665   26582.5984     336.0314    0.7034       0.0000       0.0000 -4.563  0.000  762 
   55543.325100     375.0437     207.5301    2301.9894     227.1117    0.1101       0.0000       0.0000 -2.234  0.000  762 
   55889.400500   21626.5187     324.1706   23968.1747     330.5298    0.6994    -120.0588    -106.6087 -9.087 -0.985  762 
   55889.413600   26146.7868     335.6144   28626.3967     340.0056    0.6997    -329.3282    -299.4343 -11.480 -2.232  762 
   55924.296700      -5.9357       7.1129    2568.1536     183.5043    0.0526       0.0000       0.0000 -1.998  0.000  762 
   55925.181100   14571.5146     290.8017   15778.0892     297.0603    0.6211       0.0000       0.0000 -2.584  0.000  762 
   55925.281600    8627.4589     237.3262    9956.2785     249.0721    0.5811       0.0000       0.0000 -3.073  0.000  762 
   55926.293000   -4553.7630     179.9839   -3993.0541     201.3397    0.1511       0.0000       0.0000 -2.336  0.000  762 
   55927.338100    1500.9705     214.4199    1710.9230     230.7263    0.2932       0.0000       0.0000 -1.379  0.000  762 
   55930.390900    6864.4026     297.6687    7242.7206     304.1606    0.6799       0.0000       0.0000  2.306  0.000  762 
   55969.100600   17358.3905     308.4686   19002.4534     313.2929    0.6316       0.0000       0.0000 -2.918  0.000  762 
   56008.134600   24101.6838     318.2483   26645.0675     323.6840    0.6949       0.0000       0.0000 -5.209  0.000  762 
   56009.114400   16432.5812     301.5828   18297.2735     307.7379    0.6430       0.0000       0.0000 -4.947  0.000  762 
   56009.128500   20904.0313     310.4466   23172.8064     315.7479    0.6948       0.0000       0.0000 -1.372  0.000  762 
   56045.148400   24841.2037     387.7483   26465.6146     390.5227    0.7446       0.0000       0.0000 -10.547  0.000  762 
   56215.447500    7374.8066     266.6277    8730.1423     276.2427    0.4776       0.0000       0.0000  0.865  0.000  762 
   56217.445100   25530.0625     460.1027   27011.6119     462.1996    0.6960    -137.8517    -130.6904 -9.829 -0.771  762 
   56254.420000    3206.2355      89.4354   36039.6066     202.3726    0.2466       0.0000       0.0000  4.453  0.000  762 
   56301.204000   21585.6948     309.7823   24027.2118     316.2854    0.6816       0.0000       0.0000  1.100  0.000  762 
   56301.237400   27490.8903     355.9671   29756.9423     360.3994    0.7245       0.0000       0.0000  0.735  0.000  762 
   56302.300900    -420.7599     212.2245    -347.3748     219.4496    0.0317       0.0000       0.0000  1.351  0.000  762 
   56337.369900    3406.3606     217.5491    3684.6738     234.3036    0.3719       0.0000       0.0000  7.514  0.000  762 
   56417.145600     632.6082     249.4055    1010.6835     257.6890    0.0884       0.0000       0.0000  3.794  0.000  762 
