   54534.143600   -4558.3050     566.5637   -4626.0994     567.7300    0.4134       0.0000       0.0000 -10.299  0.000  762 
   54591.214800    -421.7553     320.0761    -398.6012     323.3223    0.1993    2159.5376    2089.3445 32.049 27.474  762 
   54861.115600    1090.5489     397.0140     927.9647     399.4479    0.1068       0.0000       0.0000  6.156  0.000  762 
   54862.106300    1579.6400     280.0941    1278.7080     284.3675    0.1633       0.0000       0.0000  5.630  0.000  762 
   55470.447800    -477.8411     350.4329    -300.7014     353.3798    0.0445       0.0000       0.0000  6.550  0.000  762 
   55536.220400    -156.7960     317.4604     107.1716     321.4231    0.0159       0.0000       0.0000 -1.837  0.000  762 
   55538.257000    -478.9353     260.2605    -401.1660     264.6430    0.0637       0.0000       0.0000  7.997  0.000  762 
   55540.328200    -850.1515     419.4777    -839.1828     422.0059    0.2680   -1371.4296   -1317.7712 -18.008 -9.268  762 
   55543.325100     516.8371     219.9138    1148.9714     224.0871    0.1435       0.0000       0.0000  6.121  0.000  762 
   55889.400500     953.2797     390.9952     954.2431     394.0174    0.0018   -1008.3140    -965.9873 -13.419 -8.882  762 
   55889.413600     -68.3861     413.8250      18.8198     416.0517    0.1269   -1251.2506   -1205.1376 -17.241 -8.886  762 
   55924.296700     345.7140     171.5025     164.4352     175.3585    0.0232       0.0000       0.0000 -2.398  0.000  762 
   55925.181100   -2039.9019     332.7249   -2303.7174     336.0654    0.3433       0.0000       0.0000 -3.681  0.000  762 
   55925.281600    -537.1912     271.7914    -738.6824     276.2207    0.1432       0.0000       0.0000 -5.928  0.000  762 
   55926.293000     -15.2500     189.9211     -80.4965     193.8643    0.0130       0.0000       0.0000 -2.799  0.000  762 
   55927.338100     872.1628     235.8120     857.3131     240.5213    0.2481       0.0000       0.0000  1.118  0.000  762 
   55930.390900    -145.9111     308.7156      17.4318     311.0627    0.0027       0.0000       0.0000 -1.548  0.000  762 
   55969.100600   -1122.0687     360.2567   -1108.3514     363.0105    0.3166    -684.6470    -658.8671 -11.927 -6.416  762 
   56008.134600   -4709.1783     395.0602   -4844.9051     397.5957    0.5207    -903.4943    -868.3796 -17.752 -7.072  762 
   56009.114400   -3310.7903     354.9950   -3186.0973     358.0933    0.4106    -228.6725    -219.3314 -10.950 -2.358  762 
   56009.128500   -2098.8721     365.4453   -1862.8887     368.2818    0.3013    -565.3593    -543.4287 -11.130 -5.358  762 
   56045.148400   -3605.3862     430.0154   -3551.0383     431.7526    0.3988    -197.7348    -192.5719 -9.391 -1.838  762 
   56215.447500    2322.5976     294.2277    2796.9645     298.4875    0.5474    3656.0823    3507.7691 57.465 57.900  762 
   56217.445100    3387.0711     548.2705    3289.2925     549.5952    0.4786    2234.7936    2183.6184 13.696 12.769  762 
   56254.420000    1853.8733     185.6506    2743.3373     188.6166    0.3316    1505.3394    1508.7779 64.001 57.998  762 
   56301.204000     952.6768     381.3812    1088.5009     384.5704    0.5497    5502.2713    5271.7431 45.380 44.717  762 
   56301.237400    1917.8978     459.1003    1899.2259     461.2538    0.2179       0.0000       0.0000  1.497  0.000  762 
   56302.300900     943.0535     218.3979    1157.1516     220.2791    0.3041    1797.5943    1778.2410 53.719 45.490  762 
   56337.369900    -494.3615     236.9542     200.1713     241.6003    0.2741    3216.1490    3118.9088 62.023 62.695  762 
   56417.145600     407.7243     256.4185    1444.8307     259.3970    0.2330    2260.3857    2221.4138 49.765 43.579  762 
