   54534.143900    4190.6021     174.6905    3938.2220     178.5431    0.5354    -504.6309    -454.5031 -1.496 -1.683  762 
   54591.214800    3728.0285     126.7993    3359.5262     133.6413    0.5812     -62.5228     -45.2828 -2.090 -0.460  762 
   54861.115600    6538.9735     151.1044    6828.4713     156.1965    0.7500    -293.9699    -235.6839 -1.890 -1.708  762 
   54862.106300    4396.7357     136.7328    3990.7296     144.6625    0.6535     -12.0957      -8.5443 -0.487 -0.091  762 
   55470.447900    1708.8110     175.8872    1331.7001     181.0377    0.2507     165.5934     132.1094  1.367  1.540  762 
   55536.220500    5355.2485     132.7009    5568.1376     140.9744    0.7498      25.5063      17.6877  1.091  0.173  762 
   55538.257100    5555.2739     130.0060    6019.7619     141.1373    0.8435     202.7864     120.3504  1.466  1.960  762 
   55540.328300    3471.0202     163.2453    3240.0270     170.0342    0.5167    -221.9990    -178.5218 -0.589 -1.010  762 
   55543.325200    1570.3115     136.2610    1033.4185     147.9598    0.2966      54.8899      32.6064  0.202  0.557  762 
   55599.154200    5567.9284     148.6231    5237.2489     154.6107    0.7495    -392.2972    -317.2744 -2.199 -1.806  762 
   55924.297000    -500.7884     131.6980    -847.8543     150.7561    0.1964     100.3798      44.1792  2.006  1.452  762 
   55925.231600   -1511.6731     146.5867   -1362.2173     156.8866    0.4587     -36.4696     -24.0671 -0.338 -0.283  762 
   55926.293300    -849.8101     131.2521   -2434.4853     153.0234    0.4939    -123.7587     -49.8930 -1.904 -1.563  762 
   55927.338400     189.4154     143.7452    -120.4424     158.1433    0.0347      47.0256      26.7859 -0.168  0.446  762 
   55930.391100    3671.5013     173.7081    3888.6349     179.7745    0.6947      21.2066      16.2451  1.285  0.225  762 
   55969.099700    3137.9588     139.7243    3107.9890     148.1786    0.6616    -179.0527    -125.4413 -0.888 -1.184  762 
   56008.135200    2267.6156     155.8088    2123.6639     167.6620    0.4661     273.1380     186.5264  1.053  1.514  762 
   56009.121900    2383.4089     161.6802    2196.7052     170.4343    0.5766    -184.3908    -135.6901 -1.305 -1.099  762 
   56045.149100    1489.9151     208.7387    1483.1636     211.6056    0.2725     332.9178     294.9829  1.424  1.789  762 
   56215.448600    2956.0850     162.7220    3025.5549     171.1786    0.5886    -154.0815    -113.8315 -0.790 -0.946  762 
   56217.446200    2819.7091     191.0644    2528.0452     196.7115    0.3907      39.1042      33.2619  0.394  0.167  762 
   56254.420200    1793.2480     138.9691    1334.2294     159.1581    0.3183     -93.8896     -40.4463 -0.902 -1.265  762 
   56301.220900    5731.4937     177.3583    5551.9029     183.8493    0.8443      62.6268      52.1270  0.241  0.255  762 
   56302.301100    4304.8774     111.6804    4601.2588     120.4721    0.7681     -77.0602     -47.1306 -2.216 -0.953  762 
   56337.370100    2934.5560     131.8654    3442.3722     147.5921    0.5805     103.3820      51.8368  0.455  1.128  762 
   56417.145900    1073.1534     135.2645    1157.0596     146.0409    0.2413    -134.3845     -83.8486 -0.441 -1.268  762 
