   54534.143900     526.9002     200.7512     268.0831     201.7362    0.5391   -6503.6327   -6229.1828 -50.584 -23.130  762 
   54591.214800   -1723.9910     124.2937   -1708.5773     126.8099    0.1883    1035.0982     869.0956  9.075  8.925  762 
   54861.115600     561.4742     154.4734     439.2253     156.3517    0.1375   -1280.6096   -1133.8575 -10.528 -8.361  762 
   54862.106300     942.9465     134.1063     767.0664     136.8916    0.1034    -374.2293    -311.3547 -5.596 -3.273  762 
   55470.447900   -3476.3526     170.6473   -3727.2673     172.8332    0.6001    -170.4247    -148.1966 -2.721 -1.746  762 
   55536.220500   -2329.3832     133.5990   -2549.8215     136.9132    0.6263   -1106.4150    -904.2408 -9.442 -8.914  762 
   55538.257100   -4397.5120     124.8241   -4472.5132     130.1337    0.7876    -315.4763    -230.3996 -3.798 -3.803  762 
   55540.328300   -2392.8529     175.0664   -2597.2708     177.2631    0.6935   -2598.4888   -2330.2084 -19.043 -13.257  762 
   55543.325200   -1594.7268     126.3038   -2088.0107     131.6297    0.5698    -169.6587    -125.4543 -2.206 -2.197  762 
   55599.154200   -1011.9318     159.4440   -1199.4767     161.3390    0.4460   -1779.7225   -1605.6628 -12.697 -9.209  762 
   55924.297000     318.0273     114.6972     -35.2158     123.7961    0.0240     -73.5100     -44.9724 -2.592 -1.485  762 
   55925.231600     387.8444     139.5255     354.9303     143.2834    0.0348    -541.3803    -433.3804 -5.452 -5.113  762 
   55926.293300     558.1677     113.8198     429.7593     123.5149    0.1273     -60.6471     -35.5246 -1.372 -1.149  762 
   55927.338400     -69.7696     132.0705    -110.6400     138.0728    0.0285      35.7400      25.9111  0.103  0.440  762 
   55930.391100    -602.7029     165.3086    -578.3942     167.8363    0.1379       4.3880       3.7299 -0.266  0.052  762 
   55969.099700    -397.1590     139.6148    -466.0205     142.5483    0.3861   -1001.9352    -835.1360 -8.723 -7.871  762 
   56008.135200   -2088.1072     158.9184   -2360.5213     163.2574    0.6643   -1459.7037   -1191.4502 -13.600 -9.778  762 
   56009.121900   -1794.9866     163.7441   -1880.0887     166.7386    0.6402    -898.3058    -764.0461 -9.028 -6.207  762 
   56045.149100   -1017.8668     213.5201   -1031.9032     214.4421    0.2964   -1438.8038   -1350.4653 -13.236 -8.177  762 
   56215.448600   -3872.1918     167.3039   -3926.4766     170.2228    0.6862    -337.0284    -287.4012 -3.805 -2.342  762 
   56217.446200   -1209.0369     207.5951   -1407.5002     209.2730    0.6195   -3775.7782   -3487.8957 -29.612 -17.399  762 
   56254.420200   -2769.8037     124.5899   -3303.6802     135.0407    0.6366     145.1975      86.6422  3.207  2.700  762 
   56301.220900    -346.4164     196.8549    -512.6200     198.7123    0.6797   -5377.8191   -4934.0902 -47.674 -24.005  762 
   56302.301100    -256.8573     103.2764    -140.4140     107.0486    0.0057     212.2949     159.2403  3.474  3.151  762 
   56337.370100    -226.6731     120.3445     -59.2743     126.9485    0.0107     147.3160      99.6480  2.403  2.156  762 
   56417.145900   -2632.4568     128.4179   -2674.2269     132.9382    0.5143      -7.3430      -5.6271 -0.007 -0.084  762 
