   54534.143900    -963.6178     167.0479   -1217.5096     168.0495    0.1844     110.2763     105.2972  0.772  0.392  762 
   54591.214800     180.8342     107.0653     -98.7641     108.8183    0.0046     137.4656     118.2986  1.258  1.179  762 
   54861.115600    1567.8523     132.0840    1402.4191     133.4595    0.3492     220.7004     198.0135  1.213  1.478  762 
   54862.106300    1388.9324     115.8816    1257.8440     117.6678    0.3436     175.3408     151.0919  0.902  1.496  762 
   55470.447900    -426.8128     153.6208    -542.4682     154.7410    0.0534     333.9980     301.3662  3.804  3.497  762 
   55536.220500    1539.8235     110.9971    1371.7772     113.1476    0.3537      72.3841      61.0074  0.338  0.590  762 
   55538.257100     359.9394     102.7525     -49.0795     106.4578    0.0022      54.6241      41.8028  0.507  0.680  762 
   55540.328300    1006.1164     145.7576     927.1480     147.1927    0.2318      70.2220      63.9354  1.449  0.362  762 
   55543.325200     544.0899     104.8225     216.9654     108.4552    0.0982     100.1766      76.9380  0.634  1.350  762 
   55599.154200     232.1480     133.7868      97.7261     135.2309    0.0615     168.8214     153.5312  0.179  0.876  762 
   55924.297000    -206.2061      95.3563    -354.3253     101.8169    0.1398      -3.7814      -2.4520 -0.257 -0.078  762 
   55925.231600    -421.4034     119.3300    -498.6897     121.9114    0.2221      -7.6669      -6.3120  0.125 -0.073  762 
   55926.293300    -651.1548      93.9265   -1069.7611     101.7719    0.3526     -55.1827     -33.5037 -0.979 -1.075  762 
   55927.338400    -463.8602     111.2478    -463.8307     115.3623    0.2206     -13.8545     -10.4316 -1.009 -0.176  762 
   55930.391100     579.3469     147.9935     618.4474     149.3346    0.2036       5.4716       4.8460  0.313  0.067  762 
   55969.099700    1768.4137     116.6617    1831.3200     118.4558    0.5049    -342.6113    -294.5927 -2.121 -2.693  762 
   56008.135200     589.6435     131.6344     464.7863     134.5190    0.0393    -713.3896    -595.2348 -4.837 -4.868  762 
   56009.121900     671.0296     138.6561     605.8969     140.6725    0.1349    -310.1210    -270.0210 -1.688 -2.170  762 
   56045.149100    1648.6697     194.4733    1593.9286     195.0009    0.1901    -474.6788    -452.1197 -3.707 -2.710  762 
   56215.448600     826.5160     140.8970     867.0647     142.6807    0.3512     409.2659     360.7614  3.202  2.830  762 
   56217.446200    2125.1087     177.7567    2024.3305     178.8619    0.3970     -35.2302     -33.0538 -0.935 -0.161  762 
   56254.420200     746.3134     100.7935     734.9434     107.3890    0.2707     286.2359     185.8864  5.528  5.594  762 
   56301.220900      34.4670     165.7681     -61.0594     167.1818    0.1419    -447.4910    -413.7073 -2.011 -1.985  762 
   56302.301100     286.5151      88.2872     452.9966      90.3792    0.1962     272.6606     218.0504  2.142  4.114  762 
   56337.370100   -1204.8343     101.2613   -1222.4135     106.3280    0.4180     169.7318     119.9243  1.747  2.460  762 
   56417.145900    -190.1687     109.0958    -261.2261     111.9706    0.0884     -47.4933     -38.0356 -0.968 -0.543  762 
