   54534.143900    2023.1778     210.7169    1735.0863     211.8068    0.1837   -3061.9992   -2928.5365 -10.742 -10.879  762 
   54591.214800    2646.7387     128.4018    2412.4731     130.4956    0.5452     717.2306     609.2131  6.855  6.251  762 
   54861.115600     960.2395     160.7434     820.9170     162.5633    0.1774     107.3598      95.1913  0.570  0.704  762 
   54862.106300     401.6838     140.4236     256.3415     142.8626    0.1004     184.0862     154.3329  1.910  1.615  762 
   55470.447900     525.9271     173.2654     300.3700     174.8534    0.0554      -1.5401      -1.3568  0.877 -0.016  762 
   55536.220500    -235.3720     138.7642    -547.7831     141.6232    0.1721    -277.9064    -229.9727 -3.076 -2.266  762 
   55538.257100    -401.7493     126.7080    -516.9489     129.8390    0.2114    -222.1634    -170.5948 -2.543 -2.818  762 
   55540.328300    1061.0315     182.1192     838.3103     184.0777    0.0464   -1177.2643   -1062.1116 -5.970 -6.043  762 
   55543.325200    -612.9062     129.1201    -842.9752     131.9457    0.2481     -39.9801     -31.1642 -1.260 -0.547  762 
   55599.154200    1959.3611     166.4557    1822.5179     168.1169    0.1906    -765.5606    -695.1518 -4.333 -3.988  762 
   55924.297000   -1390.3251     113.4856   -1605.7150     117.0657    0.3841      10.0458       7.0884 -0.567  0.234  762 
   55925.231600   -1064.5605     146.0130   -1072.5973     148.9102    0.4253    -267.0889    -216.7113 -2.565 -2.554  762 
   55926.293300    -396.5431     111.3118    -614.3129     114.8971    0.1800     -37.4560     -25.8459 -0.733 -0.838  762 
   55927.338400    1034.6836     134.9329     977.6043     138.0570    0.3767       2.9141       2.2293  0.437  0.038  762 
   55930.391100     536.7520     168.5766     512.7977     170.2313    0.0648    -251.6388    -217.6721 -2.658 -3.055  762 
   55969.099700    -102.6412     146.2876    -170.5104     148.9138    0.2078    -624.4651    -525.3013 -5.208 -4.940  762 
   56008.135200      43.0858     165.2529    -114.6357     168.5375    0.1755    -696.7210    -577.9189 -4.094 -4.748  762 
   56009.121900    -300.0496     170.5488    -425.3518     173.2068    0.2079    -289.3864    -247.9609 -2.808 -2.014  762 
   56045.149100    1356.5927     219.8629    1217.8006     220.8148    0.0103   -1382.7027   -1295.4570 -8.065 -7.843  762 
   56215.448600     438.6587     172.9779     547.8532     175.3443    0.1176      41.2352      35.7416  0.874  0.290  762 
   56217.446200    1364.8323     216.0840    1189.6930     217.6634    0.0379   -1529.4006   -1417.0374 -6.752 -7.055  762 
   56254.420200    1802.6267     118.1474    1519.6593     121.4921    0.3971     200.5294     142.9853  4.052  4.446  762 
   56301.220900    2618.7645     205.1842    2434.9763     206.9757    0.0213   -2546.2983   -2343.4972 -10.957 -11.389  762 
   56302.301100    1688.9290     104.1873    1552.4716     106.0347    0.3776     187.0193     149.0221  1.320  2.937  762 
   56337.370100    1089.1190     122.8079     965.2422     126.5999    0.3557     260.9301     188.5953  4.150  4.074  762 
   56417.145900     546.9791     131.4647     578.6085     134.3827    0.1597      97.4471      77.1788  0.927  1.144  762 
