   54534.143900    2473.6591     204.8556    2291.0094     205.6196    0.1443   -3250.6110   -3127.7582 -11.562 -11.565  762 
   54591.214800     337.4700     125.6970     191.8039     127.7163    0.2211    1224.0487    1052.8936 11.383 10.543  762 
   54861.115600    -744.6213     156.7865    -910.5195     158.4636    0.0857     525.3611     471.0170  1.614  3.434  762 
   54862.106300     403.8020     135.9025     379.3336     138.2036    0.1588     353.2794     301.5041  2.664  3.080  762 
   55470.447900   -1965.5111     171.4927   -2174.0223     173.2894    0.3108     354.8062     313.8651  2.051  3.603  762 
   55536.220500    -496.1572     133.9503    -625.7706     136.6365    0.1394     -29.3768     -24.7707 -0.083 -0.239  762 
   55538.257100    -336.1309     123.4658    -646.2706     128.0244    0.1975     -71.5455     -54.5527 -1.435 -0.869  762 
   55540.328300    1328.2424     176.4549    1082.7982     178.1116    0.0159   -1104.7745   -1008.5561 -4.767 -5.676  762 
   55543.325200     747.2663     125.6443     567.8512     129.9676    0.2399     219.1383     168.6771  3.536  2.851  762 
   55599.154200    -622.8442     162.4698    -792.3080     163.9620    0.1743    -208.2771    -190.4246 -2.098 -1.082  762 
   55924.297000     229.0054     114.7665     -38.0742     122.4257    0.0198     -41.1612     -26.6880 -1.931 -0.821  762 
   55925.231600    -278.5633     140.8453    -240.6525     144.1025    0.1193     -94.6859     -77.9034 -1.239 -0.895  762 
   55926.293300    -353.8307     114.4003    -589.4630     122.9461    0.1805       2.0973       1.3041  0.434  0.039  762 
   55927.338400     222.2862     132.8060     223.8599     137.8990    0.1223     154.8966     116.6176  1.238  1.907  762 
   55930.391100    -359.4244     167.0905    -347.3771     169.2205    0.1526    -264.0248    -228.4327 -3.061 -3.104  762 
   55969.099700     783.0556     140.3684     826.0856     142.6552    0.0994    -594.6862    -510.5792 -4.546 -4.711  762 
   56008.135200     331.6373     159.8402     220.1705     163.1809    0.0921    -721.7245    -608.6695 -3.908 -4.905  762 
   56009.121900     392.9759     164.5874     472.7431     166.8660    0.0896    -230.8835    -201.7696 -2.210 -1.613  762 
   56045.149100     -29.5978     216.6551     -94.5289     217.4399    0.1481   -1009.1138    -953.4135 -5.640 -5.708  762 
   56215.448600     207.0722     167.1753     197.2134     169.3669    0.0708     115.9830     101.9137  1.855  0.815  762 
   56217.446200    1700.8995     210.2021    1596.9634     211.3558    0.0588   -2062.1424   -1932.3703 -10.198 -9.535  762 
   56254.420200     -66.0244     122.8266    -111.8014     130.7954    0.0099     231.9055     149.2430  4.400  4.341  762 
   56301.220900     955.6082     199.8742     807.5926     201.3600    0.3502   -2633.0120   -2445.6324 -12.099 -11.788  762 
   56302.301100    1289.4183     103.1848    1294.7499     106.4068    0.3586     318.3030     246.8015  4.462  4.675  762 
   56337.370100     -38.8674     120.9026      52.5630     126.7372    0.0734     274.3898     194.7974  2.455  3.992  762 
   56417.145900    1944.7703     127.0367    1994.5553     130.4018    0.4555      -1.1599      -0.9271  1.347 -0.013  762 
