   54534.143900     740.0950     160.6503     501.4714     162.1878    0.0428    -271.8554    -255.4532 -1.004 -0.948  762 
   54591.214800    2078.9876     107.9919    1761.4982     110.8797    0.3621     100.9050      82.3176  1.099  0.836  762 
   54861.115600    -922.7694     135.2422   -1006.1674     137.6133    0.1684     178.6330     153.9720  1.786  1.127  762 
   54862.106300    -332.7678     117.8905    -516.3079     121.3780    0.0965     177.9272     142.0702  1.286  1.491  762 
   55470.447900    1497.9670     155.7544    1243.6870     157.7036    0.2506      20.4357      17.8000  1.106  0.209  762 
   55536.220500    1429.9991     112.9119    1616.9966     116.4195    0.4937     414.0411     326.7060  3.000  3.211  762 
   55538.257100     407.7653     107.9030     322.9103     113.4860    0.1465     109.3361      76.0674  1.575  1.253  762 
   55540.328300    1075.0232     144.7360     930.3213     147.4471    0.2210      77.0477      67.1560  0.582  0.381  762 
   55543.325200    1126.0199     110.5759     884.4534     116.0279    0.2922     115.3343      81.2768  1.563  1.414  762 
   55599.154200     164.5674     132.6567     -10.2834     135.1956    0.0057     -18.6718     -16.3021  0.479 -0.093  762 
   55924.297000   -1048.6144     103.4427   -1100.2724     112.3447    0.3601     -21.4788     -12.0892  0.182 -0.406  762 
   55925.231600    -919.8401     122.9519    -938.0806     127.5321    0.3560     108.8077      82.7127  0.674  0.975  762 
   55926.293300    -253.0689     102.2002    -965.7843     112.7440    0.2842     -10.2087      -5.3168  0.414 -0.172  762 
   55927.338400     152.1636     117.1687     161.5663     123.6302    0.0589     -70.7678     -48.2087 -0.391 -0.816  762 
   55930.391100    2161.9400     151.1495    2198.5803     153.4686    0.4898     175.5142     148.7640  0.025  2.089  762 
   55969.099700    1245.7521     118.6020    1294.0157     122.1553    0.4983     -40.6974     -32.4568 -0.082 -0.305  762 
   56008.135200    1128.9786     133.1844    1007.8446     138.3401    0.2630    -176.1282    -136.7049 -1.055 -1.117  762 
   56009.121900     367.9914     140.1926     301.8647     143.8307    0.1082     -49.9445     -40.9547 -0.452 -0.333  762 
   56045.149100    2350.2188     192.5793    2251.1524     193.5522    0.2564    -661.7082    -617.5132 -2.259 -3.755  762 
   56215.448600     682.4396     140.5839     789.2364     143.9850    0.2603     294.0344     242.9441  2.233  2.009  762 
   56217.446200    2845.3898     172.3576    2681.0486     174.3307    0.4759      -5.8330      -5.2971  0.024 -0.027  762 
   56254.420200     974.0471     109.0245     463.1834     118.6934    0.1348      28.8779      15.9503  0.772  0.510  762 
   56301.220900    4466.5876     158.7706    4343.5771     161.1732    0.7742    -255.3443    -228.3609 -1.041 -1.117  762 
   56302.301100    3584.1199      90.7475    3795.1805      94.3429    0.7542     230.4163     167.6669  2.419  3.407  762 
   56337.370100     933.6340     105.4465     985.8760     113.0253    0.3562      70.2224      43.5009  0.554  0.957  762 
   56417.145900    1541.2715     111.0128    1837.0356     115.3580    0.5243     114.1129      84.2247  0.935  1.281  762 
