   54534.143900      69.4511     170.1257     -79.3403     170.8130    0.1207    -694.2942    -672.8815 -2.474 -2.488  762 
   54591.214800     648.8938     104.3513     476.9564     105.4134    0.2069     377.9595     337.9026  2.894  3.378  762 
   54861.115600    1407.7698     132.1760    1394.8713     132.8704    0.2745      -1.3215      -1.2268  0.408 -0.009  762 
   54862.106300     778.8769     112.4042     686.4163     113.5984    0.2398     161.2682     143.0291  1.789  1.464  762 
   55470.447900    1041.5072     150.6309     995.7666     151.2456    0.2008     -75.7174     -70.1984  0.269 -0.809  762 
   55536.220500   -1314.6073     110.1561   -1400.7729     111.6769    0.2702     199.9574     174.3161  1.078  1.688  762 
   55538.257100    -835.9985      99.9513   -1015.3184     102.3750    0.3546     -11.7128      -9.4301 -0.688 -0.151  762 
   55540.328300    -657.7471     147.4367    -787.2505     148.4018    0.1797     -66.4000     -61.6927 -0.485 -0.348  762 
   55543.325200    -943.6720     102.2016   -1069.7954     104.5174    0.3186      76.2983      61.9833 -0.176  1.056  762 
   55599.154200    1629.7675     133.8525    1532.1148     134.6810    0.2603    -393.0470    -367.5273 -3.599 -2.083  762 
   55924.297000     363.3153      89.0423     465.8809      92.7457    0.2119      73.8670      52.5404  1.212  1.659  762 
   55925.231600    -332.5334     116.2305    -377.0270     117.9052    0.1771    -152.7867    -131.1264 -1.309 -1.513  762 
   55926.293300    -214.4912      88.5200    -273.2235      92.9611    0.1058      46.8752      31.8144  1.046  0.971  762 
   55927.338400    -446.1115     107.5888    -474.1714     110.2431    0.2514     -82.9105     -66.3112 -1.912 -1.094  762 
   55930.391100       9.0262     145.2712     -36.1605     146.1524    0.0355    -112.8414    -102.3176 -2.216 -1.411  762 
   55969.099700     664.1759     114.7385     668.7710     115.9569    0.1663    -230.3080    -204.2573 -2.279 -1.887  762 
   56008.135200     538.9191     130.0998     419.0384     131.9548    0.0686    -230.9450    -201.4965 -2.073 -1.627  762 
   56009.121900     117.7946     137.2611      84.7974     138.4997    0.1014    -369.3132    -331.8828 -2.954 -2.664  762 
   56045.149100    1048.0590     193.5023     890.7621     193.8988    0.0827    -421.7824    -405.2317 -2.630 -2.451  762 
   56215.448600    1719.4696     137.0177    1683.8719     138.1407    0.3975    -145.7606    -131.9975 -0.848 -1.075  762 
   56217.446200     990.0292     177.4478     892.9224     178.1747    0.0628    -630.0184    -599.1255 -3.289 -2.976  762 
   56254.420200    1140.8883      94.5038    1166.0854      98.4652    0.4035     -15.4386     -10.9519 -0.167 -0.329  762 
   56301.220900     260.6412     165.3696     226.6052     166.2095    0.1603    -819.9933    -773.6438 -3.544 -3.755  762 
   56302.301100     465.1471      84.2336     496.7870      85.7770    0.0933    -170.3979    -141.1312 -1.812 -2.757  762 
   56337.370100    -245.8439      94.9451    -214.8992      98.0681    0.1358    -133.8287    -100.5546 -2.212 -2.148  762 
   56417.145900     456.0021     103.5098     549.4816     105.2347    0.1452     -60.8783     -51.0889 -0.890 -0.760  762 
