   54534.143900    4801.5151     265.5581    4535.2361     268.2404    0.1495   -6304.6864   -5935.0080 -23.744 -21.963  762 
   54591.214800    -760.1203     167.4588   -1167.8445     170.8945    0.0053    1349.7952    1111.7971 10.677 11.092  762 
   54861.115600   -1938.0340     203.8585   -2656.9849     207.4527    0.3543     154.1992     132.2712  1.150  0.968  762 
   54862.106300   -2723.9505     182.3736   -3205.5706     186.1907    0.4226     358.6845     293.0512  3.480  2.954  762 
   55470.447900   -3522.3247     210.9971   -4149.0085     214.1241    0.4400     534.7261     452.8233  6.507  5.186  762 
   55536.220500   -1758.7966     180.8909   -2535.2249     185.2740    0.3960    -261.7309    -211.3714 -0.102 -2.032  762 
   55538.257100    -567.3387     165.5987   -1388.3538     170.5446    0.2857    -266.2944    -200.1236 -2.696 -3.176  762 
   55540.328300    3829.9397     232.3239    3653.8799     235.9589    0.2824   -2120.5371   -1871.9275 -10.388 -10.552  762 
   55543.325200     -96.6563     168.4899    -592.7907     173.2765    0.1309      31.3868      23.8675  0.628  0.404  762 
   55599.154200   -1377.7205     215.5826   -1960.8985     219.2818    0.3531   -1251.8661   -1104.3478 -6.387 -6.276  762 
   55924.297000   -2069.2830     150.5299   -2243.1648     155.7488    0.4618      58.2659      40.7687  1.603  1.236  762 
   55925.231600   -2440.9339     188.7987   -2735.2813     193.2265    0.6244    -336.2966    -266.9138 -1.950 -3.051  762 
   55926.293300   -1489.9154     150.0710   -1588.9583     155.5356    0.3391     -41.2050     -27.8612 -0.663 -0.838  762 
   55927.338400     992.5904     176.5423     887.2973     181.6175    0.2158    -119.9856     -89.8478 -0.664 -1.466  762 
   55930.391100    2364.5277     205.7499    2329.3597     208.8348    0.3245    -512.9656    -429.2129 -5.896 -5.812  762 
   55969.099700   -2621.3087     191.3370   -2999.5637     195.4216    0.6026    -448.5897    -368.6606 -2.907 -3.380  762 
   56008.135200    1996.6881     213.7962    1639.7035     218.9255    0.1405   -1122.3968    -913.4269 -7.590 -7.366  762 
   56009.121900       1.5061     218.1691     -38.5259     222.2498    0.1857    -915.5966    -768.3163 -5.990 -6.118  762 
   56045.149100    1454.9027     262.2357    1327.9132     264.4428    0.1858   -3134.8842   -2861.6235 -15.998 -17.062  762 
   56215.448600    -303.9188     224.0766    -551.5620     228.2529    0.0891      44.0661      37.1773 -0.056  0.294  762 
   56217.446200    3473.7711     271.9227    3143.1727     275.3503    0.0543   -3925.9069   -3556.6137 -17.859 -17.467  762 
   56254.420200    -231.0090     159.3346    -102.7551     164.2743    0.0224     305.1199     213.0964  6.733  6.102  762 
   56301.220900    5714.4148     261.0469    5165.3526     264.8068    0.1044   -5195.6367   -4680.2251 -27.187 -22.478  762 
   56302.301100    1880.0044     134.4747    1956.3434     137.3566    0.3635     184.9501     144.3444  3.346  2.687  762 
   56337.370100    3230.5204     162.3681    3653.7453     167.1807    0.4659    -215.1862    -156.8633 -2.878 -3.166  762 
   56417.145900    1173.7387     170.1052    1237.6208     174.1460    0.2123     -35.8611     -28.0213 -0.382 -0.396  762 
