   54534.143900       0.0000       6.7238       0.0000       6.7238       nan       0.0000       0.0000  0.000  0.000  762 
   54591.214800    -736.5996     108.1596    -871.7142     112.3355    0.3272    -505.1625    -391.1488 -4.031 -3.955  762 
   54861.115600   -1652.9377     131.5442   -1764.8943     135.0807    0.4529    -163.5068    -134.8792 -0.856 -1.009  762 
   54862.106300   -1597.1331     118.4811   -1589.9615     123.0032    0.4608     -50.8801     -38.8870 -0.201 -0.388  762 
   55470.447900   -3822.0116     158.9311   -3938.1266     161.7939    0.7359    -129.4573    -109.3646 -0.320 -1.268  762 
   55536.220500   -2329.3223     113.6995   -2673.2152     119.7920    0.6184     117.4962      85.8744 -0.140  0.830  762 
   55538.257100   -2281.7942     110.3023   -2727.5139     118.7891    0.7068    -212.5257    -135.5075 -1.812 -2.186  762 
   55540.328300   -2073.5451     139.8749   -2333.7530     144.3333    0.4484     206.2152     171.6969  0.608  0.974  762 
   55543.325200   -2299.3448     113.3753   -2512.6568     121.5984    0.6250      99.5604      63.8867  0.801  1.110  762 
   55599.154200   -1174.7700     127.0103   -1357.7549     130.9601    0.3363    -185.3710    -154.9778 -0.534 -0.890  762 
   55924.297000     676.8393     106.4178      -7.9022     120.1661    0.0167     -97.2245     -50.0665 -0.885 -1.525  762 
   55925.231600     428.3291     121.8185     296.0913     128.1770    0.1469      85.4759      61.7889  0.720  0.711  762 
   55926.293300     146.1189     104.2252     109.9667     119.5460    0.0317     -37.5288     -17.2984 -0.274 -0.542  762 
   55927.338400    -747.8211     118.2144    -610.7868     127.6038    0.2736     -12.2045      -7.6593 -0.451 -0.127  762 
   55930.391100     853.0230     154.0713     786.5339     157.4303    0.1746     -85.0284     -70.0182 -1.161 -0.953  762 
   55969.099700    -973.6005     118.0339    -927.0927     123.3465    0.2997     149.3421     112.1154  0.982  1.029  762 
   56008.135200   -2181.2191     131.1435   -2287.6290     139.1836    0.6474    -311.7908    -223.6189 -1.987 -1.828  762 
   56009.121900   -2867.1162     139.1592   -2781.6599     144.5339    0.7807     -20.8228     -16.2394  0.088 -0.130  762 
   56045.149100   -1635.9349     192.6013   -1658.2000     193.9867    0.2547      89.7143      82.5346 -0.234  0.490  762 
   56215.448600     424.9639     140.1010     323.7823     144.9774    0.1075     106.4224      84.7806  0.551  0.654  762 
   56217.446200     291.3545     168.5585     127.3442     171.7129    0.1058     469.9631     415.6550  2.248  2.024  762 
   56254.420200     164.4183     113.8283     261.9865     127.7898    0.0709    -114.7529     -58.7469 -0.780 -1.670  762 
   56301.220900   -1815.5133     155.2136   -1925.5594     159.3810    0.4812     177.1589     152.4002  0.686  0.727  762 
   56302.301100   -3396.8477      97.4402   -3332.1700     102.7654    0.6323    -383.4669    -264.3960 -3.426 -4.782  762 
   56337.370100   -2029.4795     110.1281   -1917.1889     120.5159    0.5908    -159.1550     -91.4345 -1.286 -1.799  762 
   56417.145900    1863.1273     113.9619    1759.7719     120.1046    0.4676    -108.1596     -76.5345 -1.065 -1.045  762 
