   54534.143900    2704.4610     186.0378    2240.1032     188.3844    0.2226    -520.9519    -494.4812 -1.461 -1.828  762 
   54591.214800    4113.6507     117.8297    2998.4676     120.8531    0.3598     507.4502     434.3903  3.741  4.271  762 
   54861.115600   -2690.2381     148.5722   -2577.7133     150.9509    0.3803     392.2834     346.6730  2.762  2.530  762 
   54862.106300   -2363.5746     130.4378   -2134.7625     133.2260    0.3300     314.4602     265.7039  3.428  2.633  762 
   55470.447900     336.4739     164.2496     305.1555     165.6498    0.0988     309.3604     277.4070  4.425  3.158  762 
   55536.220500     216.1677     125.4621     390.1105     128.2971    0.0595     -20.1642     -16.7459 -0.987 -0.160  762 
   55538.257100     989.3165     114.0661    1056.9279     117.5348    0.1934      64.5925      49.6295  0.085  0.788  762 
   55540.328300    1866.5976     163.3231    1672.1971     166.2116    0.2471    -551.2206    -495.7991 -2.366 -2.779  762 
   55543.325200     689.8561     116.8266     691.7002     120.6620    0.2136      92.5451      70.7404  0.260  1.203  762 
   55599.154200    6727.1814     147.7140    6409.7374     150.5042    0.7576    -409.3088    -370.6291 -2.137 -2.090  762 
   55924.297000     415.0202     105.2038     718.3306     111.8382    0.1760     -78.5194     -51.5034 -1.157 -1.575  762 
   55925.231600    -530.1643     132.4777    -366.4497     135.6200    0.0907      54.6163      44.6453  0.864  0.507  762 
   55926.293300     285.2711     104.4238     260.4330     112.1890    0.0634     -62.3720     -38.7857 -0.782 -1.160  762 
   55927.338400     -67.6216     123.8364    -165.8524     128.6622    0.0382      98.1128      73.1906  1.565  1.197  762 
   55930.391100     117.5525     159.1143     -33.5443     161.1197    0.0416    -156.7452    -136.6736 -2.697 -1.874  762 
   55969.099700   -1200.3697     132.7452   -1020.7402     135.8080    0.3692    -424.1763    -357.3120 -3.847 -3.236  762 
   56008.135200     420.2308     148.2272      74.1826     152.4393    0.0796    -489.4144    -403.7645 -2.909 -3.247  762 
   56009.121900    -520.1243     154.6741    -650.0835     157.9993    0.2250     -28.2797     -24.2355 -0.602 -0.193  762 
   56045.149100   -2416.6111     208.7937   -2769.3272     210.3618    0.4628    -868.3466    -812.3574 -4.510 -4.900  762 
   56215.448600     419.6717     155.9314     591.7759     159.0756    0.3006     743.0800     642.3862  6.370  5.138  762 
   56217.446200    2278.9110     195.8322    1995.0696     198.3022    0.1606    -526.3564    -485.9311 -0.953 -2.385  762 
   56254.420200    3710.1903     109.8265    3981.1111     116.5649    0.7945     272.2992     178.2472  5.740  5.206  762 
   56301.220900     907.5208     183.0552     862.2529     185.8128    0.1750    -150.4186    -137.9227  1.959 -0.665  762 
   56302.301100    1203.7315      96.0654    1463.6569      98.8273    0.3903     343.1262     268.7201 10.043  5.113  762 
   56337.370100     717.6792     110.7941     559.5061     116.1479    0.1006      42.4384      29.9080  0.538  0.627  762 
   56417.145900   -5269.1771     122.1282   -5758.1170     126.4632    0.6714      59.7857      46.1068 -0.024  0.677  762 
