   54534.143900    3474.3201     163.3097    3381.7417     163.8927    0.4537    -844.6951    -814.2974 -2.447 -3.025  762 
   54591.214800    1748.2160     103.4105    1615.7886     104.7279    0.4938     963.9520     844.1773  9.142  8.442  762 
   54861.115600     831.2779     130.3576     702.4381     131.4404    0.2055     334.3469     303.6086  2.756  2.250  762 
   54862.106300    1280.8141     112.5407    1234.0870     113.9589    0.4023     555.3936     484.7819  4.567  4.874  762 
   55470.447900    -319.1648     151.0231    -363.6573     151.9420    0.0198     490.6069     447.4345  4.248  5.199  762 
   55536.220500    1280.0537     108.4071    1166.1371     110.2470    0.3068     -34.3524     -29.3753 -0.195 -0.285  762 
   55538.257100    1009.4199      99.1816     775.1721     102.2202    0.2472      33.3415      26.1027  0.636  0.425  762 
   55540.328300    1662.0759     143.3868    1576.2528     144.5139    0.2755    -355.7929    -326.9387 -2.530 -1.850  762 
   55543.325200     854.8595     101.3725     620.8333     104.4034    0.2751     176.2565     138.5774  2.263  2.419  762 
   55599.154200    1863.0333     130.8399    1809.2374     131.8398    0.3406    -338.0575    -311.7846 -1.683 -1.777  762 
   55924.297000     894.6506      90.8408     989.4896      96.2920    0.3761     -77.4412     -51.9193 -0.026 -1.670  762 
   55925.231600    -110.7626     116.0772    -158.5060     118.3114    0.0898     -44.8653     -37.5611 -0.161 -0.435  762 
   55926.293300      46.2282      89.8250      77.6122      96.3550    0.0217     -45.8989     -28.9888 -0.887 -0.927  762 
   55927.338400    -307.2690     108.0831    -485.2832     111.8506    0.2161    -118.2550     -90.5604 -0.357 -1.524  762 
   55930.391100    -272.4554     145.6573    -286.2891     146.9172    0.0228     214.9200     191.8624  1.829  2.663  762 
   55969.099700    -571.7251     115.2392    -590.6231     116.9626    0.3113    -303.8269    -262.2909 -2.255 -2.414  762 
   56008.135200     297.6657     128.8965     205.2879     131.3144    0.0725    -542.4741    -459.3555 -2.756 -3.751  762 
   56009.121900     461.3642     135.8647     418.0089     137.4844    0.0867    -233.0394    -205.4045 -1.548 -1.654  762 
   56045.149100    1313.9764     192.3700    1256.5022     192.8009    0.0649    -919.0346    -879.3797 -4.596 -5.293  762 
   56215.448600    1510.0248     136.5964    1539.5951     138.0368    0.5910    1064.1891     948.6999  6.464  7.556  762 
   56217.446200    2863.9401     174.3373    2773.4962     175.1814    0.4329    -334.5266    -315.9878 -1.146 -1.553  762 
   56254.420200    2749.6893      95.1341    2695.5732     100.8947    0.7303     323.6251     217.3556  6.831  6.637  762 
   56301.220900    2297.9697     162.1533    2146.0070     163.2398    0.1951   -1520.7123   -1417.7742 -6.013 -6.839  762 
   56302.301100    1679.2352      84.6630    1706.3705      86.5749    0.5081     325.2109     263.8101  4.695  5.080  762 
   56337.370100    3008.5080      94.2336    3136.0641      98.1099    0.8483     237.7142     174.6750  2.900  3.656  762 
   56417.145900     748.6179     104.8358     841.9024     107.0697    0.3295     190.7876     156.1386  2.003  2.272  762 
