   54534.143900      -8.4718       7.4253   -2736.2967      55.2039    0.3662       0.0000       0.0000  0.909  0.000  762 
   54591.214800  -17023.0839     104.1007  -16829.8922     108.1893    0.9496    -965.0571    -740.2766 -7.186 -7.576  762 
   54861.115600   -4967.3317     120.4210   -4767.6311     122.7981    0.7289    -279.4861    -238.5941 -1.750 -1.750  762 
   54862.106300   -6891.4162     106.8876   -6933.3293     110.9022    0.8444       8.4834       6.5110 -0.313  0.068  762 
   55470.447900  -15203.6845     153.2628  -15355.3448     155.7789    0.9477    -128.3684    -109.6298 -1.622 -1.265  762 
   55536.220500   -4826.5191     100.9325   -4946.3646     105.5739    0.6784     -40.2089     -30.2353 -0.363 -0.292  762 
   55538.257100   -4544.0364      97.5275   -4351.1072     103.9513    0.7406      -0.4509      -0.3015 -0.850 -0.005  762 
   55540.328300   -3536.6518     124.1472   -3553.2616     127.2972    0.7043     208.9034     177.4016  0.561  1.002  762 
   55543.325200   -3884.0492     100.1917   -3253.6932     105.6934    0.6600      17.1329      11.7237 -0.345  0.195  762 
   55599.154200    2357.3477     108.7744    2359.5492     111.2152    0.5574     257.1139     221.2603  1.118  1.273  762 
   55924.297000    -180.4998      92.0116   -1384.3891     104.1219    0.3521     -79.8195     -42.7374 -1.111 -1.270  762 
   55925.231600     945.9756     106.0579    1083.3352     110.5148    0.3993     167.1740     126.2889  1.755  1.461  762 
   55926.293300    -144.8218      89.0559     -30.0291     101.6139    0.0052      26.8592      13.0261  1.230  0.392  762 
   55927.338400     277.0207     102.3490     406.5030     109.3618    0.2148      75.9288      50.4789  0.805  0.817  762 
   55930.391100    -325.2211     144.0005    -558.8825     146.3077    0.1566    -146.5816    -125.3509 -2.363 -1.652  762 
   55969.099700     747.3164     101.0259     754.1874     105.0899    0.3488     351.1552     271.5570  2.121  2.549  762 
   56008.135200    2465.2754     110.7340    2356.1545     116.3042    0.7264     257.9086     193.9272  1.645  1.565  762 
   56009.121900    2291.9459     120.0903    2138.9138     123.6881    0.6906      36.1153      29.3924  0.664  0.234  762 
   56045.149100     906.7291     181.2977    -134.6971     182.7535    0.0125     -29.6160     -27.7081  0.319 -0.162  762 
   56215.448600   -3010.8678     125.4806   -3307.8710     129.6582    0.7032    -433.5145    -350.1554 -2.678 -2.724  762 
   56217.446200   -2599.5120     152.3674   -2695.1401     154.6684    0.5825    -346.7165    -310.4972 -1.988 -1.527  762 
   56254.420200   -3847.2129     101.4276   -5040.4738     115.0055    0.8229    -258.1750    -133.4889 -3.033 -3.675  762 
   56301.220900   -3846.3408     138.0530   -4047.8604     141.3384    0.7683     185.9213     161.4047  0.546  0.770  762 
   56302.301100   -5304.9504      87.6552   -5659.6494      92.4212    0.8526    -277.7406    -196.6331 -4.412 -3.530  762 
   56337.370100   -9978.9823     100.8946  -10978.3466     111.6080    0.9353    -101.3046     -58.0337 -1.321 -1.092  762 
   56417.145900  -15119.3188     111.2101  -15983.2434     118.0088    0.9786    -189.3620    -131.7462 -0.939 -1.744  762 
