   54534.143900    1578.3426     156.3794    1451.6571     157.4560    0.2345    -315.3280    -298.1094 -2.143 -1.109  762 
   54591.214800    2710.9285     102.0825    2148.5372     103.9565    0.3452     305.4942     261.0639  1.711  2.688  762 
   54861.115600     331.1410     129.2262     364.9592     130.5164    0.1152     168.8506     150.3302  0.878  1.117  762 
   54862.106300     -97.7735     112.1356    -208.6931     113.9872    0.0692    -151.0768    -127.2932 -0.535 -1.329  762 
   55470.447900    1593.5914     149.2490    1565.6006     150.1405    0.3515     319.1749     289.9416  3.086  3.407  762 
   55536.220500   -1569.3876     109.3275   -1688.3405     111.5842    0.3271    -281.7471    -232.1081 -2.305 -2.276  762 
   55538.257100   -2317.0691     101.3153   -2188.1557     104.1856    0.4030     -89.3764     -68.6100 -0.927 -1.122  762 
   55540.328300   -1767.6858     141.6479   -1847.7116     143.5054    0.4422    -288.7553    -256.5706 -1.347 -1.461  762 
   55543.325200   -1689.3382     103.6532   -1535.5356     106.5753    0.4484       3.5442       2.7364 -0.233  0.048  762 
   55599.154200    2859.2122     126.9087    2732.5671     128.4682    0.5180    -460.8848    -412.8036 -2.154 -2.380  762 
   55924.297000     831.1039      90.5175     699.6106      96.6729    0.2037     -69.4687     -46.1577 -1.086 -1.471  762 
   55925.231600     788.8183     114.6275     745.0495     116.9980    0.2706     199.2561     163.1063  1.777  1.916  762 
   55926.293300     334.3255      88.9270     266.0907      95.9658    0.0893      17.8710      11.1720  1.138  0.359  762 
   55927.338400     -84.7476     107.7715      26.3904     111.2963    0.0295      54.4804      41.2534  0.280  0.694  762 
   55930.391100    -896.9369     147.0884   -1043.9984     148.5086    0.2359      72.8474      64.3355  0.815  0.882  762 
   55969.099700   -2109.2998     114.4783   -2117.3114     116.7415    0.5377      16.6845      13.8920  0.216  0.131  762 
   56008.135200   -1426.5751     128.2518   -1674.1681     131.6389    0.4790     -36.3098     -29.3782 -0.102 -0.241  762 
   56009.121900   -1940.1777     135.8341   -2046.1846     138.1737    0.6181      69.0679      58.8319  0.157  0.475  762 
   56045.149100    -226.6081     191.7758    -358.5472     192.4259    0.0683     -57.7699     -54.5913 -0.189 -0.325  762 
   56215.448600    1166.1184     136.1896    1104.1761     138.1989    0.3735     306.2700     265.1282  2.038  2.097  762 
   56217.446200    2333.4466     169.9277    2137.2282     171.3031    0.3861    -144.6660    -133.3216 -0.799 -0.659  762 
   56254.420200    -860.2718      98.5825   -1190.1699     105.7375    0.3211      75.3618      48.7559  1.917  1.450  762 
   56301.220900   -3406.1252     160.4244   -3629.2118     162.4982    0.7805    -843.2375    -758.9877 -4.328 -3.653  762 
   56302.301100   -4611.0353      89.1098   -4666.7075      91.4790    0.7989      41.8301      32.7774  0.918  0.618  762 
   56337.370100    1048.5436      96.8367     161.9174     101.9257    0.0374      65.4890      46.5131  1.333  0.940  762 
   56417.145900   -2690.7014     108.5405   -3303.8898     111.9196    0.5449     145.6569     115.1557  1.188  1.609  762 
