   54534.143900    4135.5758     232.6112    2991.4714     239.3437    0.0740   -2613.6593   -2318.4028 -9.280 -8.590  762 
   54591.214800     -72.2416     169.3180   -3055.3010     182.7444    0.1654    1253.3407     833.3968  8.514  8.294  762 
   54861.115600    -518.5990     198.2858   -1509.2206     210.0337    0.1484     641.6363     471.6857  2.746  3.467  762 
   54862.106300    1113.4385     184.0475    1231.8982     197.7317    0.2328    1003.9469     664.8031  6.028  6.675  762 
   55470.447900    -255.3786     219.3970   -1888.1666     231.2955    0.2129     230.6058     165.9592  1.634  1.912  762 
   55536.220500    -899.4281     181.3947   -1678.0763     197.2251    0.3265      31.9086      20.4701 -0.949  0.198  762 
   55538.257100    -499.6165     180.2287   -2745.1895     201.8114    0.4352      70.4617      37.0377  0.529  0.596  762 
   55540.328300    1027.9937     217.3798      21.0356     229.7806    0.1037    -897.0469    -692.4397 -4.042 -3.903  762 
   55543.325200     883.8516     185.3896   -1454.6308     206.4343    0.2103      95.3502      50.3965  1.109  0.868  762 
   55599.154200    -615.6371     200.8235   -1578.0375     211.9001    0.3066    -648.7411    -504.4508 -2.946 -2.862  762 
   55924.297000     556.8303     181.9994     135.2093     211.8190    0.0198     -17.3016      -6.8798  0.305 -0.216  762 
   55925.231600      65.2434     194.9858    -474.5047     213.1733    0.1641    -205.4105    -125.2807 -1.184 -1.440  762 
   55926.293300    1163.2211     181.2305      53.4239     213.7442    0.0086      16.1414       5.9491  0.302  0.184  762 
   55927.338400     211.7696     194.6225    -622.3500     218.9844    0.2241    -122.9935     -63.0875 -1.237 -1.047  762 
   55930.391100    1412.3898     220.1278    1752.9169     233.5579    0.3514     -56.3856     -38.4893 -0.511 -0.531  762 
   55969.099700     373.9021     189.9966     403.0063     204.5171    0.0336    -382.8692    -253.6408 -2.236 -2.323  762 
   56008.135200      30.6894     211.0683    -405.0099     231.7075    0.1304    -340.4647    -219.0915 -2.456 -1.776  762 
   56009.121900     643.0407     214.8718     408.8245     230.6330    0.0191    -693.2644    -478.1946 -3.871 -3.832  762 
   56045.149100     598.7539     252.8959     511.7769     259.7349    0.0610   -1161.8259    -975.2012 -6.609 -5.867  762 
   56215.448600    2453.2762     217.9139    3107.1277     232.1729    0.5334     638.4683     448.8967  3.161  3.584  762 
   56217.446200    1692.4003     250.4806    1043.9760     260.8818    0.0929   -1980.4219   -1631.0499 -8.174 -8.018  762 
   56254.420200    3098.7280     192.0601    3435.2323     223.5693    0.4711     670.2818     262.5888  7.054  7.844  762 
   56301.220900    4315.5570     238.1983    3715.3530     249.6797    0.3886   -2215.6992   -1791.1657 -8.453 -8.642  762 
   56302.301100    2529.7586     151.4277    4488.7060     166.0966    0.6494     511.6914     282.9677  6.234  5.420  762 
   56337.370100    1037.5276     183.6745    2001.2713     208.5896    0.2844     378.7231     173.9282  2.998  3.643  762 
   56417.145900    2160.8984     181.3725    2692.4948     199.8388    0.4512     437.8092     249.6917  3.219  3.642  762 
