   54534.143900    2285.5549     183.5079    2173.3969     185.0319    0.2367   -3830.7171   -3763.1213 -14.726 -13.967  762 
   54591.214800      99.4670      99.7222     -53.4619     100.7586    0.0756     486.8148     470.8573  5.038  4.819  762 
   54861.115600     792.6124     132.4468     822.1140     133.5936    0.1796     192.1617     186.9618  0.785  1.378  762 
   54862.106300     781.1702     106.8876     639.5917     107.8928    0.1553      34.2658      33.0996 -0.015  0.346  762 
   55470.447900     526.3027     144.0975     479.3712     144.4819    0.1391     175.7561     173.0670  1.194  2.032  762 
   55536.220500    -250.3398     104.5640    -573.9978     105.8506    0.2037    -297.4740    -287.4841 -2.205 -2.825  762 
   55538.257100    -372.9159      88.0143    -603.7900      88.9730    0.1626     -28.3388     -26.5735 -1.854 -0.436  762 
   55540.328300     172.5444     151.5755     187.4095     153.1278    0.1720   -1121.0020   -1089.9070 -6.779 -6.196  762 
   55543.325200     328.9010      88.9349     336.9356      89.8131    0.0491    -204.4061    -194.2783 -2.942 -3.384  762 
   55599.154200    -955.3136     140.0157   -1267.3172     141.9574    0.4230   -1037.6083    -999.3591 -4.920 -5.728  762 
   55924.297000     -97.4287      70.1983    -156.2786      71.4051    0.0407      16.6248      14.4532 -0.313  0.472  762 
   55925.231600     429.1008     107.6246     433.1045     108.5189    0.0625    -217.4363    -209.5697 -2.889 -2.463  762 
   55926.293300     392.7759      68.0264     407.1001      69.2132    0.0946     -77.0465     -66.2457 -2.794 -2.126  762 
   55927.338400    -492.3255      94.7837    -563.7475      95.7194    0.2222     -99.3052     -93.0306 -0.897 -1.570  762 
   55930.391100    -443.4271     137.4503    -438.5234     137.8900    0.1239    -102.5088    -100.4310 -1.302 -1.398  762 
   55969.099700     306.9411     110.4616     220.6131     111.6940    0.0619    -434.8386    -421.1213 -4.016 -3.958  762 
   56008.135200    1035.4800     127.7920    1026.9124     129.2942    0.0890    -709.4082    -675.8178 -5.357 -5.535  762 
   56009.121900    -627.4010     135.6967    -706.0362     137.1055    0.3666    -411.4579    -397.9106 -4.154 -3.222  762 
   56045.149100    1870.2278     196.4840    1840.2915     197.1918    0.0905   -1254.8057   -1236.8957 -7.125 -7.457  762 
   56215.448600     462.7876     136.4014     395.8838     137.8725    0.0811     -82.8348     -80.4588  0.036 -0.651  762 
   56217.446200    -506.0916     185.7232    -717.5235     187.2387    0.3731   -1562.8327   -1530.0975 -7.792 -7.611  762 
   56254.420200     -36.0915      75.8082     -47.8090      76.9704    0.0115     105.4215      91.8851  3.243  2.827  762 
   56301.220900    1713.5599     174.4956    1746.6330     176.0898    0.1743   -2464.1477   -2396.8835 -12.659 -11.632  762 
   56302.301100     166.1639      74.1620     115.1044      74.6027    0.0269     -11.8429     -11.2736 -0.634 -0.221  762 
   56337.370100     -79.4913      79.0999     -88.8424      79.7733    0.0106      47.3805      43.7234 -1.159  0.930  762 
   56417.145900    -318.9683      94.9452    -310.3348      95.5627    0.1080    -141.1685    -134.9813 -1.328 -1.979  762 
