   54534.143900   -1833.3360     149.1024   -1885.0768     149.1973    0.1446    1317.1571    1300.9831  5.209  4.817  762 
   54591.214800    -705.4019      88.9984    -741.0419      89.2460    0.1273    1301.3999    1231.4554 15.922 12.213  762 
   54861.115600    -482.1194     115.8785    -590.1356     116.1249    0.0620     921.2684     883.4375  5.825  6.484  762 
   54862.106300    -276.7777      96.7465    -328.1643      97.0466    0.0124     387.9723     365.1118  3.824  3.648  762 
   55470.447900    -550.6852     137.5779    -584.6665     137.7193    0.0205     518.2099     500.4480  7.021  5.748  762 
   55536.220500    -288.7559      91.9060    -359.7446      92.2603    0.1216     -40.4689     -37.7366 -0.446 -0.363  762 
   55538.257100    -170.1176      79.8411    -232.2348      80.4173    0.0430     143.2908     128.3537  1.606  2.055  762 
   55540.328300    -695.6887     127.4150    -759.2933     127.6466    0.1924     109.5139     105.6113  0.965  0.595  762 
   55543.325200    -290.5458      81.2594    -312.5440      81.7730    0.0602     201.8265     181.8639  2.783  3.119  762 
   55599.154200     304.7786     115.5161     213.2683     115.7132    0.0362    -373.2269    -361.0350 -0.402 -2.048  762 
   55924.297000     -24.2334      67.0451     -86.5767      68.0984    0.0264      25.0238      20.9050  0.687  0.651  762 
   55925.231600    -134.8452      97.2994    -161.3476      97.6634    0.1205    -108.5502    -100.6380 -1.200 -1.153  762 
   55926.293300    -204.9941      64.9135    -296.2304      66.2347    0.1152      31.5677      25.4880  0.370  0.782  762 
   55927.338400     303.6874      85.5059     257.0661      86.0842    0.1091     -11.5526     -10.3435 -0.504 -0.171  762 
   55930.391100     -25.2406     129.8890     -64.0813     130.0504    0.0227     -27.8017     -26.6656  0.149 -0.366  762 
   55969.099700      98.1043      96.8323      79.7855      97.1377    0.1349    -422.3924    -397.3501 -3.112 -3.629  762 
   56008.135200    -582.3482     109.1211    -641.9036     109.5931    0.2681    -251.5829    -233.6680 -2.348 -1.890  762 
   56009.121900    -266.0549     117.6597    -284.2558     117.9427    0.1272     -40.2205     -38.1545 -0.047 -0.305  762 
   56045.149100   -1503.5179     180.8529   -1580.5152     180.9480    0.2659    -137.0971    -134.7227 -1.156 -0.810  762 
   56215.448600    -412.0230     118.6629    -483.8982     118.9998    0.0796     790.2436     749.6602  5.755  5.978  762 
   56217.446200    -509.8790     159.0577    -587.0005     159.2181    0.2590    -634.2331    -620.1348 -3.096 -3.048  762 
   56254.420200    -133.0162      71.8196    -217.8642      72.9419    0.0125     224.0494     185.8802  4.864  5.504  762 
   56301.220900    -699.4132     144.8933    -736.0501     145.0797    0.2544    -112.8665    -109.8143 -0.249 -0.529  762 
   56302.301100     422.9243      69.1257     420.8768      69.3890    0.2317     272.3464     250.3406  4.149  4.769  762 
   56337.370100     172.0764      72.7055     205.2754      73.3770    0.1320     113.4485      98.7736  2.626  2.057  762 
   56417.145900     123.3911      85.9078     111.3423      86.2850    0.1303     300.3145     276.2477  3.259  4.016  762 
