   54534.143900    1362.0705     144.4757    1179.0380     145.3373    0.2253    -118.8867    -115.8557 -0.873 -0.429  762 
   54591.214800     747.5400      86.8241     640.1168      87.2571    0.1300     -27.6417     -26.1987 -0.753 -0.266  762 
   54861.115600    -243.1162     114.8076    -368.5718     115.2526    0.0969     -98.3124     -94.2206 -0.670 -0.692  762 
   54862.106300    -554.8825      94.6180    -567.5579      95.0427    0.1531     -25.1010     -23.5765 -0.941 -0.244  762 
   55470.447900    -352.6853     136.4238    -430.0799     136.6216    0.0857     -52.3559     -50.6394 -0.831 -0.585  762 
   55536.220500     -99.8149      90.2437    -160.5831      90.7930    0.0631    -101.5083     -94.8565 -1.113 -0.919  762 
   55538.257100    -507.9472      78.7442    -471.1295      79.2952    0.1225     -17.4560     -15.6943 -1.067 -0.250  762 
   55540.328300     345.2608     124.2915     209.4566     125.0246    0.0303     -86.6471     -83.2368 -0.693 -0.471  762 
   55543.325200       9.6950      80.1053      10.3046      80.7039    0.0128     -51.3119     -46.2826 -1.500 -0.783  762 
   55599.154200   -1263.9863     113.5098   -1458.6672     114.3142    0.3018     -31.2278     -29.8600 -0.831 -0.171  762 
   55924.297000    -192.7459      67.1918    -329.9471      68.6496    0.0965      78.9040      64.3853  1.108  1.958  762 
   55925.231600    -260.4244      95.4760    -243.6987      95.9492    0.0655     124.5526     115.6911  0.616  1.338  762 
   55926.293300     -28.3632      64.1016     -99.4351      65.6899    0.0236      57.9053      45.6857  0.259  1.394  762 
   55927.338400     197.9002      84.3883     176.8687      85.0931    0.0551     -67.9533     -60.4715 -1.253 -0.990  762 
   55930.391100     -90.3676     130.4130    -121.8993     130.6140    0.0587     -95.5717     -91.7416 -1.114 -1.232  762 
   55969.099700    -118.8090      94.9383    -164.0159      95.5579    0.1057     -83.2693     -77.9304 -0.996 -0.726  762 
   56008.135200    -123.9255     106.4103    -223.6373     107.1697    0.0827     -97.5643     -90.3327 -0.689 -0.731  762 
   56009.121900    -154.6720     116.2623    -244.9705     116.8231    0.1422    -278.0992    -262.8876 -2.027 -2.099  762 
   56045.149100     518.5734     180.2699     441.1231     180.4846    0.0865      21.6645      21.2804  0.544  0.126  762 
   56215.448600    -324.2804     118.4805    -465.5132     119.2084    0.1566    -146.0492    -138.3146 -1.420 -1.087  762 
   56217.446200    -475.2443     156.5981    -651.8030     157.3019    0.1793    -236.3233    -228.6269 -1.364 -1.126  762 
   56254.420200      49.0415      72.0557     -34.0639      73.3978    0.0190     -34.8562     -28.4812 -0.010 -0.809  762 
   56301.220900    -481.1509     142.4228    -695.4753     143.2868    0.1853    -118.2170    -113.6094 -0.817 -0.544  762 
   56302.301100    -460.3425      70.0130    -502.3754      70.4448    0.1254      18.9498      17.2361  0.234  0.317  762 
   56337.370100     -58.3970      73.4661    -125.7759      74.4749    0.0274      49.0131      42.2251  0.282  0.829  762 
   56417.145900     416.2263      87.1410     300.2466      87.7018    0.0650     -11.5888     -10.6662  0.246 -0.146  762 
