   54534.143900    1414.9458     211.4213    1369.7765     214.2496    0.2437   -3662.5357   -3546.1148 -78.736 -13.175  762 
   54591.214800    2253.8680     117.9631    2319.0767     119.4336    0.3321     690.7444     639.0989  8.307  6.484  762 
   54861.115600   -1563.5442     152.2438   -1797.1546     153.8297    0.2928     -75.8730     -71.5738 -11.096 -0.530  762 
   54862.106300   -1511.2484     128.6786   -1628.8862     130.0375    0.3087       0.0000       0.0000 -3.611  0.000  762 
   55470.447900    3488.8574     159.8517    3376.6188     160.5248    0.5408       0.0000       0.0000 -0.313  0.000  762 
   55536.220500    -298.9565     125.5215    -553.5400     127.1330    0.1456    -254.4099    -232.4403 -7.353 -2.265  762 
   55538.257100    -578.2948     110.3316   -1034.1769     112.8584    0.2008      -1.5858      -1.3419 -2.774 -0.022  762 
   55540.328300    3017.2042     174.0173    2947.4198     176.1807    0.1929   -1807.3054   -1726.4947 -35.047 -9.791  762 
   55543.325200    2596.1299     110.3779    2418.8038     112.4185    0.5648       0.0000       0.0000 -2.811  0.000  762 
   55599.154200    2223.1228     161.1893    2259.7974     163.5956    0.1959   -1275.9360   -1210.6649 -20.919 -6.927  762 
   55924.297000     795.9984      97.4327     703.9047     102.1174    0.1852       0.0000       0.0000  2.650  0.000  762 
   55925.231600     921.9339     129.3790     825.5928     130.9219    0.1866    -137.8635    -123.8657 -4.974 -1.437  762 
   55926.293300     481.8890      96.3844     293.0467     101.7753    0.0802       0.0000       0.0000  0.021  0.000  762 
   55927.338400     244.8630     118.6716     172.1431     121.1734    0.0405     -77.0543     -64.3213 -3.739 -1.078  762 
   55930.391100     196.1951     155.5516     181.1883     156.4666    0.0069    -232.7440    -215.2101 -5.724 -2.978  762 
   55969.099700     376.3658     132.1281     245.5029     133.6635    0.0875    -571.4594    -527.3177 -9.743 -4.884  762 
   56008.135200    1727.1285     151.7546    1690.9778     153.7503    0.1449   -1160.2322   -1057.4412 -24.183 -8.641  762 
   56009.121900    2136.8008     157.3344    2224.9582     158.9330    0.3344    -823.9984    -766.7800 -15.583 -6.169  762 
   56045.149100    3903.7615     215.0299    3958.1160     216.1806    0.2842   -2206.8817   -2143.3924 -35.626 -12.870  762 
   56215.448600    1433.1291     160.1791    1258.8066     161.9788    0.2692       0.0000       0.0000 -8.872  0.000  762 
   56217.446200    3740.6003     211.6079    3669.3176     213.9138    0.1689   -2737.6974   -2635.6097 -55.054 -12.986  762 
   56254.420200    2217.1571     103.6780    2117.9323     108.3753    0.3919      15.3553      11.2805  3.950  0.335  762 
   56301.220900    3435.7507     199.9985    3352.1955     202.4223    0.0841   -2891.7986   -2783.5908 -60.563 -13.424  762 
   56302.301100    4511.5259      90.5663    4520.7999      91.8396    0.7396       7.2815       6.3008  3.777  0.120  762 
   56337.370100    1157.6330     104.5306    1346.3684     107.1858    0.2703      -0.0516      -0.0417 -2.808 -0.001  762 
   56417.145900    3018.9378     114.8289    3036.1910     116.3869    0.5113       0.0000       0.0000 -3.824  0.000  762 
