   54534.143900    -402.2908     130.7574    -544.5105     131.0357    0.0083     519.1712     507.0819  1.531  1.882  762 
   54591.214800     180.1121      82.1803      85.9279      82.5895    0.0950    -418.1986    -386.9611 -3.937 -4.005  762 
   54861.115600    -240.3003     108.3217    -278.1008     108.5773    0.0731      50.3085      47.8217 -0.651  0.349  762 
   54862.106300    -236.4971      87.6938    -275.6592      88.1243    0.1185     -75.7356     -69.5610 -0.703 -0.750  762 
   55470.447900    -211.5349     131.7192    -245.5467     131.8955    0.1112    -217.6098    -208.4198 -2.832 -2.463  762 
   55536.220500     100.2469      83.1777      91.3831      83.6797    0.0812     160.4664     146.1954  0.879  1.450  762 
   55538.257100    -440.2709      74.6675    -439.8944      75.4879    0.2106     -71.9667     -61.9120 -0.597 -1.025  762 
   55540.328300    -204.4498     114.3434    -302.2980     114.7604    0.0974     -56.1431     -53.2461 -0.332 -0.303  762 
   55543.325200    -214.2693      76.5106    -212.5142      77.2765    0.1760    -175.1156    -152.4486 -2.215 -2.650  762 
   55599.154200    -202.3206     103.6294    -338.0897     104.0395    0.1595    -236.4868    -223.8161 -1.426 -1.283  762 
   55924.297000     118.4089      63.4846     132.7227      65.2812    0.0558     -11.5846      -8.9216 -0.519 -0.300  762 
   55925.231600    -266.2539      89.7225    -285.3085      90.3780    0.1714     -39.4214     -35.4036 -0.117 -0.421  762 
   55926.293300     -68.9170      61.8310    -107.6938      64.0201    0.0926    -147.6842    -108.5576 -2.890 -3.496  762 
   55927.338400    -499.2939      81.0007    -534.8058      82.1111    0.3647     -98.4700     -83.7006 -1.133 -1.419  762 
   55930.391100     104.1238     124.5497     102.2073     124.7689    0.0874     203.2027     192.9894  2.562  2.716  762 
   55969.099700    -246.6455      87.3244    -265.5896      87.8999    0.1281       1.3391       1.2207 -0.289  0.012  762 
   56008.135200    -167.1801      98.3983    -240.9896      99.2287    0.0635      80.3714      72.2946  0.215  0.592  762 
   56009.121900    -213.9015     107.8208    -255.9202     108.3186    0.1654    -100.8380     -93.4451 -0.925 -0.762  762 
   56045.149100     201.9313     171.2907     126.4577     171.3973    0.0155     -39.1266     -38.3315 -0.219 -0.233  762 
   56215.448600    -117.9632     107.0280    -137.8823     107.5017    0.0421      20.9597      19.4778 -0.483  0.162  762 
   56217.446200    -447.8845     142.4404    -517.8792     142.7248    0.0938     130.7150     126.2399  0.777  0.637  762 
   56254.420200    -378.5878      68.6789    -389.0960      70.7085    0.1995    -111.5040     -84.9104 -2.374 -2.700  762 
   56301.220900    -177.7248     128.0090    -223.4808     128.3709    0.0021     227.2006     217.4568  1.051  1.066  762 
   56302.301100    -241.9440      65.5750    -289.6682      66.1254    0.1142    -118.7286    -104.4388 -2.581 -2.128  762 
   56337.370100    -486.2402      68.5337    -471.6096      70.0083    0.2777    -165.3640    -132.6890 -2.106 -2.950  762 
   56417.145900    -630.8098      80.8146    -635.1383      81.5502    0.2911    -179.3926    -158.5204 -2.345 -2.414  762 
