   54534.143900   -2970.5346     228.2582   -3421.3618     229.9622    0.7599   -6646.5604   -6546.7530 -23.924 -24.257  762 
   54591.214800   -3154.5348     122.6501   -3905.5536     126.0285    0.3558    1088.9952    1030.3361 11.262 10.238  762 
   54861.115600     788.3861     154.7367     616.9266     156.9868    0.1364     313.1050     305.8494  1.280  2.253  762 
   54862.106300     926.3483     129.4693     970.2302     132.1588    0.2555     561.7837     545.4575  7.664  5.423  762 
   55470.447900     476.8247     161.4680     523.5534     162.5608    0.0425    -261.3354    -255.9004 -4.259 -2.926  762 
   55536.220500     794.2278     127.3908     796.6315     130.0951    0.1632     105.7114     101.2615  0.359  0.970  762 
   55538.257100     373.5851     104.4253     676.4149     105.8991    0.0820    -264.4896    -250.5037 -4.305 -3.976  762 
   55540.328300    -732.1520     184.3608    -701.0988     186.6490    0.2523    -712.3822    -691.7816 -2.045 -3.891  762 
   55543.325200     753.5180     103.9327     866.2739     105.2711    0.1450    -182.9818    -175.2963 -5.850 -2.984  762 
   55599.154200   -2022.1638     169.3840   -2332.7193     172.0241    0.3489    -144.9517    -141.2046  0.100 -0.802  762 
   55924.297000    -414.8323      83.7174    -370.7142      84.7182    0.0864      60.4181      54.5451 -0.578  1.642  762 
   55925.231600      58.7030     129.3304     182.5147     131.4146    0.0042    -174.8684    -168.1245 -3.527 -1.914  762 
   55926.293300      29.8192      81.2010      70.8436      82.2566    0.0143     -22.8352     -20.2464 -3.628 -0.612  762 
   55927.338400     185.7555     110.6254     116.3559     112.1517    0.0021    -130.0941    -123.7256 -3.736 -2.024  762 
   55930.391100    -299.3954     153.1053    -326.8652     154.2343    0.0993    -201.3049    -197.1168 -1.749 -2.668  762 
   55969.099700     597.2058     135.4367     553.4725     138.4693    0.0494    -356.3313    -344.0111 -1.329 -3.132  762 
   56008.135200    -446.6884     155.5824    -584.1064     158.1520    0.2723    -687.2514    -659.4822 -6.549 -5.322  762 
   56009.121900    -577.2143     161.9872    -727.4046     164.5882    0.3491    -751.7769    -730.8228 -7.963 -5.816  762 
   56045.149100   -3646.3099     223.3185   -3932.9426     224.8767    0.5548   -1743.2469   -1712.0517 -11.471 -10.197  762 
   56215.448600   -1093.8027     166.9230   -1253.9966     169.9964    0.1976     202.1980     195.9919  4.232  1.532  762 
   56217.446200   -3746.3607     225.9931   -4254.7899     228.3454    0.6328   -2273.8571   -2223.5344 -10.651 -10.845  762 
   56254.420200    -267.2817      89.4222    -233.2954      90.3509    0.0067     224.5383     204.5719 10.498  5.812  762 
   56301.220900   -1344.2727     214.3419   -1510.8506     216.4879    0.5888   -2527.6258   -2474.9039 -11.457 -11.829  762 
   56302.301100     260.3034      85.8566     273.2471      86.5601    0.0728      87.2849      84.2602  5.202  1.547  762 
   56337.370100    -788.0290      98.0907   -1079.6807     100.5195    0.2717    -164.7442    -152.4873 -1.541 -3.044  762 
   56417.145900   -2035.1494     114.6666   -2422.2576     117.1256    0.4510    -227.1306    -216.7528 -1.952 -3.032  762 
