   54534.143900       0.0000       6.7422       0.0000       6.7422       nan       0.0000       0.0000  0.000  0.000  762 
   54591.214800       0.0000       3.5560       0.0000       3.5560       nan       0.0000       0.0000  0.000  0.000  762 
   54861.115600     -50.9466      91.8231    -112.1806      91.9254    0.0548     -68.6795     -66.8370 -0.995 -0.495  762 
   54862.106300     265.8295      73.2291     193.1622      73.4100    0.0026    -210.9483    -200.5769 -1.203 -2.118  762 
   55470.447900     364.4200     122.0421     320.5054     122.0968    0.0045    -345.8621    -339.0010 -3.657 -3.957  762 
   55536.220500    -171.1417      67.2942    -217.8392      67.5121    0.0560      81.2368      76.5899  0.246  0.747  762 
   55538.257100     231.8141      59.0308     195.5313      59.4319    0.0672     -80.6570     -73.5057 -1.302 -1.181  762 
   55540.328300     417.3405      91.6317     328.7234      91.7885    0.1039     -22.0363     -21.3711  0.451 -0.121  762 
   55543.325200     605.1785      60.1094     611.2222      60.3289    0.3151     -50.0597     -46.4091 -0.706 -0.787  762 
   55599.154200     867.2989      80.7680     794.1538      80.8858    0.3455     215.8522     210.0986  1.009  1.216  762 
   55924.297000      12.1298      49.9526       3.0777      51.0717    0.0403     -96.0615     -79.7732 -1.912 -2.419  762 
   55925.231600     170.7588      73.4122     148.9988      73.6242    0.1617     123.3719     116.0044  1.743  1.355  762 
   55926.293300       1.0584      45.3905     -14.8424      46.9409    0.0184      65.7251      51.1547  1.460  1.586  762 
   55927.338400      35.6721      64.0885      20.0341      64.5321    0.0097      -3.2413      -2.9338  0.166 -0.048  762 
   55930.391100      18.7701     117.0759     -22.7033     117.1539    0.0369    -104.7709    -101.9621 -0.930 -1.361  762 
   55969.099700     121.4212      69.2138      82.8324      69.4243    0.1943     287.5944     271.5274  2.755  2.565  762 
   56008.135200     205.2254      76.0292     126.1320      76.3824    0.1538     271.0383     253.3699  2.137  2.064  762 
   56009.121900      40.0586      89.0593      26.1853      89.1921    0.1247     212.7264     204.4503  1.209  1.639  762 
   56045.149100    -255.6058     161.9948    -342.1376     162.0461    0.0255     493.3416     488.6864  2.471  2.873  762 
   56215.448600     -60.9851      90.6459    -128.2651      90.8523    0.2959    -627.0893    -600.0693 -4.588 -4.665  762 
   56217.446200     307.1049     121.6164     208.7917     121.7437    0.0572      -8.3752      -8.2239 -0.178 -0.041  762 
   56254.420200    -112.9455      54.1685    -109.8330      55.2600    0.1655    -267.1854    -221.4050 -6.003 -6.193  762 
   56301.220900     146.3891     103.8099      99.7452     103.9293    0.1640     286.6231     279.3584  1.246  1.332  762 
   56302.301100     -17.4963      57.2710     -78.4595      57.5142    0.1318    -366.4839    -341.6153 -6.120 -6.155  762 
   56337.370100    -195.8406      53.9744    -250.4929      54.7595    0.1758     -87.1641     -75.6396 -1.641 -1.439  762 
   56417.145900    -208.0735      70.0821    -292.1055      70.3883    0.0759      92.3894      86.1629  1.199  1.143  762 
