   54534.143900     859.5360     148.8497     687.8776     149.2138    0.3407    1447.5178    1425.6333  5.431  5.286  762 
   54591.214800    -102.3939      88.0746    -184.3015      88.2434    0.1780    1036.5716     996.0663 10.706  9.897  762 
   54861.115600     474.3033     114.9583     378.1629     115.1226    0.1540     327.7694     320.4071  2.429  2.360  762 
   54862.106300     318.6190      95.2583     246.2301      95.4411    0.1268     195.1324     188.3681  2.331  1.887  762 
   55470.447900    -185.1896     135.7137    -226.5417     135.7938    0.1100     794.4113     777.6251  7.542  8.977  762 
   55536.220500    -117.8813      90.7526    -177.0995      90.9846    0.1505    -330.3472    -316.1600 -3.028 -3.055  762 
   55538.257100     435.1931      76.1510     372.5480      76.4248    0.1180    -106.7274    -100.2354 -1.462 -1.621  762 
   55540.328300      23.5132     127.4582     -11.1497     127.7043    0.0329    -112.9900    -110.0008 -1.124 -0.620  762 
   55543.325200      -0.5408      77.4722     -51.7863      77.7603    0.0276     120.0451     112.5427  1.537  1.950  762 
   55599.154200      -8.5425     116.3806    -115.1217     116.6799    0.1791    -657.7469    -639.7311 -3.740 -3.629  762 
   55924.297000    -140.6688      62.0326    -156.3083      62.6880    0.0477      53.3833      46.9472  1.067  1.496  762 
   55925.231600    -338.7092      95.4153    -350.1557      95.6059    0.2382    -180.1004    -172.2975 -1.876 -1.985  762 
   55926.293300     -90.0126      59.3918     -77.5473      60.1400    0.0495     -31.7127     -27.3638 -0.212 -0.858  762 
   55927.338400     101.9346      81.7505      85.6442      82.0270    0.0370       7.5310       7.0651 -0.032  0.118  762 
   55930.391100     119.2404     127.3894      96.0514     127.4664    0.0348    -215.3710    -210.2326 -2.690 -2.916  762 
   55969.099700     544.7692      95.5773     539.5170      95.7506    0.0645    -411.2295    -396.9311 -3.049 -3.635  762 
   56008.135200    1538.5165     105.8646    1501.5039     106.0810    0.2639    -509.0137    -492.2314 -3.919 -4.000  762 
   56009.121900     512.4325     116.2165     508.5529     116.3935    0.1299    -163.4454    -158.4732 -1.326 -1.273  762 
   56045.149100     516.8472     179.9779     446.8949     180.0594    0.0137    -528.6543    -522.5677 -2.936 -3.153  762 
   56215.448600     848.3671     117.0883     805.8906     117.3213    0.4006     597.9684     579.9748  4.817  4.646  762 
   56217.446200     830.2276     158.5142     748.2102     158.7603    0.3138     679.6744     665.9528  3.386  3.275  762 
   56254.420200     653.7100      64.9293     653.4313      65.4241    0.3165     239.6766     213.9851  6.029  6.497  762 
   56301.220900    1350.4000     143.9476    1321.9925     144.2008    0.4568     361.1697     353.2771  2.022  1.707  762 
   56302.301100     775.1240      65.5320     748.6360      65.6517    0.2790     374.8594     358.5216  6.477  6.936  762 
   56337.370100     509.6985      68.1195     495.6913      68.5057    0.2776     181.5050     166.0397  3.292  3.514  762 
   56417.145900     660.8386      82.4350     643.1516      82.6075    0.3103     330.6122     316.4612  4.001  4.662  762 
