   54534.143900      34.7161     133.0904    -375.5390     135.0030    0.0472     140.5968     129.6734  0.754  0.480  762 
   54591.214800     831.4815      97.0188     427.9347      99.4516    0.0522       3.5930       2.9660 -0.026  0.029  762 
   54861.115600    2499.7775     118.6103    2222.0033     120.7442    0.3962    -240.0986    -206.7990 -1.505 -1.515  762 
   54862.106300    3159.9507     104.6823    2895.0891     107.2837    0.4439    -401.7839    -330.3072 -2.758 -3.156  762 
   55470.447900     555.5170     147.7157     266.4942     149.2334    0.0457     -11.0301      -9.7738 -1.063 -0.111  762 
   55536.220500     814.7772      99.6697     363.6308     103.5684    0.0607     -32.0524     -24.8399 -0.467 -0.237  762 
   55538.257100     661.2792      95.0106      74.4679     100.2993    0.0055     -74.3838     -51.4102 -0.541 -0.819  762 
   55540.328300     490.2611     125.0478     291.6186     127.8835    0.0514     -89.3393     -76.7620 -0.569 -0.430  762 
   55543.325200     658.1666      96.9274     573.5684     101.3076    0.2121     -52.2124     -36.7051 -0.511 -0.636  762 
   55599.154200     959.2940     113.4469     734.1832     116.0471    0.1760    -112.4450     -96.7850 -0.587 -0.541  762 
   55924.297000     227.8568      90.6789      56.4537      99.0513    0.0176      -6.5583      -3.7313 -0.191 -0.116  762 
   55925.231600     -70.3479     109.5831    -291.2332     113.6912    0.1353     -98.4228     -75.0299 -0.891 -0.843  762 
   55926.293300      10.9708      88.5901    -173.8826      98.2824    0.0476      58.2367      30.1670  1.450  0.909  762 
   55927.338400      21.8763     102.9827      41.9304     108.5707    0.0062     -43.2001     -29.5775 -0.376 -0.489  762 
   55930.391100     354.2382     140.5824     440.6481     142.2629    0.1110      37.0160      31.9717 -0.275  0.448  762 
   55969.099700     -42.4303     105.2857    -240.7400     108.9836    0.1099    -124.0578     -97.1394 -0.797 -0.861  762 
   56008.135200    3649.8284     112.2779    3557.0853     116.9463    0.7652      97.4547      74.5642  0.453  0.601  762 
   56009.121900    3482.8694     121.5249    3338.9267     124.6918    0.8175    -144.4534    -118.3929 -0.455 -0.944  762 
   56045.149100    1919.4323     178.8682    1821.4948     179.6478    0.2427     -67.5057     -63.2833 -0.300 -0.387  762 
   56215.448600     887.8080     123.9236     626.7048     127.4455    0.2297     261.6887     213.1967  1.663  1.716  762 
   56217.446200    1830.4771     151.8364    1657.2928     153.8189    0.4973     880.4778     795.8851  4.262  3.891  762 
   56254.420200    1021.5657      95.2160    1221.6333     103.3255    0.3864    -134.6999     -77.3378 -0.772 -2.329  762 
   56301.220900    -463.0377     137.6645    -757.7316     140.6746    0.1743     219.8547     192.0141  0.433  0.930  762 
   56302.301100   -1787.3809      84.0896   -1856.9605      87.3812    0.5235    -102.5193     -75.1354 -1.224 -1.463  762 
   56337.370100    -342.1593      92.2306    -575.7890      99.4870    0.1074     -84.9218     -51.4470 -0.204 -1.139  762 
   56417.145900    2812.3724      96.9172    2806.4077     100.7056    0.6029     147.2775     108.7425  1.399  1.677  762 
