   54534.143900    1840.7386     193.4133    1583.9521     195.1915    0.2687   -3519.2853   -3417.4083 -13.327 -12.695  762 
   54591.214800    -310.4434     109.7868    -460.2795     110.7282    0.0495     833.9946     771.3625  9.060  7.735  762 
   54861.115600     427.3821     142.2134     388.2784     143.3132    0.1143     197.1164     185.2383 -0.059  1.374  762 
   54862.106300     798.0487     120.2840     786.0879     121.3200    0.1995     169.6314     157.0706  0.552  1.574  762 
   55470.447900    1004.7593     155.2432     913.6024     155.8464    0.2201     253.3037     239.8556  2.480  2.776  762 
   55536.220500    1297.8653     116.7716    1268.6526     118.0052    0.2171    -261.7283    -239.3185 -1.773 -2.314  762 
   55538.257100    1509.2793     101.0313    1458.8577     102.3215    0.3502    -253.0181    -223.6384 -4.059 -3.613  762 
   55540.328300    1746.6633     162.3585    1710.0026     163.8089    0.1570    -937.2590    -887.6739 -4.183 -5.018  762 
   55543.325200    1926.8613     102.2841    1832.2442     103.5681    0.4524    -357.1517    -316.1080 -6.154 -5.486  762 
   55599.154200    1533.7335     148.9812    1480.7131     150.4022    0.1241    -923.6078    -874.6792 -3.797 -4.992  762 
   55924.297000    -304.2308      88.4962    -222.7827      91.1411    0.0576      66.0984      52.0472  2.491  1.624  762 
   55925.231600     701.5734     122.7276     662.0573     124.1280    0.1280    -296.0451    -267.4514 -2.375 -3.080  762 
   55926.293300     -18.4983      86.0571      48.2460      88.8322    0.0002     -63.1748     -48.7574 -1.259 -1.530  762 
   55927.338400       0.3479     109.9366     -42.1722     111.5823    0.0430     -77.1409     -66.6965 -1.256 -1.113  762 
   55930.391100    -211.9825     149.0177    -254.3922     149.6856    0.1220    -271.6737    -254.4586 -3.253 -3.497  762 
   55969.099700    3226.0290     123.4579    3260.1572     124.8085    0.6798    -665.7436    -615.1729 -5.324 -5.644  762 
   56008.135200    1519.1013     140.4565    1346.4573     142.1978    0.1981    -603.0251    -548.9958 -4.318 -4.472  762 
   56009.121900    1299.0435     148.2759    1290.7633     149.7154    0.2765    -522.1453    -484.3156 -4.028 -3.883  762 
   56045.149100     277.9096     205.6295     160.9898     206.2474    0.1100    -969.9803    -942.1771 -6.190 -5.637  762 
   56215.448600     534.5376     152.8250     526.6798     154.4251    0.0710    -263.8829    -244.4652 -0.457 -1.922  762 
   56217.446200    -165.0653     199.3141    -265.1440     200.7587    0.3136   -1419.1604   -1359.2939 -7.315 -6.650  762 
   56254.420200    2071.1592      92.8997    2242.4569      95.2604    0.5792     225.1758     180.3669  4.725  5.306  762 
   56301.220900    1502.9454     186.7638    1411.2947     188.3479    0.0219   -1579.8561   -1507.6991 -7.663 -7.231  762 
   56302.301100    1059.5207      86.9713    1003.0609      88.0867    0.2560      92.8135      82.6860  1.187  1.547  762 
   56337.370100     194.1006      96.3590      91.6343      98.3137    0.0234      -8.6614      -7.2154  0.760 -0.147  762 
   56417.145900     238.2093     109.7554     133.1790     111.0951    0.0010    -145.6920    -129.4223 -1.487 -1.836  762 
