   54534.143900     168.7569     134.8463      31.7719     134.9937    0.2216     962.2132     950.4234  3.644  3.538  762 
   54591.214800     267.6387      81.7732     184.7735      82.0486    0.2115     591.7092     558.1442  4.997  5.733  762 
   54861.115600    -401.1031     108.0641    -455.7158     108.2311    0.0693     199.3667     192.0219  1.077  1.429  762 
   54862.106300    -215.8509      88.7648    -295.2947      89.0866    0.0200     247.9057     232.3877  2.461  2.424  762 
   55470.447900     306.0302     131.0658     262.8661     131.1988    0.1111     205.2509     198.8202  1.286  2.346  762 
   55536.220500    -137.9990      83.8609    -225.6802      84.2801    0.0149     193.2436     179.8381  0.283  1.769  762 
   55538.257100     233.9252      72.9987     194.7884      73.6174    0.0878      17.4831      15.5966 -0.119  0.257  762 
   55540.328300     212.3849     116.0521     132.0448     116.2823    0.0019    -130.5678    -126.0789 -0.938 -0.719  762 
   55543.325200      42.8825      74.6634      70.3448      75.2080    0.0745     101.5606      91.3410  0.685  1.600  762 
   55599.154200     279.2896     104.6986     202.3052     104.8790    0.0117    -163.1827    -158.1321 -1.065 -0.912  762 
   55924.297000    -142.7249      62.4208    -162.4902      64.0664    0.0982     -49.5157     -39.6744 -1.254 -1.295  762 
   55925.231600    -481.0241      89.6997    -497.9630      90.1404    0.2244       9.4116       8.6832  0.416  0.102  762 
   55926.293300      81.5655      59.1641     118.9058      60.9927    0.0537       7.4878       5.7656  0.728  0.189  762 
   55927.338400    -190.7431      79.3260    -220.2561      80.1386    0.1271     -28.6558     -25.1816 -0.603 -0.427  762 
   55930.391100     254.6871     125.1749     218.2799     125.3323    0.0061    -250.6680    -240.7249 -2.791 -3.328  762 
   55969.099700    -167.0903      88.0399    -215.1786      88.3889    0.0981      14.5304      13.5673  0.071  0.128  762 
   56008.135200     315.2097      98.5423     237.9716      99.0417    0.0157    -210.4112    -194.9730 -1.420 -1.604  762 
   56009.121900    -194.4706     108.5783    -223.8904     108.8745    0.0698      63.8133      60.4811 -0.399  0.490  762 
   56045.149100    -107.6048     174.2579    -201.7691     174.3461    0.0015     213.8985     210.6292  0.596  1.260  762 
   56215.448600    -525.2503     110.0924    -591.5870     110.4300    0.0325     516.6279     489.8688  4.055  3.901  762 
   56217.446200    -298.8619     146.9687    -366.8082     147.1161    0.0179     446.7301     437.1856  2.298  2.164  762 
   56254.420200    -139.8434      67.0584    -140.7670      68.7119    0.0392      58.4411      46.6021  2.202  1.425  762 
   56301.220900    -619.6728     132.9963    -696.0768     133.2092    0.1754     131.1305     127.2938  0.666  0.614  762 
   56302.301100    -383.9289      65.8569    -428.7860      66.3111    0.0544     282.0019     255.0447  5.108  4.892  762 
   56337.370100    -446.4475      68.2115    -542.4688      69.4121    0.1201     283.0609     239.6441  4.945  4.915  762 
   56417.145900      38.3469      81.6558     -82.7857      82.2005    0.0103     125.0542     114.2190  1.229  1.620  762 
