   54534.143900  -29317.8054     197.3861  -31476.3807     199.2176    0.8007   -2205.2414   -2161.3667 -7.512 -8.028  762 
   54591.214800  -17311.5220     107.5222  -23104.1359     112.0477    0.5218    1019.8226     967.1917  9.229  9.638  762 
   54861.115600  -17342.6961     137.8894  -20860.4777     140.6293    0.5798     638.9978     623.4273  3.280  4.630  762 
   54862.106300  -13828.1281     115.6286  -17778.0521     119.3221    0.5464      92.4422      89.2690 -0.866  0.883  762 
   55470.447900   -9080.4075     147.8863  -10736.3581     149.1407    0.4190     227.6681     224.9343  2.513  2.595  762 
   55536.220500   -5452.5479     107.4007   -6511.9940     109.6164    0.5637     156.6826     151.0219  1.320  1.456  762 
   55538.257100   -2384.0554      86.0455   -3240.0327      87.6718    0.2935       6.1790       5.9519 -0.670  0.096  762 
   55540.328300   -5239.7227     154.0943   -5856.5550     155.5232    0.6330    -140.8847    -138.0916 -1.258 -0.780  762 
   55543.325200   -1931.7949      85.3987   -2586.5763      86.7497    0.2412     107.0063     104.2088  0.805  1.815  762 
   55599.154200     930.2153     138.4614     721.1711     139.5385    0.0641    -367.1321    -362.4839 -2.647 -2.064  762 
   55924.297000     127.9584      65.5279     140.6837      66.1589    0.0349     -30.5589     -28.3643 -0.151 -0.879  762 
   55925.231600    -205.1548     107.5986    -255.9651     108.8527    0.1467    -149.6943    -146.2159 -1.324 -1.674  762 
   55926.293300      24.3069      62.7389     -16.4715      63.4923    0.0063      -4.0069      -3.6408 -0.093 -0.113  762 
   55927.338400    -243.7486      89.8969    -289.5759      90.8535    0.1189     -39.9694     -38.8780 -0.844 -0.648  762 
   55930.391100      85.0977     134.9687      27.2531     135.5643    0.0063       0.5474       0.5432 -1.404  0.008  762 
   55969.099700    -164.0833     111.8977    -198.6622     113.5144    0.1359    -255.3313    -249.6882 -2.993 -2.271  762 
   56008.135200    2297.6265     124.5320    2399.6302     125.6913    0.3340    -457.3840    -449.6406 -4.556 -3.660  762 
   56009.121900    2162.5643     133.4337    2377.7929     134.4349    0.3241    -492.8166    -487.8849 -5.372 -3.906  762 
   56045.149100    2307.4868     196.0822    2297.9523     196.5036    0.2449    -760.8177    -757.5307 -5.220 -4.548  762 
   56215.448600    2391.6001     136.8338    2702.2347     137.9043    0.3413      27.0695      26.7676 -0.077  0.210  762 
   56217.446200    2425.4374     187.2858    2444.5016     187.9875    0.2275    -822.5527    -814.9886 -4.447 -3.978  762 
   56254.420200     212.0259      70.3892     262.0241      71.0426    0.0562      94.6818      87.6810  2.568  2.570  762 
   56301.220900    3101.6091     174.9278    3112.2337     175.7355    0.3720    -800.7325    -790.4032 -3.907 -3.790  762 
   56302.301100    1033.4365      71.1092    1156.7463      71.4643    0.2070     174.9678     172.8096  2.297  3.229  762 
   56337.370100    1049.0036      75.7070    1351.7817      77.0600    0.2683      67.5350      64.2327  0.973  1.327  762 
   56417.145900    2234.1489      91.9515    2708.2055      92.9135    0.3568     -78.5988     -77.3304 -1.728 -1.108  762 
