   54534.143900       0.0000       6.7311       0.0000       6.7311       nan       0.0000       0.0000  0.000  0.000  762 
   54591.214800       0.0000       3.5903       0.0000       3.5903       nan       0.0000       0.0000  0.000  0.000  762 
   54861.115600    -628.4302     111.8874    -632.1757     112.8970    0.1859    -114.0107    -105.0212 -1.146 -0.783  762 
   54862.106300    -634.5525      96.0050    -670.9552      97.4024    0.3029    -380.2304    -336.8102 -1.937 -3.397  762 
   55470.447900      97.0622     137.1415      91.6330     137.6030    0.0483    -307.0290    -289.6618 -3.436 -3.354  762 
   55536.220500    -853.6802      90.6657    -910.8995      92.5566    0.2882      28.8994      24.8838  1.538  0.240  762 
   55538.257100    -297.8376      81.1175    -218.0968      83.0362    0.1265     -86.0898     -70.5458 -0.336 -1.132  762 
   55540.328300     570.3033     118.8362     352.9873     120.4000    0.1643   -1046.1585    -957.9687 -5.518 -5.434  762 
   55543.325200     310.4226      82.2454     386.5766      83.9695    0.1285     -90.1497     -75.0065 -1.496 -1.290  762 
   55599.154200       7.7176     107.5177     -97.9244     109.0919    0.1851    -665.1008    -609.6215 -3.431 -3.505  762 
   55924.297000    -213.1047      72.5716    -211.3248      76.3374    0.0740      59.1685      42.5127  2.692  1.282  762 
   55925.231600      74.8272      96.0918      13.3073      97.7702    0.0707     176.5766     152.7635  2.584  1.758  762 
   55926.293300     482.7120      68.7157     527.7246      73.2330    0.2137     -18.3513     -12.2302 -0.229 -0.379  762 
   55927.338400     -26.3897      87.3568     -92.8233      89.6530    0.1111    -127.5774    -102.7598 -2.782 -1.698  762 
   55930.391100    -657.1454     132.6952    -694.9110     133.3351    0.2591    -342.8539    -318.1305 -6.177 -4.288  762 
   55969.099700    -285.3363      93.9793    -337.5646      95.7307    0.0859     172.6033     150.9153  2.044  1.391  762 
   56008.135200    1048.3867     103.8615     871.6807     106.1067    0.0337    -895.6545    -765.0342 -6.578 -6.234  762 
   56009.121900     266.3515     113.7800     193.0939     115.2864    0.0088    -193.2143    -173.0618 -2.006 -1.381  762 
   56045.149100     999.7466     178.1712     862.4219     178.5973    0.1381   -1756.2532   -1696.4226 -11.036 -10.010  762 
   56215.448600    -578.8495     116.7184    -737.0149     118.4274    0.2273     -64.2649     -57.8034  1.162 -0.445  762 
   56217.446200     745.0111     149.2305     612.9255     150.3935    0.0101    -602.1705    -569.6512 -2.537 -2.776  762 
   56254.420200    -107.5694      77.7530     -37.5925      81.6421    0.0604    -164.5481    -118.1913 -2.790 -3.318  762 
   56301.220900     128.9984     134.0949    -101.7287     135.7084    0.2328    -767.6518    -714.8014 -5.245 -3.405  762 
   56302.301100    -112.7566      72.7113    -181.7772      73.7856    0.1443    -354.1611    -304.3868 -5.884 -5.461  762 
   56337.370100      39.3298      78.3207     -35.7583      81.1968    0.1521    -428.9016    -328.5053 -7.798 -6.343  762 
   56417.145900     -76.8578      90.2278     -95.7733      91.6490    0.1991    -643.5750    -553.8152 -8.847 -7.450  762 
