   54534.143900     830.1632     166.2753     514.9224     167.7543    0.0539    -191.4938    -182.9902 -1.391 -0.679  762 
   54591.214800   -1274.9442     106.2582   -1682.6572     108.4093    0.2316     624.7028     541.8426  5.273  5.379  762 
   54861.115600   -1561.2106     132.8721   -1690.7310     134.5361    0.2479     491.1121     441.4288  4.032  3.275  762 
   54862.106300    -908.3667     116.2709    -939.3646     118.4325    0.1962     237.5635     204.7498  2.573  2.014  762 
   55470.447900    -901.1849     153.3036   -1069.9404     154.4010    0.1643     282.8565     257.3343  2.985  2.955  762 
   55536.220500    -449.8497     110.8805    -403.7580     113.1349    0.0435     281.7374     239.5113  2.380  2.299  762 
   55538.257100     -62.8606     100.9266    -407.9316     104.5876    0.0894      98.9079      76.8209  1.225  1.229  762 
   55540.328300      65.9633     145.5316    -149.0386     147.4812    0.0544     405.0129     369.9814  1.718  2.086  762 
   55543.325200     -33.5480     102.4260    -104.0973     105.7537    0.0295     235.7608     184.9820  3.049  3.196  762 
   55599.154200    -997.7666     133.8942   -1136.8359     135.7073    0.2217      40.0395      36.5043 -0.300  0.208  762 
   55924.297000     -58.1639      93.0189     200.1061      99.8963    0.0809      46.6018      30.7398 -0.346  0.937  762 
   55925.231600    -397.4763     117.8701    -387.7851     120.3885    0.1321     120.6112     100.9635  1.205  1.150  762 
   55926.293300     131.7280      90.6685     374.7538      98.5483    0.1369     -37.9453     -23.5345 -1.132 -0.724  762 
   55927.338400    -169.8647     108.7183    -183.4750     112.7661    0.1142     -87.6173     -67.3070 -0.730 -1.114  762 
   55930.391100    -283.4122     147.2939    -400.6503     148.7411    0.1175      37.3941      33.3984 -0.004  0.457  762 
   55969.099700     -96.2581     117.2175     -93.6503     119.6180    0.1284    -241.9761    -207.4004 -0.940 -1.880  762 
   56008.135200    -599.6194     130.8169    -800.5224     134.0408    0.2795    -200.5245    -168.4599 -1.799 -1.367  762 
   56009.121900    -740.8288     138.4841    -795.8762     140.7715    0.2839       6.0357       5.2822 -0.090  0.042  762 
   56045.149100    -860.2372     195.0816    -964.5108     195.7959    0.1179     248.5445     237.0574  0.436  1.416  762 
   56215.448600     200.7193     140.6074     344.6378     142.7722    0.2823     611.9993     541.9212  4.389  4.224  762 
   56217.446200      16.1055     178.7202    -142.9601     180.2831    0.0128     213.4459     199.8791  1.091  0.973  762 
   56254.420200     845.2147      98.5741    1041.5704     105.8389    0.3514     169.5891     111.3853  4.572  3.206  762 
   56301.220900    -659.0427     165.7961    -698.1204     167.6004    0.2712    -287.5272    -266.5190 -1.524 -1.273  762 
   56302.301100    -546.2264      87.2703    -312.0228      89.3407    0.0366     221.7234     179.8114  2.826  3.311  762 
   56337.370100     577.0864      97.5513     568.1969     102.3241    0.1969      22.5377      16.2971  0.202  0.330  762 
   56417.145900    -861.0332     108.0454    -994.7846     111.0695    0.2839      10.8317       8.7776 -0.107  0.124  762 
