   54534.143900   -1335.6122     150.7816   -1464.3575     150.9162    0.0512    1212.1515    1201.9247  3.797  4.445  762 
   54591.214800   -1450.9304      87.9669   -1515.5712      88.1617    0.1544     947.1041     911.0457  9.147  9.096  762 
   54861.115600   -1019.8279     115.5525   -1104.4086     115.7156    0.1234     636.6622     620.7987  4.318  4.531  762 
   54862.106300    -512.7724      94.1041    -622.3726      94.3305    0.0548     421.2234     406.4489  4.956  4.129  762 
   55470.447900    -401.6038     135.4391    -451.8057     135.5074    0.0105     508.2939     498.4573  5.630  5.725  762 
   55536.220500   -1016.0886      90.1778   -1074.1223      90.4045    0.3002      97.1451      92.9718 -0.274  0.897  762 
   55538.257100   -1276.0437      77.0408   -1349.8616      77.3403    0.4668      48.8771      45.6631  1.009  0.730  762 
   55540.328300   -1945.3018     127.9602   -2011.6274     128.1192    0.4343      -8.4271      -8.2199 -0.031 -0.046  762 
   55543.325200   -1208.4098      78.2812   -1230.7117      78.5370    0.4888      65.7981      61.9743  0.787  1.054  762 
   55599.154200   -2032.8722     116.5593   -2104.7448     116.7284    0.4871       1.5577       1.5198 -0.974  0.009  762 
   55924.297000     182.0996      59.1516     162.9640      59.3535    0.0505     -29.1648     -27.2571 -1.737 -0.845  762 
   55925.231600    -179.9105      93.9734    -197.2452      94.1197    0.1049     -13.8761     -13.3588 -0.502 -0.153  762 
   55926.293300      90.3261      56.4773      59.9725      56.7831    0.0066     -47.2368     -43.7828 -0.763 -1.329  762 
   55927.338400     -99.9730      81.1521    -107.4504      81.3302    0.0600      -4.6242      -4.4014  0.305 -0.072  762 
   55930.391100     132.4314     127.4726     107.4828     127.5366    0.0134     -55.9029     -54.7263 -0.770 -0.749  762 
   55969.099700     157.9491      94.1571     110.5230      94.3522    0.0281    -186.4252    -180.4169 -1.556 -1.660  762 
   56008.135200     128.0808     106.5619      74.4303     106.7401    0.1134    -466.2225    -450.0116 -3.189 -3.631  762 
   56009.121900    -701.7738     116.2018    -715.6318     116.3440    0.3631    -158.4743    -153.8995 -0.675 -1.231  762 
   56045.149100    -284.6611     180.3964    -358.8435     180.4579    0.2291    -982.0670    -971.6927 -4.376 -5.840  762 
   56215.448600    -695.9479     116.8586    -764.8567     117.0412    0.1499     238.3056     231.4061  2.116  1.857  762 
   56217.446200   -1188.3777     158.9839   -1294.5860     159.1241    0.2706     -81.1615     -79.8184  0.498 -0.394  762 
   56254.420200   -1680.1991      66.0761   -1768.9203      66.5808    0.4752     151.3266     137.6133  3.335  4.048  762 
   56301.220900   -3446.8246     146.7703   -3478.0009     146.9356    0.7471      88.0982      86.1957  0.368  0.416  762 
   56302.301100   -3179.6458      68.0995   -3221.2640      68.2911    0.6412     454.7251     427.0694  7.540  8.158  762 
   56337.370100   -2954.1679      71.1525   -2986.8782      71.6325    0.7107     162.8412     146.8155  3.078  3.056  762 
   56417.145900    -266.3501      82.9116    -290.9154      83.0834    0.0757      79.2757      75.8388  1.084  1.102  762 
