   54534.143900  -15238.9537     239.6887  -16990.4972     241.5448    0.6153   -7823.0565   -7653.9394 -173.289 -28.353  762 
   54591.214800     429.4606     130.8736     153.4982     132.3016    0.0254       0.0000       0.0000 -22.277  0.000  762 
   54861.115600    -681.4175     167.0131    -626.2183     167.9359    0.2242   -1076.6214   -1007.9381 -61.636 -7.381  762 
   54862.106300   -3326.9567     143.2402   -3329.5277     144.9820    0.5344       0.0000       0.0000 -47.442  0.000  762 
   55470.447900    -197.1605     174.5165    -383.5245     175.8941    0.0772     -66.3580     -60.4164 -28.157 -0.701  762 
   55536.220500   -2255.6038     141.7005   -2373.9289     143.6010    0.5190    -875.9070    -775.8717 -46.991 -7.560  762 
   55538.257100     893.1264     125.8176     892.8678     129.1961    0.2251    -105.2272     -85.6702 -17.904 -1.385  762 
   55540.328300    -718.8061     193.8223    -798.1972     194.8630    0.2605   -2203.9286   -2094.8468 -87.276 -11.855  762 
   55543.325200   -2127.4462     130.3308   -2135.2515     133.8590    0.4735       0.0000       0.0000 -13.410  0.000  762 
   55599.154200   -1207.1434     178.7827   -1345.9313     179.8456    0.3306   -1499.5602   -1423.6406 -73.753 -8.124  762 
   55924.297000     736.7346     115.3510     383.8915     123.2771    0.0918       0.0000       0.0000  5.248  0.000  762 
   55925.231600     412.2141     146.0297     457.0846     148.3002    0.0829    -236.0843    -204.6666 -31.067 -2.378  762 
   55926.293300     192.0169     115.2217    -261.8970     124.0769    0.0617       0.0000       0.0000  4.978  0.000  762 
   55927.338400    -969.2448     137.0932    -963.1625     141.3677    0.2976       0.0000       0.0000 -9.014  0.000  762 
   55930.391100     521.3698     169.5721     567.7317     171.2292    0.0875    -217.2245    -193.6187 -22.339 -2.667  762 
   55969.099700    1181.1962     147.6110    1226.4080     149.0883    0.1364    -727.1152    -657.1336 -47.687 -6.123  762 
   56008.135200    1533.8490     170.2791    1594.0725     172.2485    0.0715   -1217.9521   -1092.5198 -63.497 -8.878  762 
   56009.121900    2200.8205     174.4705    2193.0293     175.9093    0.2964    -907.8341    -831.0791 -57.638 -6.682  762 
   56045.149100   -1778.6240     228.8648   -1800.3687     229.4355    0.3602   -2191.5051   -2115.3155 -87.304 -12.718  762 
   56215.448600   -1081.2830     178.5002   -1076.7051     179.9239    0.3058    -524.8751    -481.1838 -53.738 -3.878  762 
   56217.446200   -6452.4997     234.1673   -6830.1931     235.3705    0.5456   -4517.8541   -4342.8429 -122.495 -21.539  762 
   56254.420200   -1530.9258     125.2151   -1772.8433     133.8455    0.3934       0.0000       0.0000  0.310  0.000  762 
   56301.220900   -7107.1225     225.0949   -7465.2013     226.3612    0.5473   -4894.8619   -4695.3737 -130.130 -22.739  762 
   56302.301100    4036.1741     103.8529    4139.0291     106.3769    0.6682       0.0000       0.0000 -1.909  0.000  762 
   56337.370100     828.6951     122.2072     816.0712     127.3904    0.1806       0.0000       0.0000 -8.505  0.000  762 
   56417.145900    1026.6343     130.8721    1137.7278     133.6437    0.2155    -123.7817    -103.7942 -22.850 -1.509  762 
