   54534.143900   -4313.0009     308.5380   -4086.0290     316.2001    0.7929  -30952.2804  -30568.1441 -130.951 -112.969  762 
   54591.214800    2623.3414     145.1972    2281.7055     146.4982    0.0254   -2483.9955   -2458.0181 -40.447 -24.306  762 
   54861.115600     259.9671     192.9014     342.8463     194.5867    0.1822   -2207.4524   -2174.4836 -36.073 -15.844  762 
   54862.106300   -1833.9795     159.3942   -1717.3740     160.3593    0.2284      -9.9691      -9.8056 -8.593 -0.098  762 
   55470.447900   -1205.6086     185.4770   -1210.7250     185.8782    0.3230   -1288.8571   -1268.9126 -38.720 -14.488  762 
   55536.220500    -590.8122     159.0186    -504.4005     160.0443    0.4505   -3265.5862   -3199.7607 -60.636 -30.730  762 
   55538.257100    -601.9347     129.7702    -468.5589     130.1491    0.1472    -371.4361    -358.5869 -18.783 -5.697  762 
   55540.328300     255.4180     235.8984     357.5351     239.2892    0.4586   -5773.9731   -5702.8741 -42.196 -32.080  762 
   55543.325200    -544.2599     131.6593    -526.7874     132.1751    0.1306     -61.6271     -58.7458 -10.636 -0.997  762 
   55599.154200     210.8079     216.8302     630.2430     220.1746    0.2751   -3350.4598   -3305.1373 -25.676 -18.679  762 
   55924.297000      51.8817     103.2082      68.7671     103.8862    0.0289      65.6296      60.9360 -2.044  1.869  762 
   55925.231600     335.6890     159.8935     408.1791     160.6179    0.1774   -1234.5373   -1200.0419 -21.099 -13.678  762 
   55926.293300     147.1903     103.1103     149.9109     103.8439    0.0344      -2.2609      -2.0848 -3.320 -0.062  762 
   55927.338400    -837.1609     139.3121    -836.2705     139.8758    0.1185     373.6587     355.5156  3.123  5.813  762 
   55930.391100    -134.4110     175.1766    -219.4449     175.5988    0.1211    -549.7838    -538.2741 -8.692 -7.373  762 
   55969.099700    -665.4771     170.0897    -562.2123     171.3138    0.3842   -1545.4307   -1515.9720 -21.734 -13.816  762 
   56008.135200   -1828.0793     197.9519   -1818.4780     199.7265    0.3246    -595.9650    -581.3047 -3.498 -4.681  762 
   56009.121900   -1332.8501     202.3260   -1184.0920     203.9907    0.2800    -310.0381    -303.3561  0.210 -2.419  762 
   56045.149100   -3718.5463     260.9034   -3721.7571     263.0059    0.5769   -3361.5700   -3336.5153 -13.814 -20.089  762 
   56215.448600   -3053.6499     206.1416   -3018.4771     207.8850    0.4256    -325.6559    -319.3542  0.848 -2.561  762 
   56217.446200   -9401.6907     287.4072   -8659.4228     291.6769    0.6366   -5751.6072   -5676.6430 -20.740 -27.963  762 
   56254.420200     286.6639     112.0654     277.2060     112.7968    0.0201    -197.0628    -181.0147 -3.654 -5.293  762 
   56301.220900   -8284.1759     277.5154   -7768.6681     281.9245    0.6410   -6960.2168   -6884.6474 -31.872 -33.252  762 
   56302.301100     494.1791     104.8601     425.7718     105.2015    0.0655     -34.0168     -32.3593  3.299 -0.617  762 
   56337.370100    -847.1455     118.0721   -1025.8515     118.7385    0.2023    -154.5982    -146.7931  8.803 -3.077  762 
   56417.145900    -977.0022     136.3104   -1172.0351     137.0020    0.2971    -748.9941    -718.9182 -5.675 -10.530  762 
