   54534.143900    5114.8924     209.7561    4921.9274     210.8974    0.2640   -3158.6381   -3044.7706 -11.486 -11.293  762 
   54591.214800    1237.6428     125.0434    1045.0752     126.5003    0.3135    1144.8581    1015.2092 10.584 10.138  762 
   54861.115600    -567.8217     157.9560    -804.5312     159.3679    0.0961     299.1558     272.1153  1.575  2.005  762 
   54862.106300    1072.8663     136.0132     973.5788     137.5529    0.1850     -46.8273     -41.3462  0.151 -0.417  762 
   55470.447900     183.4424     169.4327     -27.0422     170.5965    0.0404     270.2007     245.1607  3.103  2.829  762 
   55536.220500    1788.1070     132.8354    1749.4860     134.5518    0.3445    -167.7185    -146.5645 -2.252 -1.415  762 
   55538.257100    1389.9989     119.9132    1224.4905     122.7147    0.2749     -30.5431     -24.7046 -1.474 -0.398  762 
   55540.328300    2746.2103     179.1148    2529.0977     180.6741    0.3549    -811.6787    -749.9586 -4.044 -4.233  762 
   55543.325200     572.4304     123.0663     344.8337     125.8843    0.0911      27.2435      22.0473  0.725  0.379  762 
   55599.154200     121.9001     165.9287     -88.1361     167.4247    0.1232    -725.8464    -670.7748 -3.833 -3.818  762 
   55924.297000    -458.5938     108.8916    -606.7620     114.0332    0.1818     -95.1233     -67.5244 -0.893 -2.117  762 
   55925.231600    -527.2354     140.2055    -488.8674     142.3421    0.2221    -206.1544    -175.9217 -1.841 -2.027  762 
   55926.293300    -335.8998     108.1807    -677.8150     114.1670    0.2219     -94.9431     -64.8808 -2.484 -2.020  762 
   55927.338400    -617.0198     130.5903    -692.0715     133.9535    0.2553     -42.2476     -33.5078 -1.318 -0.556  762 
   55930.391100    1284.5880     163.8715    1335.2864     165.1365    0.2312    -112.8040    -100.9774 -1.290 -1.385  762 
   55969.099700     744.1181     140.9696     644.8616     142.7794    0.0857    -423.1452    -372.8151 -3.503 -3.428  762 
   56008.135200     875.2841     160.7131     705.0336     163.0965    0.0463   -1026.7048    -889.4433 -6.886 -7.220  762 
   56009.121900    -517.3665     166.4775    -566.1135     168.2941    0.3043    -484.2069    -431.4428 -3.302 -3.458  762 
   56045.149100    1314.7045     218.2456    1261.3359     218.8634    0.0079   -1259.0386   -1203.6249 -7.218 -7.212  762 
   56215.448600    2497.1168     167.7339    2457.9075     169.3067    0.5170     314.2990     283.7164  2.363  2.252  762 
   56217.446200    2334.6529     214.6684    2314.3763     215.8505    0.1663   -1261.3347   -1192.9540 -5.298 -5.859  762 
   56254.420200    3814.7389     113.5345    3743.4375     118.4280    0.7352     264.6934     190.4812  6.215  5.659  762 
   56301.220900    4821.0978     203.5361    4684.2034     204.9438    0.4287   -2798.6576   -2626.7634 -12.400 -12.649  762 
   56302.301100    2516.4530     100.2809    2610.6464     102.0447    0.5171      11.6910       9.6647 -0.215  0.183  762 
   56337.370100    2108.6002     115.3680    2133.5758     118.7317    0.5090    -108.3727     -83.8980 -0.968 -1.724  762 
   56417.145900    2781.5431     124.2174    2884.7880     126.0903    0.5699      14.3320      12.1220  0.110  0.174  762 
