   54534.143900    -157.0823     230.0822    -280.1789     231.3170    0.6950  -12118.5728  -11591.4037 -51.226 -43.248  762 
   54591.214800   -2716.2522     144.4109   -2328.8099     147.1665    0.2492     109.8875      91.9108 -0.722  0.893  762 
   54861.115600    -903.0049     173.5432   -1492.0442     176.4124    0.1890     117.4258     101.8565 -4.334  0.765  762 
   54862.106300     616.6059     157.1473     413.1580     159.9090    0.0087    -427.0340    -361.8202 -1.782 -3.401  762 
   55470.447900   -1177.9778     186.7048   -1549.1130     188.9030    0.2503    -301.6206    -262.8605 -9.706 -3.001  762 
   55536.220500   -2912.0452     153.8546   -3677.4743     157.7385    0.4727    -129.8588    -105.9830 -1.111 -1.007  762 
   55538.257100    -765.7993     139.5496   -1493.3739     143.9431    0.2467     146.7183     111.0089  5.754  1.773  762 
   55540.328300   -1986.5501     199.2144   -2005.0954     201.9096    0.5076   -1368.7959   -1224.1481 -4.894 -6.899  762 
   55543.325200   -2187.8181     142.5244   -2359.0307     146.8123    0.4809     235.1460     177.7976  3.879  3.111  762 
   55599.154200    1049.8687     182.7804     803.8185     185.3309    0.0039    -871.0199    -780.7318 -4.873 -4.429  762 
   55924.297000    -968.9171     126.7764   -1190.0515     132.7596    0.2662      62.1158      42.7203  5.795  1.293  762 
   55925.231600   -1169.6480     160.2812   -1443.3901     163.9992    0.3059       8.3289       6.7518  0.748  0.076  762 
   55926.293300     -82.2829     125.0792    -436.5321     131.6423    0.1091     -42.3479     -27.7038 -3.107 -0.862  762 
   55927.338400    -205.3405     149.2147    -232.4449     153.8003    0.0783     -37.1182     -27.8440 -0.761 -0.463  762 
   55930.391100    -142.4122     181.3061      15.5018     183.5164    0.0004     -20.6726     -17.6547 -0.347 -0.242  762 
   55969.099700    -626.6325     161.7475    -907.6466     164.9208    0.1609      62.1729      52.4123  0.353  0.465  762 
   56008.135200   -2168.3039     181.4583   -1993.3239     185.6959    0.3856      89.8667      73.6743  4.497  0.599  762 
   56009.121900   -2459.6394     187.0142   -2384.8980     190.3192    0.6023     -44.3231     -37.6830  1.523 -0.300  762 
   56045.149100   -2550.5621     235.1320   -2341.4783     236.5334    0.3137    -260.6843    -241.7105 -1.763 -1.443  762 
   56215.448600     -85.0626     191.9795    -467.4149     195.2233    0.1289    -443.8132    -383.9069  0.922 -2.938  762 
   56217.446200   -1650.4773     239.1207   -1821.6781     241.3088    0.5563   -3639.2909   -3360.9135 -13.907 -16.142  762 
   56254.420200    -403.3303     135.1018    -388.3255     140.8752    0.1190    -104.0387     -71.5486  2.409 -2.063  762 
   56301.220900   -1274.6057     227.0928   -1296.7955     229.2942    0.6533   -4608.1580   -4230.5486 -17.853 -20.096  762 
   56302.301100    1430.3420     115.3232    1567.1898     117.7724    0.3600      75.8593      60.6141  4.379  1.100  762 
   56337.370100   -1074.7440     137.7149    -495.0268     142.1170    0.0331     372.5338     271.7370 13.167  5.439  762 
   56417.145900   -1994.0262     145.6721   -1603.8050     149.0091    0.2355     148.9424     118.0386  5.988  1.655  762 
