   54534.143900   -8295.9376     196.7508   -8562.2453     197.6236    0.5010   -3706.7232   -3584.0983 -80.894 -13.275  762 
   54591.214800     540.8921     121.0356     199.7612     123.4365    0.1983     869.1953     735.0151  9.313  7.340  762 
   54861.115600    -863.8275     150.4964    -987.1607     152.3826    0.2146       0.0000       0.0000 -11.903  0.000  762 
   54862.106300    -149.5696     131.8939    -226.1382     134.4784    0.0588       0.0000       0.0000 -6.081  0.000  762 
   55470.447900      99.1207     167.1658    -179.3913     169.0645    0.0310       0.0000       0.0000 -0.161  0.000  762 
   55536.220500    1795.6773     127.7289    1769.0040     130.4715    0.3264    -405.6318    -338.2453 -9.978 -3.254  762 
   55538.257100   -1383.3606     120.1032   -1628.7019     125.2775    0.4600       0.0000       0.0000 -3.403  0.000  762 
   55540.328300   -3875.1560     169.9949   -3741.1373     171.8493    0.5572   -1474.0003   -1336.9094 -34.092 -7.530  762 
   55543.325200    -837.3608     122.6527   -1124.5237     127.7561    0.3843       0.0000       0.0000 -2.624  0.000  762 
   55599.154200     319.2264     153.9553     335.3980     155.4638    0.1126   -1126.7197   -1028.0798 -23.865 -5.845  762 
   55924.297000     925.6963     111.9278     744.1384     120.9822    0.2372       0.0000       0.0000  2.200  0.000  762 
   55925.231600     163.3950     136.0244      90.2911     139.7520    0.0041    -125.2794    -101.2897 -5.014 -1.161  762 
   55926.293300     -43.3071     111.3088    -304.0118     121.5866    0.1021       0.0000       0.0000  1.210  0.000  762 
   55927.338400   -1383.9086     129.6542   -1469.1697     135.6920    0.4349       0.0000       0.0000 -2.309  0.000  762 
   55930.391100     451.7289     163.0431     484.2109     165.3632    0.1323       0.0000       0.0000 -4.556  0.000  762 
   55969.099700    1455.3304     134.5596    1480.7832     137.1843    0.3235    -487.1388    -412.0899 -9.960 -3.783  762 
   56008.135200    -488.0406     152.8494    -213.3250     156.4390    0.1654    -974.4464    -812.6529 -27.163 -6.563  762 
   56009.121900   -1199.8041     159.0683   -1191.1082     161.8378    0.4424    -600.3407    -516.1080 -14.295 -4.117  762 
   56045.149100      32.3808     210.7207      57.0495     211.5138    0.1720   -1694.0850   -1601.0077 -31.568 -9.546  762 
   56215.448600   -1070.5478     161.7355   -1042.2398     164.3314    0.2462       0.0000       0.0000 -8.439  0.000  762 
   56217.446200   -5797.5690     203.8823   -5485.3376     205.1667    0.5053   -1726.4734   -1615.7051 -51.331 -7.926  762 
   56254.420200     504.1122     119.8547     523.3103     129.2933    0.1602       0.0000       0.0000  2.190  0.000  762 
   56301.220900   -7797.2131     194.0512   -7469.0554     195.6398    0.5588   -3826.6956   -3552.7342 -76.629 -17.064  762 
   56302.301100     725.7588     101.1858     837.2201     104.6154    0.2181       0.0000       0.0000  3.292  0.000  762 
   56337.370100    -437.9153     118.0313    -337.1757     124.7525    0.0857       0.0000       0.0000  2.177  0.000  762 
   56417.145900    1515.8158     123.9584    1456.2285     127.9299    0.3973       0.0000       0.0000  0.438  0.000  762 
