   54534.143900     355.9221     250.1381   -1175.8490     265.1788    0.3552   -4631.6962   -3992.4678 -14.052 -14.807  762 
   54591.214800  -16076.4898     177.4832  -18981.7782     204.9145    0.5214     249.9908     159.0460  1.717  1.624  762 
   54861.115600    1419.0248     203.5791    1108.9963     227.2247    0.1232    -379.8163    -278.9786 -1.536 -2.043  762 
   54862.106300     415.8347     181.1987    -814.3010     213.2649    0.1178    -329.7220    -217.0380 -2.423 -2.289  762 
   55470.447900      41.5114     215.6042   -1815.7785     239.2581    0.2299    -125.7742     -93.7282 -0.004 -1.101  762 
   55536.220500     480.7672     180.8335      36.5895     211.9797    0.0122     161.6473     103.3347 -0.449  1.017  762 
   55538.257100     649.2302     155.9397    -913.7092     197.1778    0.0869    -164.1912     -98.2222 -1.756 -1.617  762 
   55540.328300     551.2333     227.9736   -1037.5372     252.7805    0.2387   -1179.1811    -890.8019 -4.983 -5.062  762 
   55543.325200    -967.4546     153.2993   -2572.9900     197.9821    0.2838      89.6946      57.0978  0.395  0.992  762 
   55599.154200   -1769.5323     210.3079   -3417.8251     233.6993    0.4370    -779.1448    -587.6612 -3.495 -3.360  762 
   55924.297000     909.3297     110.0010    1917.8407     159.6917    0.1900       4.4417       2.8607 -0.026  0.095  762 
   55925.231600    1779.9441     185.3901     624.5602     220.9616    0.0759    -205.9261    -131.0260 -1.476 -1.546  762 
   55926.293300    1621.8768     108.7675    2136.8412     156.6443    0.1901     -64.8556     -39.7800 -0.956 -1.279  762 
   55927.338400     540.6831     162.6608    -256.0376     206.1340    0.1128    -272.6276    -167.7847 -2.622 -2.835  762 
   55930.391100   -1086.7823     207.6226     -35.4685     235.1573    0.0056      -2.6306      -1.9427 -0.432 -0.027  762 
   55969.099700     767.2942     189.6381    -671.6741     222.5825    0.1602    -268.5852    -174.2762 -2.157 -1.644  762 
   56008.135200     577.4199     210.3517    -110.1793     245.8717    0.1131    -815.7920    -535.4796 -5.282 -4.379  762 
   56009.121900    -561.9383     216.4715    -594.6583     248.0663    0.2593    -420.1726    -290.2193 -2.588 -2.357  762 
   56045.149100    -563.0117     263.6802    -947.0122     278.9023    0.3002   -1340.3632   -1104.9597 -6.400 -6.706  762 
   56215.448600    1174.1486     220.9350     447.1318     253.7275    0.0440    -217.7738    -149.5283 -1.443 -1.232  762 
   56217.446200    2932.8456     262.1179    1713.8404     283.9805    0.0030   -2103.1573   -1689.4832 -8.165 -8.461  762 
   56254.420200    2233.5823     109.8148    4489.1858     160.1310    0.2681     -45.3451     -31.2612 -0.657 -0.987  762 
   56301.220900    4702.4686     249.0194    3559.3930     272.8869    0.1775   -2977.4946   -2357.6299 -11.695 -11.512  762 
   56302.301100    1738.0590     118.2033    3764.8510     149.5989    0.3710     -61.7781     -42.5100 -0.977 -0.855  762 
   56337.370100    -463.8822     145.7487    -176.5637     198.2682    0.0348    -107.9514     -60.5901 -0.809 -1.324  762 
   56417.145900    -616.9860     163.4686     372.0202     203.3411    0.0469    -130.2419     -82.2705 -1.696 -1.239  762 
