   54534.143900     228.1327     131.0515      95.2644     131.1939    0.5294    2700.0591    2702.6329 10.072 10.010  762 
   54591.214800    -159.6752      76.1577    -231.4952      76.2121    0.2735    1259.5275    1255.9177 11.918 12.565  762 
   54861.115600     221.8497     102.8552     164.2238     102.8929    0.2567     842.6385     841.8415  5.829  6.171  762 
   54862.106300    -130.6054      82.3912    -186.7188      82.4365    0.1615     736.2293     734.3905  6.406  7.419  762 
   55470.447900     248.5621     127.3836     203.6972     127.4054    0.0973     269.0467     269.2366  3.796  3.082  762 
   55536.220500      85.3024      77.1829      14.8914      77.2463    0.0643    -221.3590    -221.5092 -1.472 -2.128  762 
   55538.257100     -28.5831      63.6572     -82.1045      63.7286    0.0070      97.9592      98.1773  1.315  1.552  762 
   55540.328300    -241.0241     111.6099    -323.8525     111.6848    0.1187    -113.9062    -113.8093 -1.106 -0.642  762 
   55543.325200    -164.7110      65.3117    -192.7662      65.3473    0.0855      13.2655      13.1980  0.198  0.222  762 
   55599.154200     293.7910     100.5359     204.3446     100.6135    0.0934    -565.8934    -567.1421 -3.358 -3.232  762 
   55924.297000     -63.2474      48.5889     -64.9755      48.6294    0.0110      40.6208      40.1152  0.737  1.199  762 
   55925.231600      79.7742      81.7626      57.8816      81.7848    0.0325      12.4298      12.4071 -0.062  0.142  762 
   55926.293300    -147.3043      44.6070    -153.5309      44.6578    0.0921     -48.5921     -47.9499 -2.119 -1.433  762 
   55927.338400     155.5164      68.3955     144.1347      68.4127    0.1079      32.7123      32.7149  0.462  0.531  762 
   55930.391100     136.9101     120.0913      84.3808     120.1280    0.0289      20.1725      20.1611  0.287  0.271  762 
   55969.099700     350.0521      80.9544     320.9481      80.9906    0.0543    -207.0980    -207.3800 -1.699 -1.905  762 
   56008.135200     345.2605      91.0350     292.2153      91.0879    0.0467    -421.8213    -421.2174 -2.914 -3.394  762 
   56009.121900     198.4541     102.2732     180.6398     102.3006    0.0505    -287.8173    -287.4823 -2.855 -2.285  762 
   56045.149100     522.3296     171.3661     436.2809     171.4029    0.0687     -32.2361     -32.2513 -1.355 -0.191  762 
   56215.448600     243.7458     102.5649     195.5801     102.6211    0.3303     872.7211     873.0175  6.267  6.846  762 
   56217.446200     734.6411     142.1169     635.1830     142.2139    0.3968    1318.4664    1318.1776  6.772  6.464  762 
   56254.420200    -138.9184      52.5857    -146.7436      52.6161    0.0041     139.0083     136.8772  3.921  3.850  762 
   56301.220900     863.3205     126.9372     805.2701     127.0131    0.4979    1148.3354    1146.9383  5.369  5.492  762 
   56302.301100    -177.8211      58.4666    -231.5678      58.4999    0.0160     289.8982     289.8716  4.601  5.310  762 
   56337.370100    -201.3364      55.6933    -247.0849      55.7713    0.0050     261.9899     259.5080  5.435  5.114  762 
   56417.145900     125.2763      73.1247      85.0353      73.1592    0.0508      48.2617      48.3780  0.748  0.669  762 
