   54534.143900   -9231.2321     435.9437   -9702.2091     441.9021    0.8570  -29436.1193  -27538.7846 -124.873 -101.876  762 
   54591.214800    2813.3750     253.9315    2449.1307     258.1096    0.1667    -284.2112    -242.5492 -29.870 -2.407  762 
   54861.115600   -1090.6485     312.7781   -1315.2104     317.6176    0.2114   -1543.0089   -1344.8691 -18.992 -9.826  762 
   54862.106300    2479.6554     274.7951    2200.7020     279.2180    0.1922    -495.5461    -421.9739 -4.073 -4.245  762 
   55470.447900   -7592.8301     297.6794   -8089.8149     301.5654    0.6786    -729.5610    -621.5829 -15.398 -7.130  762 
   55536.220500   -3394.8509     277.7372   -4111.7260     282.5755    0.4975   -2370.9733   -1996.3379 -34.492 -19.232  762 
   55538.257100   -3542.7700     248.0904   -4372.9220     251.8163    0.4771    -624.4083    -505.1922 -11.885 -8.090  762 
   55540.328300   -2649.8588     370.6271   -3184.7439     376.6791    0.6076   -5779.7683   -5140.6441 -34.524 -28.915  762 
   55543.325200   -1565.2569     253.5067   -2281.8384     257.3567    0.2421    -140.1385    -113.1438 -4.056 -1.935  762 
   55599.154200    1869.2141     344.2028    1145.6743     349.9116    0.1463   -3698.1460   -3298.2858 -18.372 -18.657  762 
   55924.297000    6531.1764     207.0034    6073.9171     209.1171    0.5766     -62.0444     -49.8605 -1.056 -1.556  762 
   55925.231600     290.0627     283.9879     -99.3199     288.5318    0.1181   -1034.1539    -859.8634 -14.744 -9.852  762 
   55926.293300   -4080.7180     213.2474   -3877.8099     215.3180    0.4503     -61.4723     -48.4361 -0.817 -1.476  762 
   55927.338400    1305.1848     264.9190    1075.0456     268.7820    0.1370     -97.1900     -77.9750 -1.005 -1.286  762 
   55930.391100   -2064.0632     293.0196   -2059.2293     296.6376    0.2658    -913.0122    -766.1231 -9.246 -10.556  762 
   55969.099700    4032.5691     292.2799    3635.0701     297.0035    0.3181   -1183.3196   -1016.6115 -12.451 -9.298  762 
   56008.135200    1531.4518     336.1533    1182.9399     342.0111    0.0280   -1740.5220   -1464.4717 -11.305 -11.830  762 
   56009.121900    6187.8208     335.8515    6023.8444     341.2321    0.6080    -924.2890    -793.3234 -5.826 -6.347  762 
   56045.149100    -114.1042     379.0368     -96.1924     383.5908    0.3795   -5024.3383   -4525.7075 -29.128 -27.288  762 
   56215.448600    1322.3688     344.3652     924.3011     350.0602    0.0146    -921.1431    -795.4915 -6.918 -6.394  762 
   56217.446200   12502.0287     423.4912   11631.5143     429.6380    0.1883  -10076.6854   -9155.0642 -46.553 -45.106  762 
   56254.420200    6487.2445     221.6821    6284.4971     223.7539    0.5796    -166.1291    -133.0401 -3.563 -3.955  762 
   56301.220900    8642.3201     416.3953    7616.0326     422.8373    0.2466  -11455.9104  -10364.7206 -54.233 -50.111  762 
   56302.301100    9184.5997     194.3050    8934.6801     196.5284    0.6908    -211.1575    -174.8938 -1.035 -3.367  762 
   56337.370100     882.8346     239.3006    1087.4407     242.7335    0.0641    -235.9259    -185.7571 -4.799 -3.928  762 
   56417.145900   11927.3689     248.2260   12159.4521     251.9292    0.7185    -398.5685    -326.2618 -12.126 -4.808  762 
