   54534.143900    5873.6942     176.7869    5581.7382     179.1974    0.6609    -981.1700    -916.8217 -2.989 -3.391  762 
   54591.214800    1783.4348     114.2386    1597.2537     116.4450    0.2512    -349.4440    -298.8504 -4.655 -3.101  762 
   54861.115600     473.5820     144.5512     638.1730     146.4677    0.0533    -364.2070    -325.1901 -3.239 -2.355  762 
   54862.106300    -926.8640     122.5080    -992.4350     124.6717    0.2708    -211.0730    -178.3564 -2.589 -1.947  762 
   55470.447900   -2216.2310     160.1912   -2125.2896     161.3436    0.3818     151.5364     137.1104  0.214  1.606  762 
   55536.220500    -392.4657     121.3711    -350.4712     124.0157    0.1212    -213.9999    -177.9398 -2.427 -1.752  762 
   55538.257100    -413.8685     109.4386      94.1749     111.9217    0.0137     -38.0041     -30.1947 -0.566 -0.489  762 
   55540.328300     715.7201     158.8052     596.5804     161.7905    0.0737    -247.4018    -219.3439 -1.688 -1.246  762 
   55543.325200     -59.1858     112.6455     139.1568     115.2852    0.0186     -82.0951     -65.5926 -1.738 -1.105  762 
   55599.154200     964.7797     145.6455     877.5649     148.6725    0.0893    -545.8644    -481.4455 -2.175 -2.765  762 
   55924.297000    -492.1264      98.4633    -660.7833     105.5904    0.1661     -92.5227     -61.2743 -1.950 -1.964  762 
   55925.231600    1013.2761     126.3397    1011.2575     129.0447    0.3229     -59.3383     -48.9990 -0.769 -0.580  762 
   55926.293300     857.1674      96.9224     695.2250     104.6093    0.1673     -49.4884     -31.3474 -0.379 -0.971  762 
   55927.338400    -990.2883     119.1247    -879.8161     122.8617    0.2805      -3.6108      -2.7819 -0.657 -0.046  762 
   55930.391100    1109.1032     155.3546     947.5384     156.7837    0.1894     194.4477     173.0224  2.215  2.355  762 
   55969.099700   -1737.9773     127.3607   -1741.1035     130.1259    0.4774      21.3947      17.9010  0.400  0.172  762 
   56008.135200     190.6272     143.4482      57.8076     147.2143    0.0476     139.3154     114.5952  0.528  0.929  762 
   56009.121900    1785.7584     149.2343    1584.0826     152.0237    0.3528      53.0248      45.4316  0.242  0.367  762 
   56045.149100    -445.8030     204.5661    -706.2104     205.8554    0.1188    -148.6325    -139.2425 -1.250 -0.834  762 
   56215.448600   -4222.8502     154.4743   -4350.9463     157.5789    0.7594    -718.6410    -611.5790 -5.051 -5.026  762 
   56217.446200    4235.7369     187.3149    3919.7214     189.8674    0.4806    -934.7513    -851.8501 -5.198 -4.291  762 
   56254.420200   -1604.4954     107.3700   -2227.4477     115.4040    0.4172    -186.7639    -119.9772 -4.294 -3.606  762 
   56301.220900    1605.9074     176.9283    1237.0355     180.1796    0.0428   -1174.8096   -1054.2124 -4.904 -5.130  762 
   56302.301100   -3094.9555      94.2220   -3148.0571      96.9906    0.5800     -26.6554     -21.0178 -0.126 -0.412  762 
   56337.370100    -804.1762     106.0840   -1021.1754     110.6883    0.2493     -92.6950     -67.5201 -1.219 -1.401  762 
   56417.145900    -754.2458     115.9208   -1123.8694     118.7151    0.2481     -29.5829     -24.0289  0.642 -0.346  762 
