   54534.143900    5409.5048     202.8335    4976.7399     204.9479    0.5457    -958.8142    -908.3817 -2.801 -3.366  762 
   54591.214800    3424.5445     125.7506    3300.5004     127.9813    0.5278     -76.9332     -65.4343 -0.005 -0.664  762 
   54861.115600    2824.2229     157.5445    2617.8408     159.7065    0.4663     -45.3984     -40.1915 -0.910 -0.295  762 
   54862.106300     999.7013     137.2708     888.3133     139.9141    0.2100      56.4886      47.4864 -0.336  0.491  762 
   55470.447900     175.2142     172.0506     -72.5783     173.7519    0.0337     287.7281     255.0419  3.323  2.942  762 
   55536.220500    2634.2774     134.1310    2523.2262     136.9282    0.5574     234.8244     196.2132  3.062  1.898  762 
   55538.257100    2067.7634     123.9671    1886.9730     127.5868    0.4653      53.2068      41.0999  0.375  0.655  762 
   55540.328300    1477.7057     177.5074    1262.1334     180.0812    0.2262    -133.8994    -119.7990 -0.077 -0.677  762 
   55543.325200     695.0583     128.2022     503.5045     131.9156    0.0902    -241.1781    -186.3459 -3.049 -3.142  762 
   55599.154200    3564.0925     162.4571    3437.2963     164.7810    0.4951    -280.5243    -251.7706 -1.643 -1.441  762 
   55924.297000    1139.0174     114.0748     683.7502     121.7748    0.1722      68.0711      45.2413  2.378  1.371  762 
   55925.231600     822.5783     142.3793     689.5438     145.6609    0.2706     138.9518     113.0536  1.246  1.305  762 
   55926.293300     165.4105     113.8511     -76.8406     122.1839    0.0254     -20.6781     -13.1386  1.133 -0.398  762 
   55927.338400    1063.2143     134.5714    1030.9760     139.0338    0.3722     -41.4989     -31.3935 -1.004 -0.513  762 
   55930.391100   -2900.4955     170.9479   -2931.5262     173.0430    0.5723     -17.9449     -15.4871 -0.901 -0.208  762 
   55969.099700    -145.3184     142.4189    -274.0936     145.4305    0.0863      18.0506      15.1423  0.278  0.141  762 
   56008.135200    1991.2684     161.0150    1745.1105     164.7807    0.4350     437.0965     360.6164  2.136  2.916  762 
   56009.121900    1763.2786     166.8162    1583.0515     169.7955    0.4154      82.2292      70.3619  0.627  0.562  762 
   56045.149100    2136.7159     218.5340    1924.8978     219.7571    0.2329    -223.4513    -209.1297 -0.983 -1.238  762 
   56215.448600   -1911.3878     171.8980   -2190.2547     175.1648    0.4211     130.9491     112.4715  0.387  0.885  762 
   56217.446200   -1734.5961     212.9915   -1959.6174     215.4572    0.4275    -461.8655    -423.9611 -2.426 -2.087  762 
   56254.420200   -1336.3091     124.7229   -1991.8436     133.3318    0.4217      43.8288      28.3901  2.576  0.805  762 
   56301.220900    1150.7712     201.7755     943.7016     204.4226    0.1089    -529.9930    -482.6944 -2.443 -2.315  762 
   56302.301100    1383.2549     105.6241    1296.6327     108.3915    0.2742       4.7749       3.7512 -0.534  0.069  762 
   56337.370100    1560.5445     121.8588    1505.1349     126.8416    0.3516     -41.2473     -29.9741 -1.081 -0.590  762 
   56417.145900    4368.8584     129.0349    4263.9086     132.1867    0.7262      -6.2127      -5.0063  0.968 -0.069  762 
