   54534.146000    2387.5974     439.6085    2224.1136     440.5884    0.1450   -4535.2436   -4393.0771 -18.635 -16.842  762 
   54591.216800    9538.9352     240.8418   10356.9059     245.8066    0.6660    -576.7752    -511.2824 -8.846 -7.765  762 
   54792.424000    3096.3420     265.9832    3362.8417     268.1075    0.1728   -1693.7651   -1558.7410 -19.095 -20.650  762 
   54794.405400   -1768.7604     189.5235   -2934.0999     204.0166    0.1743     -36.6353     -30.6158  2.475 -0.974  762 
   54861.117500   -3152.8999     285.5680   -2754.0648     289.7422    0.3401    -725.3163    -643.5466 -4.998 -7.253  762 
   54862.108200   -4804.5811     216.5303   -3832.6406     225.9734    0.2493    -336.4204    -275.3744 -2.668 -6.267  762 
   55470.449700     980.6033     334.2354    1026.1046     336.8641    0.1443     298.2891     274.4012  5.377  3.449  762 
   55536.222400    2007.3547     259.8234    1850.6427     265.8644    0.0631   -1207.0594   -1041.0728 -14.308 -13.211  762 
   55538.258900   -1700.2128     218.3498   -2323.2390     228.7353    0.2114    -209.8470    -172.1053 -4.362 -3.672  762 
   55540.330200    3948.1228     354.8013    3516.1475     356.9723    0.1699   -1633.7180   -1523.4579 -8.836 -9.180  762 
   55543.327000     952.6096     194.3382    2423.0927     206.4243    0.1192    -117.6346     -97.0522 -2.098 -2.828  762 
   55599.156000    1896.1427     347.5936    1417.4523     349.6020    0.0864    -311.7041    -292.0478 -3.492 -1.815  762 
   55889.408200    3286.5650     340.0219    3305.5864     343.4747    0.3943    -371.3374    -336.7599 -2.716 -2.655  762 
   55924.298900   -1862.6472     223.5785   -3823.3591     236.1061    0.2608     152.1053     125.9191  1.779  2.586  762 
   55925.233500   -3360.7414     297.1255   -3677.0422     301.7255    0.4317    -108.0047     -95.8364 -2.652 -1.030  762 
   55926.295200    -521.3217     181.8134    -826.5704     199.5257    0.0433     102.3794      84.8046  0.026  2.671  762 
   55927.340300    1894.5485     259.6614    2436.9974     266.9202    0.3679     -98.4885     -84.5719 -1.242 -1.260  762 
   55930.393000    5123.0615     373.1684    4918.3192     375.3796    0.3388    -541.3675    -507.8975 -4.348 -6.111  762 
   55969.101700    1296.0906     311.1734    1009.6444     313.8760    0.1064      37.4474      34.5712  1.165  0.282  762 
   56008.137100    5566.4983     377.6223    5345.7569     380.0974    0.3268   -1252.9082   -1166.8921 -5.924 -7.092  762 
   56009.123900    1318.5907     338.9934    1136.5552     341.9785    0.0916    -403.1401    -369.3836 -3.110 -2.898  762 
   56045.151000    2110.5020     443.0653    1679.9769     444.3516    0.1573     694.5840     663.4396  3.685  4.392  762 
   56215.450500    -969.8894     343.2595   -2023.9896     346.8826    0.0566    1413.1400    1289.2166 13.213 11.125  762 
   56217.448100   10267.0169     464.1122    9873.9184     465.4477    0.6875    1550.7080    1485.3423  7.596  7.726  762 
   56254.422100    2683.3267     196.9406    1207.8437     214.8376    0.0668     319.0484     267.2247 12.027  8.813  762 
   56301.222800    9496.4364     348.4639    9232.6049     352.1942    0.8231    1203.5355    1093.9170  8.626  7.933  762 
   56302.303100    6708.8544     245.9529    4753.6922     248.9391    0.2349     591.5175     546.8876  8.868  8.373  762 
   56337.372000    6443.7164     207.0045    1985.2063     222.8906    0.1093     288.0027     228.3288  3.315  5.993  762 
   56417.147800    1971.9266     260.5754   -1503.4842     268.9426    0.0677     341.8441     289.6369  5.142  4.586  762 
