   54534.146000    1340.3772     452.9029    1321.7892     453.4376    0.2035   -4560.7818   -4475.5155 -19.127 -17.232  762 
   54591.216800    2600.6023     238.9905    2756.4830     241.9475    0.3048    -125.2924    -113.9043 -0.633 -1.746  762 
   54792.424000     641.5492     262.5257     576.7153     263.8600    0.1166   -1599.0939   -1496.1500 -21.471 -20.178  762 
   54794.405400    -932.4179     184.0422   -2221.2967     192.5884    0.1508      42.1622      36.3798  0.051  1.204  762 
   54861.117500    4020.5393     280.6883    4159.6396     283.0566    0.4310     344.2702     315.4579  2.227  3.604  762 
   54862.108200    2461.2541     208.3451    3181.3903     213.6890    0.2602    -111.3745     -95.5185 -2.050 -2.221  762 
   55470.449700   -4120.6410     330.5069   -4109.9992     332.1561    0.3952     301.0346     281.3609  1.479  3.607  762 
   55536.222400    3250.2845     255.5085    3274.3434     258.9529    0.1242   -2311.3660   -2065.5192 -24.470 -26.797  762 
   55538.258900    1202.0337     212.4412     662.7198     218.5014    0.0430    -303.8586    -259.9675 -6.800 -5.641  762 
   55540.330200    2758.7600     358.1894    2641.8787     359.4697    0.0467   -2297.0395   -2188.3513 -11.080 -13.383  762 
   55543.327000    1032.2082     189.8871    1513.8180     196.8808    0.0886    -320.0873    -273.5921 -7.470 -8.128  762 
   55599.156000    -833.6390     350.1708    -877.8382     351.2904    0.1539    -816.4597    -779.7045 -5.565 -4.925  762 
   55889.408200   -1708.2020     341.4430   -1691.6670     343.5521    0.4144    -388.8688    -361.5800 -3.661 -2.888  762 
   55924.298900     309.2027     218.5592    -529.0505     225.7970    0.0617     -82.6504     -70.8267 -2.134 -1.491  762 
   55925.233500    -391.0468     292.7807    -494.7756     295.4485    0.0945    -127.8673    -117.1236 -1.013 -1.281  762 
   55926.295200     166.1737     178.1949     171.6613     188.2149    0.0187      95.0465      81.0332  0.503  2.654  762 
   55927.340300    1697.7573     254.9519    1944.1252     259.0859    0.3050      46.9519      41.7735 -1.042  0.635  762 
   55930.393000    -555.9315     369.0198    -619.4187     370.3087    0.0877    -510.0581    -484.8286 -6.140 -5.962  762 
   55969.101700   -2770.3636     311.6087   -2942.5612     313.2370    0.4164    -621.3526    -586.1198 -5.619 -4.860  762 
   56008.137100    -145.6762     382.6410    -146.1439     384.0988    0.1871   -1817.2440   -1726.6729 -11.218 -10.621  762 
   56009.123900     666.4068     338.9937     526.1741     340.7813    0.0075    -505.2856    -474.0696 -4.108 -3.764  762 
   56045.151000    6674.1353     443.5457    6553.1934     444.2258    0.3231   -1552.2808   -1503.5037 -8.593 -10.069  762 
   56215.450500   -7149.6032     345.5212   -8027.3626     347.8954    0.4098    2702.0105    2519.0198 19.900 21.735  762 
   56217.448100   -2740.8510     473.6658   -2911.0374     474.5339    0.0819    1879.5004    1822.6434  9.873  9.517  762 
   56254.422100    1527.2492     194.6584    -173.1735     205.3715    0.0219     668.4646     573.7865 20.086 19.151  762 
   56301.222800    -243.1539     353.3615    -630.1675     355.7697    0.1000    1583.2507    1474.0405  9.850 10.751  762 
   56302.303100   -1410.8088     245.0307   -2962.2646     246.8631    0.0890    1209.5066    1135.3473 13.554 17.359  762 
   56337.372000    1677.0603     203.3901   -1287.2127     213.0684    0.0496     559.4884     459.8039  7.811 12.379  762 
   56417.147800   -4881.7185     258.8884   -7347.3834     264.2924    0.3682    1391.0990    1207.8028 15.823 19.280  762 
