   54534.146000    5608.2846     567.9864    5453.7292     568.1907    0.1166   -7625.4912   -7533.8914 -27.845 -28.768  762 
   54591.216800    8079.0595     279.5072    8356.7159     280.6305    0.5451     525.5001     497.5830  7.402  7.221  762 
   54792.424000    7302.4639     290.4057    7490.1689     290.9802    0.3927   -2366.9086   -2271.2078 -29.492 -29.635  762 
   54794.405400    4791.7550     212.9404    5307.4761     217.1623    0.3401     177.5422     163.4310 -0.275  4.896  762 
   54861.117500    8073.7072     330.3792    8268.8497     331.2128    0.4866    -706.3608    -674.6497 -4.880 -7.462  762 
   54862.108200    8149.2276     241.8074    8896.2512     244.2140    0.5103      74.5369      68.7109  1.232  1.477  762 
   55470.449700    1480.3362     367.0572    1429.0727     367.8645    0.0842    -619.0161    -593.3269 -8.875 -7.470  762 
   55536.222400    5302.8000     300.6851    5251.2371     302.1757    0.5356    1129.5683    1060.9144 16.285 13.418  762 
   55538.258900    3876.2819     249.7836    4098.6022     252.4046    0.3523    -245.5866    -226.5192 -2.649 -4.515  762 
   55540.330200    4034.4096     436.0720    3857.1086     436.5522    0.1491   -1844.0123   -1792.7265 -12.209 -10.976  762 
   55543.327000    2501.6937     224.1473    3094.8121     227.4545    0.1945    -330.2550    -303.2596 -3.276 -7.987  762 
   55599.156000    2991.7965     419.4143    2817.1367     419.8582    0.0866   -4181.5280   -4069.6836 -24.317 -25.762  762 
   55889.408200    5011.8059     408.2225    5011.4664     408.9532    0.4650    -765.5724    -735.5356 -6.220 -5.804  762 
   55924.298900     464.4600     254.2590    -109.6146     258.0124    0.0227    -168.5133    -153.8415 -2.302 -3.154  762 
   55925.233500     381.8413     343.6377     266.6442     344.8060    0.0371      54.4531      51.6500 -0.158  0.558  762 
   55926.295200     458.6950     208.2353    -136.0555     214.3617    0.0051      59.3122      54.2253  2.354  1.678  762 
   55927.340300    -277.5595     298.6001    -135.1520     300.5441    0.0065     103.6770      96.7956  4.781  1.441  762 
   55930.393000   -1989.6011     403.4717   -2275.0053     404.2651    0.1860    -441.6754    -425.9365 -3.018 -5.256  762 
   55969.101700    2799.1545     371.2236    2732.0675     371.8292    0.2923     110.0851     106.4473  0.249  0.884  762 
   56008.137100    3933.6827     462.3256    3818.9337     462.8600    0.0880   -2718.0729   -2639.2422 -18.665 -16.189  762 
   56009.123900    3592.9470     402.3691    3434.8558     403.0692    0.2536    -944.1644    -909.3557 -6.390 -7.202  762 
   56045.151000      -1.7948     504.2731    -318.4483     504.6513    0.0958   -1435.9844   -1402.6811 -9.130 -9.368  762 
   56215.450500    7266.1501     420.1881    7159.0682     420.7715    0.7030    8084.9513    7829.3781 61.336 61.935  762 
   56217.448100   11052.3368     571.2628   10885.0506     571.5446    0.6161    1670.6164    1642.5682  9.061  8.256  762 
   56254.422100     280.1221     238.5174    -769.8105     244.2468    0.0486    1925.1364    1757.5013 48.899 48.692  762 
   56301.222800    4274.9471     438.4532    4201.3798     439.1782    0.6608    6046.8333    5835.7555 40.205 40.455  762 
   56302.303100    2509.2210     287.0914    2163.8620     287.7538    0.2753    3062.5154    2957.9331 34.003 38.693  762 
   56337.372000     830.6449     246.6342    -410.5527     251.0366    0.0984    2185.5553    1956.4856 44.339 45.136  762 
   56417.147800    7739.2251     307.9549    7271.0034     309.6780    0.4997    3374.1691    3152.7371 45.614 43.864  762 
