   54534.146000   10636.0725     616.2420   10326.9617     616.8458    0.3765  -18681.4390  -18259.7157 -70.548 -70.133  762 
   54591.216800    9525.0453     308.0946    9959.3840     310.1722    0.5045     -36.2004     -33.2495 -3.108 -0.503  762 
   54792.424000    3645.9661     311.8847    3576.4052     313.2335    0.1168   -1724.1903   -1600.0074 -23.183 -21.557  762 
   54794.405400    1861.0521     243.7285     145.2458     248.9282    0.0061       6.1728       5.2408 -2.178  0.172  762 
   54861.117500    1282.8325     366.5016    1342.5643     368.6334    0.0480    -550.2136    -506.1764 -5.475 -5.747  762 
   54862.108200   -1313.5512     275.5251   -1081.8453     279.4214    0.0789     -84.3540     -73.0043  0.449 -1.667  762 
   55470.449700      22.3772     395.1875     -46.5470     396.9626    0.0193    -183.8767    -170.8985 -1.252 -2.219  762 
   55536.222400    -360.9393     337.0803    -560.7359     340.0333    0.2593   -2781.1632   -2501.3718 -33.838 -32.719  762 
   55538.258900   -1584.9585     282.8215   -2358.7097     287.1130    0.1505     289.4658     251.0858  3.990  5.327  762 
   55540.330200    7365.0518     476.9468    7132.3198     478.1299    0.1624   -4691.1782   -4469.7459 -27.986 -27.711  762 
   55543.327000   -1335.2251     255.7635   -2207.3107     260.4147    0.1507    -100.2583     -85.7626 -2.723 -2.447  762 
   55599.156000    9410.2304     456.3833    9336.6200     457.4471    0.3769   -3957.0820   -3776.5397 -26.310 -24.231  762 
   55889.408200   -1600.5921     450.1296   -1471.3024     451.9484    0.2823   -1280.2511   -1195.0566 -9.152 -9.597  762 
   55924.298900   -5932.1384     291.0205   -6577.5456     295.7899    0.3987     556.5623     479.0822  9.985 10.276  762 
   55925.233500   -6966.9810     380.3059   -6996.6305     382.7093    0.6039     -18.8862     -17.3063 -0.346 -0.192  762 
   55926.295200     653.6726     244.4234   -1356.2878     250.6461    0.0689    -193.7631    -160.8901 -2.683 -5.376  762 
   55927.340300    5925.1374     333.0668    6047.1158     336.1255    0.6649    -278.6914    -250.2174 -5.784 -3.827  762 
   55930.393000    2390.0825     433.1138    2487.1241     434.5194    0.1233    -609.5177    -575.4383 -3.802 -7.176  762 
   55969.101700    1971.6969     408.5188    1871.9551     409.9432    0.2193     559.3203     528.3961  3.937  4.464  762 
   56008.137100    2256.9121     506.6915    1952.1698     508.0582    0.1424   -4081.1880   -3874.9784 -23.922 -24.012  762 
   56009.123900   -3051.3470     443.5796   -3230.2597     445.3013    0.2595     -82.2620     -77.1362 -1.011 -0.618  762 
   56045.151000    3820.5544     539.8990    3604.7504     540.7557    0.1217   -1105.6655   -1062.3862 -9.238 -7.131  762 
   56215.450500   -7279.0024     458.8089   -7794.1676     460.7479    0.1487    5689.2201    5337.8414 40.575 44.214  762 
   56217.448100     577.7529     613.9758     220.5795     614.8923    0.2188   -4258.9841   -4117.1265 -20.748 -21.142  762 
   56254.422100     573.9293     270.8590   -2511.4290     277.5604    0.0644    1020.3036     852.9379 23.612 26.578  762 
   56301.222800   -4526.1711     482.0066   -4573.5099     483.9124    0.3172    1402.8407    1315.1048 10.662  9.409  762 
   56302.303100   -8169.1091     302.3895   -8894.7491     303.8776    0.2818    2567.8413    2398.8549 28.948 34.225  762 
   56337.372000   -2011.9004     280.1567   -3594.9609     286.5935    0.1262    1300.0105    1087.3617 18.138 27.668  762 
   56417.147800   -5047.5741     341.3807   -6794.8486     345.4751    0.2577    1150.5704    1013.0291 14.618 15.208  762 
