   54534.146000   11559.7173     495.7170   10096.3961     501.2090    0.1362  -13978.3977  -13091.9584 -101.329 -50.038  762 
   54591.216800   12699.6703     302.0621    8075.9356     319.0936    0.2803    1107.0518     878.6198 17.099 12.810  762 
   54792.424000   -4135.3021     309.1932   -5514.8397     317.8505    0.2575   -2935.4229   -2470.2644 -27.991 -32.542  762 
   54794.405400    9464.0531     240.1724   -6924.5262     277.6202    0.0952    -617.8352    -459.1045 -5.396 -14.381  762 
   54861.117500   -2530.8439     349.0306   -6262.1477     364.9686    0.3082   -1820.3505   -1456.4827 -15.043 -16.214  762 
   54862.108200    7070.9938     276.8986   -1733.9508     304.7976    0.0541    -867.6122    -627.9277 -13.635 -13.493  762 
   55470.449700   12197.8309     383.4439   12541.2960     393.7751    0.6696    -580.2425    -487.9500 -0.415 -6.385  762 
   55536.222400   -1518.0031     322.1698   -2242.3914     341.8329    0.3305   -3374.8740   -2545.3992 -35.445 -33.404  762 
   55538.258900   -2765.0334     283.9549  -12544.0182     311.8804    0.3127   -1301.4867    -941.0470 -17.874 -18.828  762 
   55540.330200    4731.6174     410.6846    4839.9166     420.9376    0.1947   -9094.0597   -7810.9697 -53.659 -49.565  762 
   55543.327000    5483.8698     258.8093   -7935.7682     291.8968    0.1383    -925.3558    -675.0809 -17.095 -17.435  762 
   55599.156000   32438.1094     391.6434   33691.3016     399.8536    0.8410   -9945.2166   -8688.8399 -58.662 -57.263  762 
   55889.408200    5792.0523     403.3700    5432.2924     417.1830    0.3337   -3105.7733   -2560.0403 -28.834 -20.601  762 
   55924.298900    -122.4151     289.7134   -1085.6985     318.6087    0.0376     292.9280     204.8971  4.530  4.335  762 
   55925.233500    2453.0373     354.6213    3761.0119     369.9671    0.2137    -560.1667    -444.8084 -4.477 -5.011  762 
   55926.295200      89.8821     238.0479    -604.3295     275.0080    0.0189     -33.8177     -23.7999  2.309 -0.776  762 
   55927.340300   -6555.7316     326.7235   -7808.0368     348.9047    0.4534    -494.8222    -370.4463 -5.790 -5.557  762 
   55930.393000     726.4849     423.2695    3163.5166     431.7170    0.1309     -51.2907     -44.6697 -2.331 -0.557  762 
   55969.101700  -12203.1076     368.1118  -10178.6013     379.0560    0.3599      -5.5710      -4.6845 -0.174 -0.041  762 
   56008.137100     360.6797     438.7311     195.8509     449.8609    0.3053   -4675.5760   -4022.1104 -37.189 -25.085  762 
   56009.123900     412.9517     398.7369    1871.4102     410.2271    0.0635   -1079.9953    -904.6744 -7.098 -7.286  762 
   56045.151000   17982.5420     493.1842   19147.3395     498.5809    0.6491   -2131.5935   -1935.6185 -15.208 -12.900  762 
   56215.450500   14173.1937     416.2377   15403.3697     425.9228    0.6458    7690.7084    6600.5138 51.145 51.815  762 
   56217.448100   22183.2481     527.9583   21917.2903     533.8993    0.7757    1584.1954    1456.0818 -5.969  7.319  762 
   56254.422100   -3311.2143     280.7213  -13199.1224     314.6978    0.1494    2177.4735    1548.1317 37.491 41.847  762 
   56301.222800  -19868.3477     428.8994  -21531.4471     443.9550    0.7908    2524.9225    2091.9251  0.403 14.593  762 
   56302.303100  -20284.5075     307.8710  -18903.3544     314.0426    0.3415    4473.3428    3855.0749 47.437 50.282  762 
   56337.372000   12499.3376     287.8273   17365.5909     312.9320    0.3457    3143.3286    2096.9623 49.191 48.445  762 
   56417.147800   -4786.6440     340.8902   -2838.8708     357.9192    0.0350    5316.8514    4040.4851 56.188 55.266  762 
