   54534.146000   14511.8968     560.9326   13784.3584     569.6473       nan  -14511.8968  -13784.3584 -53.268 -52.768  762 
   54591.216800    -294.3731     288.6497    -267.5805     313.2261       nan     294.3731     267.5805 -11.739  3.993  762 
   54792.424000    3638.1070     297.3102    3421.1641     307.8984       nan   -3638.1070   -3421.1641 -55.374 -45.849  762 
   54794.405400     235.8150     181.0919     244.9453     202.1594       nan    -235.8150    -244.9453 -21.968 -7.759  762 
   54861.117500    1286.0391     344.0394    1166.7091     365.3526       nan   -1286.0391   -1166.7091 -20.854 -13.127  762 
   54862.108200     570.5935     226.5520     543.4042     250.6939       nan    -570.5935    -543.4042 -22.244 -12.256  762 
   55470.449700    1077.9357     381.3963     999.4898     398.3196       nan   -1077.9357    -999.4898 -12.032 -12.775  762 
   55536.222400    -323.8438     305.7353    -293.5843     331.8298       nan     323.8438     293.5843  2.394  3.772  762 
   55538.258900     297.8571     232.7545     285.0846     260.2168       nan    -297.8571    -285.0846 -5.776 -5.933  762 
   55540.330200    4640.2644     453.8332    4211.1893     470.4432       nan   -4640.2644   -4211.1893 -25.209 -25.681  762 
   55543.327000     484.9361     195.7780     478.6961     216.9328       nan    -484.9361    -478.6961 -8.407 -13.417  762 
   55599.156000    5921.6394     434.2226    5416.4240     448.4020       nan   -5921.6394   -5416.4240 -33.694 -34.159  762 
   55889.408200    1738.8857     431.7941    1548.3467     453.1044       nan   -1738.8857   -1548.3467 -12.782 -12.320  762 
   55924.298900    -424.3353     238.5156    -397.5782     273.4978       nan     424.3353     397.5782  6.437  8.550  762 
   55925.233500     -19.0560     358.8285     -17.2142     386.0202       nan      19.0560      17.2142  0.030  0.188  762 
   55926.295200    -219.7394       1.9540    -219.7394       1.9540       nan     219.7394     219.7394  3.242  7.254  762 
   55927.340300     -61.9533     296.2182     -57.1405     321.7950       nan      61.9533      57.1405  1.784  0.878  762 
   55930.393000     330.8764     410.0961     318.1398     424.7307       nan    -330.8764    -318.1398 -7.354 -4.007  762 
   55969.101700     147.1298     391.5322     133.6820     415.6617       nan    -147.1298    -133.6820 -3.298 -1.113  762 
   56008.137100    4111.2322     479.5173    3733.3575     496.2699       nan   -4111.2322   -3733.3575 -21.752 -23.004  762 
   56009.123900    1069.2736     422.6457     963.6534     443.6616       nan   -1069.2736    -963.6534 -4.169 -7.710  762 
   56045.151000    1683.6204     521.7036    1573.3717     533.5363       nan   -1683.6204   -1573.3717 -11.637 -10.626  762 
   56215.450500   -7816.9497     446.4554   -7039.6141     470.3143       nan    7816.9497    7039.6141 55.384 56.318  762 
   56217.448100   -3677.1918     588.9701   -3426.3592     601.8108       nan    3677.1918    3426.3592 16.377 17.286  762 
   56254.422100   -2263.4885       2.0416   -2263.4885       2.0416       nan    2263.4885    2263.4885 56.106 67.549  762 
   56301.222800   -5196.5102     459.6980   -4656.1444     482.6402       nan    5196.5102    4656.1444 30.220 32.439  762 
   56302.303100   -2934.6353     292.7747   -2846.2804     308.5332       nan    2934.6353    2846.2804 33.818 37.929  762 
   56337.372000   -2167.0387     224.9552   -2006.1489     253.6949       nan    2167.0387    2006.1489 41.543 48.151  762 
   56417.147800   -3782.9149     320.9564   -3369.8147     349.3531       nan    3782.9149    3369.8147 37.326 48.198  762 
