   54534.146000    9406.2449     669.9717    8981.0454     670.6963    0.0658  -10793.3086  -10565.4981 -40.761 -40.142  762 
   54591.216800    -916.4887     344.0125     168.8228     348.4009    0.0929    1677.1795    1516.3266 21.442 21.393  762 
   54792.424000   -1793.7011     339.1740   -1510.0789     341.8969    0.1032    -157.3786    -144.5965  1.561 -1.838  762 
   54794.405400   -5005.7950     275.2811   -6073.0979     289.8693    0.2375     139.4308     119.3290  5.513  3.352  762 
   54861.117500   -7903.3501     403.8465   -7305.0478     407.4131    0.3305    1300.7003    1189.9747 17.519 12.877  762 
   54862.108200   -6260.5213     310.3452   -4743.0905     319.4236    0.2196     458.4215     394.8723  5.373  8.069  762 
   55470.449700    3020.6919     427.5510    3144.0653     430.7506    0.3436     581.3826     536.4185  4.386  6.649  762 
   55536.222400  -10501.6411     373.9691  -11289.4071     379.7188    0.5191    2451.7556    2182.2549 28.939 27.050  762 
   55538.258900   -6229.8578     318.0002   -5722.3253     326.8191    0.3330     651.5770     566.3907 10.192 10.772  762 
   55540.330200  -12706.1741     521.5107  -13375.5158     523.3962    0.6167     561.7758     532.4387  3.803  3.257  762 
   55543.327000  -10022.7737     290.2889   -8551.9451     301.5022    0.3322    1022.1202     878.0630 17.964 21.588  762 
   55599.156000   13261.7717     493.2370   13048.4515     494.6954    0.5707    -676.3157    -645.0376 -6.794 -4.088  762 
   55889.408200    -572.4113     490.8718    -678.6793     493.6670    0.0149     559.2840     520.6709  6.355  4.074  762 
   55924.298900   -1106.0532     321.9351   -4422.3934     334.2216    0.1551      13.2341      11.3403 -2.428  0.225  762 
   55925.233500   -3116.4668     415.4759   -3323.9149     419.5922    0.2463     940.1892     856.4690  8.443  9.162  762 
   55926.295200    1790.8985     267.4133     291.3491     284.9072    0.0041    -187.5402    -161.3130 -4.976 -4.735  762 
   55927.340300    -114.9365     368.8913     163.2191     375.6119    0.0286      68.0433      60.4558  2.444  0.876  762 
   55930.393000   -4748.1615     464.6626   -5794.4974     467.9007    0.2458    1032.7607     961.5533 11.414 11.647  762 
   55969.101700    -904.1133     445.8551   -1448.3432     448.1975    0.1045      21.0604      19.7627 -0.709  0.164  762 
   56008.137100    7825.6587     548.8193    7429.7176     550.7180    0.2911   -2181.7856   -2071.7173 -10.936 -12.653  762 
   56009.123900    6776.8894     479.8006    6021.5790     482.3405    0.3674     834.6974     780.4349  5.293  6.139  762 
   56045.151000    5759.4472     575.4264    5153.0737     576.7700    0.2855    1562.1410    1497.0062 12.367  9.906  762 
   56215.450500    5189.9543     507.0977    4669.2317     509.2095    0.4060    5192.3889    4894.5690 36.220 37.730  762 
   56217.448100    6658.1798     668.6726    6335.0433     669.7327    0.0778   -5219.1119   -5055.3721 -26.523 -25.129  762 
   56254.422100    1483.3780     307.4033    -754.9875     323.2964    0.0080    1286.3270    1106.8021 27.389 28.215  762 
   56301.222800   -6440.1990     532.4956   -6871.2418     535.1546    0.1895    4755.3295    4461.9836 29.107 30.375  762 
   56302.303100   -4098.3579     337.3731   -5757.1774     339.8645    0.0815    3452.1343    3227.7782 40.889 40.222  762 
   56337.372000    1137.9825     322.5657   -1229.9121     334.5168    0.0158    2007.1363    1674.5602 34.852 35.952  762 
   56417.147800   -3431.0092     385.4869   -5589.2458     391.6585    0.0775    3296.7352    2916.8813 36.248 38.469  762 
