   54534.146000       0.0000       6.7451       0.0000       6.7451       nan       0.0000       0.0000  0.000  0.000  762 
   54591.216800    -393.2847     247.5165   -1948.1832     257.2685    0.1314       0.0000       0.0000 -4.180  0.000  762 
   54792.424000   -9411.9764     269.6601   -9465.3437     273.7065    0.6457   -2666.6580   -2380.5636 -29.133 -30.125  762 
   54794.405400   -2640.8256     198.4885   -7651.4954     223.6548    0.2569     179.9579     141.3934  0.804  3.941  762 
   54861.117500    -128.0868     281.4606    1223.8565     288.6593    0.0422    -815.6416    -698.8149 -8.584 -7.465  762 
   54862.108200     -18.0329     222.8178     624.6598     239.0940    0.0463    -180.2058    -140.3486 -3.526 -2.755  762 
   55470.449700   -6721.7948     331.1420   -6586.9954     336.3266    0.5815    -550.7093    -488.3078 -5.310 -6.231  762 
   55536.222400   -4475.8890     255.0685   -3422.1539     266.3658    0.3462     259.7670     208.5145  2.023  2.646  762 
   55538.258900   -3430.4073     225.7259    -917.8494     240.3148    0.0796    -253.1768    -199.4317 -2.451 -3.620  762 
   55540.330200   -3988.6404     327.6859   -4049.5272     333.2652    0.3978    -723.0056    -642.3815 -6.700 -4.057  762 
   55543.327000    -598.6022     209.8553   -3078.5666     230.1188    0.1370     168.9020     133.4256  1.468  3.012  762 
   55599.156000    -777.1423     320.2600    -296.0521     324.6171    0.1777   -1938.5998   -1748.6935 -12.481 -11.502  762 
   55889.408200   -6560.7940     324.9348   -6675.3036     332.5931    0.8238     146.1589     126.1248  1.135  0.997  762 
   55924.298900    3169.7339     223.1777     108.6163     246.1035    0.0134     195.8369     144.8972  3.428  2.977  762 
   55925.233500    4064.6930     283.3037    4861.7563     291.9291    0.4281    -120.6497    -101.4324 -1.565 -1.123  762 
   55926.295200    3230.5067     183.1746    4463.5006     212.7018    0.1772     -30.4552     -22.7489 -0.219 -0.694  762 
   55927.340300     547.5806     255.8444    -157.8999     270.0912    0.0222      -8.7992      -7.0381  0.475 -0.103  762 
   55930.393000     259.2295     365.2176    -196.5135     369.6238    0.0088      81.8770      74.3099  0.123  0.930  762 
   55969.101700    -703.9163     291.0442    -632.4545     297.3770    0.0488     144.3818     125.9121  0.155  1.092  762 
   56008.137100   -6867.8251     353.3714   -6945.3498     359.1645    0.5806       6.6939       5.9742  0.759  0.037  762 
   56009.123900   -8878.1585     322.9593   -9898.4783     329.9541    0.7233     -28.3180     -24.6116 -0.138 -0.197  762 
   56045.151000   -6819.8387     431.2522   -6951.4635     433.7175    0.4663   -1080.0020   -1010.8279 -5.266 -6.702  762 
   56215.450500    3985.0943     347.9937    4694.2171     351.9870    0.4815    2753.9236    2509.2951 18.187 17.803  762 
   56217.448100    3618.5417     453.0344    3616.4188     455.3723    0.5105    3238.5559    3076.3638 14.003 14.741  762 
   56254.422100    4047.2062     227.5548    6559.0317     247.6512    0.2615     879.9465     698.8377 14.375 15.247  762 
   56301.222800   -5885.2097     341.8695   -6067.2720     349.0229    0.5272    1988.6330    1746.6551 12.096 11.423  762 
   56302.303100   -8776.7288     278.9877   -8006.0367     281.0574    0.2683    1994.8982    1852.5883 14.611 20.254  762 
   56337.372000    3136.5008     227.5107    6842.0524     244.4521    0.3014     595.5470     442.9039 10.856  8.505  762 
   56417.147800   10989.1997     279.7165   12432.2086     287.6515    0.6671     886.6355     751.2217  9.112  8.743  762 
