   54534.146000  -61690.5262     606.2784  -63968.6992     606.8527    0.5960  -17589.1647  -17441.8346 -176.299 -66.521  762 
   54591.216800   -1561.8549     290.2571   -1423.2556     292.2410    0.1124       0.0000       0.0000 -3.337  0.000  762 
   54792.424000    1687.2997     298.7990    2027.6825     299.7080    0.1007    -653.7076    -624.9464 -30.495 -8.138  762 
   54794.405400    3847.1443     218.3173    3491.0768     225.6522    0.1466       0.0000       0.0000  0.328  0.000  762 
   54861.117500   -1062.9726     343.9475    -927.4841     345.2862    0.0793       0.0000       0.0000 -10.989  0.000  762 
   54862.108200   -3201.0145     253.3652   -3158.1736     257.8023    0.2153       0.0000       0.0000 -2.485  0.000  762 
   55470.449700     615.9527     377.0978     556.8236     378.2533    0.0533       0.0000       0.0000 -0.282  0.000  762 
   55536.222400   -2751.4704     314.1301   -2785.0307     316.3624    0.3155   -1375.2441   -1282.2431 -33.921 -16.268  762 
   55538.258900    3165.8495     258.0981    3157.4714     262.3766    0.2289       0.0000       0.0000 -4.123  0.000  762 
   55540.330200   -3928.6599     455.1470   -3847.7776     455.5620    0.2231   -3596.6240   -3515.4597 -73.439 -21.456  762 
   55543.327000   -2608.3770     231.0570   -3419.7052     237.6326    0.1887       0.0000       0.0000  2.781  0.000  762 
   55599.156000   -8853.8624     438.3574   -8759.0138     438.7794    0.3641   -4912.9411   -4798.4349 -77.100 -30.346  762 
   55889.408200   -7002.4520     426.7729   -6773.8554     427.7010    0.4059   -1113.9124   -1070.6898 -42.864 -8.427  762 
   55924.298900    3351.8451     265.3500    2659.9356     270.6195    0.1821       0.0000       0.0000 -2.361  0.000  762 
   55925.233500     425.6727     355.5563     412.2137     357.1187    0.0468       0.0000       0.0000 -12.141  0.000  762 
   55926.295200     541.0284     215.8458     168.2341     224.9607    0.0063       0.0000       0.0000 36.901  0.000  762 
   55927.340300   -2501.2024     311.9345   -2443.8092     314.9203    0.2860       0.0000       0.0000 -6.966  0.000  762 
   55930.393000    -195.5734     415.7366    -171.5883     416.6860    0.0131       0.0000       0.0000 -3.196  0.000  762 
   55969.101700    2261.4025     384.9696    2315.8567     385.6979    0.1595       0.0000       0.0000 -27.374  0.000  762 
   56008.137100  -11710.4984     485.4680  -11605.6911     485.9641    0.2950   -4188.1148   -4089.9060 -89.052 -24.954  762 
   56009.123900    1831.1862     418.7496    1989.2436     419.4849    0.0965       0.0000       0.0000 -37.608  0.000  762 
   56045.151000   -7194.4215     521.8327   -7280.9539     522.2033    0.2410       0.0000       0.0000 -46.847  0.000  762 
   56215.450500   -2455.1258     430.8172   -2998.9119     431.8288    0.2022       0.0000       0.0000  5.121  0.000  762 
   56217.448100  -40405.6340     595.5590  -40693.8932     595.9413    0.5625   -2443.8810   -2406.4170 -105.001 -12.277  762 
   56254.422100    -777.3056     241.8896   -3542.2820     251.6110    0.1248       0.0000       0.0000 -7.189  0.000  762 
   56301.222800  -10638.2764     456.3494  -10286.3593     457.1631    0.3390       0.0000       0.0000 -51.745  0.000  762 
   56302.303100    5227.1781     285.2932    4512.8671     286.4310    0.2281       0.0000       0.0000 15.975  0.000  762 
   56337.372000    2183.1364     251.6051     261.0519     258.0440    0.0139       0.0000       0.0000 13.227  0.000  762 
   56417.147800   -1376.5044     315.8570   -3262.5676     319.0813    0.1610       0.0000       0.0000 12.159  0.000  762 
