   54534.146000   30369.6130     821.6539   31296.4108     830.5168    0.0665  -29744.2697  -28524.6097 -224.123 -109.190  762 
   54591.216800   12784.2601     424.7862   14375.9598     432.5724    0.3199       0.0000       0.0000  8.706  0.000  762 
   54792.424000    6161.5047     400.5905    6808.1003     405.2953    0.2385    -781.0797    -698.9513 -18.633 -9.217  762 
   54794.405400    5702.1680     336.8695    5887.6405     344.2554    0.1229       0.0000       0.0000 -61.383  0.000  762 
   54861.117500   30378.0873     498.7472   33083.2413     506.5498    0.4785       0.0000       0.0000 -16.390  0.000  762 
   54862.108200   10939.5769     380.4590   12442.5450     388.4748    0.2103       0.0000       0.0000 -2.921  0.000  762 
   55470.449700   -1427.7524     513.1136   -2872.8434     519.7124    0.0915       0.0000       0.0000  4.429  0.000  762 
   55536.222400   22272.5177     463.3568   21096.7088     472.1565    0.4176       0.0000       0.0000 10.021  0.000  762 
   55538.258900    2561.9632     393.1437    2218.1445     401.8241    0.0488       0.0000       0.0000  5.664  0.000  762 
   55540.330200   16379.2322     649.5596   13526.3608     658.3017    0.2525   -4007.3885   -3714.6672 -75.906 -22.606  762 
   55543.327000    8418.2945     355.1115    8748.9853     363.7251    0.1459       0.0000       0.0000 -9.140  0.000  762 
   55599.156000   16413.9179     619.6346   14517.6516     627.7329    0.3130   -4442.7180   -4113.8644 -76.095 -25.857  762 
   55889.408200    5802.3767     614.8647    5280.6663     623.9512    0.0895   -2927.7128   -2650.8303 -61.614 -20.945  762 
   55924.298900   13313.7926     398.8923   13500.0368     407.7909    0.3628       0.0000       0.0000  2.407  0.000  762 
   55925.233500    9033.7780     516.2551    8418.6660     524.4677    0.3085       0.0000       0.0000 -15.904  0.000  762 
   55926.295200   -5610.7415     342.7161   -5571.8798     351.0184    0.1044       0.0000       0.0000 125.917  0.000  762 
   55927.340300    3523.1395     463.4254    4264.9059     472.6419    0.2340       0.0000       0.0000 -10.955  0.000  762 
   55930.393000  -18841.5253     552.7302  -20622.3111     559.5271    0.4256       0.0000       0.0000 -9.249  0.000  762 
   55969.101700   13176.3570     557.1513   12682.0529     564.9286    0.2914       0.0000       0.0000 -38.058  0.000  762 
   56008.137100    5570.3934     688.0730    4930.3997     697.3451    0.1602  -10662.5438   -9824.2125 -119.309 -60.224  762 
   56009.123900    7792.5146     597.9566    7185.4316     606.3376    0.2407    -847.6913    -774.9243 -42.110 -6.139  762 
   56045.151000  -13737.4651     689.1429  -17622.2488     696.3404    0.4157   -2649.1931   -2466.3112 -67.796 -16.535  762 
   56215.450500  -25163.8730     627.1648  -27912.0683     636.3592    0.4937       0.0000       0.0000 -19.281  0.000  762 
   56217.448100   -4419.7975     811.6595   -5295.8830     820.1824    0.4493  -10743.8545  -10146.3680 -152.897 -51.418  762 
   56254.422100    3667.1758     376.0825    2507.1100     385.0069    0.0426       0.0000       0.0000 -18.853  0.000  762 
   56301.222800  -16127.3168     668.2863  -16904.9701     678.5470    0.5504   -3382.4400   -3086.8959 -92.882 -21.612  762 
   56302.303100   -8968.6404     394.8122  -11303.9542     399.5784    0.1607       0.0000       0.0000 -26.896  0.000  762 
   56337.372000  -11173.0788     397.8546  -15490.1307     409.7045    0.2024       0.0000       0.0000 -7.602  0.000  762 
   56417.147800   -5256.8913     467.6349  -10454.8521     477.3244    0.1292     435.2114     372.7409  6.288  5.368  762 
