   54534.146000  -68185.8207     717.8684  -67070.6687     718.7164    0.8582  -49413.7438  -49502.0000 -678.816 -188.694  762 
   54591.216800  -10602.8286     310.5931  -11803.8208     312.6818    0.5165     288.2813     292.7997 10.486  4.188  762 
   54792.424000   -4028.8220     314.1669   -4798.7776     314.9623    0.4377   -4903.4825   -4967.3193 -133.197 -63.899  762 
   54794.405400   -1992.7017     218.6472   -3429.0357     219.6272    0.1307   -1173.9508   -1217.8059 -82.624 -35.414  762 
   54861.117500   -1295.8989     375.8250   -1648.8755     377.4326    0.4541   -6792.5640   -6872.9235 -104.866 -75.134  762 
   54862.108200   -2460.5402     258.3614   -2915.6178     259.5433    0.2360   -2370.8307   -2431.3925 -68.010 -50.703  762 
   55470.449700   -9505.5675     398.2726  -11545.0687     399.9181    0.3607   -2012.1285   -2032.7837 -48.371 -25.556  762 
   55536.222400    4632.8124     336.0983    5481.3075     337.6621    0.0147   -5129.8266   -5214.7705 -97.508 -65.590  762 
   55538.258900    2257.2400     266.8338    2952.6573     268.1896    0.0355   -2171.8849   -2230.9796 -36.638 -43.302  762 
   55540.330200     194.2855     521.7209     899.0514     522.9772    0.4402  -13030.9321  -13068.5383 -266.879 -80.662  762 
   55543.327000     -17.1141     233.3258      55.0283     234.2260    0.0152    -459.5869    -473.1367 -10.627 -11.918  762 
   55599.156000   -7050.6518     496.7273   -7178.7005     498.0485    0.6675  -17972.6811  -18024.9987 -304.295 -115.159  762 
   55889.408200   -7728.0182     479.3552   -8023.9091     481.0919    0.6686   -6862.8855   -6899.4393 -214.367 -54.442  762 
   55924.298900    1122.4338     267.6574    1065.7616     269.5956    0.0711     390.0798     401.6707 24.386  8.123  762 
   55925.233500    3243.5380     385.6485    3505.4041     387.7876    0.1650   -1772.4271   -1794.9704 -60.610 -19.448  762 
   55926.295200     769.8349     211.6514     959.8965     212.4778    0.0359     149.9604     155.4798  1.987  4.707  762 
   55927.340300   -1081.7736     326.6212    -766.4382     328.0785    0.1081    -709.3311    -725.6356 -27.446 -10.635  762 
   55930.393000   -1423.8905     433.1486   -1373.4565     434.0556    0.0503     541.9002     549.1523  9.908  6.698  762 
   55969.101700   -5270.4488     432.6190   -6016.8785     434.9516    0.4731   -2143.2726   -2153.9547 -98.617 -18.031  762 
   56008.137100  -16094.6877     554.5023  -16442.2176     555.9244    0.6944  -14591.4538  -14652.3205 -359.577 -90.011  762 
   56009.123900  -14229.7078     470.4879  -15589.5500     472.5395    0.6241   -4143.6478   -4163.9261 -144.574 -32.959  762 
   56045.151000  -15388.6682     575.6148  -16361.3739     576.6915    0.6503  -11609.6450  -11649.6602 -208.317 -77.303  762 
   56215.450500   -2362.0402     495.9100   -3653.6192     498.3260    0.0994    5839.6477    5851.0348 -1.055 45.635  762 
   56217.448100  -15572.6706     687.3552  -15344.7434     688.5257    0.7603  -17490.8551  -17503.9244 -310.160 -87.576  762 
   56254.422100    -710.7846     246.7799   -2961.8079     248.6165    0.0022    2741.9788    2860.3507 80.894 75.433  762 
   56301.222800  -19120.8240     528.0408  -19968.6416     530.0472    0.7383   -2048.9409   -2058.8009 -193.321 -14.176  762 
   56302.303100  -10407.6954     312.5886  -12725.8211     314.2126    0.1334    7556.6569    7673.2641 103.525 97.912  762 
   56337.372000   -4951.5122     259.7471   -7677.6844     261.7540    0.1108    3062.3581    3139.5247 95.583 69.455  762 
   56417.147800   -9061.8206     345.4881  -11489.5649     347.7933    0.1396    6654.0926    6716.4010 101.760 90.453  762 
