   54534.146000   54363.6534     874.3231   47411.1324     947.5062       nan  -54363.6534  -47411.1324 -197.345 -182.518  762 
   54591.216800     153.6520       2.8983     153.6520       2.8983       nan    -153.6520    -153.6520 -3.727 -2.337  762 
   54792.424000    2821.3444       3.1654    2821.3444       3.1654       nan   -2821.3444   -2821.3444 -38.849 -37.500  762 
   54794.405400     197.1761       1.9957     197.1761       1.9957       nan    -197.1761    -197.1761 14.161 -6.297  762 
   54861.117500    1513.5270       3.4057    1513.5270       3.4057       nan   -1513.5270   -1513.5270 -15.630 -17.122  762 
   54862.108200     443.5273       2.3723     443.5273       2.3723       nan    -443.5273    -443.5273 -6.158 -10.076  762 
   55470.449700     271.8203       3.2123     271.8203       3.2123       nan    -271.8203    -271.8203 -2.667 -3.442  762 
   55536.222400    2195.0899       3.1932    2195.0899       3.1932       nan   -2195.0899   -2195.0899 -27.944 -28.041  762 
   55538.258900     218.6378       2.4475     218.6378       2.4475       nan    -218.6378    -218.6378 -4.860 -4.661  762 
   55540.330200   16693.7248     733.9228   12763.1187     850.2297       nan  -16693.7248  -12763.1187 -80.072 -77.826  762 
   55543.327000     244.4663       2.0910     244.4663       2.0910       nan    -244.4663    -244.4663 -4.353 -7.079  762 
   55599.156000   11412.5042     686.1941    8812.0470     800.4786       nan  -11412.5042   -8812.0470 -58.400 -55.468  762 
   55889.408200    5350.1787       4.1930    5350.1787       4.1930       nan   -5350.1787   -5350.1787 -45.487 -42.540  762 
   55924.298900    -155.2517       2.4813    -155.2517       2.4813       nan     155.2517     155.2517  4.122  3.190  762 
   55925.233500     847.5433       3.4724     847.5433       3.4724       nan    -847.5433    -847.5433 -10.056 -9.183  762 
   55926.295200    -234.3340       1.9970    -234.3340       1.9970       nan     234.3340     234.3340 -1.630  7.406  762 
   55927.340300     482.6654       2.9459     482.6654       2.9459       nan    -482.6654    -482.6654 -8.426 -7.200  762 
   55930.393000     -38.4178       3.2661     -38.4178       3.2661       nan      38.4178      38.4178  2.384  0.463  762 
   55969.101700    2013.6851       4.0088    2013.6851       4.0088       nan   -2013.6851   -2013.6851 -17.511 -16.591  762 
   56008.137100   18384.4192     762.5228   14140.7603     879.2134       nan  -18384.4192  -14140.7603 -93.842 -86.682  762 
   56009.123900    4151.4052       4.1688    4151.4052       4.1688       nan   -4151.4052   -4151.4052 -35.149 -32.753  762 
   56045.151000    7098.7159       4.6251    7098.7159       4.6251       nan   -7098.7159   -7098.7159 -51.022 -47.221  762 
   56215.450500    -237.9923       3.8895    -237.9923       3.8895       nan     237.9923     237.9923  2.245  2.060  762 
   56217.448100   18582.2010       5.3793   18582.2010       5.3793       nan  -18582.2010  -18582.2010 -109.274 -97.301  762 
   56254.422100    -772.7943       1.9456    -772.7943       1.9456       nan     772.7943     772.7943 26.196 25.283  762 
   56301.222800    7189.8084       4.3896    7189.8084       4.3896       nan   -7189.8084   -7189.8084 -59.214 -52.459  762 
   56302.303100    -372.7551       2.8549    -372.7551       2.8549       nan     372.7551     372.7551  4.687  5.717  762 
   56337.372000    -576.4414       2.1734    -576.4414       2.1734       nan     576.4414     576.4414 15.075 15.139  762 
   56417.147800   -1309.1729       2.8186   -1309.1729       2.8186       nan    1309.1729    1309.1729 17.926 20.715  762 
