   54534.146000   -7199.5744     790.4655   -6862.3145     794.0450    0.8128  -34267.9381  -33833.0759 -140.674 -129.231  762 
   54591.216800   -6729.5201     371.9783   -6106.4258     374.4551    0.3711       0.0000       0.0000 -1.761  0.000  762 
   54792.424000   -9152.7579     360.2643   -8889.0776     361.8494    0.5724       0.0000       0.0000 -0.763  0.000  762 
   54794.405400   -3006.2122     279.2376   -4188.8001     284.4831    0.2117       0.0000       0.0000 -7.508  0.000  762 
   54861.117500   -9311.5514     448.2883   -8898.8902     451.1279    0.4532       0.0000       0.0000 -4.143  0.000  762 
   54862.108200   -4505.0938     324.1219   -4481.0812     327.8007    0.2999       0.0000       0.0000 -1.822  0.000  762 
   55470.449700    1843.3358     455.8233    2036.1986     457.8196    0.1481       0.0000       0.0000 -0.106  0.000  762 
   55536.222400   -9700.9170     407.8827  -10202.2162     411.0777    0.5502       0.0000       0.0000 -10.745  0.000  762 
   55538.258900   -6692.4129     335.6256   -6973.4137     339.3649    0.4538       0.0000       0.0000  2.757  0.000  762 
   55540.330200   -2973.5397     599.8478   -3021.4162     603.0148    0.3838   -5037.1048   -4892.1812 -45.848 -30.292  762 
   55543.327000   -2897.2079     298.2985   -2949.7018     302.4724    0.1618       0.0000       0.0000  5.138  0.000  762 
   55599.156000   -8891.2655     568.6001   -8959.6492     571.5926    0.5573   -4713.1806   -4580.6201 -34.681 -29.368  762 
   55889.408200  -10628.9308     558.2363  -10611.3246     561.3796    0.7493   -1481.8735   -1425.5574 -20.109 -11.357  762 
   55924.298900    -582.5137     337.3536   -1445.7130     341.6855    0.0927       0.0000       0.0000  8.053  0.000  762 
   55925.233500   -5740.6886     456.9906   -5937.6007     459.8101    0.5045       0.0000       0.0000 -2.781  0.000  762 
   55926.295200    -139.2227     276.3831   -1162.4236     282.4154    0.0545       0.0000       0.0000 -19.819  0.000  762 
   55927.340300     -76.8658     400.2943      34.1162     403.6110    0.0044       0.0000       0.0000 -4.277  0.000  762 
   55930.393000   -2054.9782     498.0567   -2182.2919     500.2723    0.1367       0.0000       0.0000  1.129  0.000  762 
   55969.101700   -7173.0630     503.1957   -7519.8143     506.2105    0.5102       0.0000       0.0000  6.869  0.000  762 
   56008.137100   -9782.3974     634.5635   -9799.6444     637.7860    0.6083   -5015.8155   -4865.1775 -43.843 -30.028  762 
   56009.123900  -10601.0388     544.9630  -10832.5310     548.0384    0.6367       0.0000       0.0000 -8.536  0.000  762 
   56045.151000  -28742.1640     646.5573  -28563.6851     649.0247    0.7901   -1443.9335   -1404.9803 -25.605 -9.375  762 
   56215.450500   -7527.4429     570.9752   -8207.4477     574.4041    0.3044    2379.4929    2316.0083 26.180 18.437  762 
   56217.448100   -8910.9425     765.8090   -9134.9952     769.1703    0.7598  -15718.6797  -15441.6767 -95.060 -77.824  762 
   56254.422100   -3183.2498     315.3549   -4772.0607     321.2509    0.1669       0.0000       0.0000  8.619  0.000  762 
   56301.222800   -1046.4760     608.3830    -930.5700     611.7696    0.2253   -2306.1183   -2231.9260 -31.009 -15.585  762 
   56302.303100   -7040.9715     356.2769   -7722.3772     358.0163    0.3107       0.0000       0.0000 -8.573  0.000  762 
   56337.372000  -14137.8604     337.9399  -15773.9425     343.2713    0.5915       0.0000       0.0000 -5.859  0.000  762 
   56417.147800  -10364.3407     414.6096  -11099.3359     418.1452    0.4321       0.0000       0.0000  0.702  0.000  762 
