   54534.146000   10851.0385     654.3415   10976.2654     655.6140    0.3190  -17738.1579  -17562.8050 -69.555 -66.946  762 
   54591.216800    7490.1953     322.2357    8474.3209     324.9558    0.4949     512.4081     478.2963  7.143  6.863  762 
   54792.424000   -2529.5375     323.7682   -2364.0486     325.4693    0.2792   -1880.9153   -1771.0744 -21.992 -22.891  762 
   54794.405400   -1068.1651     254.3582   -1906.0872     262.6792    0.0789      16.7757      14.8794 -0.986  0.436  762 
   54861.117500     891.6867     382.3828    1677.9610     384.7914    0.1133     461.8332     433.9947  3.899  4.749  762 
   54862.108200    2785.8622     287.1086    4180.7846     291.8749    0.2003     194.1762     173.8859  4.786  3.645  762 
   55470.449700    1340.5527     406.8306    1599.1946     408.8212    0.0886    -519.9848    -491.6983 -7.656 -6.207  762 
   55536.222400    6646.2568     348.0294    6919.7211     351.2145    0.4867    2005.3126    1857.2853 22.724 23.413  762 
   55538.258900    5941.4034     293.9840    7107.6882     298.6852    0.3425     129.1996     116.6030  6.069  2.271  762 
   55540.330200    4176.9685     499.3386    4026.3318     501.2858    0.1208   -1984.9048   -1918.8389 -14.231 -11.850  762 
   55543.327000    2794.0804     267.7409    4382.4084     273.6327    0.1556      45.0945      40.3239  3.204  1.019  762 
   55599.156000   -1997.4926     477.0527   -1944.6660     478.7691    0.3626   -4955.2167   -4804.0138 -29.764 -30.714  762 
   55889.408200    -944.6203     469.1966    -870.0550     471.6256    0.2561   -1866.3613   -1776.3896 -13.470 -14.051  762 
   55924.298900   -4162.4452     298.5283   -6479.6696     305.8449    0.2299      85.9662      76.5083  2.993  1.570  762 
   55925.233500   -4586.7750     392.2418   -4609.4954     395.0886    0.4061     391.0934     366.9512  2.549  3.991  762 
   55926.295200    1358.1740     248.2156     275.0123     258.7585    0.0177     285.5539     252.0747  3.736  7.765  762 
   55927.340300    1676.5751     346.3397    1867.2487     350.5595    0.2319     -32.1974     -29.4882 -2.477 -0.436  762 
   55930.393000   -1507.9645     444.8762   -2003.3167     446.7991    0.0804     340.1014     323.9242  0.816  3.974  762 
   55969.101700    3556.1309     422.1680    3381.5479     424.1869    0.2565     167.6311     161.4921  3.249  1.356  762 
   56008.137100   -2443.9338     530.5762   -2607.3329     532.6151    0.4816   -5340.5236   -5158.9918 -28.430 -31.760  762 
   56009.123900   -5859.1388     460.2073   -6333.3335     462.5531    0.4424    -970.9386    -926.9749 -7.865 -7.365  762 
   56045.151000   -3538.2662     560.0565   -3714.4452     561.3560    0.2906   -3383.2995   -3293.4528 -19.728 -21.916  762 
   56215.450500    2109.6555     484.3058    1951.1892     486.4265    0.4549    8289.5719    8007.8941 59.249 62.015  762 
   56217.448100    2230.8025     649.7534    2037.6096     651.2332    0.0160   -1791.5095   -1760.7306 -13.214 -8.783  762 
   56254.422100    7418.1038     284.2105    6408.4809     293.7374    0.2084    2181.9716    1934.4947 51.716 51.144  762 
   56301.222800    7295.0523     507.7902    7344.9974     510.1921    0.6894    4507.3030    4332.5738 28.002 29.707  762 
   56302.303100    2811.9924     321.8900    2262.6118     323.5504    0.2284    4215.3435    4025.2160 46.566 50.708  762 
   56337.372000    2543.2114     296.9042    1389.2055     303.9641    0.1329    1605.4706    1401.6623 28.793 30.759  762 
   56417.147800     343.7435     361.9273    -270.7219     365.7886    0.1171    3403.0564    3116.5168 39.029 41.577  762 
