   54534.146000   -3158.5877     480.4311   -3208.7854     481.6654    0.3612   -4403.5926   -4257.2868 -127.548 -16.245  762 
   54591.216800  -10545.2194     274.9171  -10272.5975     281.7746    0.2203    2010.6805    1704.0874 30.147 24.469  762 
   54792.424000    -111.0537     285.9158    -287.7149     289.4138    0.2105   -4092.3361   -3683.3220 -53.628 -47.483  762 
   54794.405400    2325.4948     217.5843    3601.8813     235.2349    0.1296       0.0000       0.0000 -9.851  0.000  762 
   54861.117500    4903.0322     311.3807    4715.8466     317.3410    0.2314   -1595.5492   -1407.3501 -19.476 -15.388  762 
   54862.108200    8412.1360     239.3048    7931.9456     253.1800    0.3849    -284.0431    -232.0133 -8.298 -4.878  762 
   55470.449700   -1863.8388     358.5810   -2508.5390     363.0047    0.2981   -1487.3007   -1341.3077 -20.959 -16.643  762 
   55536.222400    1692.8113     287.6792     272.7581     296.7519    0.0504   -1070.4416    -904.4089 -17.719 -11.219  762 
   55538.258900    3950.7095     245.8279    2671.9806     259.7551    0.1115   -1130.1399    -920.5468 -20.734 -17.965  762 
   55540.330200   -1042.0411     388.0651   -1697.7758     391.2928    0.5486   -9092.9869   -8397.8468 -83.392 -51.029  762 
   55543.327000    -430.5798     226.9800    1370.8258     242.0836    0.0326    -500.6483    -400.2346 -14.942 -10.256  762 
   55599.156000    2982.8925     376.3953    2174.5457     379.2129    0.4677  -10472.0210   -9729.3772 -92.049 -61.053  762 
   55889.408200   -2149.8196     373.0832   -2387.6118     378.0677    0.3898   -2145.0482   -1916.9829 -41.186 -15.047  762 
   55924.298900    3009.1122     248.9628    2567.2969     264.7338    0.1307     286.3952     228.9314  9.888  4.641  762 
   55925.233500     828.8291     323.1804     432.8774     329.6506    0.0260    -243.5282    -212.7557 -11.853 -2.270  762 
   55926.295200    1655.5609     207.5762    -297.5611     231.8913    0.0102       0.0000       0.0000 17.740  0.000  762 
   55927.340300    -666.7695     287.2347    -373.9825     297.5855    0.0331       0.0000       0.0000 -4.546  0.000  762 
   55930.393000   -4449.2657     393.5550   -5158.2427     397.3213    0.2538       0.0000       0.0000  1.821  0.000  762 
   55969.101700    -780.0202     339.1605   -1467.7338     343.1127    0.1021       0.0000       0.0000 -15.548  0.000  762 
   56008.137100   -3458.1109     412.0767   -3763.0202     415.6573    0.3705   -3918.5369   -3602.1442 -68.750 -22.027  762 
   56009.123900   -2288.8744     368.0347   -2881.4742     372.4060    0.2757   -1629.3185   -1468.3425 -37.720 -11.586  762 
   56045.151000   -7270.9839     469.7219   -8096.4779     471.8036    0.4467   -3888.7551   -3666.2351 -43.063 -24.454  762 
   56215.450500    3079.2228     383.7437    2616.4899     387.5359    0.5505   15283.3626   13956.4625 97.668 108.817  762 
   56217.448100    1768.9091     508.5713    1174.1252     510.4892    0.5548   12611.9949   12024.4191  3.490 60.095  762 
   56254.422100    -557.9088     239.3716   -1091.8523     260.5457    0.0778    5678.5772    4483.9659 119.164 120.707  762 
   56301.222800     767.6161     390.7033      50.4476     395.7330    0.4940   12637.9313   11386.8772 40.704 78.033  762 
   56302.303100    1514.2262     280.5411    1206.8560     283.3530    0.2865    8932.7943    8238.5796 99.726 104.521  762 
   56337.372000   -8882.7429     253.8833  -12869.1918     272.3928    0.1665    6941.4230    5152.7023 111.494 113.526  762 
   56417.147800   -4122.4145     302.4418   -6176.9707     311.6997    0.0367    9260.3278    7702.6115 102.864 104.077  762 
