   54534.146000  -52744.9809     566.6274  -53466.1191     568.9500    0.9530   -8999.7748   -8625.6588 -35.626 -33.032  762 
   54591.216800  -64503.5296     323.3560  -67219.8350     334.1609    0.9371     911.1903     748.7038 10.838 11.044  762 
   54792.424000  -85867.7801     325.1089  -89950.9300     331.8764    0.9492   -2798.7909   -2400.6036 -34.284 -31.627  762 
   54794.405400  -63400.5591     263.1867  -89239.8526     292.2922    0.7499    -338.6090    -256.4753 -9.047 -7.915  762 
   54861.117500  -45447.7304     366.8919  -48932.7985     376.5101    0.9069    -982.9725    -835.6128 -14.275 -9.339  762 
   54862.108200  -37148.3294     287.5117  -44523.4666     305.7079    0.7463    -116.1881     -89.7933 -7.760 -1.976  762 
   55470.449700  -52865.1337     403.8104  -56648.6028     411.5771    0.8920    -520.5055    -453.7034 -5.507 -5.742  762 
   55536.222400  -39266.0813     339.4685  -44810.5760     352.2149    0.8363   -1740.7975   -1428.7327 -16.261 -18.217  762 
   55538.258900  -37388.6855     293.6585  -47897.8234     313.0404    0.7590    -844.7519    -656.2869 -15.257 -13.421  762 
   55540.330200  -44095.7856     455.3028  -45961.5193     460.6227    0.9241   -4535.6820   -4121.4060 -24.079 -25.237  762 
   55543.327000  -38582.0544     268.2305  -51459.9745     290.8496    0.7185    -935.1300    -717.5046 -21.971 -19.598  762 
   55599.156000  -53108.9582     439.5201  -55325.1407     444.5702    0.9350   -4073.7854   -3709.8937 -28.602 -23.482  762 
   55889.408200  -13267.5654     431.7103  -14255.2278     438.7777    0.7948    -845.6769    -745.1493 -6.910 -5.902  762 
   55924.298900    8165.5371     289.2747    4508.5531     307.3554    0.1351     -24.1540     -19.1330 -0.337 -0.394  762 
   55925.233500    8053.9009     368.0735    7535.9606     376.1258    0.5247     -74.2259     -64.1788 -0.815 -0.696  762 
   55926.295200    8540.4768     239.5647    2251.4868     265.2069    0.0450     198.9740     157.0670  4.125  4.927  762 
   55927.340300    8270.4519     329.5120    9009.8497     341.0751    0.4269     100.8996      83.5400  0.313  1.249  762 
   55930.393000    9190.0871     427.8284    9170.0511     432.5491    0.3585      20.8359      18.8929  2.208  0.233  762 
   55969.101700   21298.7241     385.7274   21358.7437     390.3604    0.8115    -599.9941    -544.7773 -2.912 -4.520  762 
   56008.137100    3706.2380     473.6604    3344.1184     478.3570    0.0578   -2411.5869   -2203.1040 -16.040 -13.527  762 
   56009.123900    1723.5617     421.6905    1362.6321     427.3065    0.0521    -645.0306    -576.9167 -5.010 -4.571  762 
   56045.151000  -28604.7668     521.1380  -29538.7714     524.4157    0.7721    -594.0921    -552.4974 -4.875 -3.694  762 
   56215.450500  -55669.3448     447.5774  -59793.7631     455.4564    0.8428    7882.3800    6988.5452 57.614 56.937  762 
   56217.448100  -56292.3620     582.1431  -58077.7206     585.8996    0.9282    1893.3573    1777.3766 12.843  9.053  762 
   56254.422100  -58764.1826     288.5978  -85712.8412     322.3159    0.6721    1974.4110    1486.2622 44.643 43.604  762 
   56301.222800 -119574.4641     477.6449 -125416.7630     488.5063    0.9365    5682.3776    4929.3549 33.588 34.773  762 
   56302.303100 -114090.0619     318.2586 -126404.0301     326.8152    0.8639    3187.5163    2773.4346 36.380 38.209  762 
   56337.372000 -112013.8259     316.5291 -139682.2986     347.6444    0.8623    2557.4089    1767.7138 42.156 42.921  762 
   56417.147800  -57366.3723     353.2893  -68820.0952     369.7169    0.7775    3033.3990    2389.2417 34.509 34.804  762 
