   54534.146000  -15416.5364     636.2938  -15871.5003     638.2685    0.7332  -11783.1955  -11382.7784 -42.823 -43.062  762 
   54591.216800   -4607.9968     346.8927   -3304.4182     353.6850    0.1489    1256.6635    1090.7485 19.516 15.300  762 
   54792.424000   11883.1283     336.8477   12775.1679     340.7941    0.5881    -922.8057    -823.8711 -10.999 -10.505  762 
   54794.405400    7256.7993     279.2197    6684.2177     295.8946    0.2725    -109.9114     -89.3910 -0.846 -2.545  762 
   54861.117500    8292.2106     399.2773   10561.8668     404.9911    0.4537     850.7519     748.7743 25.520  8.075  762 
   54862.108200   10547.5630     312.2564   13015.1062     323.2243    0.5069   -1299.3172   -1072.7748  8.090 -21.841  762 
   55470.449700   -2099.6030     425.6456   -1807.8839     430.9792    0.1230     324.3013     288.6585 -2.735  3.631  762 
   55536.222400    1183.5624     368.5316    1414.7549     377.1885    0.3120    4326.3068    3677.6610 45.484 46.123  762 
   55538.258900   11115.1397     319.4002   14316.1460     329.5922    0.6033     674.0854     562.3102 24.260 10.616  762 
   55540.330200     -40.2261     497.9114    -658.9122     502.3253    0.1512    3739.0279    3431.0929 14.322 21.178  762 
   55543.327000   11418.4368     294.4820   15394.8539     306.2257    0.6162     620.2781     514.3646 28.223 12.418  762 
   55599.156000   -4798.9709     477.0328   -5190.6463     481.1661    0.3005    -430.5283    -395.6331  4.412 -2.533  762 
   55889.408200  -15419.4953     481.7424  -15502.3346     487.8960    0.8202    -611.1176    -543.4540 -9.105 -4.264  762 
   55924.298900   -3528.1167     325.1524   -8050.9043     341.1666    0.2620     892.6611     719.1306 -0.881 14.673  762 
   55925.233500   -2788.3816     408.7505   -3316.0621     416.1105    0.2177     767.6538     668.5919  9.951  7.266  762 
   55926.295200    5362.0882     275.7970    3466.2900     296.0779    0.1117     -63.5308     -50.3884 -1.075 -1.532  762 
   55927.340300     387.7102     369.8113     784.4482     379.6081    0.0995     145.4570     122.4873 -0.587  1.795  762 
   55930.393000   -5294.4699     462.4146   -6643.4845     467.6046    0.2770     913.3436     824.6172 -5.856 10.145  762 
   55969.101700   -8353.5144     433.0465   -9356.7283     438.4955    0.4505    2112.7407    1905.5618  7.167 16.067  762 
   56008.137100   -5525.8400     530.5760   -5583.6404     535.1956    0.3455   -1911.4582   -1752.1053 -16.444 -10.731  762 
   56009.123900  -10581.6269     470.1374  -11829.4406     476.0980    0.5039    2091.3365    1872.6832 -3.171 14.839  762 
   56045.151000  -21636.7141     565.0830  -22481.8135     568.4579    0.6424    2843.2348    2646.7575 12.389 17.490  762 
   56215.450500  -14760.4479     502.8868  -15163.9224     507.9845    0.5260    1514.5407    1382.2788 15.240 10.301  762 
   56217.448100  -21230.1691     647.6853  -21475.5375     650.5225    0.8513   -8458.3096   -8042.3576 -36.495 -39.277  762 
   56254.422100   -8969.4222     326.4996  -10910.8271     344.0723    0.2344      79.4821      63.2595 10.392  1.553  762 
   56301.222800   -3417.3981     519.8192   -3277.8148     525.4414    0.3460    -906.5654    -821.2206 -7.223 -5.501  762 
   56302.303100   -1534.7332     344.0224   -2367.9103     347.5624    0.0819    -229.1685    -209.4046 -11.973 -2.487  762 
   56337.372000   -9240.2981     333.8489   -9019.5978     348.6371    0.3715     514.0213     405.8973  5.288  8.432  762 
   56417.147800   -9454.9187     392.3914   -9267.4218     401.1146    0.3474     875.8322     742.7532 -3.782  9.372  762 
