   54534.146000    8756.8129     403.9262    8418.6646     405.3730    0.4338   -2142.1184   -2069.8178 -8.355 -7.974  762 
   54591.216800     -95.2943     229.3221    -135.4148     233.6566    0.0459    -277.7385    -247.4658 -2.971 -3.733  762 
   54792.424000    2260.7462     257.3581    2314.0702     258.8364    0.1754    -788.6785    -734.4608 -8.191 -9.608  762 
   54794.405400     844.9652     179.7430     -79.0360     188.6586    0.0204    -242.7490    -206.6681 -4.042 -6.356  762 
   54861.117500     413.2672     267.3713     319.0854     271.0900    0.0235    -582.1440    -522.1549 -5.810 -5.879  762 
   54862.108200    -662.4639     200.8648     111.8028     207.3216    0.0027    -165.2816    -139.5309 -4.034 -3.119  762 
   55470.449700   -1503.8686     322.7451   -1509.4259     324.7012    0.1639      65.3855      60.9113  0.425  0.754  762 
   55536.222400     506.3814     243.1004     580.8733     247.7045    0.0442   -1135.9943    -993.3720 -12.770 -12.459  762 
   55538.258900    -948.9127     203.1436   -1824.5672     210.5803    0.1947    -447.6542    -374.9903 -5.970 -7.917  762 
   55540.330200    2556.2980     331.1393    2385.3143     333.5985    0.1079   -1048.5601    -978.5620 -5.907 -5.894  762 
   55543.327000      80.4814     182.2758    1300.7596     190.0605    0.1062       7.9694       6.7109 -1.599  0.193  762 
   55599.156000    4494.3459     326.3676    4148.5220     328.4940    0.2400    -718.7216    -674.7168 -5.270 -4.188  762 
   55889.408200     105.4210     319.2319     205.7786     322.6011    0.0802    -626.4886    -570.9657 -4.305 -4.490  762 
   55924.298900     751.2030     209.6227      76.8099     217.7569    0.0421     306.9140     261.3363  4.321  5.116  762 
   55925.233500    -663.0236     278.8286    -647.4231     282.4598    0.1585    -162.3429    -146.4439 -0.739 -1.551  762 
   55926.295200    -260.6038     175.2855    -268.2596     186.2987    0.0304     -82.8470     -68.9259 -2.985 -2.043  762 
   55927.340300    -335.7819     245.2091    -229.2048     250.9155    0.0381      43.1578      37.5808 -0.100  0.547  762 
   55930.393000     227.2536     364.0336     242.8526     365.5945    0.0325      63.0823      59.8037 -2.013  0.706  762 
   55969.101700   -1070.2440     292.1464   -1043.9925     294.7687    0.0868     498.5711     463.3740  3.358  3.739  762 
   56008.137100    1126.2707     354.1789     976.2706     356.9257    0.0638    -422.0773    -393.5584 -2.422 -2.389  762 
   56009.123900    -877.3930     319.1671    -914.2820     322.0525    0.0754     471.7010     434.9333  3.043  3.382  762 
   56045.151000   -1499.2579     427.9014   -1746.7674     429.1384    0.0423    1271.6600    1219.3497  4.989  8.061  762 
   56215.450500     507.5097     317.4589    -126.8459     320.8683    0.0731     980.0829     899.0233  7.512  8.013  762 
   56217.448100    6216.7030     436.2384    5911.7573     437.8694    0.4680     579.6449     555.0543  3.795  2.943  762 
   56254.422100    1035.8662     185.9028    -645.6769     197.4167    0.0221     253.2458     214.4972  7.412  7.055  762 
   56301.222800    2941.7907     322.7163    2593.6322     326.8512    0.4022     515.1391     467.1269  5.292  3.451  762 
   56302.303100    1735.4275     232.5925     545.9672     234.6217    0.0105    -389.2381    -363.2246 -4.096 -5.825  762 
   56337.372000    1869.5534     191.4183    -366.6451     201.9368    0.0087     277.5683     222.4552  3.562  5.956  762 
   56417.147800    1221.2334     240.8583    -309.8690     246.4721    0.0142     158.9675     136.7721  0.361  2.239  762 
