   54534.146000    5565.6586     422.6831    5408.1765     428.9580    0.2901   -1857.0476   -1715.3903 -7.429 -6.519  762 
   54591.216800   15878.4267     275.2802   21638.9388     291.3414    0.6075     562.5477     440.0761  5.782  6.198  762 
   54792.424000       0.0000       3.2350       0.0000       3.2350       nan       0.0000       0.0000  0.000  0.000  762 
   54794.405400   16873.8910     224.5978   26314.8619     260.9834    0.5452     221.1488     162.4834  2.750  4.410  762 
   54861.117500   15547.8042     312.8961   18799.2910     328.1155    0.6788    -222.0601    -174.3456 -0.349 -1.886  762 
   54862.108200   12184.0768     253.5753   20159.0393     281.1139    0.5360       5.2781       3.6474 -0.364  0.076  762 
   55470.449700    3233.0359     371.3011    3986.2349     382.2721    0.1854   -1166.9679    -973.3162 -13.226 -11.678  762 
   55536.222400   -4862.3237     298.2707   -4337.1674     320.3947    0.2350    -497.8188    -359.1165 -3.328 -4.319  762 
   55538.258900    -386.5520     262.1644    7956.1923     288.6784    0.2065    -150.4345    -103.0667  0.496 -1.974  762 
   55540.330200   -1752.3405     368.5846   -4023.4238     380.8764    0.2691    -693.5207    -584.1099 -4.142 -3.440  762 
   55543.327000    8191.1181     233.3485   16632.3571     265.2842    0.3306     179.4855     127.6122  1.440  3.231  762 
   55599.156000    2225.5339     361.9319     707.5770     372.0186    0.0140   -1062.0950    -909.6753 -4.573 -5.511  762 
   55889.408200    3403.7500     363.8460    3796.7519     379.8985    0.4518    -107.8941     -86.3780 -0.500 -0.665  762 
   55924.298900    1220.0991     260.8481     498.2095     300.1221    0.0254     400.9935     269.4211  3.544  5.356  762 
   55925.233500   -1705.0594     330.1285   -1117.9462     348.2816    0.0963    -157.9724    -122.1272 -1.071 -1.256  762 
   55926.295200     619.8546     217.5973     756.1619     268.0548    0.0222     144.1717      97.0083  1.161  2.810  762 
   55927.340300     135.9326     294.6088   -1187.7946     321.1842    0.1246      31.0224      22.2612 -0.162  0.327  762 
   55930.393000   -4236.9376     399.7621   -6729.0276     410.3862    0.2252     455.4725     392.9743  2.220  4.827  762 
   55969.101700   -8638.8925     337.1171  -11262.5455     351.4944    0.5111    -374.2527    -305.2773 -2.444 -2.429  762 
   56008.137100   16605.9391     386.6642   15913.0205     399.4044    0.7329    -788.7685    -664.6651 -4.699 -4.003  762 
   56009.123900   18920.3451     355.8739   18282.9668     369.9812    0.8429    -803.8367    -657.2123 -4.839 -5.125  762 
   56045.151000   14898.7242     452.5870   14197.2409     458.7706    0.6244   -1539.8193   -1386.7111 -8.261 -9.286  762 
   56215.450500    9791.5193     379.6564   14970.5967     390.4576    0.4285     614.3509     517.0277  3.534  3.897  762 
   56217.448100    8226.3172     481.4328    8863.4277     488.1525    0.4727     848.2672     771.4913  1.736  3.777  762 
   56254.422100   -2162.2807     254.2977    8305.8901     295.8526    0.1603     125.7346      85.9720  4.891  2.231  762 
   56301.222800   -5569.5854     380.3710   -4484.4897     396.6752    0.2152      83.0709      67.3040 -0.590  0.448  762 
   56302.303100   -6501.9242     294.3409   -2223.6197     300.2698    0.0300     766.6572     672.7055  9.198  8.042  762 
   56337.372000    7979.4979     262.7950    8480.4122     297.8738    0.2491     274.4571     178.2357  4.586  3.760  762 
   56417.147800   23151.5781     306.3267   30781.3897     323.5052    0.6367     761.1654     578.1425  7.561  7.537  762 
