   54534.146000    3107.6198     576.7086    2882.9222     578.0769    0.4146  -11177.4588  -10796.9429 -38.660 -41.050  762 
   54591.216800   -1584.6798     317.1921    -732.9191     322.7803    0.0004     832.2024     726.6762 18.733 10.199  762 
   54792.424000    1582.8989     316.5879    1936.3472     319.5963    0.0475   -2748.0525   -2478.2434 -25.143 -31.628  762 
   54794.405400     240.9102     256.4873     795.2167     267.1963    0.0609      20.2943      16.8038  3.631  0.475  762 
   54861.117500    4846.6591     365.3212    6227.1919     370.0492    0.3167    -890.4431    -789.9002  3.025 -8.541  762 
   54862.108200    7619.1157     284.7997    9545.1462     292.9346    0.5405    -875.5086    -730.8258 -2.396 -14.842  762 
   55470.449700     195.2041     397.0414     477.4665     400.8576    0.0355   -1036.0628    -933.4331 -15.613 -11.742  762 
   55536.222400     992.6986     336.2092    1062.0088     342.9656    0.1757    1036.9948     888.7490 12.443 11.135  762 
   55538.258900    4369.0688     291.8363    5994.4775     300.0821    0.4298    -272.4885    -228.8367  0.379 -4.311  762 
   55540.330200   -3719.9336     455.3774   -4143.3794     458.7908    0.3929   -2419.9714   -2231.3824 -17.349 -13.853  762 
   55543.327000    2295.1234     270.1093    4089.3159     279.4664    0.2691    -362.9498    -302.4924  1.079 -7.278  762 
   55599.156000   -1874.1961     436.6885   -2419.9791     439.8213    0.4091   -3946.7495   -3651.9463 -26.818 -23.488  762 
   55889.408200   -2879.8992     437.4284   -2989.0051     442.1811    0.3844    -699.2410    -628.1226 -3.036 -4.956  762 
   55924.298900   -2449.7275     294.9801   -4664.8771     306.2988    0.2911     367.0446     299.6092  2.413  6.087  762 
   55925.233500   -2446.7767     374.6102   -3212.8389     380.5640    0.3098    -300.6275    -263.4555  1.538 -2.863  762 
   55926.295200    3558.0734     248.9968    4247.5562     261.7714    0.2728     154.0053     125.3290  6.849  3.783  762 
   55927.340300     414.7621     336.6351     636.1398     344.5667    0.0907     -93.7999     -79.6995 -2.860 -1.167  762 
   55930.393000   -6544.8057     433.8328   -7762.9401     437.8053    0.4188    -359.4532    -328.0655 -2.136 -4.033  762 
   55969.101700   -4980.2521     395.6154   -5899.2622     399.8764    0.4025     232.3314     210.9508 -3.302  1.781  762 
   56008.137100   -4611.8652     484.1779   -4949.2946     487.8612    0.4341   -3042.4781   -2803.6491 -19.682 -17.279  762 
   56009.123900   -4945.1166     429.5898   -6006.3514     434.1642    0.4205    -477.6796    -430.9780 -3.214 -3.427  762 
   56045.151000   -9382.5068     526.9954  -10147.6916     529.4100    0.3911     174.3627     163.7063 -0.057  1.088  762 
   56215.450500   -1656.9852     457.6393   -1793.8810     461.2557    0.2601    8418.1287    7754.8722 54.033 58.085  762 
   56217.448100   -4260.4077     594.9522   -4395.8752     596.9398    0.1663    2083.2360    1987.7061  9.691  9.775  762 
   56254.422100   -1254.7877     293.0505   -1433.8500     305.0570    0.0146    2193.2065    1789.8042 46.653 43.842  762 
   56301.222800   -1226.9875     470.4963   -1346.4843     475.0008    0.3363    6068.7322    5526.5397 32.676 37.209  762 
   56302.303100   -2600.0484     321.2214   -2948.7651     323.7750    0.0740    5118.5055    4721.0307 52.226 56.095  762 
   56337.372000   -2367.4411     300.7942   -2116.9754     311.5766    0.0062    2772.6063    2211.7874 52.744 45.761  762 
   56417.147800    -740.8622     356.5057    -194.2079     362.8744    0.1749    3972.3443    3422.7189 41.781 43.289  762 
