   54534.146000    4687.9587     799.7939    4859.3674     804.9071    0.8272  -52854.3868  -50864.3963 -383.318 -193.140  762 
   54591.216800  -13669.6494     439.5273  -11835.8232     449.6417    0.4543    -228.2417    -195.1249 -5.475 -2.760  762 
   54792.424000    7759.0176     408.9146    9166.2901     415.7669    0.1710   -6041.5730   -5272.0518 -76.328 -67.020  762 
   54794.405400    2174.1987     359.2860   -2356.8675     382.8915    0.0961   -2245.6104   -1809.8705 -49.445 -51.293  762 
   54861.117500     818.5375     506.6094    2826.6907     516.3425    0.0595   -5358.0532   -4649.8610 -53.090 -50.404  762 
   54862.108200    1533.6131     402.0646    3151.3151     417.6131    0.0583   -2193.4197   -1783.2055 -35.103 -36.548  762 
   55470.449700   -5285.5600     521.6921   -5297.5525     530.3429    0.4193   -1831.0279   -1603.0761 -17.576 -19.929  762 
   55536.222400    3078.2218     473.2073    2830.1277     485.1832    0.0918   -5812.9434   -4926.6613 -58.294 -61.347  762 
   55538.258900     829.9931     413.1854     928.7786     428.7324    0.0718   -2935.2716   -2402.6529 -44.220 -45.916  762 
   55540.330200    2412.6334     637.6792    1491.7390     645.7249    0.4643  -15845.4546  -14471.0431 -133.017 -88.693  762 
   55543.327000   -4074.2721     380.4917   -5000.8212     399.6780    0.2299   -1804.9060   -1456.2626 -29.614 -35.982  762 
   55599.156000   -2540.0416     605.5804   -3489.5164     613.0444    0.6578  -18472.0469  -16901.8273 -136.237 -107.418  762 
   55889.408200    2595.2890     609.7509    2556.5866     619.4827    0.2282   -7772.7302   -6889.1627 -83.721 -53.925  762 
   55924.298900   -3136.2825     422.4617   -7690.9756     440.7038    0.1923     210.5226     170.7378  6.018  3.381  762 
   55925.233500   -5030.8520     521.3904   -5988.4745     532.1951    0.3592    -646.9275    -560.3392 -5.464 -6.013  762 
   55926.295200    6297.5108     361.0147    1959.7407     387.3829    0.0432     369.1350     294.2000  5.665  8.637  762 
   55927.340300    4428.6669     473.5361    5274.2041     487.2378    0.3792    -211.6381    -176.8956 -5.555 -2.557  762 
   55930.393000   -5903.0844     558.5425   -5900.4789     567.1693    0.2675     107.5410      95.8491  0.810  1.158  762 
   55969.101700   -9424.8464     555.0762  -10094.3691     563.1765    0.4765   -1456.9302   -1314.0751 -13.519 -10.928  762 
   56008.137100    3587.4441     672.9527    3107.1931     681.3210    0.4200  -15422.1911  -14063.5560 -134.382 -85.842  762 
   56009.123900   -8479.5720     596.2966   -9847.6913     605.6598    0.4996   -3381.2770   -3016.6637 -33.169 -23.704  762 
   56045.151000  -10555.6818     684.4413  -11126.5548     691.0341    0.5547  -11769.3108  -10861.1664 -92.155 -71.660  762 
   56215.450500  -20581.7794     627.4279  -23057.4603     636.9491    0.3212   11744.6690   10577.3331 82.376 82.302  762 
   56217.448100     138.5261     795.1996   -1138.2502     801.9380    0.5879  -16282.9172  -15337.7051 -141.834 -76.508  762 
   56254.422100   -3668.2222       2.1952   -3687.9694       2.2577    0.0015    3668.2213    3670.2824 86.665 94.527  762 
   56301.222800    2711.4043     656.6139    2202.3388     666.3920    0.0812   -1064.6103    -956.8525 -70.832 -6.551  762 
   56302.303100  -10407.9542     406.5788  -13908.3539     413.7452    0.1472    8051.0268    7148.0251 90.279 90.751  762 
   56337.372000   -8624.6283     424.5547  -11801.9239     445.3411    0.2078    4430.3336    3473.5781 72.724 75.814  762 
   56417.147800  -23582.4357     490.0023  -26150.2746     504.1333    0.4143    7421.0407    6139.8336 79.375 82.063  762 
