   54534.146000     577.8418     504.8845     110.6764     506.3078    0.2621   -5066.2230   -4896.0447 -18.615 -18.805  762 
   54591.216800     -94.9328     275.3047     801.4215     280.1317    0.0667     515.5790     451.6628  8.003  6.827  762 
   54792.424000   -3031.2956     288.1635   -2824.2397     290.5902    0.3574   -1519.6286   -1380.0862 -23.305 -18.411  762 
   54794.405400   -4481.2934     217.2565   -4994.6479     228.6456    0.2669     196.0141     162.2861 -5.617  5.184  762 
   54861.117500    6304.2264     319.7880    6640.7141     323.8360    0.4330     539.5349     479.8616 -1.184  5.428  762 
   54862.108200    4622.6056     242.8338    6246.4022     250.8307    0.3047    -109.7707     -90.7707 -7.976 -2.069  762 
   55470.449700    3470.2123     362.4392    3399.9565     365.5009    0.2938     124.8025     113.9220  0.132  1.441  762 
   55536.222400   -6990.0442     297.6692   -7625.6402     303.9261    0.5171     357.3617     306.3277  2.183  3.915  762 
   55538.258900   -8063.3175     251.1129   -9540.2024     260.8400    0.6046    -110.9094     -91.1586 -0.629 -1.937  762 
   55540.330200   -4831.4114     406.9262   -5681.2795     409.7445    0.4172    -814.2397    -755.7511 -4.944 -4.582  762 
   55543.327000   -6996.0690     225.5754   -6517.5355     235.9774    0.3557      14.5305      11.9056  1.008  0.345  762 
   55599.156000    9228.5598     392.2429    8876.1511     394.4415    0.5519     134.3557     125.6315 -0.747  0.787  762 
   55889.408200    1044.3706     387.1870     916.2287     390.9770    0.0939      14.8396      13.4233  0.999  0.106  762 
   55924.298900    -776.2223     255.2527   -2249.3863     266.3371    0.1368     146.7912     121.8808 -2.608  2.530  762 
   55925.233500   -3317.1731     334.5700   -3596.4788     339.3694    0.3731     464.6571     412.2509  3.176  4.452  762 
   55926.295200     452.0255     211.3029     -49.4855     225.2019    0.0022      12.7221      10.4709  2.066  0.334  762 
   55927.340300   -1743.3732     295.4527   -1040.7996     302.1589    0.1462     -98.6441     -84.6208  1.100 -1.275  762 
   55930.393000   -3988.5371     401.2337   -4307.4323     403.8411    0.3034      74.2009      68.8993  0.724  0.844  762 
   55969.101700    5364.4909     353.0635    4990.1979     355.9932    0.3553   -1140.6308   -1052.0364 -11.479 -8.640  762 
   56008.137100    2395.4006     430.8228    1973.5902     433.6687    0.0095   -2266.1939   -2101.7071 -13.910 -12.863  762 
   56009.123900     683.3872     383.1992     357.3962     386.5221    0.0932   -1497.1318   -1367.3055 -14.079 -10.804  762 
   56045.151000    -573.6613     481.9227    -995.5494     483.5500    0.1260   -1233.8009   -1170.1518 -8.510 -7.828  762 
   56215.450500    3025.9614     390.5527    2024.5082     394.3924    0.2259    1304.0983    1190.4428  3.751 10.093  762 
   56217.448100    6000.6161     522.5779    5491.4736     524.4241    0.3293    -827.5949    -789.0940 -4.675 -4.085  762 
   56254.422100    2946.5894     230.8117    3090.8594     243.9647    0.1565     473.5342     391.5226  9.401 12.593  762 
   56301.222800   -1884.6734     405.9355   -2672.6101     410.2472    0.1698    1234.2160    1117.6737  6.798  8.040  762 
   56302.303100   -1785.5333     272.3395   -3937.6208     275.3702    0.1617    -296.0786    -271.8589 -6.682 -4.016  762 
   56337.372000   -4644.8140     245.9410   -8167.6524     258.8946    0.3325     396.0418     311.7613 -0.514  8.079  762 
   56417.147800   -1934.4464     297.5288   -4737.6845     305.3496    0.2176     692.0903     584.0741 -1.673  9.062  762 
