   54534.146000    8676.5589     528.9526    8852.2910     530.1337    0.1073   -6949.0748   -6800.0594 -27.677 -25.762  762 
   54591.216800    7243.3176     283.3290    8639.2433     287.7175    0.5582    1667.5184    1494.6760 22.180 21.192  762 
   54792.424000    6869.6775     293.9985    7495.9684     296.3394    0.2817   -3576.1731   -3293.5148 -41.632 -42.194  762 
   54794.405400    4875.8850     227.0573    7002.7677     239.4255    0.2898    -428.4767    -360.7533 -6.169 -10.361  762 
   54861.117500    6128.2442     330.7532    7300.0919     334.4669    0.3786     -72.4643     -65.7056  1.420 -0.712  762 
   54862.108200    6651.8622     253.9224    9610.4712     261.8826    0.4222     -90.5767     -76.8334  0.793 -1.589  762 
   55470.449700      61.0163     369.0113     -39.2341     372.2094    0.1012    -976.7521    -898.0866 -12.558 -11.241  762 
   55536.222400    6718.1059     302.0371    7258.9551     307.6715    0.5901     210.8193     185.7350  2.698  2.320  762 
   55538.258900    8375.7102     258.6534   10888.0103     266.3556    0.5215    -906.4733    -776.8272 -12.358 -14.902  762 
   55540.330200    5560.7392     415.6800    5101.3280     418.3071    0.0541   -4652.0924   -4384.6718 -26.614 -26.822  762 
   55543.327000    8162.1258     237.1582   12034.6676     246.4035    0.4436    -619.2473    -525.4321 -7.654 -13.042  762 
   55599.156000   11930.9890     400.0512   11624.7373     402.2662    0.3646   -6504.2159   -6156.8963 -37.588 -38.991  762 
   55889.408200    1630.2537     397.4414    1732.3267     401.0605    0.1324    -669.5197    -615.7602 -5.797 -4.822  762 
   55924.298900    1257.8210     261.4143   -1211.9973     273.8368    0.0633     -60.6407     -50.6828  1.444 -1.036  762 
   55925.233500    -200.3790     339.7097    -379.8223     344.4182    0.0002     419.9070     378.1421  4.443  4.082  762 
   55926.295200    2694.9789     218.0637    2161.2881     235.2227    0.0937      22.1769      18.3830  3.064  0.561  762 
   55927.340300    -625.6847     302.4648    -189.5236     309.6240    0.0093     136.6112     118.6962  2.161  1.746  762 
   55930.393000   -4044.5726     405.4197   -5016.7178     408.5573    0.2464    1084.3745    1008.9831 10.468 12.378  762 
   55969.101700   -6329.9819     360.9535   -7042.8060     364.1971    0.5152      97.6365      90.6774  0.833  0.757  762 
   56008.137100    -676.9748     443.5407   -1025.8893     446.4259    0.3570   -3747.2476   -3520.0593 -20.325 -21.488  762 
   56009.123900   -3150.6852     391.8037   -3780.9638     395.2905    0.3855    -416.2092    -384.6430 -2.990 -3.040  762 
   56045.151000   -3371.4517     493.3937   -3702.1039     495.0799    0.2775   -1683.4085   -1606.8074 -10.736 -10.629  762 
   56215.450500    6695.6399     413.0731    6669.3210     415.8061    0.6874   12771.2632   11999.8814 90.220 90.914  762 
   56217.448100    9028.7732     547.8081    8794.5933     549.3994    0.7082    8854.7695    8568.4644 41.992 42.113  762 
   56254.422100   10787.7617     251.2167   10692.5329     265.7768    0.3673    3767.1491    3171.9398 78.586 81.331  762 
   56301.222800    2117.7744     424.5132    2018.8986     428.0274    0.6477   10733.0427    9982.0744 67.612 67.367  762 
   56302.303100   -1584.3087     295.2666   -2327.5510     297.4001    0.1928    7685.4498    7215.9289 82.996 88.054  762 
   56337.372000    9166.2833     261.6089    8536.1424     273.5062    0.4431    3834.0545    3109.8953 69.439 66.287  762 
   56417.147800     469.6995     319.9939    -159.2932     326.1675    0.2095    5782.5407    5056.1808 66.710 65.578  762 
