   54534.146000  -10934.0735     533.0920  -10843.9578     533.7269    0.5433   -3628.6686   -3549.9324 -47.104 -13.523  762 
   54591.216800    -245.9586     283.0039     596.8070     286.0263    0.0580     585.2166     525.8126 21.879  7.554  762 
   54792.424000   -1172.4362     292.9549    -655.4713     294.5338    0.1837   -2051.4615   -1900.3287 -31.197 -24.539  762 
   54794.405400    -942.3663     224.2073     108.4574     231.7839    0.0073       0.0000       0.0000  0.825  0.000  762 
   54861.117500    1811.3009     329.2856    2354.7605     332.0209    0.1806       0.0000       0.0000 -1.401  0.000  762 
   54862.108200    4000.4820     249.7081    5475.4086     255.0976    0.3481       0.0000       0.0000  1.653  0.000  762 
   55470.449700   -1420.4042     367.8077   -1520.6700     370.0364    0.1539       0.0000       0.0000 -5.909  0.000  762 
   55536.222400    2126.7595     301.3042    2153.8694     305.3133    0.2075       0.0000       0.0000 -1.782  0.000  762 
   55538.258900    1634.7983     255.8833    2490.7659     261.5874    0.2113     -45.1731     -39.2339 -11.633 -0.767  762 
   55540.330200   -5083.9536     419.0740   -5312.2952     420.8119    0.5400   -4202.4081   -3968.9683 -36.174 -24.232  762 
   55543.327000    1898.5973     233.1025    3562.5973     239.5046    0.1822       0.0000       0.0000  4.092  0.000  762 
   55599.156000    -756.5446     403.7091    -916.2249     405.2317    0.3902   -5297.3873   -5024.7713 -44.606 -31.730  762 
   55889.408200    -809.8536     397.6068    -745.9722     400.1177    0.1145    -370.8272    -342.8134 -15.308 -2.695  762 
   55924.298900    1055.0166     258.4141     560.3282     265.6672    0.0447       0.0000       0.0000  7.212  0.000  762 
   55925.233500    -658.6231     339.4847    -644.2670     342.6936    0.0842       0.0000       0.0000 -4.650  0.000  762 
   55926.295200    1632.3136     215.7090    1462.2696     225.7892    0.0936       0.0000       0.0000 108.589  0.000  762 
   55927.340300    -620.2796     300.3077    -302.8505     305.0215    0.0434       0.0000       0.0000 -0.716  0.000  762 
   55930.393000   -2871.7604     404.0706   -3406.1504     406.0968    0.2192       0.0000       0.0000 -13.174  0.000  762 
   55969.101700   -1378.2940     361.0765   -1810.4897     363.2690    0.1605       0.0000       0.0000 -9.598  0.000  762 
   56008.137100   -4487.7451     444.6909   -4506.2857     446.5865    0.4518   -2832.8996   -2672.3455 -34.717 -16.359  762 
   56009.123900   -3230.9470     391.8695   -3502.4446     394.2136    0.2867       0.0000       0.0000 -10.784  0.000  762 
   56045.151000   -7790.3256     493.0499   -8131.4968     494.2437    0.4181    -598.6886    -572.8597 -19.330 -3.813  762 
   56215.450500    3125.2876     410.8539    2666.3670     413.0044    0.5227    9326.4003    8738.0106 63.985 68.041  762 
   56217.448100    1563.9876     548.8075    1228.1133     549.8383    0.2088    2566.6385    2481.2750  7.346 12.383  762 
   56254.422100    3547.3711     246.7000    3458.2576     255.9265    0.2497    2641.7189    2260.9162 69.377 60.695  762 
   56301.222800     327.0563     423.9121     -45.8504     426.4584    0.4276    6595.9811    6136.7546 37.207 42.059  762 
   56302.303100    2588.2160     289.7298    1906.0097     291.3390    0.2369    3896.3555    3663.9893 59.082 46.549  762 
   56337.372000   -3203.1486     259.1070   -4715.9416     267.5280    0.1178    2843.5066    2341.7207 58.241 51.847  762 
   56417.147800     875.2206     313.9259    -152.8910     318.3943    0.1683    4464.9327    3932.2462 55.331 53.072  762 
