   54534.146000   -3791.7032     457.8709   -4374.1283     459.4939    0.2885   -1164.9187   -1122.4422 -2.623 -4.268  762 
   54591.216800   -3538.0900     248.3115   -4511.6641     249.8360    0.1133     332.7777     309.1500  3.315  4.377  762 
   54792.424000   -1991.5666     268.4005   -2209.1317     268.9953    0.1125   -1457.4700   -1390.8895 -16.783 -17.664  762 
   54794.405400    1906.5655     188.6753    -234.1451     194.1171    0.0039     106.5391      96.4154 -0.577  2.783  762 
   54861.117500   -5731.3086     290.2136   -6308.7177     291.5446    0.2986    -382.1728    -355.7411 -3.709 -3.866  762 
   54862.108200      73.5861     215.4533   -1614.9335     219.1129    0.0730     -15.5050     -13.9240 -2.927 -0.284  762 
   55470.449700   -4184.3797     333.1873   -4223.5716     333.9007    0.1800    -214.1239    -203.2250 -2.412 -2.567  762 
   55536.222400   -4053.4412     261.0987   -3991.9022     262.8300    0.2411    -781.5110    -707.2306 -11.247 -8.956  762 
   55538.258900   -3448.8866     220.1165   -4564.8052     223.4303    0.1436    -269.3580    -241.8838 -6.524 -4.631  762 
   55540.330200     822.5025     360.1236     479.5257     361.6444    0.1138   -2137.0676   -2008.6890 -14.831 -12.547  762 
   55543.327000     913.5994     199.0987   -1021.1382     203.8375    0.0324    -119.0067    -107.4710 -1.785 -2.628  762 
   55599.156000    1533.3631     349.2378    1141.6200     350.5136    0.0789   -2749.2341   -2600.3744 -17.140 -16.843  762 
   55889.408200   -4622.6754     346.8961   -4781.8749     348.2955    0.2975    -492.5554    -459.3174 -2.111 -3.622  762 
   55924.298900     267.2142     223.0652     584.9134     225.8776    0.0838     223.0464     196.9762  2.785  3.902  762 
   55925.233500    2851.8315     295.9696    2886.6375     297.2587    0.2324    -102.4846     -94.2450 -0.972 -1.030  762 
   55926.295200    2156.3958     181.2446    1833.1913     187.0794    0.1057      63.1845      55.9719  2.231  1.657  762 
   55927.340300    1436.7106     259.8157    1070.4876     262.0313    0.0916     -99.6098     -90.7347 -2.363 -1.304  762 
   55930.393000    2058.7205     372.5800    2245.1801     373.0827    0.1432    -424.6713    -408.1420 -4.500 -4.912  762 
   55969.101700     674.7359     315.0961     778.5476     316.6516    0.0571     -42.0093     -39.0637 -0.278 -0.331  762 
   56008.137100   -2508.9067     385.7189   -2925.0489     387.1657    0.2170   -2059.3348   -1946.5860 -11.008 -11.946  762 
   56009.123900   -4176.3010     345.4734   -4209.5702     346.8086    0.2933    -544.6390    -509.2810 -3.944 -4.019  762 
   56045.151000     613.7541     453.0768     410.0973     453.7551    0.0465   -1163.9391   -1123.2163 -5.917 -7.361  762 
   56215.450500   -6875.9239     366.2935   -7220.8374     368.1373    0.2862    3459.3292    3228.3902 23.461 25.300  762 
   56217.448100   -4841.1129     487.5750   -5266.4745     489.0135    0.1393    3029.0785    2905.3476 14.131 14.555  762 
   56254.422100    1002.6225     212.9094    -290.3717     217.7398    0.0042     466.7673     418.4982 12.022 10.740  762 
   56301.222800   -6793.3926     367.5292   -7321.8211     369.5041    0.3437    1585.6576    1468.9647 11.478 10.179  762 
   56302.303100   -3245.7410     263.6943   -3520.9722     264.1368    0.1313     796.7288     763.8883 11.630  9.919  762 
   56337.372000    1207.7162     214.0735    1285.3488     217.1541    0.0703     411.3381     362.4636  6.190  8.034  762 
   56417.147800   -1559.2449     275.0740   -1794.0415     276.3218    0.0618     132.8051     122.1148  0.663  1.645  762 
