   54534.146000    1651.4625     566.7049    1495.8371     567.2346    0.3461   -9207.1524   -9023.8454 -32.419 -34.326  762 
   54591.216800    3390.7480     295.6595    4463.1978     298.8957    0.3765    1057.2689     958.4298 16.413 13.471  762 
   54792.424000    1448.4925     302.7556    1701.4517     304.5599    0.0665   -2659.4115   -2466.5141 -30.154 -31.417  762 
   54794.405400   -1093.7965     235.3127    -378.8812     245.1080    0.0357    -310.7176    -268.6242 -6.318 -7.557  762 
   54861.117500    -189.7940     345.2303     566.3177     347.7877    0.0187    -328.7351    -301.7479 -1.230 -3.268  762 
   54862.108200     -84.7181     264.7362    1680.3906     270.9481    0.0676    -629.6703    -544.4765 -3.926 -11.107  762 
   55470.449700    4258.6830     379.2138    4263.3046     381.4967    0.2416   -1470.3872   -1363.8526 -15.973 -16.984  762 
   55536.222400    1902.5980     315.5240    1947.2222     319.7891    0.2637    1361.9365    1215.3752 15.381 15.124  762 
   55538.258900    4408.4364     269.6202    6072.3545     275.4670    0.3542    -189.5944    -165.4545 -3.053 -3.131  762 
   55540.330200   -1595.8105     439.3978   -1969.8623     440.8992    0.2487   -1953.0093   -1854.5761 -9.891 -11.410  762 
   55543.327000    2084.7735     246.6201    4449.3524     253.7480    0.1832    -605.9029    -526.1420 -6.778 -12.838  762 
   55599.156000   -2381.5996     422.3683   -2704.2747     423.7279    0.3919   -3456.3748   -3288.0522 -20.019 -20.934  762 
   55889.408200   -2995.2430     418.0442   -3154.8412     420.4673    0.3549    -198.5040    -184.3517 -1.705 -1.447  762 
   55924.298900   -2066.8786     273.2614   -4362.5253     283.0984    0.2059     336.7070     286.6820  4.677  5.732  762 
   55925.233500   -2441.9348     355.2222   -2813.4700     358.7520    0.2501     613.0760     556.8871  4.669  5.982  762 
   55926.295200     313.8737     226.6533     -24.3607     239.4586    0.0105     288.6811     247.7843  4.041  7.335  762 
   55927.340300    -468.1861     314.5117    -267.3026     319.6927    0.0285      83.8378      74.2971  3.340  1.083  762 
   55930.393000   -7569.6163     416.0882   -8595.5208     418.4248    0.4544     208.5617     195.1671  2.661  2.387  762 
   55969.101700   -2830.8979     378.0573   -3452.6494     380.2452    0.2735      -8.9928      -8.4169 -0.193 -0.070  762 
   56008.137100   -4433.7650     467.8406   -4903.3830     469.6170    0.4766   -3153.4861   -2987.4062 -18.462 -18.312  762 
   56009.123900   -6634.2372     411.2872   -7472.4224     413.7055    0.5004      78.9287      73.5301  2.977  0.581  762 
   56045.151000   -4399.4974     510.2037   -4727.7376     511.2352    0.2160     827.5218     795.2970  5.380  5.282  762 
   56215.450500   -3247.0572     435.6341   -3595.4879     437.5021    0.2773    9643.8117    9093.4323 68.619 69.088  762 
   56217.448100   -4798.2499     578.7345   -4821.5204     579.5387    0.0226    5293.2195    5138.3599 22.756 25.404  762 
   56254.422100    2038.1197     264.1003     817.0977     276.0129    0.1004    2909.0375    2503.5054 62.269 62.435  762 
   56301.222800    -221.5728     449.0181    -580.9491     451.2239    0.4550    7704.5636    7229.9722 46.387 48.980  762 
   56302.303100     296.4608     303.7992    -597.0777     305.4889    0.1787    4843.4658    4564.1697 53.618 55.528  762 
   56337.372000   -1291.6703     273.4555   -3147.4635     282.7540    0.0066    3610.9754    3011.4008 64.012 63.700  762 
   56417.147800   -4285.7531     332.7210   -5240.4250     337.2924    0.0377    4937.0400    4388.6637 56.464 56.845  762 
