   54534.146000   14876.1537     425.8505   14573.8575     428.8315    0.5836   -4518.2974   -4277.3750 -15.222 -16.531  762 
   54591.216800   11208.1837     254.4872   12041.3672     266.1446    0.6351    -542.1773    -445.9585 -9.536 -6.901  762 
   54792.424000       0.0000       3.1612       0.0000       3.1612       nan       0.0000       0.0000 -0.656  0.000  762 
   54794.405400    6688.7859     199.4377    7117.1116     227.7161    0.2375     120.6428      92.9436  1.596  3.016  762 
   54861.117500   13077.4389     295.4185   14446.9019     304.7043    0.6424    -795.1550    -658.9419 -7.060 -7.525  762 
   54862.108200    4765.2114     230.6854    9303.1734     249.3861    0.3246     112.5272      83.3360  2.312  1.936  762 
   55470.449700    1518.2962     349.6879    1804.2542     355.9605    0.1505    -219.2374    -191.4075 -1.450 -2.405  762 
   55536.222400    5987.1531     274.6301    6372.6171     288.0067    0.2921   -1104.5435    -868.8344 -11.817 -11.067  762 
   55538.258900    4844.4292     233.3070    4407.8903     254.3840    0.2062      91.4934      67.3136  0.949  1.476  762 
   55540.330200   10327.4472     357.2748    9867.9007     363.1300    0.5357   -1555.2243   -1384.4708 -8.022 -8.364  762 
   55543.327000    -119.1838     207.8544    4671.3403     232.2226    0.1940      70.9171      52.9412  2.356  1.603  762 
   55599.156000   13902.5125     350.2015   13232.0586     355.3384    0.7034    -837.4804    -752.3637 -5.125 -4.685  762 
   55889.408200     779.2095     350.8120     643.0792     359.9874    0.0026    -772.6861    -656.3396 -4.959 -5.207  762 
   55924.298900    -789.7187     242.3522   -3591.7366     267.4810    0.1810      83.9304      62.5486  3.188  1.266  762 
   55925.233500   -6974.1637     311.8202   -7296.4985     322.7160    0.6668     304.2873     251.6438  1.241  2.699  762 
   55926.295200   -3078.7318     197.3119   -2567.4961     231.1880    0.0963     136.9110     101.7699  2.049  3.176  762 
   55927.340300    2804.1952     276.4240    3416.9919     292.8380    0.4506     -34.4246     -27.1004 -0.643 -0.402  762 
   55930.393000    6751.1387     388.7667    6568.4571     394.1656    0.5038    -111.7226    -100.8236 -1.408 -1.200  762 
   55969.101700    4906.7498     319.9438    4753.8998     326.7398    0.4620       3.0811       2.6998  0.284  0.022  762 
   56008.137100    4942.9655     382.4358    4573.0393     389.3335    0.3742    -630.5368    -558.2324 -2.852 -3.405  762 
   56009.123900    3930.3774     348.4095    3426.2829     356.1607    0.3160    -543.6668    -470.6103 -4.287 -3.686  762 
   56045.151000    2524.4011     449.8574    1924.8593     453.2922    0.1454     115.3238     106.8800  1.018  0.710  762 
   56215.450500    4595.3964     348.6737    2432.9444     358.1524    0.1308    -227.9399    -194.6755 -2.696 -1.767  762 
   56217.448100    5385.2774     461.9279    4543.9447     466.2448    0.2774    -438.5026    -405.6406  0.387 -2.168  762 
   56254.422100    7073.8745     205.8933    4175.0908     241.3261    0.0927     270.2392     208.3616  5.830  7.335  762 
   56301.222800   11332.1245     353.6320   10845.2234     363.8636    0.7939    -136.7595    -115.6238 -1.128 -0.865  762 
   56302.303100    7071.3229     250.3814    3116.1728     257.4933    0.0870    -117.2970    -102.9962 -2.491 -1.713  762 
   56337.372000   16402.4379     220.4028   11984.8535     249.6535    0.2958     -71.8424     -51.2252 -0.329 -1.435  762 
   56417.147800    4246.1563     273.4486   -2189.6553     291.5474    0.0819    -148.9066    -114.3317 -2.817 -1.936  762 
