   54534.146000   31056.5334     460.9270   30464.9296     463.0433    0.8557   -4258.3366   -4084.5959 -14.819 -15.677  762 
   54591.216800   24521.0618     263.6795   22319.5268     274.2547    0.7222     155.8005     132.3642  2.714  1.967  762 
   54792.424000   10624.6453     284.0079   10124.2566     288.7816    0.5929     441.8774     391.5922  5.162  5.119  762 
   54794.405400   12714.0149     211.7747     607.3002     239.4503    0.0141     169.8690     131.9161  1.099  4.129  762 
   54861.117500   -2331.5946     312.1401   -5927.5323     322.3717    0.2404     414.2427     350.2978  0.797  3.927  762 
   54862.108200    -883.8899     244.8151   -9054.4204     265.7253    0.2985     -23.9393     -18.1871 -2.928 -0.397  762 
   55470.449700    2436.4864     355.1977    1875.6942     361.3700    0.1969     693.6822     611.2735  8.270  7.844  762 
   55536.222400   10566.3137     283.1047   11086.2650     294.8464    0.5995    -203.8190    -165.3534 -0.402 -2.141  762 
   55538.258900   12675.9230     243.9977    7867.7893     263.1725    0.3446     218.9693     168.0672  0.169  3.462  762 
   55540.330200   21102.2752     372.2145   21838.2585     376.6254    0.8359    -972.1879    -883.8436 -5.190 -5.530  762 
   55543.327000   14993.8927     221.7091   10477.4560     244.4388    0.3636     325.6553     250.3695  5.044  6.781  762 
   55599.156000   16079.0550     362.6154   16900.8308     366.6155    0.7725    -114.0906    -104.2389 -2.495 -0.676  762 
   55889.408200   20039.9415     362.5433   20184.7408     369.6124    0.9339    -660.7778    -580.4578 -4.761 -4.639  762 
   55924.298900     438.9274     257.1637    2105.4667     275.1501    0.1194     -69.4973     -52.3161  1.280 -1.053  762 
   55925.233500    4263.5037     318.7426    5463.1848     327.4445    0.4240    -370.2239    -314.1453 -1.094 -3.469  762 
   55926.295200    -859.7971     214.3535   -5908.6181     242.9155    0.1855     -19.0770     -13.9851 -2.695 -0.431  762 
   55927.340300    1249.6384     290.2116     249.1939     304.6398    0.0065    -224.4926    -181.1349 -5.314 -2.643  762 
   55930.393000    1501.7139     397.1973    2824.0694     401.6162    0.1544      20.7304      18.8757  1.947  0.226  762 
   55969.101700   11010.6943     329.6318   12367.1673     334.7592    0.5885    -512.3844    -458.6547 -2.280 -3.885  762 
   56008.137100   12173.8551     401.4910   12372.4882     406.6672    0.6826   -1330.6780   -1207.1947 -6.357 -7.449  762 
   56009.123900   17189.3834     360.1430   18296.8940     365.7389    0.8597      16.6576      14.8631  0.472  0.118  762 
   56045.151000    8011.1849     466.0845    8284.8884     468.7474    0.4769     -20.3666     -19.1473 -1.728 -0.126  762 
   56215.450500   10658.5697     369.6007   11480.9087     375.2548    0.5924    -634.4026    -563.6557 -5.309 -4.801  762 
   56217.448100   16706.5824     488.7439   16640.2526     491.5041    0.7209   -3818.3868   -3601.4520 -18.790 -18.769  762 
   56254.422100    4539.8697     239.1346   -2194.1224     264.7328    0.0507    -483.0703    -355.4302 -10.516 -10.695  762 
   56301.222800   10202.5150     378.1962   10366.6041     385.7312    0.7789   -2024.2934   -1774.0937 -13.242 -12.912  762 
   56302.303100   12214.1391     265.5764   13625.2338     269.2664    0.3616    -923.4019    -824.7915 -4.712 -12.364  762 
   56337.372000   21686.3794     237.9473   23466.0634     257.3291    0.4984    -789.9956    -571.1290 -15.466 -14.527  762 
   56417.147800    8657.5153     291.6081    9099.1871     302.8759    0.2878    -758.0469    -606.8822 -7.577 -9.266  762 
