   54534.146000   -2461.7936     502.2722   -2601.3264     502.6621    0.3536   -3852.2137   -3780.7474 -15.687 -14.325  762 
   54591.216800   -6600.5853     268.7286   -6282.1503     271.9052    0.4750    1055.6131     955.5327 12.288 13.289  762 
   54792.424000   -3988.3524     282.7202   -3938.5469     284.3253    0.5574   -3418.6240   -3189.9316 -41.942 -40.362  762 
   54794.405400   -2836.6646     211.2862   -2879.5478     221.9822    0.2024    -214.8306    -186.0040 -6.596 -5.170  762 
   54861.117500    2974.4838     309.6208    3542.5348     311.7918    0.1589   -1521.9175   -1405.0958 -14.080 -15.098  762 
   54862.108200    3775.4839     235.4987    5405.7538     241.5713    0.3527    -610.2315    -532.2092 -11.963 -10.701  762 
   55470.449700   -4632.0413     352.1460   -4744.9819     354.1581    0.5012    -957.6102    -891.2613 -12.273 -11.095  762 
   55536.222400   -5422.5987     282.7849   -5633.6569     287.0418    0.4353     768.7612     685.2322  8.477  8.510  762 
   55538.258900   -1854.3965     241.6539    -714.1848     247.6910    0.0904    -349.9069    -306.4574 -7.515 -5.712  762 
   55540.330200   -7877.2605     391.2368   -8139.9306     392.5415    0.7073   -3537.7788   -3357.6244 -19.789 -20.672  762 
   55543.327000   -3246.0371     221.9412   -1802.8722     229.8878    0.1896    -745.4227    -649.7367 -14.388 -15.484  762 
   55599.156000   -4419.2231     377.3215   -4580.3864     378.4249    0.5625   -3614.2207   -3445.2918 -22.821 -21.967  762 
   55889.408200    -622.9381     371.9955    -751.1033     374.0020    0.2272    -799.1578    -745.0138 -5.910 -5.825  762 
   55924.298900    1639.3584     241.6461    -602.8849     251.4359    0.0238     197.0169     167.5277  4.720  3.350  762 
   55925.233500      30.5837     317.2955    -253.2850     320.3875    0.0443     -94.2352     -85.9842 -1.633 -0.925  762 
   55926.295200    3798.6007     198.4021    4090.0968     212.0199    0.1913    -126.3732    -108.5772  2.773 -3.206  762 
   55927.340300     519.2262     280.0517     702.5353     284.9908    0.1203      66.8051      59.3832  0.823  0.862  762 
   55930.393000   -2503.3309     386.6546   -3182.7077     388.5025    0.2125     -35.2319     -33.2180  0.940 -0.407  762 
   55969.101700   -4026.7489     336.5614   -4534.3618     338.4624    0.4002     388.6417     363.7127  3.023  3.042  762 
   56008.137100   -1259.0498     415.6481   -1624.5858     417.0731    0.2675   -1820.7301   -1729.9883 -10.756 -10.580  762 
   56009.123900   -1748.6939     366.9471   -2311.3735     368.8813    0.2348    -116.0072    -108.4180 -1.202 -0.856  762 
   56045.151000     181.5701     471.4245    -169.7071     472.1772    0.0833   -1203.4497   -1161.2389 -10.273 -7.679  762 
   56215.450500   -1349.2689     392.1129   -1548.1334     393.5406    0.3912    9584.2171    9088.2782 65.893 67.626  762 
   56217.448100   -1191.6924     524.0857   -1381.5867     524.6913    0.3443    7216.2940    7022.7418 32.395 34.327  762 
   56254.422100   -2462.1305     239.0098   -4009.8061     251.2353    0.0560    2888.9507    2477.7601 57.510 59.602  762 
   56301.222800   -8835.3517     400.4774   -9080.7861     402.4307    0.1423    7865.8124    7384.6401 51.073 49.428  762 
   56302.303100   -9160.8585     286.6919   -9874.3106     288.0078    0.2006    5630.7965    5336.7476 59.640 62.977  762 
   56337.372000   -4493.3966     244.5336   -5209.8400     253.3502    0.1596    3169.9034    2633.2636 53.782 54.065  762 
   56417.147800   -3131.2588     301.3368   -3077.2301     304.9433    0.0725    4833.2946    4335.7350 53.014 54.484  762 
