   54534.146000       0.0000       6.7429       0.0000       6.7429       nan       0.0000       0.0000  0.000  0.000  762 
   54591.216800       0.0000       2.9977       0.0000       2.9977       nan       0.0000       0.0000  0.000  0.000  762 
   54792.424000   -1434.9881     254.5041   -2813.4880     257.2991    0.1111     962.8035     871.4794 10.510 11.320  762 
   54794.405400    9262.2095     176.4269   -2031.7021     195.1887    0.0456      81.6784      65.5197  0.041  2.013  762 
   54861.117500   -2429.0492     260.1579   -8014.8261     268.2414    0.2356     569.2244     488.3375  5.643  5.407  762 
   54862.108200    -620.3006     203.2961  -11058.6092     219.2232    0.2999     317.4243     247.8861  3.665  5.160  762 
   55470.449700    2835.1539     309.7383    2677.0748     313.0025    0.1497    -878.7792    -794.0298 -13.892 -10.468  762 
   55536.222400    5679.2718     228.9098    3834.8299     238.0807    0.2551    1334.6066    1095.5879 13.203 14.509  762 
   55538.258900    3927.1527     202.1519   -4488.5170     217.0855    0.1271     821.4720     647.2273 13.221 12.635  762 
   55540.330200    7154.4656     297.9266    7903.3123     301.6365    0.5613    1208.3453    1087.5964  7.024  7.042  762 
   55543.327000    1446.9784     190.2927  -11017.5098     208.8717    0.2449     540.3785     423.9002  9.065 10.440  762 
   55599.156000   13552.9963     292.0014   14612.8450     294.7774    0.7190    1734.7502    1584.7738  8.444 10.679  762 
   55889.408200    4476.9666     296.5231    4160.0242     302.0691    0.3896     592.1681     518.7110  3.521  4.195  762 
   55924.298900    4217.7703     205.6689    5376.5163     217.1722    0.3413     223.2706     170.7443  3.969  3.538  762 
   55925.233500    4905.4773     260.2620    6517.4693     265.4948    0.4317     184.9165     158.5764  0.655  1.807  762 
   55926.295200   -1544.1863     173.7090   -4892.2382     192.3519    0.2384     163.2468     119.9168  2.881  3.796  762 
   55927.340300   -2722.6718     239.2251   -4213.3455     249.0072    0.3621    -236.8367    -191.1802 -1.596 -2.811  762 
   55930.393000    5685.9508     350.0661    6583.4628     352.1559    0.3794    -115.8008    -107.7046  0.914 -1.334  762 
   55969.101700    8808.4544     264.6194   10403.6779     268.1303    0.4331     248.8582     222.1501  2.101  1.966  762 
   56008.137100    3896.9540     324.8184    4121.6661     328.7759    0.3970     198.3039     179.1012  1.276  1.123  762 
   56009.123900    4109.1164     296.5333    5058.0785     300.4819    0.4143     427.7743     381.0165  3.472  3.075  762 
   56045.151000    3959.4800     412.5903    4005.2278     414.1267    0.1680   -1724.7618   -1635.1489 -11.300 -10.831  762 
   56215.450500    1191.4292     314.9496    1727.7004     318.3458    0.1204    -559.2681    -506.2942 -4.060 -3.959  762 
   56217.448100    4509.0649     418.6000    4319.1663     420.5217    0.2984    -611.2047    -580.6671 -2.460 -2.922  762 
   56254.422100    2679.4564     204.7220   -4169.2122     221.3039    0.1181    -574.1254    -445.3631 -9.677 -11.343  762 
   56301.222800     758.7399     307.0610     227.4790     313.0645    0.0610    -823.5890    -721.3199 -4.548 -5.046  762 
   56302.303100    2737.8572     248.7308    3622.6087     250.1799    0.1855     188.5078     174.9979  1.770  2.270  762 
   56337.372000    1624.9241     201.4519    1628.3154     214.4952    0.0442    -790.8442    -575.0321 -11.553 -12.993  762 
   56417.147800     142.9510     253.4689     144.7032     260.1785    0.0437   -1071.0955    -892.0254 -14.755 -11.979  762 
