   54534.146000  -22204.8919     519.2780  -19723.0830     521.4400    0.4310  -21889.4290  -21033.8263 -142.672 -78.482  762 
   54591.216800    7642.0691     305.3589    8081.6079     315.9261    0.4797       0.0000       0.0000 -64.484  0.000  762 
   54792.424000    -136.1188     309.9357    -619.5130     316.0498    0.0459       0.0000       0.0000 -22.056  0.000  762 
   54794.405400   -1508.6711     255.3894    2156.5377     278.2302    0.0447       0.0000       0.0000 -35.530  0.000  762 
   54861.117500    -127.5244     349.3303    1329.3689     359.2103    0.1002       0.0000       0.0000 -19.166  0.000  762 
   54862.108200   -3966.6028     283.4312   -4396.2474     302.3578    0.2464       0.0000       0.0000 -5.532  0.000  762 
   55470.449700   -4209.4677     387.1244   -4852.4091     394.8537    0.3354       0.0000       0.0000  7.094  0.000  762 
   55536.222400   -6610.5484     323.5677   -8171.9357     338.2501    0.5227       0.0000       0.0000 -2.388  0.000  762 
   55538.258900   -4965.2317     289.7597   -6541.0791     307.9278    0.3415       0.0000       0.0000 30.006  0.000  762 
   55540.330200   -9038.9863     416.6568   -7564.1995     423.4667    0.2196       0.0000       0.0000 -44.991  0.000  762 
   55543.327000   -1102.9863     270.2908     987.4867     289.8872    0.0496       0.0000       0.0000 20.172  0.000  762 
   55599.156000   -4796.0188     400.7072   -3625.4889     406.7722    0.1284       0.0000       0.0000 -42.535  0.000  762 
   55889.408200   -7298.1450     406.8267   -5662.3437     415.9253    0.2463       0.0000       0.0000 -47.002  0.000  762 
   55924.298900     426.5056     279.9815   -1416.2413     304.2063    0.0620       0.0000       0.0000 -9.982  0.000  762 
   55925.233500   -2173.0633     353.8656   -2869.6140     365.3932    0.1606       0.0000       0.0000 -32.757  0.000  762 
   55926.295200    2005.2804     234.2955     654.1173     271.2535    0.0018       0.0000       0.0000 -246.534  0.000  762 
   55927.340300     603.5823     319.3287     906.6642     335.8381    0.1039       0.0000       0.0000 -14.398  0.000  762 
   55930.393000    2248.6385     413.5603     293.8655     421.1471    0.0107       0.0000       0.0000 -34.237  0.000  762 
   55969.101700   -3333.3948     366.3873   -3788.6064     374.5565    0.1440       0.0000       0.0000 -45.931  0.000  762 
   56008.137100  -14384.6440     443.2490  -12107.7686     450.3749    0.3253       0.0000       0.0000 -64.081  0.000  762 
   56009.123900   -9125.7008     398.1090   -9239.8547     406.8494    0.3262       0.0000       0.0000 -43.872  0.000  762 
   56045.151000   -5712.9534     495.1461   -5943.3056     499.6562    0.1953       0.0000       0.0000 -43.196  0.000  762 
   56215.450500  -10575.0088     445.4716   -9088.2182     450.4317    0.2568       0.0000       0.0000 -45.672  0.000  762 
   56217.448100  -33001.8732     564.5057  -29951.5346     567.2142    0.4242       0.0000       0.0000 -96.118  0.000  762 
   56254.422100  -11828.8216     303.6409  -12144.6236     325.8760    0.2743       0.0000       0.0000 -23.210  0.000  762 
   56301.222800  -16740.0070     445.8818  -13296.3139     452.8767    0.3241   -2449.0567   -2195.4785 -73.899 -13.490  762 
   56302.303100   -5959.7099     333.5634   -4910.0066     336.2146    0.1128       0.0000       0.0000 -71.807  0.000  762 
   56337.372000    1642.8650     301.8693     647.2580     322.3376    0.0283       0.0000       0.0000 -19.448  0.000  762 
   56417.147800    -861.9568     358.1102   -1006.9942     368.2788    0.0333       0.0000       0.0000 -36.349  0.000  762 
