   54534.146000   22473.9170     557.9089   22507.6095     559.9503    0.4633  -13259.9804  -12966.2188 -49.484 -49.074  762 
   54591.216800    5869.4838     296.1691    6822.8187     300.6474    0.3503     242.5137     219.5807 -11.460  3.043  762 
   54792.424000    9586.7032     301.8033   10162.6669     303.9812    0.4504   -3093.0300   -2871.2074 -23.843 -36.267  762 
   54794.405400    6655.2375     233.7514    8633.4359     244.2991    0.4008    -101.8679     -87.9136 13.551 -2.433  762 
   54861.117500   10834.3409     342.5627   12107.8864     346.0146    0.4677     236.1493     216.5560  4.849  2.322  762 
   54862.108200    7290.8258     262.9951    9818.9864     270.2443    0.3895    -172.7623    -149.7964  7.321 -2.991  762 
   55470.449700    8331.3883     377.2604    8618.7942     380.1672    0.4568   -1139.3833   -1055.4946 -12.292 -13.174  762 
   55536.222400   14183.6333     311.2540   14930.2001     316.2216    0.6228     120.4264     107.4187  4.699  1.336  762 
   55538.258900   15586.2955     266.6851   18676.2966     272.9841    0.5807    -894.4736    -788.9759 -10.856 -14.614  762 
   55540.330200   19783.8943     431.8530   19309.6638     434.5974    0.6090   -5178.3647   -4886.9393 -23.848 -30.192  762 
   55543.327000    9778.0194     246.0479   13346.8245     254.0064    0.4368    -386.7456    -336.5953  1.195 -7.924  762 
   55599.156000   18080.0192     414.8629   18377.2604     417.2099    0.5814   -4845.1884   -4593.5216 -22.589 -29.452  762 
   55889.408200   15742.8007     412.7384   15624.5763     416.2537    0.6904   -2759.9118   -2558.2549 -22.759 -20.042  762 
   55924.298900   -3989.8537     271.4205   -7585.5141     284.0574    0.2989     393.5744     332.8194  9.599  6.666  762 
   55925.233500   -3187.2820     353.2494   -3862.0216     358.1975    0.3785     -24.0308     -21.7443  0.444 -0.235  762 
   55926.295200    1580.1594     224.9772    1992.8600     239.4111    0.0785      43.9574      37.3814  5.648  1.104  762 
   55927.340300    -351.4715     313.0843    -480.9468     319.9383    0.0783     -79.7271     -70.4595 -0.672 -1.021  762 
   55930.393000   -1943.9408     413.1146   -2957.8823     416.0381    0.1435     399.1603     373.4938  1.214  4.571  762 
   55969.101700   14688.9312     371.8716   14494.3257     375.2360    0.7574    -369.4059    -344.5388 -1.281 -2.899  762 
   56008.137100   10360.7306     461.7419   10064.3435     464.7823    0.3634   -3076.8037   -2900.2159 -14.361 -17.778  762 
   56009.123900    6239.3234     407.0546    5188.2471     410.7297    0.2596    -583.3228    -540.7315  0.848 -4.276  762 
   56045.151000    6767.7999     506.9852    5903.4571     508.7748    0.1557   -1558.1094   -1492.1709 -7.481 -9.870  762 
   56215.450500     152.2754     438.7084    -224.4765     441.9001    0.3267    8096.0959    7605.0859 56.058 56.315  762 
   56217.448100    4600.5279     577.4510    4335.5157     579.6126    0.3288     777.1732     750.9588  4.529  3.666  762 
   56254.422100   11084.4251     263.7397   12751.2488     274.9949    0.3744    2261.5467    1983.0438 43.972 46.959  762 
   56301.222800   -3020.7441     450.1868   -3151.4184     453.9002    0.0729    4175.4663    3899.2272 26.935 25.993  762 
   56302.303100   -4766.7767     309.7661   -5334.6700     311.7016    0.0595    3903.5965    3697.5206 42.015 43.146  762 
   56337.372000    2726.2065     274.5216    3691.6534     283.9958    0.2820    2840.3064    2369.0143 48.295 48.017  762 
   56417.147800    6328.3172     334.3823    6772.3373     339.1441    0.3666    3990.9460    3568.5491 54.504 44.313  762 
