   54534.146000    3458.0343     411.3132    3338.6268     412.5295    0.0919   -2305.0400   -2232.1805 -7.884 -8.580  762 
   54591.216800   -3846.8318     234.1769   -4065.9986     239.3307    0.4651    -558.7622    -487.8658 -7.392 -7.464  762 
   54792.424000      33.8301     259.3193    -142.7935     261.3466    0.0992    -814.9350    -748.8826 -7.120 -9.943  762 
   54794.405400    -734.8443     180.1452   -3342.5713     193.4989    0.1786    -273.6011    -229.8357 -7.751 -7.425  762 
   54861.117500    -353.0538     270.9662    -713.6201     275.3420    0.0753      -3.1649      -2.7998 -1.195 -0.032  762 
   54862.108200    -537.4133     204.1687    -464.1696     213.1080    0.0878    -411.1409    -338.7704 -5.418 -7.797  762 
   55470.449700   -1619.0819     324.6762   -1518.2142     327.1022    0.1085     550.3514     507.0466  6.238  6.373  762 
   55536.222400     449.0261     246.2759      33.0192     252.3316    0.1204   -1072.0654    -922.9754 -12.052 -11.800  762 
   55538.258900   -1890.1758     206.9474   -3637.8820     217.0864    0.3390    -390.5747    -319.6603 -8.146 -6.936  762 
   55540.330200   -1181.1759     335.7255   -1325.5712     338.2079    0.1957    -872.4363    -811.3707 -5.496 -4.896  762 
   55543.327000      90.2975     184.1485    -486.4517     195.8505    0.0748    -608.5256    -503.6728 -12.356 -15.012  762 
   55599.156000    1166.1037     329.9605     766.7161     332.1447    0.0221    -567.7022    -531.0550 -4.832 -3.311  762 
   55889.408200     338.8672     323.3632     311.5151     327.1114    0.0163    -429.7214    -388.3537 -3.823 -3.064  762 
   55924.298900     340.4709     214.6514    -305.6520     225.3235    0.0305      -9.5252      -7.8689 -1.142 -0.158  762 
   55925.233500    -120.8100     282.2129     -92.6491     286.5022    0.0776    -424.8887    -378.5762 -3.817 -4.064  762 
   55926.295200    -405.5436     176.0680   -1022.9516     190.8440    0.0745    -208.9306    -171.6725 -4.911 -5.306  762 
   55927.340300     777.7635     248.4833     771.2622     255.4489    0.1531       3.2438       2.7823 -0.871  0.041  762 
   55930.393000   -1316.6961     365.9260   -1260.1584     367.8763    0.1468    -226.8435    -213.0297 -2.006 -2.544  762 
   55969.101700     273.4804     295.2589      48.1994     298.1005    0.0236     110.4494     101.9662  1.732  0.830  762 
   56008.137100    -288.0787     359.1386    -355.1987     361.8901    0.1079    -665.2883    -617.4739 -2.034 -3.751  762 
   56009.123900     263.4551     323.0365     197.6612     326.1315    0.0290       2.7689       2.5356  0.078  0.020  762 
   56045.151000     979.7094     429.7634     831.4901     430.9833    0.0181    -636.4422    -608.8434 -4.771 -4.026  762 
   56215.450500   -1914.0995     322.0165   -2821.5294     325.9130    0.2490     -88.3141     -80.1157 -0.689 -0.720  762 
   56217.448100    2290.9259     440.5612    1912.3022     442.2123    0.1698     144.2640     137.8097 -0.114  0.731  762 
   56254.422100    2341.0134     186.1004   -1012.1266     202.5074    0.0396    -100.6492     -84.3121 -5.169 -2.895  762 
   56301.222800    -311.7994     328.3031    -653.1537     332.7430    0.1158    -142.6047    -128.2281 -0.358 -0.951  762 
   56302.303100     417.9709     233.6706    -927.6083     236.2961    0.0882    -794.5934    -732.8656 -8.863 -12.014  762 
   56337.372000    1515.5690     195.1523   -1389.7512     209.0327    0.0752    -245.2379    -191.3017 -7.857 -5.340  762 
   56417.147800   -2387.8379     246.0426   -4280.1330     253.5138    0.2759      -6.3158      -5.2828 -1.740 -0.089  762 
