   54534.146000    2040.2725     396.8543    1932.7105     398.8650    0.1691    -128.1334    -122.5064 -0.959 -0.462  762 
   54591.216800   -4107.6965     248.4212   -2809.4785     256.1902    0.1764    -133.3098    -111.4889 -0.771 -1.512  762 
   54792.424000   -1027.7487     266.9659   -1512.4270     270.9625    0.1929   -1006.7488    -894.8388 -9.204 -11.390  762 
   54794.405400     553.3883     199.6543    4269.2514     218.4164    0.1691     272.6262     213.2670  5.596  5.761  762 
   54861.117500    -824.2136     280.3568    -559.9298     287.8198    0.0437     170.5086     145.2475  2.933  1.543  762 
   54862.108200   -1351.4016     222.3575   -2311.9413     238.8043    0.1493     331.6983     254.4909  4.592  4.994  762 
   55470.449700    -650.8408     329.9680    -739.3168     334.9732    0.0963    -166.1589    -147.3514 -0.085 -1.858  762 
   55536.222400   -2699.3741     255.2295   -3436.0090     267.1761    0.3664      65.3139      51.9459 -0.134  0.646  762 
   55538.258900    -857.1887     225.1932    -689.1834     240.4384    0.0301     355.5999     275.9497  7.044  4.949  762 
   55540.330200    -422.8913     325.5861   -1075.9791     330.8428    0.1033     124.9966     111.5539 -0.104  0.692  762 
   55543.327000     342.6819     209.7003    2884.0229     225.5562    0.1663      48.1952      37.9727  1.172  0.852  762 
   55599.156000      -3.8671     320.3735    -604.8231     324.6563    0.0824    -230.7050    -208.3348 -0.655 -1.340  762 
   55889.408200    -526.2401     321.5103    -568.2669     328.5143    0.2529    -892.9227    -772.8606 -6.226 -6.078  762 
   55924.298900    1887.5663     217.3801    1557.2157     238.2167    0.0936     -59.4084     -44.1939 -0.370 -0.940  762 
   55925.233500   -1155.2873     283.6332   -1939.4232     292.8452    0.2414      -8.6857      -7.2724  0.196 -0.079  762 
   55926.295200    1439.8901     179.8412     360.2341     209.2376    0.0189     122.3452      90.6612  2.595  2.828  762 
   55927.340300    -934.1771     252.6083   -1519.6097     266.4929    0.2298       1.0528       0.8330 -1.035  0.013  762 
   55930.393000     914.8289     358.5774    -283.6117     363.2741    0.0193    -121.0678    -110.0043 -0.925 -1.414  762 
   55969.101700   -2476.2559     290.2108   -3294.2652     296.6731    0.2408     208.0572     181.2466  0.975  1.547  762 
   56008.137100      52.3096     348.8499    -457.6853     354.3393    0.1619   -1327.1149   -1186.8203 -6.625 -7.345  762 
   56009.123900   -1449.7879     317.1957   -2675.2334     323.8330    0.2779    -365.9802    -319.0938 -2.157 -2.572  762 
   56045.151000   -1313.3748     424.0707   -1909.5066     426.5956    0.1391    -172.0445    -161.0668 -1.007 -1.086  762 
   56215.450500    2914.7226     352.4631    3614.5346     355.9291    0.3727    1430.8202    1315.7834  9.309  8.846  762 
   56217.448100    3934.7905     457.1280    4011.3617     459.0985    0.3345     373.5822     356.3185  0.263  1.664  762 
   56254.422100    -746.5359     230.6210    1937.0225     249.1374    0.0834     803.0100     629.8539 11.974 13.236  762 
   56301.222800     623.4883     342.0499     811.6114     347.9838    0.1637     474.0649     421.6191  2.953  2.660  762 
   56302.303100    4643.7119     285.0121    5321.3642     286.5733    0.2356     136.9492     129.4916  3.919  1.294  762 
   56337.372000    4462.1583     230.7110    5463.3836     247.6147    0.3305     279.0213     209.6683  3.870  3.716  762 
   56417.147800    5512.6445     284.4655    6443.0510     291.7487    0.3603     681.4479     585.6189  5.208  6.360  762 
