   54534.146000  -37878.0472     679.2440  -38253.7775     686.3229    0.4574  -22989.8668  -22604.6017 -169.980 -86.135  762 
   54591.216800    8853.9079     315.5779    8898.5678     316.9135    0.3398       0.0000       0.0000 26.924  0.000  762 
   54792.424000    7303.5005     318.7713    7300.5185     319.4665    0.4079       0.0000       0.0000 -25.144  0.000  762 
   54794.405400    3291.0762     238.7112    2889.0438     243.7280    0.0273       0.0000       0.0000 -113.966  0.000  762 
   54861.117500   15875.7683     374.5135   15619.9641     375.4773    0.5599       0.0000       0.0000 -56.790  0.000  762 
   54862.108200    9846.2981     273.0991   10258.3594     275.9245    0.3535       0.0000       0.0000 -28.934  0.000  762 
   55470.449700    5282.3734     406.6110    4813.4675     407.6443    0.1967       0.0000       0.0000 -0.227  0.000  762 
   55536.222400   11978.7176     346.9079   10865.4705     348.7749    0.3207       0.0000       0.0000  3.620  0.000  762 
   55538.258900    5248.6702     283.0948    4747.1589     286.0469    0.2138       0.0000       0.0000 -10.265  0.000  762 
   55540.330200    8854.2171     509.4771    9410.5988     511.8907    0.2043    -833.9301    -809.5241 -45.720 -4.888  762 
   55543.327000    5654.0859     249.3562    5823.7239     253.1495    0.1894       0.0000       0.0000 -8.901  0.000  762 
   55599.156000     550.3911     489.2113     832.2898     491.5240    0.0314   -2413.8307   -2341.1580 -61.170 -14.601  762 
   55889.408200    7605.2898     471.5847    7402.6086     473.0418    0.1974   -2418.3684   -2317.9847 -51.142 -18.162  762 
   55924.298900    -784.3673     289.8269   -1627.5158     294.0937    0.0582       0.0000       0.0000  9.918  0.000  762 
   55925.233500    3672.9500     394.4277    3360.9215     395.9648    0.1577       0.0000       0.0000 -13.181  0.000  762 
   55926.295200    2443.9006     232.0808    1335.2305     238.0862    0.0038       0.0000       0.0000 -44.162  0.000  762 
   55927.340300    -922.4332     340.8057    -602.9138     342.6155    0.0400       0.0000       0.0000 -8.465  0.000  762 
   55930.393000   -1854.0972     441.9592   -2298.7129     442.8313    0.1019       0.0000       0.0000 13.339  0.000  762 
   55969.101700    7819.7723     431.8576    8206.3823     433.5091    0.2122       0.0000       0.0000 -17.446  0.000  762 
   56008.137100  -12521.7553     542.9175  -12261.1383     545.3593    0.3330   -7332.7202   -7089.9596 -93.139 -43.126  762 
   56009.123900   -5620.3614     466.5994   -5486.2545     468.1529    0.2071       0.0000       0.0000 -16.925  0.000  762 
   56045.151000    8805.5832     563.1955    8712.5913     564.9554    0.2002       0.0000       0.0000 -17.214  0.000  762 
   56215.450500  -13519.7618     486.0313  -13085.8766     487.7995    0.4142       0.0000       0.0000 -26.210  0.000  762 
   56217.448100  -34907.1298     666.6327  -33567.7900     670.5689    0.4794   -9659.8155   -9432.2140 -134.134 -47.521  762 
   56254.422100     620.8601     262.3902     307.6010     267.5910    0.0054       0.0000       0.0000 -59.682  0.000  762 
   56301.222800  -11700.8275     513.6990  -11679.0084     515.7378    0.3736   -5455.0696   -5244.8621 -100.525 -36.450  762 
   56302.303100   -5151.4228     311.5167   -5451.0121     312.3143    0.1877       0.0000       0.0000 -27.000  0.000  762 
   56337.372000   -2108.9033     280.9005   -4873.5366     285.7724    0.1289       0.0000       0.0000 17.057  0.000  762 
   56417.147800    8125.0112     345.9750    6650.9087     347.9950    0.2351     283.4493     263.5298 53.223  3.739  762 
