   54534.146000       0.0000       6.7719       0.0000       6.7719       nan       0.0000       0.0000  0.000  0.000  762 
   54591.216800       0.0000       3.0623       0.0000       3.0623       nan       0.0000       0.0000  0.000  0.000  762 
   54792.424000    2683.7750     259.6866    2535.5982     262.1372    0.0129   -2581.0242   -2368.8756 -37.001 -30.003  762 
   54794.405400    6291.4596     187.7842     -64.8572     205.9543    0.0021       0.0000       0.0000  0.223  0.000  762 
   54861.117500    -666.7242     269.8265   -1593.9678     275.7614    0.3140   -2061.7095   -1811.9103 -40.530 -19.456  762 
   54862.108200     898.2085     210.9602   -2179.3950     223.5904    0.1526    -754.3149    -610.1984 -17.292 -12.005  762 
   55470.449700    1953.8146     317.9519    2103.7309     321.1459    0.1176   -1086.5680    -990.9460 -26.160 -12.716  762 
   55536.222400    3007.5495     240.1558    2289.0301     248.5009    0.0476   -2134.6005   -1790.6826 -37.698 -22.874  762 
   55538.258900     583.9841     212.5179    -711.1831     224.0088    0.0791    -222.3007    -181.0796 -5.434 -3.308  762 
   55540.330200    4903.6232     314.4866    4978.2995     318.5149    0.0253   -5168.0947   -4705.2607 -100.555 -30.027  762 
   55543.327000    2486.6786     199.0291   -4121.0530     215.3286    0.1298     328.6520     266.6548  9.127  6.043  762 
   55599.156000    8025.2147     307.6171    8394.6178     310.7465    0.2696   -5504.0069   -5077.5594 -86.290 -33.699  762 
   55889.408200    2562.2991     309.3447    2682.2129     314.5667    0.1596   -1436.0642   -1281.3309 -54.342 -10.194  762 
   55924.298900    -307.0539     213.6435   -1186.6570     227.6784    0.0760     259.1731     199.5211  5.778  4.073  762 
   55925.233500    3420.5945     270.5684    4213.1313     276.1676    0.2847   -1400.2058   -1216.6975 -31.778 -13.545  762 
   55926.295200    2707.1941     177.7548    1262.1783     198.6830    0.0731     132.1748      99.9840 28.175  3.035  762 
   55927.340300    -795.5316     244.2728   -1862.3538     254.1131    0.2056    -122.7615    -101.7492 -4.482 -1.482  762 
   55930.393000     504.2458     355.7913     883.3042     358.3145    0.0502    -234.9025    -218.4553 -8.129 -2.715  762 
   55969.101700    4171.8181     277.4455    4655.6484     281.6651    0.2668   -1282.9145   -1153.3666 -37.423 -10.066  762 
   56008.137100    4817.7070     339.2904    4584.8920     343.4058    0.0864   -4134.6464   -3783.8501 -87.834 -23.556  762 
   56009.123900    2304.4286     307.9157    2337.8401     312.3597    0.1676   -1132.3196   -1016.8292 -38.610 -8.164  762 
   56045.151000    2358.4720     422.1944    2321.7407     423.9342    0.0606   -3334.5265   -3169.3676 -65.861 -21.005  762 
   56215.450500    4289.1578     334.5277    4374.9435     337.8940    0.2976    -613.1756    -568.0371 -41.500 -4.100  762 
   56217.448100    5896.8603     442.1397    5681.8715     444.0531    0.2350   -3049.1103   -2926.5833 -111.205 -14.182  762 
   56254.422100    6408.3640     215.7239    4350.2507     230.9742    0.1505       0.0000       0.0000 -6.319  0.000  762 
   56301.222800    2739.1742     325.3253    2289.8118     330.6985    0.0541   -2053.2949   -1852.8535 -76.732 -12.299  762 
   56302.303100    3711.6823     266.7244    4334.9303     268.0696    0.1819    -736.9835    -695.2609 -16.370 -7.813  762 
   56337.372000    6201.1539     211.6777    8137.6572     224.0011    0.3481    -128.2975     -99.2724 -0.539 -1.946  762 
   56417.147800    5136.6420     267.0335    5459.6325     273.3020    0.3471      96.8831      84.0916 -5.984  1.001  762 
