   54534.146000      -7.4190       7.4304  -21035.2207     164.7570    0.3665       0.0000       0.0000 -6.528  0.000  762 
   54591.216800  -62290.6182     246.3840  -74385.4626     259.0063    0.7525    -352.2950    -290.0588 -5.090 -4.138  762 
   54792.424000  -37137.5087     264.5031  -39864.1233     268.4928    0.7995     571.4843     508.3018  5.713  6.506  762 
   54794.405400  -19993.7097     189.7599  -38676.6767     215.1564    0.5148     243.4931     187.9528  2.480  5.596  762 
   54861.117500  -28687.1216     271.4132  -34531.9538     280.7802    0.7151     765.8534     644.7351  6.938  7.065  762 
   54862.108200  -26668.4656     215.4906  -39539.0224     234.6944    0.7075     426.7981     322.1628  5.017  6.623  762 
   55470.449700  -41535.0998     325.3012  -42832.8039     330.1367    0.9135    -134.8715    -119.0817 -1.029 -1.537  762 
   55536.222400  -15012.9036     240.4955  -17399.9819     251.3266    0.6935     292.5037     234.9719  5.049  3.046  762 
   55538.258900  -15747.8333     212.2700  -24775.1622     229.6143    0.6230     724.0735     555.7304  9.668 10.779  762 
   55540.330200  -12255.2068     308.8412  -11741.3609     313.2950    0.6318    -174.8051    -156.0438  1.683 -0.993  762 
   55543.327000  -13253.1201     198.0052  -25742.9576     219.2583    0.5313     549.8555     420.9483  8.683 10.320  762 
   55599.156000   10981.8495     298.5498   11680.6785     301.7539    0.7042     378.2596     344.7806  2.955  2.285  762 
   55889.408200   11422.8869     299.7481   11592.3013     305.2249    0.8267      95.4146      83.7606  1.043  0.669  762 
   55924.298900    9165.6487     208.8149   11600.2220     221.0101    0.5004     -97.4849     -74.8206 -1.289 -1.503  762 
   55925.233500   13800.5538     263.0155   15608.7494     268.3861    0.7281    -399.6212    -343.4539 -3.606 -3.840  762 
   55926.295200    1023.6511     175.6244    1657.9374     196.2543    0.0649     -73.4163     -54.3260 -2.817 -1.650  762 
   55927.340300    4736.9299     241.4074    4700.8790     251.4580    0.3656     -55.0370     -44.6642  1.010 -0.644  762 
   55930.393000   14274.9936     354.3623   15379.6110     356.5747    0.6666     336.8409     313.5203  2.491  3.784  762 
   55969.101700   18666.6077     267.4116   20263.6585     270.9857    0.7407     112.1113     100.3424  1.500  0.872  762 
   56008.137100   21263.4779     325.5366   21645.0238     329.2989    0.8942     415.3369     377.4456  2.224  2.339  762 
   56009.123900   22456.6315     296.7226   23499.7804     300.4616    0.9024      52.6876      47.2440 -1.811  0.376  762 
   56045.151000   20164.6949     413.4423   20558.3892     414.7982    0.7885    -914.1239    -869.8820 -5.207 -5.697  762 
   56215.450500    3673.0309     316.8852    4116.2945     320.6641    0.3783    -179.9685    -161.9807 -1.534 -1.284  762 
   56217.448100    6178.7386     421.6574    6004.2050     423.6813    0.4144   -1079.5385   -1023.7491 -5.684 -5.168  762 
   56254.422100    -800.6203     207.2607   -6451.5911     225.6921    0.1601    -465.5977    -355.9005 -10.503 -9.225  762 
   56301.222800   -6886.4511     313.5846   -7361.9022     320.3013    0.7488   -1051.8572    -914.2301 -6.864 -6.399  762 
   56302.303100   -6932.2864     250.6172   -6110.7862     252.4565    0.2770     223.3888     204.7074  0.606  2.718  762 
   56337.372000  -13366.1601     209.2891  -15501.1691     226.0348    0.4025    -817.8267    -582.2656 -14.649 -13.214  762 
   56417.147800  -35064.0182     265.3535  -36814.0613     274.8583    0.7935   -1341.6684   -1083.2737 -11.611 -14.767  762 
