   54534.146000  -17818.5314     421.4656  -18023.9418     422.9577    0.8377   -1955.8351   -1883.4299 -7.366 -7.070  762 
   54591.216800     914.7930     249.8588    1416.4591     254.1946    0.0802    -370.1594    -322.2399 -5.307 -4.317  762 
   54792.424000   43668.6559     261.1783   44576.8044     262.3327    0.8213   -1990.1183   -1851.2243 -23.570 -23.054  762 
   54794.405400   32607.9366     192.3493   39175.9291     197.7424    0.5784     -50.3473     -43.0549 -0.471 -1.129  762 
   54861.117500   25206.6168     278.0404   26514.8895     280.8617    0.7929    -641.3792    -574.1920 -8.309 -6.027  762 
   54862.108200   21931.8558     217.3925   24910.6973     223.0958    0.6226    -165.5648    -138.3651 -3.012 -2.655  762 
   55470.449700  -36033.0558     340.9933  -37199.1234     344.8323    0.9322    -518.6539    -464.2034 -7.852 -5.734  762 
   55536.222400  -44364.4519     270.6457  -47904.1942     279.7417    0.9249   -1215.4798    -988.5492 -12.529 -12.091  762 
   55538.258900  -39147.3038     238.7479  -42391.7674     249.1478    0.8660     183.9702     147.6303 -0.733  2.604  762 
   55540.330200  -51563.7248     349.8082  -53511.7820     354.5996    0.9512   -1500.7074   -1343.5801 -8.395 -8.246  762 
   55543.327000  -35354.1961     222.5557  -37666.8978     232.8044    0.7802     -48.6189     -39.6138 -1.431 -0.874  762 
   55599.156000  -54449.9061     342.4071  -56067.4711     346.3830    0.9521   -2115.3585   -1913.4616 -11.889 -12.191  762 
   55889.408200   11309.8943     327.1457   11365.6053     330.8035    0.7522    -863.5771    -773.0583 -7.798 -5.993  762 
   55924.298900    2376.2452     222.1911    1776.3701     233.6365    0.1627     264.3747     210.5391  4.425  4.248  762 
   55925.233500    1430.3734     288.4260    1191.4623     293.4740    0.1646     131.5892     114.3598  0.928  1.225  762 
   55926.295200    -183.0573     187.8453     430.8562     201.7302    0.0226     133.0873     105.7009  2.396  3.098  762 
   55927.340300    4346.2666     256.0809    4494.0706     262.8883    0.3395    -216.3830    -181.0037 -3.048 -2.630  762 
   55930.393000    6088.7009     362.6046    5357.0194     365.0510    0.3593     108.9063     100.9346 -2.136  1.259  762 
   55969.101700   14581.3143     294.1403   13780.6837     297.7450    0.7514     356.6947     320.9207  1.610  2.699  762 
   56008.137100   36142.9659     351.8059   36098.9373     354.1192    0.9150   -1143.1969   -1059.0025 -7.635 -6.466  762 
   56009.123900   35163.1868     316.3947   35190.8424     319.1194    0.9083      88.5638      80.6464 -0.194  0.639  762 
   56045.151000   36560.5911     425.3943   36394.8288     426.4338    0.8750     713.2854     681.4233  5.574  4.519  762 
   56215.450500   52843.6424     346.0719   53563.1394     347.3744    0.9398    2832.7678    2678.0826 16.601 18.352  762 
   56217.448100   52787.0430     457.8110   52878.0543     458.5842    0.9404    1511.0262    1464.4134  7.318  6.876  762 
   56254.422100   22652.1274     225.9058   27110.2430     233.3097    0.5534    1045.0457     875.5078 21.111 18.312  762 
   56301.222800   12903.6608     348.6286   13216.5678     351.8062    0.8039    2319.6402    2116.3421 12.376 13.441  762 
   56302.303100    9347.3996     283.3130    9823.1609     284.2534    0.4714     799.8651     760.5340  7.600  7.829  762 
   56337.372000   18010.1019     226.2032   20179.5739     233.5928    0.7450     881.2981     714.0231 10.526 12.895  762 
   56417.147800   22141.1429     281.4376   23236.3529     284.9811    0.8303    1392.9669    1233.7110 13.591 13.721  762 
