   54116.305800     696.4526     177.5758     590.2021     178.1830    0.3863    1089.6712    1056.8466  3.400  3.252  762 
   54127.315500     441.9311     258.9716     419.7925     259.1042    0.4247    1735.6772    1703.5222 10.371  9.864  762 
   54127.409800     624.9912     194.7685     610.0896     195.2045    0.5476    1459.9343    1402.2937  8.210  8.001  762 
   54127.505600    -110.0938     130.3691    -157.4532     133.0606    0.1470     489.4913     419.2085  2.923  2.674  762 
   54149.242500     188.7973     117.6876     185.7941     121.0975    0.2527     357.0433     298.1092  1.943  1.852  762 
   54149.261900    8429.1196     135.9221    8354.1857     136.2808    0.9422    1072.2780    1036.2525  3.960  4.056  762 
   54152.347000     339.5821     108.8002     301.5514     112.4479    0.0345    -207.4326    -164.0317 -1.651 -1.431  762 
   54201.227200     247.3528     137.1650     219.8634     138.4644    0.2172     295.2359     275.2261  1.241  1.143  762 
   54201.240900     -11.7722     125.4006     -65.1813     127.5238    0.1137     323.2578     286.5534  1.402  1.492  762 
   54201.251200      98.7394     129.0738      71.7326     130.8652    0.1740     345.8997     312.6866  1.392  1.480  762 
   54230.228100     -17.0715      97.9470      20.1029     103.4991    0.0287       0.7312       0.5195 -0.234  0.007  762 
   54260.167300     469.7140     110.2998     583.0154     113.0639    0.2073      36.8522      30.2152  0.329  0.308  762 
   54261.167200    -133.7615     138.7055    -122.2407     139.6296    0.0214      74.9345      69.7478  0.069  0.385  762 
   54264.169000    -495.9167     105.8960    -697.1815     109.8176    0.2910      -2.3997      -1.8654 -0.051 -0.025  762 
   54265.188900    -226.0829     113.9240    -223.7277     115.7989    0.1667    -212.7228    -184.2901 -1.489 -1.456  762 
   54384.475400     -75.7766     117.2925    -215.6470     120.3295    0.0693      21.3879      18.0154  0.429  0.117  762 
   54384.485900     145.1335     119.0489     -57.7594     121.8123    0.0172      -2.7456      -2.3559  0.110 -0.014  762 
   54385.512900      87.3541     184.3163      89.7328     185.1597    0.0323      58.1832      53.9498  0.705  0.525  762 
   55884.428500     286.1467     459.2717     280.5141     459.3644    0.2349     910.1534     899.9771  3.794  4.246  762 
   55889.438100    1126.6374     142.0821    1315.0280     149.4521    0.4055       9.4451       6.8916  0.093  0.086  762 
   56301.281100     399.7522     179.5861     375.9910     183.3686    0.1852     290.2799     251.5894  1.380  1.479  762 
