   54116.305800   -1361.6708     226.7484   -1560.4218     228.4838    0.6721   -2438.6488   -2350.0380 -7.240 -7.170  762 
   54127.315500   -7215.1688     269.4645   -7283.3480     269.9798    0.9088    -851.6351    -820.6662 -5.030 -5.156  762 
   54127.409800   -6506.7358     216.3411   -6507.8776     217.5041    0.9347     -26.7834     -25.1219 -0.191 -0.151  762 
   54127.505600   -6906.7610     166.9000   -7015.7129     171.3125    0.9446    -399.1982    -334.0902 -2.131 -2.162  762 
   54149.242500   -2680.2484     155.6716   -2929.0722     160.4596    0.7199      18.3350      15.1837  0.377  0.096  762 
   54149.261900   -2941.9537     181.2030   -3268.2189     182.4249    0.7852   -2427.6903   -2315.0937 -7.890 -8.233  762 
   54152.347000   -2053.8719     140.6028   -2558.3320     146.6172    0.6906      -2.3983      -1.8293 -0.223 -0.017  762 
   54201.227200    1112.2248     181.6439    1045.6334     184.1779    0.3695    -100.7406     -93.4090 -0.384 -0.375  762 
   54201.240900    1969.2678     161.3743    1857.9533     164.4846    0.5384    -329.9926    -292.6011 -1.235 -1.516  762 
   54201.251200    1630.9492     167.6482    1552.2410     170.5171    0.4903    -133.9842    -121.0859 -0.903 -0.565  762 
   54230.228100   -3793.4231     126.1617   -3918.8147     133.4331    0.9176      47.9833      33.6771  0.550  0.473  762 
   54260.167300    -672.6161     137.5813    -544.0202     141.3776    0.1903     171.7646     138.8946  1.262  1.384  762 
   54261.167200    -651.8608     170.1952    -639.1592     172.1421    0.1826     155.2781     142.5441  0.480  0.764  762 
   54264.169000     247.8959     128.4517     476.9271     133.4315    0.2002      89.9517      68.6164  0.898  0.915  762 
   54265.188900      50.7481     138.1261     184.6120     140.7773    0.0509     -20.3762     -17.4385  0.633 -0.136  762 
   54384.475400   -5454.7904     151.8129   -5552.8853     156.2610    0.8153     -70.6119     -58.5473 -0.092 -0.392  762 
   54384.485900   -5244.6992     153.8715   -5380.5981     158.0262    0.7353    -123.5567    -104.0282 -0.891 -0.662  762 
   54385.512900   -5940.1847     205.5963   -6044.9446     207.5354    0.8007      48.3304      43.2387  0.597  0.426  762 
   55884.428500    5156.0598     471.4704    5094.4871     471.7221    0.4891   -1551.2884   -1524.3554 -7.485 -7.388  762 
   55889.438100    3891.2582     180.3622    3453.5960     190.0460    0.5957    -182.1154    -130.9047 -1.329 -1.695  762 
   56301.281100   16833.7996     216.9193   16744.9495     221.0219    0.9776    -218.1120    -191.9637 -1.146 -1.171  762 
