   54116.305800     730.5025     211.5167     550.5857     212.7361    0.1000   -1030.1593    -988.6152 -3.256 -3.033  762 
   54127.315500   -7072.9742     274.4189   -7227.3208     274.9507    0.8161     -14.7128     -14.1596 -0.247 -0.084  762 
   54127.409800   -6342.6968     216.2387   -6432.8594     217.5590    0.8726     712.0218     663.8084  3.790  3.847  762 
   54127.505600   -6178.1754     161.4954   -6368.9428     166.6539    0.9547     -10.6199      -8.6676 -0.147 -0.055  762 
   54149.242500    -697.4194     148.1111    -791.9281     153.5955    0.2458      39.1194      31.6305  0.230  0.196  762 
   54149.261900   13046.8827     159.0419   12939.0225     159.8201    0.9307   -2650.0956   -2524.7125 -10.734 -9.611  762 
   54152.347000     -57.1979     136.9237    -587.8105     143.2635    0.1096     -12.9999      -9.7111 -0.387 -0.086  762 
   54201.227200   -1627.5005     169.2216   -1681.5443     171.6123    0.5149     160.1926     146.7546  0.417  0.601  762 
   54201.240900   -1538.2448     155.0101   -1576.2448     158.6922    0.5879      92.4585      79.7906  0.299  0.414  762 
   54201.251200   -1235.2742     159.5601   -1343.4146     162.8350    0.5411     -44.3542     -39.1421 -0.199 -0.184  762 
   54230.228100   -1402.6944     123.2674   -1352.5832     131.0335    0.5259      46.3671      31.4055  0.595  0.439  762 
   54260.167300     346.1403     134.4414     596.6922     138.8275    0.2321      40.2730      31.6085  0.311  0.317  762 
   54261.167200     539.6185     162.0985     521.0463     163.9803    0.1713     -82.1540     -74.6247  0.019 -0.405  762 
   54264.169000     588.8767     127.2353     547.2300     132.9268    0.1824      63.5576      47.1872  0.745  0.622  762 
   54265.188900    1126.8989     134.5332    1227.9395     137.6951    0.4043     -14.7850     -12.3377 -0.082 -0.097  762 
   54384.475400    -840.5026     145.0545   -1025.0483     149.9528    0.2092     -67.3609     -54.8076 -0.482 -0.357  762 
   54384.485900   -1505.3019     147.5271   -1673.5630     152.0323    0.3563    -177.5628    -147.0981 -0.942 -0.902  762 
   54385.512900   -1219.5499     202.9674   -1251.4404     204.8646    0.1826    -127.2764    -113.6138 -1.851 -1.100  762 
   55884.428500     146.0269     473.6624     126.2532     473.9376    0.1027    -762.3184    -747.3703 -3.515 -3.537  762 
   55889.438100    1610.7199     179.5946    1562.1197     190.6015    0.3669    -137.7636     -95.4630 -1.396 -1.194  762 
   56301.281100    3547.5305     220.5702    3397.1234     226.7132    0.8438     -65.5064     -55.0608 -0.433 -0.326  762 
