   54116.305800    -243.1037     186.8280    -332.9159     187.0809    0.0771     641.9480     631.8297  2.171  1.935  762 
   54127.315500    -479.5569     244.6027    -508.4182     244.6787    0.3257    1772.4159    1746.3688 11.258 11.227  762 
   54127.409800    -165.9031     186.5477    -172.8544     186.7207    0.4930    1649.4751    1606.5619  9.770  9.878  762 
   54127.505600      29.6222     127.4310      17.0528     128.3581    0.3121     480.8632     440.0066  2.952  2.847  762 
   54149.242500     293.9156     115.2748     278.4955     116.4589    0.3847     396.6340     357.9673  2.340  2.265  762 
   54149.261900    -140.7854     155.0882    -215.3606     155.2557    0.1917    -534.1957    -523.6887 -1.827 -1.861  762 
   54152.347000   -1253.1413     102.5092   -1381.9517     104.5014    0.6891    -133.4530    -112.6738 -0.889 -1.090  762 
   54201.227200    -226.1824     145.8180    -241.3685     146.2246    0.0650     107.7900     104.1500  0.477  0.412  762 
   54201.240900    -137.0970     126.2246    -182.6547     126.9631    0.1005     -10.4744      -9.7974 -0.111 -0.051  762 
   54201.251200     -40.6808     132.3471     -43.1277     132.9250    0.0428     -41.1979     -39.1002 -0.370 -0.182  762 
   54230.228100      22.5818      90.2403      32.5385      92.2910    0.0784      42.6860      34.9748  0.506  0.487  762 
   54260.167300    -172.6188     106.4612    -135.3267     107.3849    0.0370      84.5423      75.7457  0.895  0.742  762 
   54261.167200    -614.5557     142.5188    -625.7671     142.8437    0.1558     302.3176     291.1663  1.426  1.532  762 
   54264.169000     184.7209      99.1299     169.2383     100.4776    0.0871      -6.1727      -5.3519  0.011 -0.070  762 
   54265.188900     -24.9880     110.5777     -75.8809     111.2567    0.0246      29.3135      26.9874  0.241  0.212  762 
   54384.475400       0.8753     113.4903      -9.8934     114.5289    0.0489     -83.4460     -75.6258 -0.570 -0.506  762 
   54384.485900    -234.3053     115.0240    -251.4482     115.9959    0.1613    -106.6916     -97.2976 -0.850 -0.625  762 
   54385.512900      43.9773     178.2808      37.5570     178.5799    0.0214      20.9443      20.0170 -0.183  0.198  762 
   55884.428500    -664.8218     456.6509    -689.8631     456.6933    0.3230   -1373.9075   -1363.9600 -7.194 -6.594  762 
   55889.438100    -120.4093     132.9462    -217.8410     136.3692    0.0927       2.7479       2.2301 -0.088  0.029  762 
   56301.281100     467.5341     175.7242     472.5578     177.0731    0.2003    -112.7192    -103.5191 -0.569 -0.635  762 
