   54116.305800    1896.2871     204.0015    1774.7994     204.7474    0.3784    -408.0381    -395.5191 -1.038 -1.211  762 
   54127.315500    1109.0384     255.6146    1048.7724     255.9299    0.5108     686.6993     665.5526  4.585  4.267  762 
   54127.409800    1676.9247     200.7963    1662.9796     201.5455    0.7111     796.0004     752.9645  4.303  4.616  762 
   54127.505600    1666.7932     147.3766    1584.0491     150.7512    0.7455     136.1132     115.1881  0.786  0.752  762 
   54149.242500    -837.8018     138.6281    -874.8176     142.8951    0.3531     243.0377     200.7149  1.167  1.276  762 
   54149.261900   -1913.0332     168.3515   -2163.1128     169.1417    0.5312    -707.6005    -676.2390 -2.628 -2.401  762 
   54152.347000    -678.3595     125.9832    -956.4149     131.6562    0.3350     181.6341     136.4269  1.460  1.319  762 
   54201.227200    -983.0033     164.4123   -1013.0757     166.0064    0.3004     251.8923     235.0220  0.499  0.939  762 
   54201.240900    -290.7453     146.3269    -325.7523     148.9571    0.1162      87.8107      77.5631  0.284  0.405  762 
   54201.251200    -465.9271     152.0782    -509.8918     154.3330    0.2169      23.6914      21.3739  0.557  0.100  762 
   54230.228100     823.3621     112.8512     776.1553     119.2204    0.7011      62.9729      44.3069  0.794  0.631  762 
   54260.167300    -156.3966     126.7121    -190.9897     130.2965    0.0677     104.4630      84.3406  1.074  0.843  762 
   54261.167200    -436.3754     157.7828    -484.5867     159.1398    0.1678     123.8676     114.4852  0.776  0.611  762 
   54264.169000   -1116.9539     119.9753   -1039.9559     124.7105    0.3694     190.1955     144.5401  1.371  1.945  762 
   54265.188900    -895.2045     128.1022    -881.8958     130.6122    0.2843     245.1471     209.0374  1.292  1.650  762 
   54384.475400     271.1925     134.3026     366.8364     137.8633    0.2474     171.3156     142.9648  1.096  0.964  762 
   54384.485900     376.7018     135.7414     412.0966     139.0766    0.1579      14.1699      11.9789  0.104  0.077  762 
   54385.512900     206.6455     193.5531     229.3818     194.9418    0.1601     307.9100     279.0595  2.343  2.781  762 
   55884.428500    -647.6234     464.1567    -670.0716     464.3537    0.2884   -1154.3478   -1134.8783 -5.305 -5.517  762 
   55889.438100     411.6287     167.4282     199.9268     177.3619    0.0046    -265.6488    -185.5701 -2.288 -2.445  762 
   56301.281100    2012.2123     206.7856    2016.5268     211.5374    0.6460     -59.9250     -51.1631 -0.646 -0.315  762 
