   54116.305800    2148.1365     191.0799    2065.0886     191.6833    0.3179    -885.5500    -860.9490 -2.611 -2.598  762 
   54127.315500     565.9778     247.1563     531.0333     247.3659    0.0429    -364.9875    -355.6324 -2.083 -2.302  762 
   54127.409800     692.7161     193.2428     674.8456     193.7714    0.2220      47.6910      45.5135  0.349  0.278  762 
   54127.505600     659.1063     136.6025     566.7355     139.1547    0.2439    -133.9074    -115.4200 -0.968 -0.749  762 
   54149.242500   -1774.0567     128.5108   -1747.4878     131.7845    0.6210     -95.4548     -80.2263 -0.583 -0.505  762 
   54149.261900    4566.2670     165.0356    4403.7320     165.4930    0.6946    -377.9205    -365.4438 -1.002 -1.217  762 
   54152.347000    -735.8547     115.9408    -896.9560     120.1733    0.4619     -42.6352     -33.1938 -0.495 -0.313  762 
   54201.227200    1411.7925     152.6479    1381.9437     153.8810    0.4120    -138.9162    -130.5283 -0.411 -0.520  762 
   54201.240900    1265.4269     135.4369    1315.8428     137.2075    0.4830    -154.5947    -139.4560 -0.673 -0.714  762 
   54201.251200    1644.0513     140.5587    1636.9856     142.1503    0.4888    -322.5627    -295.6624 -1.196 -1.365  762 
   54230.228100     868.1781     103.5604     775.9084     108.1659    0.3943      15.4260      11.4011 -0.093  0.157  762 
   54260.167300    -474.8483     117.9052    -464.7221     120.4524    0.1867     -44.6875     -37.2583 -0.362 -0.369  762 
   54261.167200   -1430.7672     150.4891   -1481.6486     151.6521    0.5522    -110.6757    -102.7287 -0.815 -0.551  762 
   54264.169000    -656.3256     111.2002    -728.1622     114.5861    0.2141     -69.9971     -55.4098 -0.464 -0.738  762 
   54265.188900    -540.9344     120.6426    -612.4763     122.3750    0.1880     102.5697      89.9365  0.530  0.692  762 
   54384.475400    1589.0422     122.5649    1598.4167     125.1236    0.3760     165.6816     141.4036  1.034  0.954  762 
   54384.485900    1590.2796     123.9765    1573.5392     126.4142    0.3777     173.7371     149.9394  1.041  0.965  762 
   54385.512900    1355.6461     187.6219    1333.1271     188.4350    0.3108     309.1667     287.2591  2.616  2.785  762 
   55884.428500    1184.1453     454.5803    1160.0023     454.6970    0.2586     441.5665     435.6847  2.102  2.138  762 
   55889.438100     388.8009     152.5999    -122.9735     160.4101    0.0154      45.0981      32.8329  0.672  0.424  762 
   56301.281100    -502.6645     192.1232    -443.6997     195.9419    0.1056     -13.6835     -11.8066 -0.102 -0.073  762 
