   54116.305800  156946.6126       7.8038  156946.6126       7.8038      -nan -156946.6126 -156946.6126 -523.199 -481.448  762 
   54127.315500    1061.1032       4.8343    1061.1032       4.8343      -nan   -1061.1032   -1061.1032 -38.420 -6.215  762 
   54127.409800    9792.2346       4.9061    9792.2346       4.9061      -nan   -9792.2346   -9792.2346 -65.690 -56.175  762 
   54127.505600   25757.5880       4.7746   25757.5880       4.7746      -nan  -25757.5880  -25757.5880 -192.442 -165.050  762 
   54149.242500   16001.9217       4.7960   16001.9217       4.7960      -nan  -16001.9217  -16001.9217 -138.956 -99.701  762 
   54149.261900   92421.0960       6.5964   92421.0960       6.5964      -nan  -92421.0960  -92421.0960 -659.724 -354.660  762 
   54152.347000    5040.7309       3.9062    5040.7309       3.9062      -nan   -5040.7309   -5040.7309 -52.630 -44.290  762 
   54201.227200   16134.1635       6.1548   16134.1635       6.1548      -nan  -16134.1635  -16134.1635 -114.071 -66.903  762 
   54201.240900   25498.0541       5.3432   25498.0541       5.3432      -nan  -25498.0541  -25498.0541 -157.367 -132.461  762 
   54201.251200   31657.2801       5.6792   31657.2801       5.6792      -nan  -31657.2801  -31657.2801 -187.280 -149.559  762 
   54230.228100    -357.9088       3.0037    -357.9088       3.0037      -nan     357.9088     357.9088  7.817  5.101  762 
   54260.167300       0.0000       3.5723       0.0000       3.5723      -nan       0.0000       0.0000 -5.292  0.000  762 
   54261.167200    3364.3867       5.0246    3364.3867       5.0246      -nan   -3364.3867   -3364.3867 -41.767 -18.603  762 
   54264.169000       0.0000       3.0892       0.0000       3.0892      -nan       0.0000       0.0000  4.597  0.000  762 
   54265.188900     517.3706       4.1341     517.3706       4.1341      -nan    -517.3706    -517.3706 -20.212 -4.079  762 
   54384.475400   11271.0838       4.6334   11271.0838       4.6334      -nan  -11271.0838  -11271.0838 -86.736 -73.683  762 
   54384.485900   11192.6080       4.8088   11192.6080       4.8088      -nan  -11192.6080  -11192.6080 -88.365 -68.350  762 
   54385.512900    1881.8106       3.6908    1881.8106       3.6908      -nan   -1881.8106   -1881.8106 -28.416 -18.340  762 
   55884.428500       0.0000       5.7121       0.0000       5.7121      -nan       0.0000       0.0000 -157.794  0.000  762 
   55889.438100     605.0366       3.1961     605.0366       3.1961      -nan    -605.0366    -605.0366 -13.470 -7.635  762 
   56301.281100       0.0000       4.9007       0.0000       4.9007      -nan       0.0000       0.0000 -85.196  0.000  762 
