   54116.305800    4219.7352     238.7799    4184.2541     239.2316    0.0266   -4067.4688   -4040.0739 -15.813 -12.382  762 
   54127.315500    1606.2377     261.0202    1590.9841     261.0864    0.5789    1479.4707    1466.5365  3.248  9.268  762 
   54127.409800     960.6042     207.6653     933.5638     207.8472    0.5489     943.4801     928.2916  1.766  5.639  762 
   54127.505600    -112.6769     154.9797    -136.9688     155.5865    0.1309    -257.9201    -244.5552 -6.006 -1.579  762 
   54149.242500    1138.6814     145.8259    1127.3212     146.4518    0.1673    -727.5971    -689.4556 -8.914 -4.349  762 
   54149.261900    1605.1162     183.5375    1534.5045     183.7533    0.5804   -5276.6608   -5213.0511 -24.280 -18.816  762 
   54152.347000    1475.2100     122.4550    1383.2927     123.5287    0.2381    -405.3984    -367.5641 -8.497 -3.496  762 
   54201.227200      26.8497     187.0266     -86.8941     187.6069    0.2745    -976.7069    -961.1205 -6.104 -3.833  762 
   54201.240900     -11.4490     159.1496     -74.7039     159.6369    0.3352   -1028.2383    -993.5705 -7.618 -5.177  762 
   54201.251200      90.0205     168.5196      14.8024     168.9937    0.3737   -1381.8816   -1345.1875 -9.281 -6.289  762 
   54230.228100     -96.8760     105.6129     -64.0704     107.1556    0.0130      51.8161      44.6833 -0.695  0.624  762 
   54260.167300     947.7907     123.3100     999.1643     123.9774    0.5337     254.2824     235.6198  2.954  2.319  762 
   54261.167200     877.2482     166.8375     850.9055     167.1259    0.2696     -18.4139     -18.0495 -1.064 -0.096  762 
   54264.169000     855.3932     112.1049     882.5444     113.0974    0.4231     186.3446     166.8795 -0.918  2.190  762 
   54265.188900     370.3141     128.6726     357.7629     129.1423    0.2968     455.5073     431.2673  2.883  3.385  762 
   54384.475400    2610.7408     140.1101    2592.0660     140.6690    0.6031    -841.4969    -798.6457 -5.894 -5.323  762 
   54384.485900    1899.6755     142.9521    1827.5396     143.5175    0.2982    -859.3427    -818.6997 -6.331 -5.215  762 
   54385.512900    1242.0379     190.8592    1227.4195     191.1152    0.2575    -406.7820    -391.9170 -4.028 -3.869  762 
   55884.428500     836.3097     474.9951     809.7817     475.0529    0.3185   -2839.1062   -2821.6526 -11.312 -13.592  762 
   55889.438100    -509.7669     159.2059    -685.5243     161.7074    0.3383    -324.1856    -278.7881  1.345 -3.603  762 
   56301.281100   -1503.6171     225.0051   -1538.8594     226.0411    0.6413    -741.6460    -703.2341  0.918 -4.287  762 
