   54116.305800   -2297.9134     234.2082   -2639.6013     236.6445    0.5685   -1230.6554   -1207.5544 -4.203 -3.705  762 
   54127.315500   -2768.6847     261.0209   -2987.6497     261.5800    0.1987    1936.8990    1918.2062 12.440 12.140  762 
   54127.409800   -1296.5997     207.3756   -1426.6665     208.5205    0.0129    1500.6962    1467.8521  9.112  8.939  762 
   54127.505600    -139.7070     151.0072    -267.3735     152.5786    0.0568     121.5651     114.9992  0.915  0.745  762 
   54149.242500   -1874.8242     142.0323   -2348.4273     144.3379    0.3379      60.8848      57.4874  0.807  0.364  762 
   54149.261900   -5301.3365     181.1116   -5948.7250     182.5053    0.7551   -3032.4912   -2984.4643 -10.741 -10.793  762 
   54152.347000    -323.4056     118.5525    -543.2686     119.9754    0.1019     -30.1466     -27.4090  0.499 -0.261  762 
   54201.227200   -2009.4442     182.8803   -2441.2957     185.8019    0.5378    -219.8915    -213.3721 -1.287 -0.852  762 
   54201.240900   -1145.0301     155.7561   -1621.8258     158.1623    0.3821    -415.8718    -397.8872 -2.435 -2.077  762 
   54201.251200   -1452.3011     164.9760   -1886.1862     167.5416    0.4668    -465.9983    -448.4062 -2.329 -2.100  762 
   54230.228100     283.1728     100.4305     301.5120     101.8654    0.2267     106.9260      93.3788  1.287  1.317  762 
   54260.167300     827.6407     120.1799     909.7562     121.2746    0.3370      95.0538      88.2586  1.391  0.875  762 
   54261.167200     642.2876     165.1848     699.3753     166.9217    0.2833     161.7909     157.2444  1.087  0.834  762 
   54264.169000     249.3046     108.4397     295.1257     109.4476    0.1895     275.9185     248.8062  3.887  3.294  762 
   54265.188900    1113.9723     125.8589    1242.4551     126.9874    0.4411     259.0146     245.5637  2.046  1.938  762 
   54384.475400   -3289.8418     138.6625   -4015.0872     141.1980    0.4492    -147.6286    -139.0549 -0.409 -0.931  762 
   54384.485900   -2347.0174     140.5558   -3024.9362     143.0591    0.3880    -134.7746    -127.7872 -0.661 -0.817  762 
   54385.512900   -1691.4577     188.0556   -1909.7570     188.5086    0.2492    -169.8960    -165.8044 -1.054 -1.651  762 
   55884.428500    -439.6895     472.4901    -527.3500     472.7807    0.3916   -2301.9212   -2289.8607 -12.233 -11.056  762 
   55889.438100    -380.3027     150.9062    -527.6873     153.4295    0.2362    -342.0133    -300.7426 -4.914 -3.932  762 
   56301.281100    -185.0380     218.3143    -291.4088     222.5337    0.3260    -546.0988    -514.3917 -3.829 -3.145  762 
