   54116.305800     356.0119     182.3943     287.9690     182.8538    0.3724    1111.1552    1083.1369  2.861  3.309  762 
   54127.315500    -609.7701     242.7915    -635.5666     242.9495    0.2887    1724.1577    1685.2746 11.257 11.067  762 
   54127.409800       3.3133     186.9482     -17.8490     187.3543    0.4962    1494.5796    1432.9855  9.109  8.934  762 
   54127.505600    -479.9209     130.2898    -543.6912     132.4316    0.0877     470.9153     409.2237  2.739  2.681  762 
   54149.242500     -62.9695     118.5935    -143.8137     121.2938    0.0676     300.4520     255.0590  1.568  1.627  762 
   54149.261900    1057.5322     156.1641    1036.6842     156.4643    0.4513    1176.8636    1144.2688  3.936  3.956  762 
   54152.347000      -7.0954     106.5892    -168.8510     110.1968    0.0878      46.7347      36.5698  0.489  0.360  762 
   54201.227200     597.4307     144.8471     548.5894     145.7827    0.2272     -33.8674     -32.0001 -0.315 -0.127  762 
   54201.240900     883.1240     127.1074     825.8358     128.6571    0.4289     -21.6701     -19.5606  0.079 -0.102  762 
   54201.251200     306.6192     132.7297     279.9215     134.0769    0.2507     225.1911     206.8522  0.792  0.964  762 
   54230.228100     591.8192      96.2906     530.0456     100.1537    0.5366     -30.7335     -23.1147 -0.343 -0.327  762 
   54260.167300    -487.7052     111.4030    -464.7134     113.3698    0.2890     -92.2095     -78.0988 -0.627 -0.776  762 
   54261.167200    -410.5877     143.7874    -477.8694     144.5568    0.1689      99.1568      93.2560  0.617  0.493  762 
   54264.169000    -626.6495     104.9459    -554.2682     107.5219    0.3046     -60.0897     -48.6520 -0.668 -0.651  762 
   54265.188900    -421.7029     114.0842    -435.4370     115.4469    0.2422     -73.2724     -64.8516 -0.469 -0.511  762 
   54384.475400    -500.0002     116.4054    -529.0761     118.7481    0.2069     177.8273     152.2368  0.935  1.033  762 
   54384.485900    -555.5078     117.5469    -547.7140     119.7112    0.2664     116.8374     101.0408  0.768  0.659  762 
   54385.512900    -532.2991     181.6588    -552.1667     182.3402    0.1843      98.3041      91.6289  0.941  0.915  762 
   55884.428500    -421.5717     453.1522    -462.1684     453.2507    0.0726      58.1407      57.4440 -0.189  0.281  762 
   55889.438100      80.9927     141.7591     -96.3392     148.1217    0.0006     132.6797      97.8931  1.003  1.302  762 
   56301.281100    1728.1122     177.7790    1734.5688     180.6299    0.6903     -74.6460     -65.3080 -0.497 -0.407  762 
