   54116.305800      33.2801     201.5585    -104.5127     201.9735    0.1029     565.3700     552.5084  1.493  1.693  762 
   54127.315500    -706.8330     250.8089    -747.3504     250.9419    0.3121    2031.2440    1992.4333 12.875 12.826  762 
   54127.409800     357.4395     194.7024     322.8533     194.9967    0.5837    1811.9771    1751.0702 10.758 10.803  762 
   54127.505600       2.9917     139.2306     -50.5812     140.2969    0.2438     546.2350     495.2455  3.178  3.211  762 
   54149.242500     747.1614     128.0410     716.2879     129.3245    0.4969     325.6960     292.2813  1.535  1.850  762 
   54149.261900    -852.9402     164.4834    -911.7155     164.7445    0.3012    -336.0628    -327.0067 -1.499 -1.163  762 
   54152.347000     850.8418     111.3184     756.6411     112.8048    0.2337    -337.4096    -290.1314 -2.939 -2.813  762 
   54201.227200     296.5071     159.4128     288.4383     160.0153    0.1260       4.0729       3.9031  0.256  0.015  762 
   54201.240900     197.4374     138.6677     177.3898     139.5674    0.1333     120.6795     111.9446  0.436  0.583  762 
   54201.251200     215.0864     145.3284     213.5097     146.1179    0.1315      94.4170      88.7355  0.200  0.414  762 
   54230.228100     493.8564      97.7657     526.7794      99.2200    0.5468      90.8807      76.2227  0.789  1.063  762 
   54260.167300      52.5272     115.4435      72.9130     116.3944    0.1428     162.5930     145.2462  1.365  1.426  762 
   54261.167200     647.4269     151.7418     626.1956     152.1799    0.4144     408.8807     391.0193  2.311  2.052  762 
   54264.169000      -2.1242     106.1480      18.1141     107.2123    0.0456      78.4030      68.5297  1.009  0.896  762 
   54265.188900    -202.2065     119.1202    -204.3597     119.8363    0.0262     286.4078     262.1430  2.046  2.059  762 
   54384.475400      86.6571     125.3551      31.7616     126.5394    0.0787    -218.4153    -196.6794 -1.234 -1.317  762 
   54384.485900    -100.4508     127.0266    -163.9354     128.1986    0.0689      -6.7792      -6.1376 -0.613 -0.040  762 
   54385.512900     451.1975     183.9351     428.9862     184.2318    0.1296     -44.8007     -42.7211 -0.616 -0.423  762 
   55884.428500    -817.7863     462.3691    -856.5818     462.4397    0.3821   -1530.7599   -1515.5219 -7.173 -7.309  762 
   55889.438100    -327.4487     146.2917    -506.9550     149.0389    0.2237    -143.8852    -118.8798 -1.614 -1.549  762 
   56301.281100     -46.8959     195.8206    -105.4998     197.6036    0.1528    -294.7963    -267.8600 -1.990 -1.646  762 
