   54116.305800     570.7156     183.5453     511.3823     183.7396    0.2409   -1308.6792   -1290.4825 -3.728 -3.932  762 
   54127.315500     648.7198     245.5339     627.9915     245.5959    0.3194   -1586.5861   -1565.5668 -9.641 -9.838  762 
   54127.409800     168.8593     186.5736     176.4596     186.7332    0.0108    -205.4266    -200.3799 -1.779 -1.207  762 
   54127.505600     313.1246     124.4598     305.5561     125.4168    0.0112    -352.2887    -321.8365 -2.141 -2.088  762 
   54149.242500    -106.5585     113.2343     -80.4359     114.4559    0.0321     143.0770     128.6993  0.434  0.813  762 
   54149.261900    -609.9277     153.7154    -676.8359     153.8901    0.5235   -1605.5547   -1572.9332 -5.099 -5.560  762 
   54152.347000     -86.0428     100.2446     -97.2497     102.0185    0.0160     141.2037     120.4757  0.784  1.121  762 
   54201.227200    -364.3971     141.4307    -386.9779     141.8449    0.1352     117.6410     113.4464  0.278  0.457  762 
   54201.240900    -319.8791     123.8048    -339.7246     124.5471    0.1663      27.7334      25.9461  0.108  0.134  762 
   54201.251200    -294.9100     129.3356    -314.4342     129.9367    0.1396      13.3757      12.6659 -0.043  0.059  762 
   54230.228100     -61.7537      88.8055    -114.0384      91.2220    0.0791      46.3133      37.3388  0.682  0.526  762 
   54260.167300    -458.5963     104.4781    -519.4570     105.6677    0.3181      16.3990      14.4906  0.018  0.145  762 
   54261.167200    -160.8260     138.5179    -180.1068     138.8584    0.0345     107.2830     102.9703  0.064  0.555  762 
   54264.169000      30.0225      97.1333       1.2873      98.6484    0.0431      82.4214      70.4926  0.761  0.948  762 
   54265.188900      15.9550     108.8929      16.4726     109.5221    0.0119     -44.9579     -41.4288 -0.350 -0.324  762 
   54384.475400    -155.9390     110.9126    -197.5262     112.0628    0.0019     214.7931     193.6846  1.117  1.300  762 
   54384.485900      23.4224     112.6315      -1.1594     113.6506    0.0428      82.8820      75.4872  0.836  0.481  762 
   54385.512900     188.6816     177.6218     169.7489     177.9423    0.0654      17.1525      16.3860  0.672  0.162  762 
   55884.428500    -179.1580     452.1001    -202.9292     452.1395    0.1681    -716.0895    -710.9361 -3.911 -3.458  762 
   55889.438100      49.7622     130.2163      50.9010     133.6364    0.0172    -101.3646     -81.8246 -1.220 -1.063  762 
   56301.281100      63.0948     172.4466      33.1071     173.9440    0.0034     -42.3648     -38.6957  0.032 -0.236  762 
