   54116.305800    1160.7022     192.2676    1056.9393     192.7041    0.3647   -2640.6775   -2578.4616 -8.096 -7.794  762 
   54127.315500    -524.8464     252.7178    -546.0415     252.8404    0.6127   -2600.4313   -2552.0512 -16.432 -15.727  762 
   54127.409800      31.1345     195.4302      -2.8589     195.7318    0.4655   -1531.8662   -1479.2142 -9.188 -8.728  762 
   54127.505600     356.3940     133.7358     333.6779     134.8795    0.1966    -794.4977    -713.2999 -4.699 -4.606  762 
   54149.242500     329.4219     124.3219     239.0725     125.8888    0.0641    -452.2216    -398.3098 -2.526 -2.488  762 
   54149.261900    3664.6450     159.1406    3583.2754     159.3863    0.1951   -2490.6035   -2428.6932 -8.799 -8.460  762 
   54152.347000    -377.3503     111.5197    -444.4092     113.0656    0.2893    -101.6628     -86.4882 -0.603 -0.776  762 
   54201.227200      65.8651     150.3611      41.6001     151.1576    0.0782    -213.7318    -202.2803 -0.807 -0.824  762 
   54201.240900     760.3659     133.8632     728.4975     134.8877    0.2115    -309.8236    -285.1288 -1.728 -1.458  762 
   54201.251200     708.8100     138.9801     692.5408     139.9072    0.1041    -489.9004    -456.1449 -2.304 -2.121  762 
   54230.228100     159.7149      95.9285     102.8395      97.3094    0.0873      28.5197      23.5382  0.607  0.328  762 
   54260.167300     247.3578     111.6600     212.1647     112.6852    0.0848     -55.8806     -49.2338 -0.232 -0.497  762 
   54261.167200     957.0669     145.2119     939.9652     145.7763    0.2678    -257.9890    -243.7763 -1.390 -1.337  762 
   54264.169000     415.9055     102.3627     414.9633     103.2198    0.1535     -91.4762     -79.5911 -0.993 -1.076  762 
   54265.188900     839.1112     116.3302     775.4309     117.0489    0.2546    -121.8460    -111.1352 -0.355 -0.858  762 
   54384.475400    1045.3103     120.1080     925.5196     121.4058    0.2372     -67.6640     -60.1877 -0.309 -0.401  762 
   54384.485900    1083.4045     122.5189     980.1038     123.7633    0.2421     -67.2403     -60.3158 -0.358 -0.378  762 
   54385.512900     370.9427     184.2848     345.7664     184.5630    0.0990      32.0574      30.5666  0.470  0.294  762 
   55884.428500    1045.1912     454.4943    1013.1248     454.5588    0.0403    -770.0377    -762.5796 -2.945 -3.708  762 
   55889.438100    -354.9823     142.5962    -493.5270     145.0245    0.1388      46.7379      38.2148  0.396  0.485  762 
   56301.281100     655.4019     188.0363     520.9912     190.0647    0.1151    -157.9190    -141.5741 -0.929 -0.857  762 
