   54116.305800    1432.1288     209.5712    1382.3923     209.7742    0.2504    -464.0365    -457.1622 -1.549 -1.402  762 
   54127.315500     314.1289     255.3847     294.4347     255.4502    0.5326    2090.6800    2064.3548 12.735 12.899  762 
   54127.409800     680.2076     197.7637     678.2314     197.9228    0.7129    2071.2109    2022.8772 12.058 12.196  762 
   54127.505600     596.0468     140.8138     572.9761     141.5230    0.5444     460.0437     428.1458  2.948  2.752  762 
   54149.242500     139.5961     130.7952     137.7538     131.6505    0.2500     328.1200     302.8242  1.273  1.904  762 
   54149.261900    1389.8930     165.1478    1322.5849     165.3116    0.4469   -3222.0392   -3157.6863 -11.344 -11.530  762 
   54152.347000       0.0000       3.7684       0.0000       3.7684      -nan       0.0000       0.0000  0.000  0.000  762 
   54201.227200     168.4394     163.8711     133.3330     164.2325    0.1312     170.8817     165.5976  0.550  0.662  762 
   54201.240900      22.8571     141.8073      27.8584     142.3351    0.0958     151.2383     143.3409  0.904  0.746  762 
   54201.251200     479.9399     148.9511     436.2357     149.4396    0.2398      97.7961      93.4601  0.144  0.437  762 
   54230.228100      28.9352      97.8280      32.5220      99.5433    0.1598     121.1780     102.7891  1.668  1.429  762 
   54260.167300     135.6635     114.9429     173.4036     115.7193    0.3082     444.5487     404.9802  3.371  3.976  762 
   54261.167200     327.2911     153.4704     299.0789     153.7367    0.3237     550.0640     532.1857  2.875  2.822  762 
   54264.169000    -298.8879     106.1082    -296.1937     107.3100    0.0717     192.9381     170.1897  2.624  2.219  762 
   54265.188900     167.1795     119.4164     174.9811     119.9494    0.2741     449.5902     419.3407  3.075  3.288  762 
   54384.475400     684.5995     127.0309     676.4466     127.7707    0.2960     -99.8863     -92.5743 -0.705 -0.614  762 
   54384.485900    1068.9874     129.1107     987.7868     129.8455    0.3920    -195.7431    -182.2646 -0.975 -1.153  762 
   54385.512900     665.7217     184.7430     654.1515     185.0172    0.2328     -55.9354     -53.6775 -0.768 -0.528  762 
   55884.428500     364.8157     466.4300     334.0402     466.4747    0.3923   -2758.9878   -2738.5798 -14.213 -13.136  762 
   55889.438100     405.1216     145.3910     363.4508     147.9239    0.0503    -311.7650    -265.6072 -4.202 -3.407  762 
   56301.281100       5.2357     199.7599      10.6608     200.8429    0.0044     -19.0698     -17.7984 -0.228 -0.108  762 
