   54116.305800    1128.5417     199.2398    1016.7951     199.8066    0.3608   -2474.3252   -2408.3153 -6.950 -7.347  762 
   54127.315500    -104.3428     260.7277    -122.8459     260.9087    0.6305   -3077.0705   -3008.6048 -18.272 -18.108  762 
   54127.409800    -116.9891     202.0980    -164.5053     202.6381    0.5333   -1618.1426   -1546.9968 -9.196 -9.041  762 
   54127.505600    -125.9988     142.2653    -143.3984     144.6208    0.3937    -734.2888    -637.4879 -4.117 -4.109  762 
   54149.242500     -54.9372     131.9805     -95.0145     134.8932    0.1399    -191.5345    -163.1373 -1.053 -1.020  762 
   54149.261900     466.5993     158.7449     340.9308     159.2520    0.3875   -1986.3109   -1912.5434 -7.374 -7.025  762 
   54152.347000    -933.6683     120.4127   -1105.7247     123.7852    0.4107     109.4000      88.0527  0.803  0.784  762 
   54201.227200     302.5539     155.5087     333.3162     156.6398    0.1024     -88.6991     -83.3162 -0.217 -0.342  762 
   54201.240900     186.2853     140.1971     144.1954     142.0171    0.0502     -31.4114     -28.3012 -0.156 -0.146  762 
   54201.251200     110.9142     145.1433      23.6736     146.7854    0.0349      66.1115      60.4401  0.217  0.284  762 
   54230.228100     314.4297     105.6920     314.0095     109.9759    0.3547      49.2835      36.5836  0.510  0.517  762 
   54260.167300     -15.3741     119.6598     -33.8873     122.2296    0.0422     -44.7919     -37.1553 -0.278 -0.378  762 
   54261.167200    -339.6816     150.5764    -317.2405     151.5768    0.0849     124.3646     115.7605  0.694  0.637  762 
   54264.169000      -5.3986     112.0049      38.6111     115.0088    0.0298      26.9499      21.4911  0.523  0.291  762 
   54265.188900     -74.9552     122.5593     -68.4486     124.2268    0.0006      76.7438      67.1859  0.426  0.526  762 
   54384.475400     770.7774     128.3670     679.1861     130.9712    0.3066     -24.6155     -21.0859 -0.063 -0.139  762 
   54384.485900     443.9853     130.6673     387.2852     133.0531    0.2350     149.7205     130.2706  0.685  0.809  762 
   54385.512900     443.5543     189.8966     441.2046     190.7197    0.1591     117.2349     108.6144  1.090  1.058  762 
   55884.428500     660.4350     461.3188     622.5414     461.4436    0.0294    -450.9146    -444.9006 -2.104 -2.141  762 
   55889.438100     -25.8697     156.9833    -131.9125     163.5637    0.1027     -96.5415     -71.7408 -1.007 -0.913  762 
   56301.281100     202.1501     200.1292     149.1870     203.7806    0.0588     -54.7375     -47.7518 -0.582 -0.287  762 
