   54116.305800    1052.8122     275.3476    1020.6315     279.8948    0.3551   -3249.6502   -3179.2214 -9.003 -9.774  762 
   54127.315500     205.0443     278.4864      95.9383     279.7507    0.4161    2036.2639    2006.4746 13.161 12.694  762 
   54127.409800     198.7089     227.0255     217.2792     228.9745    0.5162    1708.2484    1668.0608 10.943 10.178  762 
   54127.505600     403.3631     180.1993     342.6510     183.7063    0.1433      -0.7292      -0.6779  0.750 -0.004  762 
   54149.242500    -449.6108     172.7397    -524.6350     177.1992    0.2498    -469.3431    -435.1336 -1.853 -2.763  762 
   54149.261900   -3919.0650     206.7774   -4057.9271     209.4938    0.7919   -4813.5558   -4716.8016 -16.784 -17.199  762 
   54152.347000       0.0000       3.7243       0.0000       3.7243      -nan       0.0000       0.0000 -1.410  0.000  762 
   54201.227200     371.5984     219.0864     337.3899     224.1032    0.0259    -272.1642    -260.5727 -1.110 -1.042  762 
   54201.240900    -752.5377     187.5526    -909.2790     192.0753    0.4751    -633.0616    -596.7193 -2.751 -3.126  762 
   54201.251200    -629.2108     198.3311    -714.0978     203.0193    0.5018    -810.3772    -770.2263 -3.202 -3.617  762 
   54230.228100      67.3313     119.1649     127.9614     121.0989    0.1208     132.8741     115.9736  2.635  1.653  762 
   54260.167300      11.7641     140.0088      46.6743     142.0445    0.1213     385.5215     356.6934  5.477  3.559  762 
   54261.167200    -810.4839     191.5037    -704.8738     194.7885    0.1477     248.8607     238.2247  3.306  1.267  762 
   54264.169000    -649.0629     125.6390    -651.4089     127.1647    0.0742     417.7098     373.2692  6.288  4.984  762 
   54265.188900      88.7394     145.1222     115.2573     147.1413    0.1829     853.7927     801.2900  9.100  6.357  762 
   54384.475400   -2273.9598     165.4769   -2276.2800     168.8768    0.5463    -456.1437    -423.6843 -1.879 -2.838  762 
   54384.485900   -2016.9298     169.4462   -2066.2078     173.3377    0.4063    -606.6922    -565.2159 -2.279 -3.617  762 
   54385.512900   -1013.5207     202.8502   -1041.7464     203.6564    0.1954    -233.2300    -224.7624 -1.221 -2.247  762 
   55884.428500    -971.9713     490.9068   -1081.2164     491.5226    0.5437   -4061.2556   -4030.9002 -18.312 -19.437  762 
   55889.438100     487.5618     178.3118     376.6386     181.4866    0.0070    -475.1011    -418.8217 -8.256 -5.507  762 
   56301.281100   -1868.3751     263.1807   -2094.0338     269.5396    0.5033   -1481.4768   -1385.0624 -9.917 -8.479  762 
