   54116.305800    1432.3231     181.6176    1333.2238     182.1807    0.2863   -2493.2603   -2423.6149 -7.022 -7.269  762 
   54127.315500    -471.3550     249.0749    -513.5078     249.2685    0.7441   -4748.6750   -4636.2148 -28.412 -28.790  762 
   54127.409800    -269.6208     192.5756    -309.2135     193.0916    0.6774   -2580.6986   -2465.9899 -14.661 -14.494  762 
   54127.505600      28.3562     130.3383     -34.5026     132.8801    0.4542    -938.0438    -804.0377 -5.131 -5.213  762 
   54149.242500    -125.6562     120.9119    -230.9657     124.1402    0.2698    -353.6559    -295.4409 -1.862 -1.844  762 
   54149.261900    3867.2117     157.8531    3735.9088     158.2767    0.4255   -2004.0114   -1937.8278 -6.787 -6.516  762 
   54152.347000     143.5030     110.7505      34.2318     114.3200    0.0054     -56.7842     -44.8802 -0.382 -0.399  762 
   54201.227200     425.6652     143.2041     427.9737     144.5286    0.1305    -153.4101    -142.6769 -0.600 -0.585  762 
   54201.240900     288.8885     129.3629     199.5645     131.3209    0.0709     -78.2843     -69.9838 -0.399 -0.355  762 
   54201.251200     279.3543     133.4137     231.6134     135.1258    0.0170    -219.8199    -199.6828 -0.838 -0.925  762 
   54230.228100      59.4710      99.3053      79.2624     103.6726    0.0568     -39.6666     -29.0973 -0.491 -0.404  762 
   54260.167300      57.7709     111.9546     135.7594     114.3703    0.0943      23.5836      19.5207  0.367  0.199  762 
   54261.167200     264.8164     141.8654     235.1411     142.9847    0.0237    -199.6174    -184.0895 -1.188 -1.027  762 
   54264.169000     241.5697     105.4073     267.0469     108.4353    0.1717      20.9008      16.5141  0.396  0.227  762 
   54265.188900     -26.4206     115.8685     -32.5938     117.4103    0.0373     -38.3070     -33.6640 -0.100 -0.258  762 
   54384.475400     445.4135     117.1066     418.7974     119.8101    0.2483      92.4962      78.0381  0.337  0.524  762 
   54384.485900     159.1207     119.2907     130.3618     121.7942    0.0790      30.2004      25.8444  0.384  0.163  762 
   54385.512900      -0.0616     186.2403     -24.9862     186.9532    0.0468    -109.2645    -101.7218 -0.861 -0.971  762 
   55884.428500     482.1471     448.6622     467.1559     448.7640    0.1199     206.3832     203.8098  0.733  1.003  762 
   55889.438100    -263.1456     145.7074    -360.8575     152.5456    0.1651      80.9277      58.6178  0.415  0.747  762 
   56301.281100     -87.5872     182.1481    -168.8070     186.1299    0.0844      14.3825      12.2854  0.055  0.075  762 
