    127.3960037    890.5239868  505  Rlc01170.126.890    127.3960037    890.5239868     -7.1719999      0.0259000  Vlc01139.126.889    127.3870010    890.4660034     -7.1389999      0.0306000  Blc02056.127.889    127.5979996    890.2559814     -7.1970000      0.0298000  Ulc03066.127.889    127.5339966    890.1060181     -7.7719998      0.0381000
    168.3150024   1247.6340332  10584-m81-field-8-9  Rlc01215.167.1247    168.3150024   1247.6340332     -7.4710002      0.0101000  Vlc00067.167.1247    168.2220001   1247.6660156     -7.4369998      0.0070000  Blc02078.167.1247    168.2790070   1247.5849609     -7.4540000      0.0039000  Ulc00029.167.1247    168.2769928   1247.6550293     -7.8140001      0.0058000
     96.7699966   1315.4119873  10584-m81-field-8-12  Rlc01264.96.1314     96.7699966   1315.4119873     -8.2200003      0.0740000  Vlc01170.96.1314     96.8290024   1315.4580078     -7.7090001      0.0378000  Blc02088.96.1314     96.8410034   1315.1240234     -7.6139998      0.0369000  Ulc03060.97.1312     98.1250000   1313.4909668     -7.6770000      0.0962000
     82.3789978   1405.6639404  10584-m81-field-8-16  Rlc01169.81.1405     82.3789978   1405.6639404     -7.1659999      0.0174000  Vlc01127.81.1405     82.3320007   1405.7089844     -7.0270000      0.0089000  Blc02018.81.1405     82.4209976   1405.5780029     -6.9380002      0.0060000  Ulc02968.81.1405     82.3479996   1405.7629395     -7.0370002      0.0142000
    169.3750000    929.7880249  10584-m81-field-8-20  Rlc00051.168.929    169.3750000    929.7880249     -7.0990000      0.0188000  Vlc01114.168.929    169.2440033    929.8120117     -6.9380002      0.0103000  Blc02012.168.929    169.2660065    929.7730103     -6.9029999      0.0076000  Ulc00033.168.929    169.2980042    929.6870117     -7.6110001      0.0132000
    151.4700012   1236.8780518  10584-m81-field-8-19  Rlc00145.150.1236    151.4700012   1236.8780518     -7.4980001      0.0544000  Vlc01153.150.1236    151.3430023   1236.8360596     -7.3260002      0.0415000  Blc02064.150.1236    151.4689941   1236.7530518     -7.2670002      0.0226000  Ulc03077.150.1236    151.3829956   1236.6290283     -7.9899998      0.0252000
    151.1309967   1255.7180176  10584-m81-field-8-25  Rlc01148.150.1255    151.1309967   1255.7180176     -7.0830002      0.0180000  Vlc01130.150.1255    151.0509949   1255.7590332     -7.0419998      0.0167000  Blc02036.150.1255    151.1109924   1255.6330566     -7.0409999      0.0165000  Ulc02957.150.1255    150.8959961   1255.7810059     -6.9959998      0.0339000
   1977.1820068   2321.3549805  904  Rlc00175.1976.2320   1977.1820068   2321.3549805     -8.5900002      0.0058000  Vlc01189.1976.2320   1977.1030273   2321.4641113     -8.3079996      0.0096000  Blc02100.1976.2320   1977.3000488   2321.3798828     -7.8470001      0.0027000  Ulc03073.1976.2320   1977.1379395   2321.4489746     -7.8759999      0.0066000
    358.3169861   1129.1120605  679  Rlc00171.357.1128    358.3169861   1129.1120605     -8.2500000      0.0095000  Vlc00113.357.1128    358.2080078   1129.1040039     -8.1099997      0.0048000  Blc02098.357.1128    358.2929993   1129.0159912     -7.8340001      0.0026000  Ulc00056.357.1128    358.2810059   1129.1770020     -7.6970000      0.0047000
   1094.7020264   1858.2280273  1434  Rlc01233.1094.1857   1094.7020264   1858.2280273     -7.6139998      0.0926000  Vlc01157.1094.1857   1094.5570068   1858.2530518     -7.3759999      0.0657000  Blc02058.1094.1857   1094.7769775   1858.2619629     -7.2249999      0.0357000  Ulc00025.1094.1857   1094.8409424   1858.0820312     -8.1689997      0.0535000
    498.2059937   1419.7270508  10584-m81-field-4-1  Rlc00191.497.1419    498.2059937   1419.7270508     -8.2180004      0.0094000  Vlc00139.497.1419    498.0450134   1419.6800537     -8.1000004      0.0047000  Blc00066.497.1419    498.1059875   1419.5360107     -8.0679998      0.0063000  Ulc00066.497.1418    498.0889893   1419.4699707     -8.6429996      0.0113000
    194.7480011   2504.2180176  10584-m81-field-10-5  Rlc00170.194.2503    194.7480011   2504.2180176     -8.3030005      0.0234000  Vlc00124.194.2503    194.5370026   2504.3300781     -8.1639996      0.0106000  Blc02104.194.2503    194.5489960   2504.2839355     -8.0590000      0.0059000  Ulc00065.194.2503    194.5910034   2504.3500977     -8.4799995      0.0109000
   1610.8809814   1822.8160400  833  Rlc01271.1610.1822   1610.8809814   1822.8160400     -8.4689999      0.0100000  Vlc00069.1610.1822   1610.9210205   1822.8249512     -8.0970001      0.0095000  Blc00031.1610.1822   1611.1450195   1822.6910400     -7.4840002      0.0029000  Ulc00019.1610.1822   1611.0219727   1822.7569580     -7.4800000      0.0063000
   1041.4639893    884.6300049  10584-m81-field-4-7  Rlc01230.1040.884   1041.4639893    884.6300049     -7.5749998      0.0077000  Vlc01163.1040.884   1041.3730469    884.6920166     -7.5549998      0.0061000  Blc02085.1040.884   1041.3769531    884.6430054     -7.5949998      0.0053000  Ulc00062.1040.884   1041.4360352    884.5460205     -8.1099997      0.0091000
    127.3960037    890.5239868  505  Rlc01170.126.890    127.3960037    890.5239868     -7.1719999      0.0259000  Vlc01139.126.889    127.3870010    890.4660034     -7.1389999      0.0306000  Blc02056.127.889    127.5979996    890.2559814     -7.1970000      0.0298000  Ulc03066.127.889    127.5339966    890.1060181     -7.7719998      0.0381000
    161.7129974   3041.4431152  10584-m81-field-10-1  Rlc01280.161.3040    161.7129974   3041.4431152     -8.9049997      0.0061000  Vlc00110.161.3040    161.6159973   3041.3520508     -8.3850002      0.0028000  Blc00057.161.3040    161.8070068   3041.1899414     -7.4390001      0.0046000  Ulc00036.161.3040    161.8370056   3041.3940430     -6.7709999      0.0070000
   1167.5699463   1151.5300293  10584-m81-field-4-3  Rlc00119.1167.1151   1167.5699463   1151.5300293     -8.4670000      0.0114000  Vlc00071.1166.1150   1167.4749756   1151.4809570     -8.0690002      0.0040000  Blc02066.1167.1150   1167.6529541   1151.3339844     -7.2989998      0.0021000  Ulc02964.1167.1150   1167.5570068   1151.2900391     -7.0190001      0.0070000
    629.9450073   1465.7110596  10584-m81-field-4-6  Rlc00065.629.1465    629.9450073   1465.7110596     -8.1630001      0.0113000  Vlc01173.629.1465    629.8229980   1465.6910400     -7.7610002      0.0055000  Blc02007.629.1465    630.0399780   1465.5150146     -6.8750000      0.0033000  Ulc02831.629.1465    629.8200073   1465.5250244     -6.5349998      0.0090000
    641.0059814   2297.4309082  10584-m81-field-5-2  Rlc00104.640.2296    641.0059814   2297.4309082     -7.9590001      0.0164000  Vlc00064.640.2297    640.8280029   2297.5061035     -7.8160000      0.0169000  Blc02086.640.2296    640.9730225   2297.4599609     -7.5960002      0.0098000  Ulc00024.640.2297    641.0120239   2297.7858887     -7.1389999      0.0130000
    550.4019165    549.3873291  512  Rlc01278.549.548    550.3229980    549.1840210     -8.8249998      0.0039000  Vlc00125.549.548    550.2639771    549.2529907     -8.5179996      0.0072000  Blc02101.549.548    550.3140259    549.1630249     -7.9260001      0.0029000  Ulc00061.549.548    550.2399902    549.1560059     -7.8390002      0.0104000
    424.0618591    680.0277100  10584-m81-field-3-1  Rlc01255.423.679    424.1480103    680.1929932     -7.9670000      0.0074000  Vlc00102.423.679    424.0580139    680.2570190     -7.7649999      0.0067000  Blc02072.423.679    424.1619873    680.1469727     -7.3390002      0.0040000  Ulc00028.423.679    424.1719971    680.3289795     -6.7459998      0.0114000
    362.7810059   2858.6608887  10584-m81-field-10-4  Rlc00023.360.2858    361.0310059   2858.6430664      0.0000000      0.0000000  Vlc00023.361.2856    361.5180054   2857.4670410      0.0000000      0.0000000  Blc00009.360.2857    361.1650085   2858.1459961      0.0000000      0.0000000  Ulc00005.360.2857    361.2810059   2858.1110840      0.0000000      0.0000000
   1698.4770508   2203.9589844  831  Rlc00022.1698.2202   1698.9849854   2203.0480957      0.0000000      0.0000000  Vlc01207.1697.2202   1698.4179688   2202.8898926     -9.5920000      0.0083000  Blc00063.1698.2202   1698.6440430   2202.7670898     -8.9340000      0.0014000  Ulc03091.1698.2202   1698.5870361   2202.8720703     -8.7860003      0.0056000
    146.3199310    908.8775635  10584-m81-field-8-21  Rlc01073.145.908    146.3639984    908.6790161     -6.7600002      0.0149000  Vlc01081.145.908    146.3350067    908.7819824     -6.7950001      0.0090000  Blc02005.145.908    146.3899994    908.6979980     -6.8740001      0.0060000  Ulc00018.145.908    146.4080048    908.6339722     -7.4679999      0.0086000
    108.5032272    884.4861450  1397  Rlc01010.107.883    108.2060013    884.4470215     -6.5770001      0.0378000  Vlc01015.107.884    108.1480026    884.5139771     -6.5050001      0.0268000  Blc01971.107.883    108.2809982    884.4650269     -6.6360002      0.0221000  Ulc03018.107.883    108.2220001    884.3549805     -7.2729998      0.0313000
     14.7269487    871.7384644  10584-m81-field-8-18  0000   0000 00000 0000 0000   0000   0000 00000 0000 0000   0000   0000 00000 0000 0000   0000   0000 00000 0000 0000  
   1379.8504639   1946.2004395  1435  Rlc00126.1379.1945   1379.7790527   1946.3559570     -7.6880002      0.0115000  Vlc00065.1379.1945   1379.7829590   1946.4139404     -7.0450001      0.0185000  Blc01728.1380.1946   1380.7299805   1946.9229736     -5.9039998      0.0332000  Ulc02451.1381.1947   1381.6190186   1947.9429932     -5.8959999      0.0541000
