   54533.216400    2132.9826     417.8534    2297.8766     420.6085    0.1136    -864.5014    -832.0027 -6.141 -5.764  762 
   54534.350300       0.0000       4.0237       0.0000       4.0237      -nan       0.0000       0.0000  0.000  0.000  762 
   54535.300800       0.0000       3.9040       0.0000       3.9040      -nan       0.0000       0.0000  0.000  0.000  762 
   54536.152700      -0.0141       4.0217    -102.1333     149.9036    0.0186       0.0000       0.0000  0.922  0.000  762 
   54537.404600   -1515.4108     249.8116   -1851.3475     252.4368    0.0836     256.3127     227.4518 -5.363  5.510  762 
   54538.192700    2000.3192     501.4693    2254.5662     504.6649    0.1572    -910.8802    -878.5891 -4.243 -5.389  762 
   54590.208000     689.2407     278.9520     764.0889     281.1096    0.0288    -444.4154    -407.3095 -7.036 -6.940  762 
   54861.128800    2400.4799     444.2989    2581.3247     446.8041    0.1638     306.0356     295.7340  3.134  2.108  762 
   54862.306200    7841.1113     573.3188    7757.5560     578.0784    0.4119  -16936.1468  -16675.5278 -58.024 -63.744  762 
   54912.160800    2067.0542     251.6543    1906.3048     252.7199    0.1280     -99.6967     -93.2824  4.177 -1.784  762 
   54914.127200  168737.5714    1015.3337  172560.3976    1017.7458    0.7278 -267754.1366 -266625.0052 -439.947 -514.870  762 
   55126.494500    2375.1900     309.1651    2391.5618     310.6777    0.4163    1085.5356    1010.4840 21.229 18.003  762 
   55273.271900    2595.0864     360.6198    2599.0575     363.9045    0.1215   -1467.6090   -1375.5928 -14.159 -13.361  762 
   55536.299000    1622.0062     338.7722    2015.9954     340.7303    0.1565    -449.7159    -422.5134 -3.743 -4.645  762 
   55538.335900   -1813.6140     246.0521   -1972.3069     248.5373    0.3099    -183.5993    -163.0484 -1.445 -4.250  762 
   55540.344000    7387.5018      64.0662   -2363.2289     522.6780    0.2680   -7459.4600   -1902.4746 -33.592 -9.287  762 
   55679.254400    1498.6602     257.4615    1298.0861     259.7107    0.0492    -495.1331    -443.0495 -14.260 -8.769  762 
   55884.409900    1239.3208     740.1901    1270.6952     740.9105    0.3514   -6743.8273   -6659.2135 -41.574 -41.184  762 
   55889.436800    1395.7335     304.4191    1449.8677     306.3209    0.0367   -1075.3114   -1000.7345 -17.802 -14.489  762 
   55924.444500       0.0000       2.0757       0.0000       2.0757      -nan       0.0000       0.0000  0.000  0.000  762 
   55925.375400     414.1132     291.6469     333.0329     293.8733    0.0383     -40.4075     -37.2752 -2.187 -0.558  762 
   55926.308900     180.2856     228.3635     203.6820     230.9409    0.0280      45.8318      40.2016 -0.691  1.091  762 
   55927.351300     814.0861     282.6102     695.2499     284.8545    0.0689    -272.9814    -249.7259 -5.170 -4.196  762 
   55969.117000   -4009.9944     374.0280   -4050.6624     375.9938    0.4580   -4182.7947   -3998.3726 -39.051 -37.241  762 
   56045.161300     167.0073     333.0634     346.8767     334.4755    0.0652   -1324.3969   -1248.5827 -18.008 -18.478  762 
   56215.478000   -6646.8440     288.5194   -6563.8343     290.3426    0.5002     640.6192     584.5164  6.639 11.747  762 
   56217.471100  -20454.3086     710.4611  -20222.9372     713.0025    0.8538  -27626.7153  -27215.0337 -111.726 -109.770  762 
   56301.274100   -9119.6139     391.5210   -8852.0302     394.8967    0.6421    -866.5788    -817.7975 -11.559 -6.883  762 
   56301.282000   -8447.7706     432.8032   -8490.9774     437.1426    0.6257   -1872.7656   -1789.4892 -18.139 -12.118  762 
