   54533.216400    9656.3569     360.8576    9706.3103     361.2067    0.6256    -257.7047    -254.2508 -5.136 -1.756  762 
   54534.350300       0.0000       4.0236       0.0000       4.0236      -nan       0.0000       0.0000  0.000  0.000  762 
   54535.300800       0.0000       3.9048       0.0000       3.9048      -nan       0.0000       0.0000  0.000  0.000  762 
   54536.152700   13755.7163     326.7155   13753.4236     326.9032    0.8338     644.8690     632.4322 -4.383  6.207  762 
   54537.404600   13300.7457     204.4471   13278.5580     205.6002    0.7294     231.8256     212.0066  5.346  5.156  762 
   54538.192700   12229.6593     436.9157   12237.9654     437.2626    0.8239    -156.0959    -154.3212 -9.108 -0.948  762 
   54590.208000    5618.8860     233.9495    5598.0502     234.7604    0.5114    -362.5647    -338.0050 -37.105 -5.778  762 
   54861.128800   10222.8216     389.5065   10135.1080     389.7449    0.5514    -601.4779    -593.5268 -14.535 -4.216  762 
   54862.306200   15464.1608     502.7681   15716.3220     503.7144    0.1403  -13000.6494  -12951.3537 -50.962 -49.536  762 
   54912.160800   15153.8826     220.6389   15200.6998     220.9418    0.8245    -786.8973    -753.3504 -16.830 -14.379  762 
   54914.127200   61180.8293     933.7326   61464.8170     934.0039    0.7863 -192808.7455 -192706.5323 -313.835 -371.467  762 
   55126.494500   11372.6502     268.8987   11380.8673     269.4109    0.8882     615.6689     585.5369 -0.231 10.388  762 
   55273.271900    6420.4279     301.6957    6307.8013     302.3255    0.5955    -106.8181    -102.1389 -1.385 -0.995  762 
   55536.299000    8280.3138     288.3883    8216.5470     288.7998    0.6833      60.2718      58.0531  1.187  0.640  762 
   55538.335900    6025.4791     205.2704    6058.9714     206.6980    0.7594    -180.5345    -163.3044 -4.396 -4.318  762 
   55540.344000   12192.0962     454.4948   12258.1530     455.0870    0.3967   -6089.6605   -6029.0404 -27.419 -29.391  762 
   55679.254400    8314.2063     214.4568    8146.9210     215.6419    0.5859      35.3246      32.2686  0.906  0.639  762 
   55884.409900    5890.8527     703.1713    5899.9343     703.2466    0.0123   -6140.4530   -6109.2109 -34.886 -37.810  762 
   55889.436800    2484.1013     261.3462    2477.4192     261.9849    0.3339    -532.9726    -503.8790 -6.858 -7.311  762 
   55924.444500       0.0000       2.0764       0.0000       2.0764      -nan       0.0000       0.0000  0.000  0.000  762 
   55925.375400   -2690.2698     248.4484   -2822.6687     249.4580    0.3264     419.2878     389.9503  7.430  5.845  762 
   55926.308900   -3387.1423     195.7510   -3519.8576     197.8167    0.5319      97.1023      85.7977  3.472  2.319  762 
   55927.351300   -3009.7363     241.2392   -3029.8155     242.2960    0.4600       9.8182       9.0832  0.009  0.153  762 
   55969.117000    1804.9423     326.3120    1836.9612     326.5927    0.0145   -1741.4714   -1697.1672 -13.743 -15.807  762 
   56045.161300    2347.3801     293.8600    2218.3686     294.3582    0.1460    -523.6562    -499.8077 -8.498 -7.417  762 
   56215.478000    1481.4238     248.1886    1430.2549     249.1552    0.3038    1342.4100    1248.4760 25.689 24.986  762 
   56217.471100    -764.2616     644.5018    -727.3426     644.8094    0.5484  -15583.7909  -15526.5659 -65.949 -62.729  762 
   56301.274100   -1030.6521     329.4022    -951.2265     329.9109    0.0604     261.3839     252.9612 -0.665  2.136  762 
   56301.282000    -504.8488     365.2586    -345.0572     365.7417    0.0112     215.8464     211.5195 -1.669  1.440  762 
