   54533.216400       0.0000       4.3210       0.0000       4.3210      -nan       0.0000       0.0000 -86.943  0.000  762 
   54534.350300       0.0000       4.0627       0.0000       4.0627      -nan       0.0000       0.0000  0.000  0.000  762 
   54535.300800       0.0000       3.8642       0.0000       3.8642      -nan       0.0000       0.0000 -99.883  0.000  762 
   54536.152700       0.0000       3.5071       0.0000       3.5071      -nan       0.0000       0.0000 -55.625  0.000  762 
   54537.404600       0.0000       2.2413       0.0000       2.2413      -nan       0.0000       0.0000 54.912  0.000  762 
   54538.192700       0.0000       4.6425       0.0000       4.6425      -nan       0.0000       0.0000 -60.732  0.000  762 
   54590.208000       0.0000       2.7415       0.0000       2.7415      -nan       0.0000       0.0000 -1.211  0.000  762 
   54861.128800       0.0000       4.1890       0.0000       4.1890      -nan       0.0000       0.0000 -101.581  0.000  762 
   54862.306200       0.0000       6.6877       0.0000       6.6877      -nan       0.0000       0.0000 -271.109  0.000  762 
   54912.160800       0.0000       2.4739       0.0000       2.4739      -nan       0.0000       0.0000 -9.042  0.000  762 
   54914.127200       0.0000      11.4609       0.0000      11.4609      -nan       0.0000       0.0000 -308.352  0.000  762 
   55126.494500       0.0000       2.6696       0.0000       2.6696      -nan       0.0000       0.0000  8.948  0.000  762 
   55273.271900       0.0000       3.7797       0.0000       3.7797      -nan       0.0000       0.0000 -181.517  0.000  762 
   55536.299000       0.0000       3.4901       0.0000       3.4901      -nan       0.0000       0.0000 -118.527  0.000  762 
   55538.335900       0.0000       2.1647       0.0000       2.1647      -nan       0.0000       0.0000 21.345  0.000  762 
   55540.344000       0.0000       5.6085       0.0000       5.6085      -nan       0.0000       0.0000 -232.432  0.000  762 
   55679.254400       0.0000       2.4904       0.0000       2.4904      -nan       0.0000       0.0000 -37.904  0.000  762 
   55884.409900       0.0000       4.8376       0.0000       4.8376      -nan       0.0000       0.0000 -102.096  0.000  762 
   55889.436800       0.0000       3.0139       0.0000       3.0139      -nan       0.0000       0.0000 -62.315  0.000  762 
   55924.444500       0.0000       1.9952       0.0000       1.9952      -nan       0.0000       0.0000 22.306  0.000  762 
   55925.375400       0.0000       2.9299       0.0000       2.9299      -nan       0.0000       0.0000 -37.111  0.000  762 
   55926.308900       0.0000       2.1332       0.0000       2.1332      -nan       0.0000       0.0000 18.349  0.000  762 
   55927.351300       0.0000       2.7915       0.0000       2.7915      -nan       0.0000       0.0000 -42.781  0.000  762 
   55969.117000       0.0000       3.7265       0.0000       3.7265      -nan       0.0000       0.0000 -113.219  0.000  762 
   56045.161300       0.0000       3.0168       0.0000       3.0168      -nan       0.0000       0.0000 -71.623  0.000  762 
   56215.478000       0.0000       2.4515       0.0000       2.4515      -nan       0.0000       0.0000 37.834  0.000  762 
   56217.471100       0.0000       6.4338       0.0000       6.4338      -nan       0.0000       0.0000 -67.309  0.000  762 
   56301.274100       0.0000       4.0541       0.0000       4.0541      -nan       0.0000       0.0000 -125.477  0.000  762 
   56301.282000       0.0000       4.6119       0.0000       4.6119      -nan       0.0000       0.0000 -124.055  0.000  762 
