   54533.216400   -2941.4167     318.6733   -2975.5842     319.5875    0.2947    -583.6055    -558.6918 -6.309 -3.694  762 
   54534.350300    -540.7768     276.8701    -678.6720     278.3374    0.0827    -381.5506    -357.4296 -2.032 -2.701  762 
   54535.300800    -709.5025     268.4838    -828.4446     270.5824    0.1213    -556.9247    -511.1731 -3.885 -4.193  762 
   54536.152700    2891.0851     309.2801    3057.4826     310.0431    0.3541     993.6353     946.1872 10.115  8.628  762 
   54537.404600    5989.4994     202.3360    6864.3101     207.5328    0.3947     -10.5620      -8.6647  0.067 -0.188  762 
   54538.192700    3071.6855     386.9693    3115.7827     387.6352    0.3723     550.1915     531.9419  3.324  3.178  762 
   54590.208000    4804.7869     219.4032    5154.7791     222.4545    0.4471     152.6472     132.7240  2.462  2.056  762 
   54861.128800    6774.4617     356.8230    6719.0763     357.3936    0.3985    -513.9288    -496.0663 -2.655 -3.326  762 
   54862.306200    8798.2186     419.2425    8654.9079     419.6326    0.5086    -732.5146    -723.0857 -3.313 -2.663  762 
   54912.160800    7361.8298     219.5484    7344.1777     221.0381    0.5388    -215.1635    -195.5126 -3.667 -3.353  762 
   54914.127200   66357.6455     782.1581   66238.1012     782.2087    0.9113  -15587.2576  -15573.5221 -33.671 -29.353  762 
   55126.494500   -2099.8521     268.9801   -2235.2184     271.3027    0.2059     248.3640     223.1713  3.931  3.461  762 
   55273.271900    7457.6328     265.8688    7039.4196     268.1624    0.4346      35.2544      31.9116  1.863  0.290  762 
   55536.299000    3767.1119     260.7739    3648.2390     262.6418    0.3406     380.2681     346.2977  2.666  3.638  762 
   55538.335900    4127.9176     199.6032    4071.3793     206.0960    0.3720      -3.7602      -2.9913  1.285 -0.077  762 
   55540.344000   10831.9676     387.1429   10662.3334     387.7676    0.7012     324.7778     315.7985  2.690  1.463  762 
   55679.254400    5043.2638     206.2860    5103.1922     210.7559    0.2960    -136.2800    -113.9115 -2.446 -1.995  762 
   55884.409900    4261.5821     682.6173    4261.5975     682.7241    0.3966     662.9483     655.8847  4.647  3.897  762 
   55889.436800    1894.3959     242.9737    1846.9678     245.4571    0.3529     299.7625     266.9519  4.038  3.602  762 
   55924.444500     181.3173     203.2773     771.4445     208.5519    0.0810      43.4026      35.3277  0.385  0.853  762 
   55925.375400   -1647.4965     231.4050   -1342.6435     234.2233    0.1700     197.1276     173.0206  1.627  2.320  762 
   55926.308900   -1134.3936     192.6833   -1185.8424     199.1826    0.2101    -167.8723    -133.5002 -2.445 -3.115  762 
   55927.351300   -2798.6273     227.1313   -2670.0209     230.5552    0.3591     160.9782     139.0139  1.434  2.126  762 
   55969.117000    4118.2889     300.9485    4282.9063     301.7515    0.4004    -156.1229    -148.3731  0.091 -1.276  762 
   56045.161300    3681.6914     283.1019    3769.8610     284.5111    0.3421     155.3981     143.5713  1.212  1.938  762 
   56215.478000   -2212.9347     245.1685   -1702.1183     248.2385    0.0614     130.3988     114.2764 -0.170  1.995  762 
   56217.471100   -9390.6370     578.2936   -9526.6004     578.5349    0.4971   -1979.0421   -1957.8545 -7.752 -7.776  762 
   56301.274100   -5980.5875     285.1531   -5805.6532     286.7454    0.2540    -246.8608    -229.3265 -2.078 -1.882  762 
   56301.282000   -7587.8543     307.0563   -7585.1831     308.2141    0.3447    -226.8475    -215.0669 -1.346 -1.467  762 
