   54533.216400   -4473.9887     344.9001   -4316.0007     347.3423    0.2991    1261.4543    1151.4168  7.880  8.285  762 
   54534.350300       0.0000       4.0434       0.0000       4.0434      -nan       0.0000       0.0000  0.000  0.000  762 
   54535.300800       0.0000       3.8713       0.0000       3.8713      -nan       0.0000       0.0000  0.000  0.000  762 
   54536.152700   -2554.8997     325.5183   -2532.6834     327.7917    0.2163     289.8444     261.6324  3.617  2.722  762 
   54537.404600    -368.5503     238.8230    -396.3724     247.2133    0.0032     596.0406     445.8157  8.951 11.049  762 
   54538.192700   -2424.3553     411.7744   -2277.8529     413.8573    0.0736    1820.0119    1691.8094 10.502 10.791  762 
   54590.208000  -12355.8761     259.9818  -12231.6146     266.4997    0.7246     664.3909     525.2614  9.093  8.986  762 
   54861.128800   -9769.7250     373.7519   -9557.6958     375.8237    0.5660     736.9586     679.5376  6.654  5.141  762 
   54862.306200  -11679.9343     459.4881  -11950.4914     460.2318    0.6883   -2289.6662   -2238.9507 -8.081 -8.218  762 
   54912.160800  -14939.3234     237.6655  -15044.6297     241.2963    0.8163    -732.2768    -612.5983 -12.226 -12.734  762 
   54914.127200   44507.3775     797.1413   44289.9488     797.2254    0.5770  -63123.2838  -62971.8340 -124.890 -124.215  762 
   55126.494500    -912.5055     292.4312    -971.9303     296.6979    0.1704      35.6063      30.0625  0.893  0.538  762 
   55273.271900  -12238.8061     309.5849  -12060.2467     314.8219    0.8425    -260.2118    -219.1285 -2.344 -2.105  762 
   55536.299000   -5614.4587     300.0177   -5945.8537     304.3556    0.7152    -571.1309    -488.8942 -6.373 -5.313  762 
   55538.335900   -7914.3192     239.4982   -8478.1674     247.7547    0.8681    -148.8788    -112.3236 -3.190 -2.977  762 
   55540.344000   -5444.5051     419.6628   -5651.7654     421.5878    0.6468   -3802.2093   -3583.1336 -18.458 -17.536  762 
   55679.254400   -7557.2795     240.7857   -7576.4910     248.6209    0.4606      41.7765      31.3830 -0.517  0.645  762 
   55884.409900  -12372.4903     689.5330  -12537.1608     690.0142    0.6992   -1321.4082   -1286.6691 -9.055 -8.043  762 
   55889.436800  -13714.1033     280.5475  -13870.2087     285.3894    0.8853    -160.0283    -133.2331 -2.125 -1.903  762 
   55924.444500       0.0000       2.0141       0.0000       2.0141      -nan       0.0000       0.0000  0.772  0.000  762 
   55925.375400    3998.0754     260.5186    4107.5987     265.7652    0.5701     -49.1666     -40.0099 -0.441 -0.607  762 
   55926.308900    3061.6373     220.6171    1862.5599     229.3205    0.2071       3.4723       2.5650  0.348  0.071  762 
   55927.351300    3722.4634     257.8659    3982.7995     263.1721    0.6716     177.5644     143.9559  2.490  2.399  762 
   55969.117000   -9783.8451     325.2698   -9651.1510     327.8643    0.7281    1175.1545    1052.5774  9.058 10.067  762 
   56045.161300  -11705.0646     313.4767  -11353.4898     316.7330    0.7124     189.5245     164.8355  4.314  2.394  762 
   56215.478000  -11892.4157     272.6141  -11855.6769     278.5959    0.7321     574.1727     461.4855  9.954  9.585  762 
   56217.471100   -7819.0795     607.6618   -8006.1548     608.2851    0.5845   -3273.3971   -3199.6961 -11.239 -12.765  762 
   56301.274100   -6097.0893     327.0050   -6077.2357     330.7969    0.6933    1462.6739    1286.5012 10.866 10.613  762 
   56301.282000   -6890.9678     353.4253   -6744.7534     355.9656    0.6780    1890.5760    1730.3859 10.912 11.313  762 
