   54533.216400    5837.4443     339.7368    5844.6134     340.1202    0.6057    2552.7152    2475.7471 17.294 17.036  762 
   54534.350300       0.0000       4.0373       0.0000       4.0373      -nan       0.0000       0.0000  0.000  0.000  762 
   54535.300800       0.0000       3.9172       0.0000       3.9172      -nan       0.0000       0.0000  0.000  0.000  762 
   54536.152700    4275.2137     318.8082    4277.9077     319.3176    0.5671    1542.5860    1478.7806 20.554 14.417  762 
   54537.404600    4545.9257     209.2278    4462.9978     212.8262    0.4646     916.3168     778.0176 19.906 18.595  762 
   54538.192700    1787.8073     414.7172    1760.5019     415.1004    0.4335    1731.0682    1686.1995 13.726 10.320  762 
   54590.208000     243.9046     232.0007     163.3309     234.2211    0.0553     339.9923     301.4295  5.138  5.083  762 
   54861.128800     909.2734     374.9324     934.4710     375.3208    0.1776    1367.8633    1327.9541 18.098  9.381  762 
   54862.306200    1734.7747     463.5122    1614.8564     463.6897    0.5049  -11671.0500  -11592.5101 -40.212 -44.213  762 
   54912.160800    -235.2752     223.8888    -170.8012     224.9673    0.1664   -1356.9200   -1247.1672 -6.805 -23.497  762 
   54914.127200   28437.4635     885.5464   29962.4602     885.8421    0.8839 -203827.9185 -203763.6813 -411.625 -392.403  762 
   55126.494500   -2439.7105     270.6508   -2349.8978     272.2725    0.1490    1647.6119    1499.9716 36.379 26.308  762 
   55273.271900     393.3702     289.7168     249.7955     291.1416    0.0319     -14.4787     -13.3767 -1.294 -0.129  762 
   55536.299000     390.1393     279.5131     492.1227     280.6073    0.1540     763.0503     710.7349 10.251  7.775  762 
   55538.335900    -141.7623     210.1152    -292.2211     213.8411    0.1032    -153.6591    -130.1980 -0.189 -3.376  762 
   55540.344000     -25.3497     423.2584     -72.1718     423.5725    0.4606   -5691.2729   -5578.3216 -21.237 -27.109  762 
   55679.254400    -475.9862     216.4575    -721.5985     219.6490    0.1065    -291.5340    -249.5097 -2.704 -4.864  762 
   55884.409900   -4688.6513     691.8809   -4731.3044     691.9749    0.6639   -7606.4212   -7526.7682 -42.042 -46.409  762 
   55889.436800   -3362.4605     256.7271   -3377.1743     258.3340    0.5842    -134.2802    -122.0926  0.186 -1.754  762 
   55924.444500       0.0000       2.0998       0.0000       2.0998      -nan       0.0000       0.0000  0.000  0.000  762 
   55925.375400    1521.5218     241.2208    1553.7231     243.0367    0.3043     218.4988     196.3695  1.213  2.908  762 
   55926.308900    -170.0263     195.7880    -183.5767     199.9502    0.0256      65.6402      54.6179  0.489  1.454  762 
   55927.351300       8.5273     236.4342     -42.4828     238.6030    0.0389    -144.6448    -128.6596 -2.355 -2.141  762 
   55969.117000   -1996.5758     315.5815   -1923.1860     316.1759    0.3241   -1160.9162   -1108.2972 -7.014 -10.250  762 
   56045.161300     196.8176     290.5728     100.4897     291.6556    0.0221    -312.6086    -290.8384 -3.230 -4.262  762 
   56215.478000     266.3673     246.8942     296.6719     249.0525    0.2485    2056.4936    1832.8351 35.917 36.230  762 
   56217.471100   -7801.2488     615.3583   -8125.7656     615.5669    0.6993  -13876.4558  -13764.1561 -51.956 -55.480  762 
   56301.274100   -1136.6717     311.4632   -1182.4251     312.4106    0.0945    1729.7780    1632.8129 18.762 13.709  762 
   56301.282000   -1298.5841     341.6970   -1406.2667     342.3017    0.0446    1745.1982    1678.0485 16.353 11.375  762 
