   54533.216400    2063.3808     358.4778    2087.8604     365.2651    0.1823     359.2487     307.3099  2.407  2.250  762 
   54534.350300       0.0000       4.0533       0.0000       4.0533      -nan       0.0000       0.0000  0.000  0.000  762 
   54535.300800       0.0000       3.8632       0.0000       3.8632      -nan       0.0000       0.0000  0.000  0.000  762 
   54536.152700     765.0515     344.7655     152.6962     351.7239    0.0294     246.1932     205.9967  4.010  2.193  762 
   54537.404600    1767.8438     280.1046     486.0301     301.2824    0.0467     443.6103     275.8549  6.170  6.801  762 
   54538.192700    1174.5154     423.8171     911.1703     430.0588    0.1893     460.9605     405.8387  2.260  2.628  762 
   54590.208000    1241.6503     291.6836     665.7907     307.8679    0.0800     461.5830     316.5787  6.403  5.380  762 
   54861.128800    1650.9687     385.2586    1044.5510     391.3198    0.1435     844.9545     734.9962  6.679  5.703  762 
   54862.306200    7375.2245     456.2804    6849.8123     457.9495    0.4093     769.8073     743.8209  0.741  2.689  762 
   54912.160800    3431.1520     261.5967    1871.4234     271.3279    0.1472    -216.8032    -161.3578 -4.041 -3.438  762 
   54914.127200   89244.2626     755.2976   88820.0867     755.5143    0.9298  -13523.7841  -13462.1821 -26.947 -26.814  762 
   55126.494500    4670.0246     325.1738    5176.9370     336.1029    0.3886     197.9202     150.3233  2.681  2.687  762 
   55273.271900    2273.2410     332.1645    1569.7468     345.9919    0.2757     131.7778      99.6055 -0.057  0.949  762 
   55536.299000     857.5412     324.3179     236.2309     335.4674    0.0600     257.4767     200.5663  1.729  2.159  762 
   55538.335900     135.8360     278.7347    -630.3745     297.8876    0.0588     208.9536     134.3845  2.824  3.495  762 
   55540.344000    7866.9014     423.7676    7353.3238     428.9383    0.4648   -1354.7799   -1227.5865 -6.506 -6.027  762 
   55679.254400      97.2701     276.0257   -3573.3485     296.5362    0.2198      -9.6186      -6.0082  0.267 -0.124  762 
   55884.409900    4474.9868     695.7936    4444.8633     697.0260    0.3270     410.5623     393.4275  3.129  2.467  762 
   55889.436800    -467.1885     307.5995    -849.8531     319.4941    0.0810     378.0929     283.4022  3.615  4.000  762 
   55924.444500       0.0000       2.0022       0.0000       2.0022      -nan       0.0000       0.0000  0.000  0.000  762 
   55925.375400     361.6038     294.1613     160.9796     308.9508    0.0006    -234.6620    -165.0359 -2.078 -2.504  762 
   55926.308900   -1350.4864     262.5534   -2897.6227     282.4198    0.2152      91.7892      56.1377  0.125  1.545  762 
   55927.351300     201.5491     293.6533    -191.4684     308.6738    0.0397     -28.6057     -20.0248 -0.923 -0.330  762 
   55969.117000    1208.2027     343.1492    1103.3729     350.3833    0.3023    1606.5558    1336.2292 13.772 12.910  762 
   56045.161300     472.4520     341.3729    -400.6814     350.3902    0.0049     557.3296     443.2880 13.793  6.351  762 
   56215.478000     202.5191     305.8791     526.0308     320.1552    0.0650     357.9937     252.8972  7.784  5.300  762 
   56217.471100    6757.9371     608.0153    6459.7018     609.5625    0.3532    2391.2319    2305.7398 10.013  9.149  762 
   56301.274100     234.5812     347.7933      53.5304     357.8401    0.0962     625.9553     506.9162  4.101  4.130  762 
   56301.282000     897.9883     368.7393     785.0043     375.5199    0.2072     920.9725     796.5578  4.154  5.113  762 
