   54533.216400    9683.5479     313.1096    9768.3801     313.9171    0.8325    1654.8143    1575.7860 10.597 10.697  762 
   54534.350300   10000.9628     279.6654   10098.6483     281.0158    0.8547      -2.0626      -1.9213 -0.831 -0.014  762 
   54535.300800   10089.8555     268.1405   10204.2265     270.1519    0.8715     -32.2770     -29.3682  0.513 -0.242  762 
   54536.152700   10077.7164     305.8191   10158.6199     306.6939    0.8038     780.7588     736.8557  5.688  6.959  762 
   54537.404600   11398.7757     205.5526   12422.3236     210.7318    0.8361     -95.3823     -77.6662 -3.412 -1.689  762 
   54538.192700   10007.4223     381.1710   10092.2810     381.8543    0.8431      -9.2490      -8.8841 -0.138 -0.055  762 
   54590.208000    7194.8766     224.8200    7695.1781     227.9669    0.7957     129.6996     111.8495  1.402  1.701  762 
   54861.128800   -4314.0489     353.7215   -4318.6587     354.5771    0.2287    1869.3367    1781.5186 12.496 12.491  762 
   54862.306200   -2440.7985     433.5374   -2561.5903     433.7492    0.2985   -1522.7185   -1506.6941 -8.223 -5.287  762 
   54912.160800     657.3933     219.6930     647.8001     221.7361    0.0363    -334.4075    -296.7337 -4.673 -5.396  762 
   54914.127200   18132.5601     778.6340   18013.1165     778.6876    0.4892  -31977.3782  -31937.5502 -57.992 -61.074  762 
   55126.494500   -2586.3385     276.3075   -2593.9150     278.6601    0.4830    -174.0705    -156.0758 -1.646 -2.356  762 
   55273.271900    -984.7584     275.1436    -894.3266     277.6914    0.1557     -37.4937     -33.5864 -0.236 -0.298  762 
   55536.299000    -851.7207     267.0989    -810.4467     269.2093    0.2515    -752.8943    -679.5912 -9.169 -6.998  762 
   55538.335900    -736.9061     205.0201    -722.5595     212.3545    0.1927       5.9546       4.6395  0.042  0.123  762 
   55540.344000   -1934.4448     393.9972   -2060.7578     394.6809    0.3058   -1009.8856    -976.9691 -6.669 -4.475  762 
   55679.254400    1870.4635     210.9833    2492.4278     215.6489    0.3678     110.7398      91.0527  3.156  1.612  762 
   55884.409900    -451.1261     682.4510    -504.7836     682.5968    0.1323    -950.0102    -937.3202 -4.146 -5.567  762 
   55889.436800     774.9958     249.1727     691.1620     251.7590    0.1282      -3.4381      -3.0426  2.136 -0.040  762 
   55924.444500     358.4509     206.9249     148.0608     213.0220    0.0463    -542.5151    -434.2277 -11.810 -10.664  762 
   55925.375400    -139.8036     236.2576    -272.7146     239.5288    0.0446      60.3450      52.3043 -0.609  0.691  762 
   55926.308900     563.8211     196.8140     503.8506     203.4802    0.1210      35.8915      28.3700  2.435  0.654  762 
   55927.351300     646.7315     232.2555     639.7744     235.7459    0.1317    -146.2324    -125.6915 -1.764 -1.866  762 
   55969.117000     161.1512     303.2839     158.6996     304.3408    0.1651    1120.8029    1051.5476  7.821  9.071  762 
   56045.161300   -4462.7569     293.1303   -4400.7865     294.7800    0.4322     931.8566     852.3252 11.295 11.076  762 
   56215.478000    -952.9711     249.1719    -923.2650     252.7064    0.1586    -355.1601    -306.7897 -4.945 -5.355  762 
   56217.471100    -895.8154     582.5146   -1033.2304     582.7196    0.3719   -5919.3236   -5847.3011 -23.902 -22.871  762 
   56301.274100   -7985.8764     292.0718   -7810.0875     293.9647    0.8500    -143.0646    -130.9591 -0.098 -1.049  762 
   56301.282000   -7028.4649     313.8698   -6867.5891     315.1030    0.8105      70.6567      66.3618 -0.488  0.439  762 
