   54533.216400   -4071.5132     326.0351   -4018.4990     327.5371    0.5254   -2081.4139   -1945.7140 -11.376 -13.144  762 
   54534.350300    -141.7206      47.8619   -4646.1232     288.2796    0.5530       0.0000       0.0000 -6.461  0.000  762 
   54535.300800   -2780.3340     280.4313   -2380.0671     284.0857    0.3125    -458.2299    -401.5627 -4.304 -3.415  762 
   54536.152700   -1718.6913     316.6168   -1644.6501     318.2503    0.2318    -145.5211    -134.3957 -0.977 -1.269  762 
   54537.404600   -1168.5399     219.5720   -1435.9974     228.6358    0.1029    -465.6724    -349.4934 -9.788 -8.323  762 
   54538.192700    -667.7570     395.7716    -641.3292     397.1216    0.2699   -1259.6486   -1191.8844 -8.028 -7.171  762 
   54590.208000     223.7520     233.6213     619.0461     239.1663    0.0208   -1059.9892    -859.3784 -13.547 -14.420  762 
   54861.128800    3584.2414     364.0273    3677.8506     365.1948    0.1599   -1878.8709   -1775.6902 -11.386 -12.162  762 
   54862.306200    3202.7773     414.8922    3008.8287     415.3633    0.2253    -104.8731    -102.7991 -1.128 -0.395  762 
   54912.160800     980.9968     228.8125    1344.0073     231.2585    0.0114   -1380.7641   -1205.3939 -20.532 -21.976  762 
   54914.127200   38690.3913     785.0271   38541.5623     785.0669    0.8526    -870.9029    -869.7685 -3.106 -1.652  762 
   55126.494500    3726.5356     273.1379    3793.4877     276.9993    0.5689      73.3063      62.7606  0.512  1.083  762 
   55273.271900    1152.4528     278.1487    1000.0765     282.6216    0.1688     554.6683     474.8448  4.459  4.578  762 
   55536.299000    -519.0111     272.4809    -674.2311     276.0454    0.1458    -205.3866    -178.4027 -1.123 -1.965  762 
   55538.335900   -3051.2841     218.5548   -3726.4492     227.7567    0.5532    -101.6837     -75.8647 -1.965 -2.038  762 
   55540.344000    4240.5696     389.7990    4172.1699     390.9322    0.3164    -877.6527    -838.4303 -4.182 -4.025  762 
   55679.254400    -647.5938     221.9675    -894.5165     229.6298    0.1158    -514.2848    -393.7296 -6.966 -7.531  762 
   55884.409900    3347.1039     680.1722    3331.3879     680.4110    0.1395   -1736.7279   -1705.6265 -9.445 -10.417  762 
   55889.436800    2340.0540     253.5955    2329.4217     257.8499    0.4059     221.4162     186.8616  3.102  2.700  762 
   55924.444500    2252.8523     213.3453    2489.9296     221.5924    0.1409    -507.0299    -381.4496 -10.293 -10.571  762 
   55925.375400    2571.8130     241.1345    3066.3048     245.8972    0.4867     176.4706     145.8561  3.061  2.127  762 
   55926.308900    1757.3391     204.3302    2091.1673     213.3281    0.3391    -109.2253     -80.5672 -1.258 -2.123  762 
   55927.351300    1408.3048     237.4113    1517.5616     242.9470    0.3373     262.1464     213.0223  3.913  3.545  762 
   55969.117000    1112.3526     307.7410    1231.0938     309.4619    0.1086    -440.5722    -404.6289 -4.140 -3.658  762 
   56045.161300    1989.4980     289.9040    1834.1708     292.7845    0.0931    -967.3113    -852.7397 -14.178 -12.530  762 
   56215.478000    2623.0313     253.5190    2704.0545     258.7060    0.3104    -296.2608    -244.4859 -3.988 -4.715  762 
   56217.471100    6488.6996     575.7024    6353.4907     576.0441    0.4677     426.4109     419.1142  2.279  1.693  762 
   56301.274100    4534.3624     293.6951    4402.4804     296.7222    0.7314     272.9366     243.2568  1.498  2.065  762 
   56301.282000    3562.6029     315.3043    3255.6710     317.4788    0.5427     494.2705     454.0470  2.629  3.150  762 
