   54533.216400    1022.1627     310.5135     975.7485     310.6965    0.2577    1153.7948    1128.3763  7.990  7.691  762 
   54534.350300       0.0000       4.0303       0.0000       4.0303      -nan       0.0000       0.0000  0.000  0.000  762 
   54535.300800       0.0000       3.9247       0.0000       3.9247      -nan       0.0000       0.0000  0.000  0.000  762 
   54536.152700    -201.7367     297.4074    -160.7856     297.5988    0.0434     490.5934     477.5596  3.905  4.587  762 
   54537.404600     332.4806     180.9628     332.0864     182.6445    0.0490      35.1114      31.2769  1.065  0.744  762 
   54538.192700    -824.6167     383.2865    -827.1187     383.4562    0.0670     455.1392     446.7941  2.987  2.707  762 
   54590.208000     784.2858     201.8849     891.1608     202.7431    0.0756    -556.3076    -513.8537 -8.169 -8.671  762 
   54861.128800    -571.0145     350.2171    -661.8683     350.3892    0.1523   -1155.9492   -1132.3393 -7.475 -7.871  762 
   54862.306200   -2330.8437     415.6479   -2434.2190     415.7267    0.2930   -1417.9045   -1409.3528 -5.809 -5.438  762 
   54912.160800    1397.9355     205.9916    1449.8186     206.3487    0.0822   -2359.3557   -2245.8530 -37.639 -41.436  762 
   54914.127200    -816.9660     809.2267    -944.9416     809.2644    0.8966  -48595.0303  -48572.5159 -91.265 -92.980  762 
   55126.494500    1407.2139     243.3002    1450.7230     243.8884    0.3840     698.3498     659.0510 11.163 11.554  762 
   55273.271900    1216.6688     253.5287    1266.8684     254.0906    0.3053     577.5050     547.4822  4.664  5.308  762 
   55536.299000     844.1625     249.3360     833.9062     249.8032    0.1177     -65.1680     -62.0614 -0.353 -0.682  762 
   55538.335900      40.0198     181.5297    -127.4604     183.2405    0.0422     -42.3573     -37.7064  0.763 -0.977  762 
   55540.344000   -1857.2809     382.9738   -1919.4243     383.1364    0.3329   -1137.5940   -1119.3383 -8.513 -5.436  762 
   55679.254400   -1022.7632     187.7058   -1136.3493     189.1746    0.2287    -478.3639    -428.9165 -8.034 -8.286  762 
   55884.409900    -437.2678     673.2643    -457.7196     673.2950    0.4057   -5280.0467   -5247.5634 -30.592 -32.268  762 
   55889.436800    1384.8513     226.6969    1381.9777     227.3101    0.2240    -257.4810    -242.1029 -2.311 -3.495  762 
   55924.444500       0.0000       2.1145       0.0000       2.1145      -nan       0.0000       0.0000  0.000  0.000  762 
   55925.375400    -452.9394     212.4188    -437.0207     213.2554    0.0383     286.0092     265.3924  1.973  3.923  762 
   55926.308900    -214.7210     167.5277    -241.9893     169.4997    0.0660     -53.5497     -47.0059 -0.859 -1.246  762 
   55927.351300     -32.1668     207.2170     -29.9231     208.1364    0.0037      47.5799      43.8955  0.721  0.733  762 
   55969.117000    -462.7197     289.6173    -435.0439     289.8394    0.1341    -693.7017    -673.6301 -5.429 -6.190  762 
   56045.161300    -214.1985     265.7147    -225.0906     266.1332    0.1018    -505.8479    -483.1157 -6.957 -7.126  762 
   56215.478000      78.1142     220.3112      58.2496     221.2250    0.1072     781.5354     724.3369 10.880 14.199  762 
   56217.471100   -2314.9067     576.2064   -2414.7427     576.2584    0.0674    1185.6181    1179.1485  2.292  4.768  762 
   56301.274100     957.8691     275.2404     921.5150     275.6488    0.4712    1547.6246    1486.2724 11.803 12.556  762 
   56301.282000    1238.7360     302.7177    1174.4961     303.0009    0.4836    1431.9926    1392.1317  9.382  9.539  762 
