   54533.216400    1401.1657     314.8616    1378.6328     315.1722    0.3266    1686.0118    1634.2761 11.124 11.157  762 
   54534.350300       0.0000       4.0286       0.0000       4.0286      -nan       0.0000       0.0000  0.000  0.000  762 
   54535.300800       0.0000       3.9206       0.0000       3.9206      -nan       0.0000       0.0000  0.000  0.000  762 
   54536.152700    2378.2358     301.3172    2347.3695     301.6448    0.3766     340.9917     328.7707  2.933  3.167  762 
   54537.404600     912.2975     187.9526     953.0306     189.9848    0.1356      32.7945      28.6391  1.183  0.686  762 
   54538.192700    2548.0227     386.6626    2537.0804     386.9411    0.4226     -37.3621     -36.4175  0.894 -0.221  762 
   54590.208000    2709.2722     207.9377    2825.4896     209.0907    0.4328    -419.9477    -381.4082 -5.916 -6.463  762 
   54861.128800    2047.1724     353.2155    2015.6755     353.4830    0.1535    -161.3551    -157.0343 -2.225 -1.094  762 
   54862.306200    1051.8247     417.9355     934.3901     418.0661    0.0594   -1664.9011   -1648.8212 -6.604 -6.354  762 
   54912.160800    2426.0937     209.7153    2466.3623     210.1860    0.0207   -2842.2663   -2677.0220 -46.826 -49.699  762 
   54914.127200   20003.7245     804.9552   19821.3816     804.9857    0.7691  -48541.5460  -48505.7902 -93.593 -92.893  762 
   55126.494500    1829.5625     248.9343    1921.6870     249.6817    0.4693     646.6788     602.8731  8.931 10.597  762 
   55273.271900    1537.4893     260.0574    1588.0851     260.9556    0.3144     336.7132     313.4803  4.812  3.045  762 
   55536.299000    1672.4624     254.8066    1683.3403     255.4904    0.2498     -11.9815     -11.2592 -1.733 -0.124  762 
   55538.335900   -1758.2992     188.8046   -1947.7292     190.9515    0.4534     -40.5088     -35.3267 -0.863 -0.925  762 
   55540.344000      -0.9402       9.6816   -1520.3374     315.3699    0.2066       0.0000       0.0000 -7.252  0.000  762 
   55679.254400    -756.6932     194.2913    -836.3087     196.0955    0.1798    -348.9377    -306.4737 -5.753 -5.955  762 
   55884.409900    3054.6780     674.6314    3027.4176     674.6830    0.1435   -4884.7573   -4844.2409 -28.365 -29.816  762 
   55889.436800     772.8240     232.8818     793.2513     233.7542    0.1348     -23.6907     -21.9255  0.885 -0.317  762 
   55924.444500       0.0000       2.1060       0.0000       2.1060      -nan       0.0000       0.0000  0.000  0.000  762 
   55925.375400    2111.9961     218.0348    2134.3610     219.1042    0.4147      57.5517      52.5932  1.594  0.780  762 
   55926.308900    1399.4802     173.4207    1431.6046     175.5542    0.3366      -9.7307      -8.4189 -1.108 -0.224  762 
   55927.351300     149.0678     213.6454     129.3455     214.8553    0.0376      28.7234      26.0356  1.920  0.437  762 
   55969.117000     603.5329     294.1208     618.3648     294.4778    0.0592   -1080.8754   -1038.7412 -10.027 -9.562  762 
   56045.161300    1924.1457     270.1445    1932.8783     270.6771    0.1850    -742.9559    -702.3667 -10.778 -10.394  762 
   56215.478000    2476.2558     225.4958    2525.8820     226.5611    0.4426     953.3934     873.8227 14.857 17.197  762 
   56217.471100    1722.3909     577.8742    1599.1946     577.9711    0.1210     332.1729     329.3254 -0.133  1.332  762 
   56301.274100     130.1625     281.4569      90.3683     282.1405    0.3220    1460.4421    1382.3054 12.699 11.695  762 
   56301.282000     -52.5359     308.0566     -66.3186     308.5206    0.3681    1907.8612    1834.5332 12.478 12.582  762 
