   54533.216400     529.4979     339.5398     603.9379     341.4639    0.3655    2632.4197    2439.5388 16.176 16.779  762 
   54534.350300    -852.2500     306.4143    -710.3577     309.7890    0.1275    -359.8245    -320.8860 -1.058 -2.525  762 
   54535.300800      -1.1736     299.4231     314.8938     303.8540    0.0848     305.1713     265.1066  2.158  2.270  762 
   54536.152700     541.3406     326.6289     571.1813     328.8169    0.1612     852.6610     777.3129  8.977  7.547  762 
   54537.404600    3031.2283     234.8548    4322.1699     245.1212    0.4852     323.1268     238.3924  7.706  5.667  762 
   54538.192700    1036.5187     409.6157    1033.2181     411.3816    0.2174     706.4893     663.4061  3.615  4.084  762 
   54590.208000    2708.4649     250.1869    3428.1853     256.9228    0.4545     344.6943     275.4413  4.940  4.557  762 
   54861.128800    1637.4125     374.5483    1580.1036     376.2761    0.0802    -618.4871    -577.8958 -3.699 -4.086  762 
   54862.306200    1416.0902     447.4926    1202.5057     447.9826    0.2334   -4437.0716   -4357.2128 -17.930 -16.156  762 
   54912.160800    4251.9638     236.5458    4597.7358     240.1831    0.3052   -1571.7224   -1333.8413 -22.823 -25.344  762 
   54914.127200   28068.1010     816.2039   27890.3561     816.2881    0.7925  -70157.6170  -70043.1103 -131.109 -134.600  762 
   55126.494500     362.8991     290.9826     418.6891     296.0552    0.1167     159.6619     134.3949  2.422  2.280  762 
   55273.271900     735.8587     299.1093     851.9187     304.2727    0.0797    -426.4379    -363.0942 -4.160 -3.436  762 
   55536.299000    1919.7233     289.4531    2057.3715     293.5620    0.2417    -554.8184    -478.5454 -4.943 -5.193  762 
   55538.335900     105.9388     232.6361     366.2559     243.4892    0.1053     260.4548     190.2464  5.288  5.152  762 
   55540.344000    2740.8054     413.5752    2594.6723     414.9770    0.0629   -2083.0922   -1984.1426 -11.053 -9.468  762 
   55679.254400     483.1633     236.7645    1412.6139     245.7010    0.1710    -116.5319     -87.7871 -2.854 -1.692  762 
   55884.409900    2149.6059     689.7024    2049.8300     690.0543    0.0581   -2840.9989   -2780.0322 -16.004 -17.014  762 
   55889.436800    1273.8422     270.7913    1161.7953     276.0283    0.1463    -189.8170    -158.4283 -2.357 -2.245  762 
   55924.444500    1705.6395     228.1096    2488.0827     238.7086    0.2893     441.9195     322.1218  9.523  9.039  762 
   55925.375400    -217.8627     258.9548      -0.2908     265.2517    0.0499    -353.9099    -287.3186 -4.923 -4.148  762 
   55926.308900      26.1066     221.0549    -635.0081     232.8994    0.1014    -252.4360    -180.9321 -2.383 -4.741  762 
   55927.351300     324.2769     254.9134     573.7951     261.7030    0.0812    -253.8692    -203.4501 -3.226 -3.313  762 
   55969.117000     734.6198     321.7741     698.3406     324.1364    0.0118    -655.9656    -595.3936 -5.678 -5.410  762 
   56045.161300    1823.2826     306.2645    2022.1235     309.7450    0.1763    -518.6558    -452.6036 -6.401 -6.462  762 
   56215.478000    1116.9636     269.0918    1717.7590     275.5841    0.2080     311.7217     251.8152  1.441  4.873  762 
   56217.471100   -1140.5176     598.9204   -1271.9184     599.3350    0.3091   -5761.8382   -5656.8866 -22.827 -22.624  762 
   56301.274100     -38.7801     315.3226     164.6318     318.8767    0.0907     363.2472     321.6782  2.332  2.681  762 
   56301.282000     248.6813     338.3621     506.2467     340.6373    0.0865      38.4653      35.3342  0.930  0.239  762 
