   54533.216400       0.0000       4.4721       0.0000       4.4721      -nan       0.0000       0.0000  0.000  0.000  762 
   54534.350300   -2193.7429     319.1136   -2357.4643     325.8919    0.3148    -705.8018    -602.4756 -4.394 -4.264  762 
   54535.300800    1016.0250     308.6306    1191.7321     318.1119    0.1481      27.4509      22.2984  0.078  0.180  762 
   54536.152700   -1123.2374     339.0307    -653.8336     343.6202    0.0189     494.7801     432.5095  4.412  4.046  762 
   54537.404600   -1134.2521     263.0737   -2399.8313     282.4273    0.1187       0.0000       0.0000 -4.690  0.000  762 
   54538.192700    -276.4582     409.3636     -16.2965     413.4562    0.1034    -878.5998    -795.3003 -4.716 -4.929  762 
   54590.208000     944.3058     273.2937     166.8258     285.8171    0.0034    -268.4377    -200.0504 -2.051 -2.897  762 
   54861.128800       0.0203       4.4699      85.4136      52.7720    0.0130       0.0000       0.0000  9.090  0.000  762 
   54862.306200       1.3258      10.2748    2335.8377     329.9246    0.1739       0.0000       0.0000 -2.272  0.000  762 
   54912.160800       0.0000       2.6725       0.0000       2.6725      -nan       0.0000       0.0000  0.000  0.000  762 
   54914.127200       0.0000      11.8643       0.0000      11.8643      -nan       0.0000       0.0000  0.000  0.000  762 
   55126.494500       0.0000       3.0025       0.0000       3.0025      -nan       0.0000       0.0000  0.000  0.000  762 
   55273.271900    3908.1661     313.4525    4033.6447     322.8369    0.4631    -697.5656    -563.8504 -4.382 -4.790  762 
   55536.299000       0.4117       3.9745    1830.4451     113.4645    0.2953       0.0000       0.0000 -2.880  0.000  762 
   55538.335900    -738.5812     256.3000   -3640.5444     279.9467    0.3301    -163.4971    -102.8800 -3.349 -2.753  762 
   55540.344000    3893.1025     417.3095    3421.2762     420.4324    0.0018   -3690.2471   -3440.3773 -15.053 -15.327  762 
   55679.254400    1454.5252     258.5149     392.0246     274.3797    0.0213      16.7977      11.6939  0.807  0.198  762 
   55884.409900       0.0000       5.0065       0.0000       5.0065      -nan       0.0000       0.0000  0.000  0.000  762 
   55889.436800     428.2850     290.6570      42.4102     300.2431    0.1196    1059.6017     836.6907  9.825 10.534  762 
   55924.444500     207.7836     257.9143   -2506.0886     275.3389    0.1819    -356.4274    -243.5756 -7.265 -5.569  762 
   55925.375400     441.6158     279.4143   -1695.9685     291.1139    0.1213     405.7448     309.6296  3.726  3.876  762 
   55926.308900    1445.0535     246.8975    1360.3747     265.0243    0.1007      65.6090      43.9455 -0.451  0.947  762 
   55927.351300      37.7447     277.1323    -833.5759     289.2586    0.1045     269.1038     202.8000  1.736  2.849  762 
   55969.117000    2662.0923     333.7052    2867.3492     338.2096    0.4204    1242.3337    1088.9284  9.448  9.113  762 
   56045.161300    1961.2871     331.5991    1821.4134     337.7310    0.2416    1556.9625    1314.7529 15.694 16.111  762 
   56215.478000    1594.6262     296.8694    1251.8143     308.6097    0.0816    -107.3267     -82.0639 -0.945 -1.351  762 
   56217.471100    8548.3939     595.6403    8512.0720     596.5313    0.3120   -2675.1976   -2605.2636 -12.392 -10.044  762 
   56301.274100    2763.3109     324.3509    3150.8100     331.7661    0.4486    -317.3285    -266.3617 -2.108 -2.086  762 
   56301.282000    3538.2057     340.9553    4049.5081     346.2148    0.4127    -513.6174    -450.5945 -2.229 -2.944  762 
