   54533.216400     885.4244     316.4052     855.4854     316.4770    0.1827     545.4778     538.5231  3.559  3.684  762 
   54534.350300       0.0000       4.0201       0.0000       4.0201      -nan       0.0000       0.0000  0.000  0.000  762 
   54535.300800       0.0000       3.9160       0.0000       3.9160      -nan       0.0000       0.0000  0.000  0.000  762 
   54536.152700    1729.5799     298.7377    1712.6589     298.8077    0.2156       0.0000       0.0000 -1.413  0.000  762 
   54537.404600     911.6288     175.3370     905.3867     175.9661    0.1398     -38.2965     -35.6870 -3.945 -0.859  762 
   54538.192700    1494.8424     389.6381    1485.9597     389.7034    0.1545    -566.7208    -560.4866 -4.028 -3.396  762 
   54590.208000    1155.6020     199.2167    1199.2748     199.5245    0.1218    -582.9624    -556.6783 -12.155 -9.470  762 
   54861.128800    1135.5970     354.2799    1068.5927     354.3506    0.0937     -40.9430     -40.4674  1.485 -0.282  762 
   54862.306200    1353.3808     427.1503    1260.6332     427.2147    0.1401   -2842.7314   -2826.8290 -11.323 -10.950  762 
   54912.160800    1617.8006     203.2833    1623.4388     203.4097    0.0530   -2174.7911   -2112.9474 -37.175 -39.299  762 
   54914.127200   20617.1658     823.3142   20470.8250     823.3412    0.8205  -52379.3255  -52337.6391 -100.640 -100.258  762 
   55126.494500     520.2291     239.9473     542.7931     240.1570    0.2300     644.9291     623.1284 12.443 11.065  762 
   55273.271900     939.9169     255.9469     918.6875     256.1663    0.1727     127.0157     123.1708  1.351  1.200  762 
   55536.299000     642.7885     249.9564     620.4248     250.1363    0.1299     185.1339     180.0910  2.152  1.990  762 
   55538.335900    -669.2437     176.1209    -707.0659     176.7404    0.1467     161.4480     150.3904  4.397  3.924  762 
   55540.344000   -2074.3805     391.5604   -2092.9299     391.6297    0.2232       0.0000       0.0000 -5.595  0.000  762 
   55679.254400   -1522.5988     184.0246   -1643.9909     184.5952    0.2982    -615.5167    -575.3012 -12.082 -11.231  762 
   55884.409900    -665.3473     675.3399    -688.5858     675.3530    0.3671   -4500.7304   -4484.0963 -26.721 -27.630  762 
   55889.436800    1137.6368     225.1291    1096.7216     225.3696    0.1517    -314.6930    -303.4915 -3.908 -4.416  762 
   55924.444500       0.0000       2.0980       0.0000       2.0980      -nan       0.0000       0.0000  0.000  0.000  762 
   55925.375400    2012.2792     209.7212    2009.6300     210.0008    0.3838     100.8768      96.8180  1.668  1.443  762 
   55926.308900     384.2462     160.6882     360.1753     161.3585    0.0415    -213.9548    -197.8323 -4.090 -5.332  762 
   55927.351300     313.4514     204.4066     292.1117     204.7508    0.0584     -63.0426     -60.0912 -1.114 -1.013  762 
   55969.117000    -223.6749     291.6531    -250.3702     291.7447    0.1388    -780.8129    -767.5971 -8.512 -7.078  762 
   56045.161300     403.9284     263.4206     402.0555     263.5729    0.0388    -157.1892    -153.0737 -2.828 -2.279  762 
   56215.478000     561.2429     215.9776     508.8317     216.3302    0.1106     393.8807     376.3080 11.195  7.467  762 
   56217.471100    2581.9848     584.1192    2468.5064     584.1537    0.0206   -2107.5932   -2099.8301 -6.933 -8.504  762 
   56301.274100    -287.4144     279.3508    -301.6315     279.5098    0.2901    1517.8562    1483.1706  9.689 12.585  762 
   56301.282000     -98.2172     309.3323    -109.9248     309.4394    0.2325    1230.5189    1210.6498  6.625  8.320  762 
