   54533.217500     551.1060      93.7395     389.8634      93.9975    0.1740     201.8335     195.8627  0.689  0.871  762 
   54534.351500       0.0000       5.7116       0.0000       5.7116      -nan       0.0000       0.0000  0.000  0.000  762 
   54535.302200       0.0014       4.9261       0.2812       4.9485    0.0067       0.0000       0.0000  0.548  0.000  762 
   54536.153800       0.0000       4.9554       0.0000       4.9554      -nan       0.0000       0.0000  0.000  0.000  762 
   54537.405900    -255.6000      83.6415    -313.9825      84.1059    0.0948      97.4039      90.8035  0.808  0.685  762 
   54538.193800       0.0000       5.4374       0.0000       5.4374      -nan       0.0000       0.0000  0.000  0.000  762 
   54590.208800     -29.1589      69.9155    -267.4387      70.8251    0.0605      78.5116      70.5065  0.368  0.649  762 
   54792.430900     550.4400      92.0892     497.6280      92.1601    0.2097     365.6734     357.7697  3.631  2.658  762 
   54793.510600    -101.2864      98.9254    -182.7077      99.2926    0.0149     151.0662     143.2810  0.741  0.916  762 
   54794.490600     483.6322     106.1100     450.9765     106.3216    0.2467     287.3973     275.2933  1.698  1.939  762 
   54860.202700       0.6345      84.4820    -114.3137      84.9643    0.0262      42.1466      39.3976 -0.167  0.294  762 
   54861.129900    -219.3013     105.1462    -332.5464     105.3352    0.0969     -43.2634     -41.8590 -0.442 -0.270  762 
   54912.161700     334.5731      74.8974     181.8495      75.4083    0.0814      81.8980      75.8824  0.938  0.625  762 
   55126.499300     -23.1027      81.9940     -80.6281      82.4901    0.0097      66.1361      61.0608  0.387  0.606  762 
   55208.320800     -45.2901      63.1679    -132.9467      64.7383    0.0813     -32.9695     -27.4917 -0.470 -0.389  762 
   55273.273000      98.4874      81.9033       0.3615      82.4973    0.0096      25.2063      23.2903  0.173  0.159  762 
   55536.300000    -184.1332      72.2747    -312.0076      73.0132    0.0813     108.5440      97.4824  1.177  1.043  762 
   55538.337000     181.0103      61.8915      86.6536      63.7129    0.0567     -14.2437     -11.6734 -0.353 -0.221  762 
   55540.344900     318.6093     118.3378     182.7773     118.5683    0.1090     216.5726     210.4071  0.754  0.911  762 
   55599.209300     490.4918      93.5749     389.3244      93.8320    0.1601      42.6740      41.2327  0.463  0.183  762 
   55603.167400     312.3150     163.6768     244.6211     163.7552    0.2649     978.7362     964.2115  6.110  5.673  762 
   55679.255600     -21.6062      79.5988     -95.3910      80.2269    0.0223     164.8604     150.2041  1.831  1.407  762 
   55924.445900       0.0000       2.3810       0.0000       2.3810      -nan       0.0000       0.0000  0.000  0.000  762 
   55925.376900     123.4729      81.3586      29.6731      82.1444    0.0700    -202.8193    -183.0361 -1.920 -1.761  762 
   55926.310300    -224.6343      58.6790    -413.7661      61.6697    0.2733     -17.6565     -13.5091 -0.431 -0.274  762 
   55927.352700      56.3602      85.9327      -2.6422      86.5770    0.0848    -209.3674    -190.9199 -1.750 -1.860  762 
   55969.118500    -283.4644      78.8834    -389.7825      79.3448    0.1397       1.6188       1.5144 -0.260  0.010  762 
   56045.163000     -69.0049     114.3642     -90.3476     114.6456    0.0019      99.8618      94.8169  1.249  0.999  762 
   56215.481000      33.6902      77.7157     -26.4376      78.6539    0.0322     -30.9736     -27.4422 -0.502 -0.367  762 
   56217.473300     213.9353     137.2185      50.8138     137.4508    0.0561    -285.6570    -279.6645 -0.906 -1.111  762 
   56301.279200      13.9320      94.4229     -40.7301      94.8403    0.1700     388.3784     366.8742  1.948  2.037  762 
