   54533.217500    3217.4677     134.2216    3141.6734     134.6681    0.5263    -352.8743    -343.3381 -3.250 -1.532  762 
   54534.351500       0.0000       5.5844       0.0000       5.5844      -nan       0.0000       0.0000  0.000  0.000  762 
   54535.302200       0.2893       5.1086     119.1661      27.5305    0.0848       0.0000       0.0000  0.334  0.000  762 
   54536.153800       0.0000       4.8824       0.0000       4.8824      -nan       0.0000       0.0000  0.000  0.000  762 
   54537.405900    3642.7860     109.3439    3655.5821     110.0473    0.7591     287.1218     267.0548 -2.931  2.090  762 
   54538.193800       0.0000       5.3507       0.0000       5.3507      -nan       0.0000       0.0000  0.000  0.000  762 
   54590.208800    1745.6485      99.6591    1694.0301     100.7954    0.4648      45.8538      41.1356 -8.690  0.377  762 
   54792.430900    1948.0874     106.7961    1865.4015     106.9625    0.2305    -288.3906    -278.6299 -3.877 -2.036  762 
   54793.510600    2783.0507     130.8854    2734.8606     131.4952    0.5756    -410.7251    -387.7615 -4.335 -2.531  762 
   54794.490600    2318.3369     137.9441    2273.9941     138.4115    0.5266     -13.1125     -12.4400 -1.999 -0.085  762 
   54860.202700    2284.0883     112.3367    2224.0644     112.9683    0.6558     255.0627     237.8105  1.007  1.840  762 
   54861.129900    2886.2058     125.7840    2712.2592     126.2173    0.4719     -33.7579     -32.3108  0.866 -0.219  762 
   54912.161700    2940.9209     104.4535    2779.0489     105.3085    0.6122    -296.9336    -273.6536 -3.083 -2.267  762 
   55126.499300    3126.0321     103.2807    3090.6915     104.1853    0.8528     -32.1958     -29.1273 -1.845 -0.313  762 
   55208.320800    1147.1913      88.4743    1137.9537      90.7818    0.5300      -6.6141      -5.3916 -2.379 -0.083  762 
   55273.273000    1674.4612     116.5661    1610.0139     117.4438    0.3431    -189.2363    -174.5865  0.935 -1.225  762 
   55536.300000    1231.4986      94.2813    1240.1008      95.4190    0.4484     139.3772     122.9997  0.454  1.431  762 
   55538.337000     779.8148      85.6710     800.3168      88.0748    0.4231     -25.3453     -20.4433 -2.433 -0.389  762 
   55540.344900    1012.8222     156.2564     895.3250     156.6966    0.1664    -125.2594    -121.3015 -0.071 -0.543  762 
   55599.209300    1197.7805     137.3087    1065.8452     137.7925    0.2838     275.0451     265.9518  2.203  1.173  762 
   55603.167400    1684.0519     185.2065    1612.1343     185.3967    0.3539     549.4130     537.0435  5.822  3.190  762 
   55679.255600    2587.0712     105.2106    2521.5919     106.3030    0.6170     116.6666     104.1421  2.034  1.013  762 
   55924.445900       0.0000       2.1706       0.0000       2.1706      -nan       0.0000       0.0000  0.000  0.000  762 
   55925.376900   -1486.2548     112.4292   -1493.6743     113.9588    0.4212     319.8593     280.0068  3.368  2.852  762 
   55926.310300    -764.2260      83.5573   -1085.1949      88.3056    0.3835      -8.8168      -6.3646  1.578 -0.153  762 
   55927.352700   -1091.0308     112.9617   -1107.8080     114.4761    0.4051     -84.0039     -73.3602 -0.605 -0.799  762 
   55969.118500     330.0835     107.4147     196.7032     108.2847    0.0417     -38.8638     -35.8371  0.439 -0.265  762 
   56045.163000     -39.4267     132.2670     -54.1709     133.2265    0.0373     -66.1604     -59.9684 -1.916 -0.711  762 
   56215.481000     680.0162     100.8938     646.6501     102.9219    0.2801      13.7642      11.5787 -1.599  0.180  762 
   56217.473300     231.1030     180.8695      78.5670     181.2410    0.2031   -1313.3283   -1282.1455 -5.706 -5.246  762 
   56301.279200   -1010.8213     134.9145   -1016.2804     135.7269    0.1273     756.9664     708.3003  7.146  4.195  762 
