   54533.217500      17.8809      97.8838     -94.1072      98.0242    0.0073      70.3903      69.2454 -0.334  0.302  762 
   54534.351500    -186.1897      97.5663    -319.2707      97.7509    0.0249     239.1558     234.1006  0.441  1.101  762 
   54535.302200     329.2937      82.9049     249.8753      83.1593    0.0910     -61.7157     -59.3547  0.012 -0.335  762 
   54536.153800     122.2009      97.0268      12.6471      97.1500    0.0454    -193.1215    -188.9399 -1.330 -1.057  762 
   54537.405900      27.7331      83.5068    -101.1972      83.9363    0.0216     181.4668     171.2941  0.485  1.317  762 
   54538.193800       4.4612     150.8371     -29.9796     150.8838    0.0168      79.1905      78.3664  0.375  0.385  762 
   54590.208800    -112.4353      70.3937    -138.9180      70.7565    0.0841      -9.5784      -8.8658 -0.350 -0.080  762 
   54792.430900     369.1695      95.0787     297.8490      95.1203    0.0622      -1.9302      -1.9008 -0.927 -0.013  762 
   54793.510600      17.7405      99.4853     -53.8311      99.7050    0.0061      36.9859      35.6181 -0.387  0.230  762 
   54794.490600     503.9451     109.4593     414.4375     109.6252    0.0671    -197.6204    -191.5304 -1.098 -1.289  762 
   54860.202700     275.0067      83.3942     224.9257      83.5614    0.0001    -234.2329    -224.6096 -1.874 -1.716  762 
   54861.129900     261.7281     103.2714     175.0394     103.3588    0.1131     318.2774     311.8034  1.626  2.073  762 
   54912.161700     128.9812      74.0927      20.3632      74.3989    0.0292      64.3329      60.8391 -0.010  0.518  762 
   55126.499300     -77.1336      78.3545     -91.1088      78.6297    0.0231      56.1861      52.6088  0.005  0.575  762 
   55208.320800     134.3927      59.6348      75.9371      60.5919    0.0230     -57.5906     -49.5223 -1.143 -0.777  762 
   55273.273000     275.6842      81.8840     152.4490      82.2588    0.0462     -26.1338     -24.5748 -0.019 -0.172  762 
   55536.300000     392.6188      68.5976     339.5993      68.9402    0.0718    -206.4804    -190.4287 -1.877 -2.231  762 
   55538.337000     -15.0587      59.4273     -37.5877      60.2576    0.0089      29.4339      25.6107  0.090  0.493  762 
   55540.344900     103.3754     118.9386      -1.3379     119.0771    0.0472     171.3250     168.4579  0.545  0.744  762 
   55599.209300     364.7177      97.6117     263.4665      97.7739    0.0593     -76.3843     -74.8650 -0.561 -0.328  762 
   55603.167400     760.3603     166.6026     685.2163     166.6582    0.0401    -503.4709    -497.9140 -2.413 -2.879  762 
   55679.255600     125.6974      77.9530      27.4494      78.3962    0.0254     -90.7017     -83.8302 -1.088 -0.829  762 
   55924.445900      92.7122      56.4031     -54.0058      58.0443    0.0838    -111.0745     -90.3361 -2.490 -2.524  762 
   55925.376900      69.7622      78.8310      15.5227      79.3206    0.0294      39.3759      36.2213  0.492  0.373  762 
   55926.310300    -101.2563      53.3947    -191.0051      55.0929    0.1440     -32.5638     -25.8950 -0.470 -0.642  762 
   55927.352700      -1.0586      81.4016     -31.3688      81.8130    0.0331     -42.4628     -39.2751 -1.187 -0.432  762 
   55969.118500     269.7482      75.4397     195.8534      75.6972    0.0513     -59.6752     -56.6916 -0.463 -0.428  762 
   56045.163000     412.0137     106.6508     383.8858     106.8303    0.1315       5.8057       5.5532  0.260  0.067  762 
   56215.481000       3.3495      71.2608     -22.4124      71.8936    0.0400     -38.2689     -34.2261  0.091 -0.563  762 
   56217.473300     160.0664     137.9650      36.8345     138.1195    0.1420     550.3765     543.3064  2.147  2.236  762 
   56301.279200     629.4448      92.7664     574.6743      93.0062    0.2983     -28.2147     -27.0197  0.060 -0.162  762 
