   54533.217500     266.6755     129.5355    -231.4234     132.2648    0.0640    -180.1068    -162.0584 -0.580 -0.671  762 
   54534.351500     693.1285     126.6056     464.5019     129.5728    0.0705     -89.1154     -78.4543 -0.545 -0.371  762 
   54535.302200    -225.4650     118.7200    -322.0951     123.2720    0.0881     -40.8692     -33.5467 -0.523 -0.185  762 
   54536.153800      87.4550     126.8038    -274.0758     129.5850    0.0322      39.4686      34.5800 -0.617  0.183  762 
   54537.405900    -142.6288     119.4686    -936.5984     125.6983    0.1355      -9.4833      -7.3831 -0.209 -0.054  762 
   54538.193800     404.4086     181.0269     128.0400     182.4936    0.0186     -11.9778     -11.1534  0.033 -0.051  762 
   54590.208800     197.5147     108.2516    -168.3002     114.8832    0.0812    -247.6513    -178.5196 -1.618 -1.583  762 
   54792.430900     145.7563     114.6141    -143.1977     115.6771    0.0168       0.0000       0.0000 -2.997  0.000  762 
   54793.510600    -393.1653     135.7445    -424.3917     140.2252    0.0962      68.2530      55.9133 -0.021  0.353  762 
   54794.490600     125.4840     103.4510    -314.6193     146.0980    0.0549       0.0000       0.0000  0.734  0.000  762 
   54860.202700     339.0465     117.7972     391.6945     121.5710    0.1338      69.9386      56.1958 -0.197  0.416  762 
   54861.129900    -328.8438     131.4486    -639.9708     133.8686    0.1699     -77.0397     -67.1105 -0.259 -0.427  762 
   54912.161700     674.7213     107.4188     892.4847     111.4423    0.2950     239.7563     184.4383  1.467  1.648  762 
   55126.499300     639.1613     113.3880     555.5844     118.8437    0.2178      93.6483      68.9434  0.563  0.770  762 
   55208.320800       0.0000       2.7999       0.0000       2.7999      -nan       0.0000       0.0000  0.000  0.000  762 
   55273.273000     516.0124     118.7940     442.4961     124.5272    0.1837     185.5211     141.7468  0.518  0.985  762 
   55536.300000     714.8070     104.3503     591.6647     110.1356    0.1935      68.9251      48.8429  0.398  0.568  762 
   55538.337000     433.7226     102.2132     429.0673     110.2135    0.1089     127.4226      78.1067  1.927  1.495  762 
   55540.344900     248.4323     149.9502      57.6039     152.7131    0.1162    -594.7235    -531.8918 -2.594 -2.278  762 
   55599.209300     969.4745     127.1495     852.3948     130.1329    0.1592    -198.4751    -174.9866 -0.589 -0.760  762 
   55603.167400      86.6064     192.6228     -57.7827     193.7888    0.0264     227.3914     212.1552  0.256  1.162  762 
   55679.255600     561.7499     113.9496     243.4409     120.5293    0.0345    -160.0669    -113.8206 -1.479 -1.155  762 
   55924.445900    1678.0745     104.0048    -610.0062     116.2405    0.0971     -81.9303     -43.7588 -1.220 -1.251  762 
   55925.376900     -50.9826     120.2794    -150.7973     127.3546    0.0589     -42.1241     -29.5988 -0.008 -0.307  762 
   55926.310300     716.7491     100.9163    -559.1643     112.9742    0.1254     -24.5581     -12.5220  0.409 -0.313  762 
   55927.352700    -450.3887     123.0325    -582.1471     129.8671    0.2023    -135.3408     -94.9343 -0.472 -1.044  762 
   55969.118500     594.9742     108.3955     452.7378     113.3656    0.1384      86.8562      66.4421  0.432  0.515  762 
   56045.163000     598.2911     140.9097     604.6465     145.4414    0.1937      25.3252      19.6504 -0.144  0.247  762 
   56215.481000       3.7071     114.0993     219.8103     122.0039    0.0609     -54.8487     -35.0820 -0.814 -0.632  762 
   56217.473300     373.5153     166.3082     157.0884     168.5830    0.0537    -478.4121    -437.2638 -1.735 -1.833  762 
   56301.279200    -432.1006     131.4714    -377.0582     137.0066    0.1624    -251.8526    -200.0802 -1.307 -1.230  762 
