   54533.217500    1380.0992     110.4166    1249.4303     110.7018    0.2846    -130.6427    -126.8546 -0.908 -0.581  762 
   54534.351500       0.0000       5.5522       0.0000       5.5522      -nan       0.0000       0.0000  0.000  0.000  762 
   54535.302200       0.0000       4.9410       0.0000       4.9410      -nan       0.0000       0.0000  0.000  0.000  762 
   54536.153800       0.0000       4.8264       0.0000       4.8264      -nan       0.0000       0.0000  0.000  0.000  762 
   54537.405900     632.2431      94.4521     530.8291      95.0158    0.1682       1.4719       1.3668 -0.461  0.011  762 
   54538.193800       0.0000       5.3016       0.0000       5.3016      -nan       0.0000       0.0000  0.000  0.000  762 
   54590.208800     693.1745      82.3127     593.7285      82.9504    0.2484      73.6307      67.1732  0.149  0.623  762 
   54792.430900    1163.0920      97.7632    1073.2976      97.8580    0.1455    -376.7250    -366.4467 -2.849 -2.740  762 
   54793.510600     138.2889     112.6285      45.1124     113.1056    0.0281    -139.0157    -131.2784 -0.923 -0.865  762 
   54794.490600     416.8477     121.4818     337.5786     121.7768    0.1033      -3.4581      -3.3011  0.315 -0.022  762 
   54860.202700     161.6822      95.3374     114.2499      95.7211    0.2020     499.2680     468.8860  3.672  3.679  762 
   54861.129900     554.1598     110.6949     464.5554     110.8787    0.2098     505.7249     488.3785  2.950  3.407  762 
   54912.161700    -255.8130      87.6498    -336.0669      88.0835    0.1515     -37.5731     -35.1491 -0.311 -0.296  762 
   55126.499300     176.3741      88.8629     164.8525      89.3327    0.1513     101.6499      93.6947  1.167  1.030  762 
   55208.320800     367.2504      71.2579     224.8835      72.5330    0.1365      31.1389      26.2201  0.257  0.416  762 
   55273.273000     185.5483      96.4055      97.9140      96.9977    0.0316      -6.2115      -5.7523 -0.483 -0.041  762 
   55536.300000     473.2102      78.2195     446.8877      78.7675    0.2581     194.0534     175.8021  2.481  2.100  762 
   55538.337000     224.5427      69.1604     265.9519      70.1164    0.1993      95.2504      81.6522  1.788  1.579  762 
   55540.344900     175.6562     132.3892      83.1297     132.6892    0.1142     311.5141     301.3530  1.164  1.362  762 
   55599.209300    1155.9862     113.1246    1034.2829     113.4429    0.3594     318.9188     307.4506  0.921  1.359  762 
   55603.167400     829.5770     171.0273     762.9494     171.1196    0.1720      89.6378      88.0804  0.592  0.532  762 
   55679.255600     297.5335      89.3682     197.5594      90.0369    0.1383     205.4938     187.0292  2.013  1.848  762 
   55924.445900       0.0000       2.1156       0.0000       2.1156      -nan       0.0000       0.0000  0.000  0.000  762 
   55925.376900     -26.6463      92.0882    -117.1249      92.8477    0.0312     208.9742     188.1066  1.898  1.948  762 
   55926.310300      80.1898      64.0274     -79.2250      66.0841    0.0498     -18.9628     -14.6836 -0.269 -0.371  762 
   55927.352700    -544.4216      93.8794    -622.1915      94.6353    0.2397      39.0822      35.1267  0.283  0.393  762 
   55969.118500     -10.0520      88.6391    -136.4590      89.1483    0.0391      16.7778      15.6116  0.185  0.118  762 
   56045.163000     -16.0109     116.4658     -66.9882     116.8600    0.0307     -23.9148     -22.3539 -0.380 -0.273  762 
   56215.481000    -270.3402      83.3223    -334.6151      84.3724    0.2111     -39.9842     -34.9881 -1.590 -0.563  762 
   56217.473300    1040.5557     153.3018     940.9507     153.5177    0.1695    -240.0788    -234.5640 -0.920 -0.967  762 
   56301.279200    -375.1961     110.2566    -421.2341     110.7658    0.1964      -5.6121      -5.2702 -0.014 -0.032  762 
