   54533.217500   19171.0131     799.8096   13476.1870     921.1272      -nan  -19171.0131  -13476.1870 -80.048 -58.958  762 
   54534.351500   16949.2228     726.9770   12100.3703     878.9556      -nan  -16949.2228  -12100.3703 -78.797 -55.315  762 
   54535.302200    5406.9608       4.9398    5406.9608       4.9398      -nan   -5406.9608   -5406.9608 -36.157 -30.796  762 
   54536.153800    4929.4538     687.3342    3236.4478     822.5423      -nan   -4929.4538   -3236.4478 -22.584 -18.363  762 
   54537.405900    -856.2390       4.1755    -856.2390       4.1755      -nan     856.2390     856.2390  5.848  6.453  762 
   54538.193800   13457.0545     808.8466    9280.6387     954.6985      -nan  -13457.0545   -9280.6387 -63.416 -45.347  762 
   54590.208800    -223.7046       3.7767    -223.7046       3.7767      -nan     223.7046     223.7046  1.625  2.044  762 
   54792.430900    8048.7808     536.3914    4151.7556     642.3155      -nan   -8048.7808   -4151.7556 -33.847 -30.082  762 
   54793.510600    3646.1535       4.6589    3646.1535       4.6589      -nan   -3646.1535   -3646.1535 -29.250 -23.378  762 
   54794.490600    6154.2299       4.4530    6154.2299       4.4530      -nan   -6154.2299   -6154.2299 -49.284 -42.980  762 
   54860.202700    4433.5344       4.2618    4433.5344       4.2618      -nan   -4433.5344   -4433.5344 -37.292 -33.093  762 
   54861.129900    7093.5046     737.8203    3870.5465     875.6522      -nan   -7093.5046   -3870.5465 -27.664 -24.832  762 
   54912.161700     654.9543       3.9903     654.9543       3.9903      -nan    -654.9543    -654.9543 -7.640 -5.427  762 
   55126.499300    -491.5452       3.5806    -491.5452       3.5806      -nan     491.5452     491.5452  4.981  4.987  762 
   55208.320800      57.5661       2.9832      57.5661       2.9832      -nan     -57.5661     -57.5661 -1.083 -0.836  762 
   55273.273000    8299.8144       4.5140    8299.8144       4.5140      -nan   -8299.8144   -8299.8144 -66.782 -56.671  762 
   55536.300000    1202.2381       3.4700    1202.2381       3.4700      -nan   -1202.2381   -1202.2381 -14.410 -13.080  762 
   55538.337000    -137.0737       2.5881    -137.0737       2.5881      -nan     137.0737     137.0737  2.803  2.620  762 
   55540.344900   50547.1555     854.7615   35922.1579     996.0134      -nan  -50547.1555  -35922.1579 -186.595 -155.559  762 
   55599.209300   28130.8381     803.8832   20336.4959     925.4125      -nan  -28130.8381  -20336.4959 -113.850 -90.173  762 
   55603.167400    8271.7971       4.9273    8271.7971       4.9273      -nan   -8271.7971   -8271.7971 -55.435 -48.109  762 
   55679.255600    2299.9218       3.7458    2299.9218       3.7458      -nan   -2299.9218   -2299.9218 -25.106 -21.864  762 
   55924.445900     -50.9753       2.3194     -50.9753       2.3194      -nan      50.9753      50.9753 -0.230  1.213  762 
   55925.376900     443.2943       3.6678     443.2943       3.6678      -nan    -443.2943    -443.2943 -5.248 -4.333  762 
   55926.310300     -93.1653       2.4587     -93.1653       2.4587      -nan      93.1653      93.1653  1.376  1.969  762 
   55927.352700    1634.8001       3.6370    1634.8001       3.6370      -nan   -1634.8001   -1634.8001 -16.830 -16.322  762 
   55969.118500    3827.0524       4.4247    3827.0524       4.4247      -nan   -3827.0524   -3827.0524 -29.022 -26.598  762 
   56045.163000    2581.7539       3.4841    2581.7539       3.4841      -nan   -2581.7539   -2581.7539 -29.507 -28.148  762 
   56215.481000    -610.6588       3.0238    -610.6588       3.0238      -nan     610.6588     610.6588  8.879  8.568  762 
   56217.473300   61226.0861     856.6873   47163.1194    1006.9748      -nan  -61226.0861  -47163.1194 -239.607 -188.481  762 
   56301.279200   11235.7168       5.0572   11235.7168       5.0572      -nan  -11235.7168  -11235.7168 -78.701 -63.418  762 
