   54533.217500     804.2133     109.0601     715.8542     109.5883    0.2241      54.8506      52.3730  0.030  0.235  762 
   54534.351500     -76.8312     110.0138    -172.6954     110.6201    0.0662     -63.7410     -60.2526 -0.368 -0.285  762 
   54535.302200     227.5528      97.2717     180.9201      98.3087    0.0508     -32.1341     -29.3315 -0.536 -0.167  762 
   54536.153800      93.6510     105.6741      -1.9961     106.2222    0.0292    -153.3963    -144.2404 -1.336 -0.831  762 
   54537.405900     541.8732      96.1548     355.2999      97.7630    0.0647    -129.9984    -113.8500 -0.808 -0.893  762 
   54538.193800      45.4984     157.8699      21.9664     158.1271    0.0278      85.6615      82.9607  0.618  0.421  762 
   54590.208800    -721.4031      85.5051    -707.5524      87.3792    0.2530      99.3674      83.9517  0.522  0.775  762 
   54792.430900    -988.8559     100.0559   -1055.1628     100.3168    0.2662    -152.4336    -145.0936 -1.765 -1.057  762 
   54793.510600   -1044.3931     113.6991   -1167.2741     114.9001    0.3516     -35.7159     -32.3453 -0.512 -0.212  762 
   54794.490600   -1159.9082     122.9946   -1288.5681     123.9359    0.3631       2.8604       2.6203  0.018  0.018  762 
   54860.202700     -89.2433      96.7396    -151.3097      97.8469    0.0113     136.3331     121.7423  1.022  0.947  762 
   54861.129900    -766.4101     112.7995    -894.1018     113.3850    0.1527     228.4181     213.6775  0.438  1.463  762 
   54912.161700    1854.8293      86.9327    1851.3863      87.8772    0.5001    -161.3769    -144.1654 -0.743 -1.224  762 
   55126.499300    2492.2718      89.9012    2490.2896      91.1585    0.8122     -18.2401     -15.8785 -0.590 -0.175  762 
   55208.320800    1744.0106      75.0822    1701.2513      78.4547    0.7282      37.8568      28.4357  0.092  0.453  762 
   55273.273000     -15.7740      96.9750     -81.8443      98.5850    0.0629     -82.5829     -72.1203 -0.543 -0.511  762 
   55536.300000    -158.4817      82.6520    -304.0317      84.6748    0.0625     134.4023     111.2904  0.853  1.324  762 
   55538.337000     122.6798      76.0949     154.7272      79.3478    0.0993      14.3256      10.7475  0.427  0.208  762 
   55540.344900     439.4954     130.3888     300.3871     130.9870    0.0819      22.8917      21.7521  0.255  0.097  762 
   55599.209300    2108.5841     109.3164    1956.2356     109.8988    0.4597     -16.2616     -15.4213 -0.357 -0.068  762 
   55603.167400    1715.2821     171.8027    1658.4592     171.9997    0.3317     146.9335     142.8193  0.459  0.847  762 
   55679.255600      63.0605      92.2025     -33.7783      94.0102    0.0081       9.8644       8.3290  0.113  0.083  762 
   55924.445900    1956.9621      73.2579    1368.3285      78.7404    0.3147      -9.8774      -6.7805 -0.114 -0.195  762 
   55925.376900     536.6095      94.7192     509.2096      96.7242    0.1436    -195.7044    -163.6695 -2.125 -1.698  762 
   55926.310300     797.7684      71.4033     746.8063      76.7712    0.2953      15.2789      10.0444 -0.530  0.254  762 
   55927.352700     335.8649      96.7173     333.4379      98.6824    0.0473    -257.3001    -215.7084 -2.396 -2.411  762 
   55969.118500   -1116.0234      89.9484   -1109.8551      91.2450    0.3392     -27.2607     -24.0031 -0.407 -0.182  762 
   56045.163000    1208.8409     118.9999    1100.6169     120.1891    0.2695     -59.7563     -53.2017 -1.069 -0.654  762 
   56215.481000   -1502.8427      90.2572   -1628.0859      93.5782    0.6882      68.9652      53.5377  0.909  0.876  762 
   56217.473300   -1633.4608     151.5141   -1803.0950     152.1118    0.3016     577.7494     553.1864  2.102  2.281  762 
   56301.279200     -15.0072     108.8580     -61.1810     110.1589    0.0263       7.7416       6.9609  0.408  0.042  762 
