   54533.217500      79.7747     108.1650     -39.4014     108.4089    0.1342    -454.1718    -441.6958 -1.931 -1.899  762 
   54534.351500     252.2332     107.1941      90.1822     107.5200    0.0597     143.3803     139.2086  0.113  0.645  762 
   54535.302200     -83.9643      93.0997    -253.4859      93.6869    0.1618    -251.1250    -236.5627 -1.574 -1.342  762 
   54536.153800    -486.7363     104.8481    -681.0657     105.1880    0.1624      -2.2084      -2.1187  0.749 -0.012  762 
   54537.405900      44.1762      91.7580    -181.6381      92.4891    0.1166    -280.6000    -261.1141 -1.922 -1.982  762 
   54538.193800     233.5084     158.2372     163.5909     158.3687    0.0162    -110.5950    -108.5983 -0.254 -0.527  762 
   54590.208800     524.2993      78.5340     323.7660      79.4103    0.0105    -392.3166    -353.6894 -2.930 -3.209  762 
   54792.430900      74.3659      98.7866     -34.2946      98.8882    0.0872    -445.8944    -434.1145 -3.327 -3.049  762 
   54793.510600     -85.2348     108.3817    -213.4620     108.9011    0.0422      75.9758      71.6082  0.015  0.462  762 
   54794.490600     311.9568     115.7505     196.1815     116.1572    0.0520     -31.3872     -29.8476 -0.703 -0.205  762 
   54860.202700     -67.0883      92.5723    -182.2834      93.0509    0.2008    -418.2645    -390.2130 -2.733 -2.945  762 
   54861.129900     -25.1600     111.5025    -123.6352     111.6994    0.1172    -340.8456    -328.3503 -2.837 -2.122  762 
   54912.161700     473.1078      82.2512     392.8040      82.7611    0.1052    -100.8681     -93.4667 -0.648 -0.791  762 
   55126.499300      73.1270      86.6146      17.0573      87.2431    0.0678    -145.0199    -132.2018 -1.136 -1.408  762 
   55208.320800     182.0926      68.7806     130.0967      70.3409    0.0157    -191.3664    -158.6273 -2.634 -2.434  762 
   55273.273000     793.8021      90.8976     596.6189      91.6460    0.1709     -66.6112     -61.5322 -0.442 -0.427  762 
   55536.300000    -287.5166      77.3731    -374.8963      78.1268    0.1755    -122.8464    -109.6977 -2.013 -1.250  762 
   55538.337000     318.4071      67.0086     268.1021      68.5135    0.1674     -32.7857     -27.0442 -0.476 -0.533  762 
   55540.344900      21.9074     129.0527     -44.7244     129.2607    0.0645    -170.7127    -165.9963 -0.988 -0.725  762 
   55599.209300      60.1535     107.0354    -132.3706     107.4087    0.1191    -362.6863    -349.7574 -1.848 -1.544  762 
   55603.167400    -931.9689     172.8487   -1031.2109     172.9742    0.2613    -345.9557    -338.9387 -2.341 -1.948  762 
   55679.255600     502.6268      85.6648     348.3017      86.4596    0.0138    -429.9491    -388.5681 -2.999 -3.807  762 
   55924.445900     379.3624      65.7178     -17.2910      68.5901    0.0151     -38.2833     -29.7539 -0.559 -0.791  762 
   55925.376900    -650.5002      88.9239    -737.9615      89.9209    0.3051       5.4339       4.8359 -0.785  0.049  762 
   55926.310300    -294.2707      63.3871    -381.6639      66.0085    0.2079      16.8005      12.7326 -0.053  0.301  762 
   55927.352700    -288.0168      91.4583    -337.8171      92.2980    0.1701     -76.6310     -68.7316 -1.633 -0.727  762 
   55969.118500     268.1176      85.0638     159.6564      85.5903    0.0363    -282.0566    -261.4624 -1.959 -1.913  762 
   56045.163000      -2.6361     115.2108     -93.0464     115.6884    0.0207      23.0393      21.5294 -0.354  0.251  762 
   56215.481000     320.4235      80.5444     322.5096      81.5609    0.1560     -22.0523     -19.1445 -0.193 -0.300  762 
   56217.473300     263.4867     148.0348     164.8998     148.2296    0.0346     -26.8740     -26.3562  0.202 -0.107  762 
   56301.279200     516.5690     104.1761     499.9436     104.6256    0.2188     -75.3376     -71.0262 -0.199 -0.417  762 
