   54533.217500     174.6026     127.0068    -387.8479     128.8742    0.0013     433.1013     396.7357  1.869  1.730  762 
   54534.351500       0.0000       5.6887       0.0000       5.6887      -nan       0.0000       0.0000  0.000  0.000  762 
   54535.302200    1998.7744     115.5211    1551.5291     118.7319    0.5135     677.6839     577.2314  3.147  3.285  762 
   54536.153800       0.0000       4.9626       0.0000       4.9626      -nan       0.0000       0.0000  0.000  0.000  762 
   54537.405900     308.8559     115.1153      15.6025     119.1265    0.1157     614.9066     502.9738  3.453  3.813  762 
   54538.193800       0.0000       5.4424       0.0000       5.4424      -nan       0.0000       0.0000  0.000  0.000  762 
   54590.208800     470.8856     105.0411    -512.2102     110.3660    0.0610     102.4911      78.2377  1.067  0.709  762 
   54792.430900     457.0255     108.6081     132.4107     109.4829    0.0417     183.3709     167.9828  1.239  1.213  762 
   54793.510600    -905.8789     132.4742   -1017.8956     135.5201    0.2581     124.5620     106.3111  1.397  0.680  762 
   54794.490600     139.5101     138.6123      17.2649     141.2729    0.0458     155.1401     133.4480  1.313  0.926  762 
   54860.202700    -905.4614     117.8720   -1297.8960     121.4146    0.3435     -82.5720     -67.6616 -0.837 -0.506  762 
   54861.129900   -1363.3002     130.1347   -1727.7045     131.8877    0.1678     434.8497     389.4643  1.644  2.502  762 
   54912.161700   -1764.1499     109.6617   -2458.9872     113.5124    0.2842     164.4738     132.7677  0.685  1.083  762 
   55126.499300     443.9544     113.0719     116.5787     117.1109    0.0487     108.7353      86.0368  1.116  0.869  762 
   55208.320800   -2726.2149     102.8612   -3388.0456     111.4129    0.5376      57.3830      37.5021  0.589  0.538  762 
   55273.273000   -1915.4391     119.6061   -2277.8474     124.1065    0.4746      -6.1870      -4.9655  0.298 -0.034  762 
   55536.300000    -396.9523     103.9967   -1299.4719     109.2903    0.1978     171.6488     128.6077  1.282  1.397  762 
   55538.337000     429.6248      97.8912      59.0327     106.3625    0.0476      73.7979      48.0539  0.652  0.901  762 
   55540.344900    -547.1085     150.3499    -715.5447     152.2475    0.1637      -5.8986      -5.3862  0.529 -0.023  762 
   55599.209300     504.4788     127.6120     245.8912     129.7535    0.0522     -64.1676     -57.8940 -0.322 -0.256  762 
   55603.167400    1029.2145     185.8829     658.9571     186.8234    0.1841     852.9625     801.6589  4.819  4.668  762 
   55679.255600    -318.9417     113.0113    -772.7621     117.9373    0.1017     240.8111     185.3380  1.297  1.745  762 
   55924.445900       0.0083       2.3272       3.5394       2.3717    0.0070       0.0000       0.0000 -0.118  0.000  762 
   55925.376900    1773.8640     116.8108    1788.7164     121.6115    0.4802     167.2927     128.5776  0.798  1.252  762 
   55926.310300    1938.2034      95.6817    1461.9613     106.8765    0.4490       0.2432       0.1444 -0.419  0.003  762 
   55927.352700    1736.5430     119.7477    1547.0137     124.6177    0.5789     202.8176     156.6243  1.488  1.570  762 
   55969.118500    -416.1497     110.1050    -616.1562     113.4194    0.1989    -165.5720    -136.9576 -1.486 -0.953  762 
   56045.163000   -1798.7005     144.3762   -2055.8160     147.8285    0.5021      -4.1826      -3.4603  0.437 -0.038  762 
   56215.481000    -762.6492     114.6388    -981.5162     120.9081    0.3840     -86.9252     -63.0518 -1.101 -0.878  762 
   56217.473300     493.4039     170.0258     173.5021     171.5726    0.1289   -1042.5256    -975.3036 -3.550 -3.897  762 
   56301.279200     614.6234     131.4254     598.7642     134.6813    0.4280     533.5594     455.4956  2.072  2.575  762 
