   54533.217500     796.5635      94.3010     684.6878      94.4743    0.1466    -152.0910    -148.8633 -1.136 -0.689  762 
   54534.351500    -266.3354      96.3557    -346.9152      96.5623    0.1559     -80.1006     -77.5044 -0.847 -0.372  762 
   54535.302200     330.9871      82.6347     240.3407      82.9826    0.0187    -206.1133    -195.4535 -0.648 -1.112  762 
   54536.153800     207.9813      94.5376     115.8061      94.7074    0.0880     243.0723     235.9466  1.236  1.372  762 
   54537.405900     389.8910      82.8366     312.5896      83.2676    0.0297    -252.2584    -234.7434 -1.978 -1.861  762 
   54538.193800     567.4492     147.2962     537.9997     147.3585    0.1544    -119.5211    -117.7286 -0.708 -0.605  762 
   54590.208800     410.7646      69.8806     362.3189      70.3877    0.1442     -40.9843     -37.4737 -1.105 -0.351  762 
   54792.430900     270.5489      92.9336     180.9632      93.0093    0.0179    -101.0315     -98.7322 -0.557 -0.736  762 
   54793.510600     280.1008      98.9819     221.1255      99.2611    0.0291    -146.9790    -140.1475 -1.438 -0.924  762 
   54794.490600     -10.8202     110.4542     -78.5580     110.6926    0.0884    -187.8582    -180.3584 -1.759 -1.208  762 
   54860.202700     394.2122      82.5227     341.3110      82.7924    0.1944     173.1781     163.9683  0.930  1.291  762 
   54861.129900     743.3531     100.6195     625.9998     100.7839    0.1194    -132.0408    -128.0587 -0.042 -0.910  762 
   54912.161700     497.6599      73.7755     457.3984      74.0480    0.1479    -136.7716    -128.8224 -1.879 -1.122  762 
   55126.499300     503.5922      77.6142     472.5350      77.9794    0.2866     -18.8419     -17.4358 -0.466 -0.198  762 
   55208.320800     520.9458      59.5015     431.0308      60.5967    0.2239     -98.9843     -83.3412 -1.567 -1.372  762 
   55273.273000     609.0922      80.9601     557.7994      81.3546    0.1960    -126.8496    -118.1761 -1.052 -0.851  762 
   55536.300000     383.4886      68.0506     279.9506      68.5620    0.0787     -76.8764     -69.8687 -0.577 -0.857  762 
   55538.337000     -46.6865      60.2200     -27.2617      60.9809    0.0081      44.7953      38.5861  0.463  0.754  762 
   55540.344900    -173.1213     116.8962    -243.0480     117.0745    0.0253     333.0208     324.2782  0.670  1.465  762 
   55599.209300     642.7128      96.9516     502.6807      97.2036    0.1315     -91.0328     -88.0650 -0.370 -0.387  762 
   55603.167400     936.1187     163.1923     863.0982     163.2518    0.0701    -507.1097    -500.4489 -2.685 -3.016  762 
   55679.255600     288.2989      77.7498     234.4822      78.2046    0.0464    -134.9726    -123.6441 -1.046 -1.252  762 
   55924.445900     249.7996      55.8476     103.4160      57.6781    0.0609      30.7514      24.7049  0.326  0.746  762 
   55925.376900     219.8756      78.9396     169.2073      79.4533    0.0147    -150.9033    -136.8059 -1.709 -1.445  762 
   55926.310300      40.7579      53.6189    -121.7403      55.6483    0.0959     -57.9400     -44.6154 -0.965 -1.192  762 
   55927.352700    -232.4090      81.3242    -275.6510      81.8987    0.2072     -92.1176     -83.2020 -1.510 -0.960  762 
   55969.118500      45.5115      75.0840     -21.0774      75.4456    0.0530     151.8649     141.3367  1.032  1.099  762 
   56045.163000     486.6601     105.5748     411.2005     105.8707    0.1112     -42.9468     -40.5260 -0.075 -0.516  762 
   56215.481000    -178.2584      71.5836    -225.9605      72.4175    0.1249      15.3552      13.4258 -0.215  0.232  762 
   56217.473300    -478.0901     136.6110    -570.9919     136.7782    0.0157     528.3031     516.3397  2.017  2.155  762 
   56301.279200     547.9667      92.3325     489.7744      92.6939    0.0528    -624.5078    -588.8448 -3.530 -3.618  762 
