   54533.217500     666.2628     124.9836     557.1230     126.0039    0.0998    -190.7923    -178.7082 -0.683 -0.760  762 
   54534.351500      77.2673     124.3185    -141.8911     125.7399    0.0980    -292.4199    -268.3116 -1.156 -1.263  762 
   54535.302200    -712.5423     113.8672    -683.5931     115.6982    0.2223      73.0817      64.2730  0.152  0.361  762 
   54536.153800   -1021.8285     120.6708   -1101.1101     121.5981    0.1765     136.9542     125.9150  0.442  0.687  762 
   54537.405900    -397.1025     110.7454    -394.2062     112.4996    0.0909      72.5205      62.1982  0.468  0.471  762 
   54538.193800    -520.3370     174.3948    -559.7535     174.9725    0.1795    -155.3880    -148.1078 -0.744 -0.705  762 
   54590.208800    -445.5705      99.0346    -383.5749     100.8629    0.1302      34.1305      28.3436 -0.100  0.257  762 
   54792.430900     -59.3295     108.5911    -158.9342     108.9287    0.0187     279.9164     263.7118  2.023  1.788  762 
   54793.510600     180.7072     127.3741     178.6684     128.7611    0.1081     158.4260     140.5960  0.893  0.906  762 
   54794.490600     -41.1513     134.7995    -140.5027     136.0579    0.0103     111.3709      99.9019  0.075  0.670  762 
   54860.202700    -121.2909     110.9320    -164.8730     112.3565    0.1018    -180.6976    -157.2634 -1.379 -1.191  762 
   54861.129900    -461.8953     125.1092    -671.8671     126.0099    0.1267      24.2917      22.2548  0.143  0.145  762 
   54912.161700    -495.8871     100.3727    -455.0728     101.6929    0.1475     -22.8071     -19.7030 -0.209 -0.172  762 
   55126.499300     190.8946     103.0857     139.5880     104.4388    0.0429     -68.2910     -57.6983 -0.699 -0.643  762 
   55208.320800     107.6095      87.9044      81.4993      89.7270    0.0114     -74.8881     -57.2540 -0.570 -0.922  762 
   55273.273000     567.8202     111.4056     587.3819     113.2429    0.2175      15.7712      13.4114 -0.083  0.094  762 
   55536.300000      55.2968      93.4810      60.9449      94.8540    0.0369    -192.3523    -159.8031 -1.797 -1.881  762 
   55538.337000    -242.7717      85.1721    -328.4716      86.7184    0.1580      25.2701      19.9346  0.057  0.392  762 
   55540.344900       8.4983     146.0932    -176.5157     147.2726    0.2090    -834.5438    -774.6015 -2.555 -3.382  762 
   55599.209300     524.4134     124.7668     464.0396     126.0401    0.0134    -456.0080    -419.6476 -1.963 -1.836  762 
   55603.167400    -213.2353     186.3702    -431.1185     186.8708    0.2121    -991.3455    -945.2949 -4.532 -5.344  762 
   55679.255600    -337.8754     103.8303    -332.6366     105.3766    0.1777    -180.5711    -149.7442 -1.899 -1.513  762 
   55924.445900     170.0395      81.5136      26.2577      83.0190    0.0058     -53.6594     -41.0935 -0.347 -1.193  762 
   55925.376900     239.8898     108.7315     128.9842     110.6587    0.0072    -178.8533    -146.3467 -1.265 -1.524  762 
   55926.310300      62.8746      79.7833      18.1449      81.3312    0.0022     -29.6326     -22.0290 -0.546 -0.561  762 
   55927.352700    -109.1706     110.2673    -184.1179     111.9459    0.1424    -191.0768    -157.2774 -1.199 -1.744  762 
   55969.118500      44.2794     101.8634     -54.5825     103.5099    0.0835    -262.9637    -224.9437 -1.843 -1.724  762 
   56045.163000    -112.6883     128.4962    -156.8037     129.4047    0.0792     -79.0980     -69.4523 -1.226 -0.867  762 
   56215.481000     448.4573      96.9590     452.1043      98.3318    0.2332      40.4898      32.8499  0.873  0.570  762 
   56217.473300    1322.2256     163.2320    1154.0749     164.1998    0.2176    -104.4011     -98.5947 -0.034 -0.408  762 
   56301.279200     343.1817     124.5583     322.9924     126.4765    0.1411     -39.7778     -34.5823 -0.212 -0.210  762 
