   54533.217500   -1921.5811     170.8618   -2021.8641     176.4735    0.5230   -1784.7069   -1713.8213 -7.536 -7.651  762 
   54534.351500       0.0000       5.5865       0.0000       5.5865      -nan       0.0000       0.0000  0.000  0.000  762 
   54535.302200       0.0000       4.9379       0.0000       4.9379      -nan       0.0000       0.0000  0.000  0.000  762 
   54536.153800       0.0000       4.8622       0.0000       4.8622      -nan       0.0000       0.0000  0.000  0.000  762 
   54537.405900    -347.4506     132.1702    -409.2357     136.9244    0.0898     -90.5005     -86.3591 -1.216 -0.676  762 
   54538.193800       0.0000       5.3367       0.0000       5.3367      -nan       0.0000       0.0000  0.000  0.000  762 
   54590.208800   -1028.4062     119.5868   -1197.7977     123.4487    0.2272     215.3947     200.0330  2.906  1.836  762 
   54792.430900     292.6885     117.5151     350.4876     118.6272    0.0215    -501.6777    -490.7378 -2.935 -3.605  762 
   54793.510600    -688.4769     159.2405    -741.7435     163.4456    0.2192    -331.9201    -310.9209 -3.144 -2.041  762 
   54794.490600    -532.7677     160.3137    -466.6771     163.8717    0.0782     119.9933     115.7728  0.605  0.794  762 
   54860.202700    -574.4446     134.3142    -752.5294     138.5114    0.2271    -243.9676    -231.2470 -2.082 -1.795  762 
   54861.129900     737.3235     145.7269     573.5122     148.6546    0.0015    -604.8079    -583.9956 -4.036 -3.951  762 
   54912.161700   -1041.0725     122.8371   -1070.9467     125.8670    0.2296      57.1845      54.7146 -0.136  0.454  762 
   55126.499300      18.8716     116.3426     -59.5644     118.5844    0.0167     118.0574     113.1355  0.180  1.217  762 
   55208.320800     611.3478      92.0552     810.6943      93.5441    0.2311      80.1181      76.9293  1.247  1.188  762 
   55273.273000    -296.8464     140.4124    -215.6024     144.8683    0.1275    -407.0394    -384.1731 -2.768 -2.702  762 
   55536.300000      90.3940     102.7709      53.4466     104.2822    0.0416    -255.0879    -244.8311 -3.296 -2.857  762 
   55538.337000     249.3060      83.3383     294.0540      84.0911    0.1038      30.5562      29.4101  1.704  0.571  762 
   55540.344900      70.8580     189.9147    -128.2155     194.8122    0.2296   -1677.7441   -1617.4522 -6.080 -7.252  762 
   55599.209300     -46.4771     171.8386    -270.2241     178.4463    0.2235    -961.9230    -921.5359 -3.885 -4.082  762 
   55603.167400    1639.3055     204.9749    1677.0723     207.0898    0.2209    -327.3432    -321.3259 -1.835 -1.913  762 
   55679.255600    -887.6389     120.6614   -1138.2499     123.3046    0.1955      13.9981      13.3270  0.527  0.130  762 
   55924.445900       0.0000       2.1617       0.0000       2.1617      -nan       0.0000       0.0000  0.000  0.000  762 
   55925.376900    -422.8570     124.9561    -472.7816     127.8819    0.1542     -40.9534     -38.9797 -0.022 -0.398  762 
   55926.310300      55.9555      75.1701      49.7496      75.9402    0.0053     -27.8937     -26.5602  0.226 -0.647  762 
   55927.352700    -196.5173     123.4868    -245.5790     125.8979    0.1278    -298.8355    -285.9542 -3.130 -3.121  762 
   55969.118500    -434.5660     126.0776    -593.4487     129.4937    0.2606    -613.5383    -582.0173 -4.818 -4.304  762 
   56045.163000    -345.7236     140.0396    -292.0443     141.3325    0.0362     106.2370     103.7302  0.188  1.229  762 
   56215.481000     118.6213     103.1983      77.3497     104.2944    0.0262      -2.9913      -2.8693 -0.761 -0.045  762 
   56217.473300   -1278.5641     217.7625   -1428.7086     223.0397    0.4446   -2043.9901   -1989.8219 -8.116 -8.141  762 
   56301.279200   -1373.2150     162.9451   -1490.8594     168.1132    0.5686    -661.7635    -629.9230 -4.404 -3.730  762 
