   54533.217500     924.9253     105.1496     738.1910     105.6631    0.2450     298.7556     286.8651  1.140  1.307  762 
   54534.351500       0.0000       5.5567       0.0000       5.5567      -nan       0.0000       0.0000  0.000  0.000  762 
   54535.302200       0.0529       4.9608      11.5915       6.9071    0.0200       0.0000       0.0000 -0.272  0.000  762 
   54536.153800       0.0000       4.8489       0.0000       4.8489      -nan       0.0000       0.0000  0.000  0.000  762 
   54537.405900     285.5208      92.7981     260.3986      93.8623    0.1493     134.4555     120.5285  0.601  0.954  762 
   54538.193800       0.0000       5.3188       0.0000       5.3188      -nan       0.0000       0.0000  0.000  0.000  762 
   54590.208800      98.9467      81.5793      32.8997      83.0115    0.0665     133.8295     115.8187  2.237  1.071  762 
   54792.430900     205.1665      97.3773     168.1320      97.5275    0.0014    -166.9364    -160.7865 -0.874 -1.194  762 
   54793.510600      23.9208     109.6949      -5.9493     110.4377    0.0270     -75.2208     -69.3849 -0.294 -0.455  762 
   54794.490600    -393.4411     119.5935    -468.5684     120.2267    0.0836     188.9802     176.3440  1.209  1.194  762 
   54860.202700    -582.3287      93.9338    -579.6842      94.7136    0.0420     524.2103     474.8888  3.738  3.710  762 
   54861.129900      43.5590     109.3023     -46.9623     109.6778    0.1052     539.4595     511.0712  3.600  3.544  762 
   54912.161700     112.5515      85.6187      85.2567      86.4654    0.1000     165.5716     148.9538  1.139  1.248  762 
   55126.499300     516.1072      88.6963     524.8455      89.6717    0.3532     142.9423     126.0389  1.101  1.379  762 
   55208.320800     -17.7762      73.1965     -43.4162      75.8074    0.0493     152.6108     117.8545  2.076  1.856  762 
   55273.273000     924.5675      92.8569     881.5682      93.9354    0.3370      23.3303      20.8555  0.149  0.148  762 
   55536.300000     730.2655      78.5511     768.9660      79.7028    0.3823     265.5612     228.5955  3.312  2.715  762 
   55538.337000     283.4752      72.2178     337.7940      74.3971    0.2572      77.7242      61.1657  0.906  1.168  762 
   55540.344900     -56.4968     127.5992    -212.4104     128.1097    0.0102     265.6933     253.7104  1.526  1.143  762 
   55599.209300    -566.3772     108.1047    -634.6358     108.6380    0.0314     562.9012     535.7119  1.728  2.361  762 
   55603.167400    -258.4739     169.8769    -297.7715     170.0459    0.0012     310.7555     302.5929  1.776  1.821  762 
   55679.255600    -241.2970      89.6922    -393.3096      91.1189    0.0945     132.5076     113.9540  1.376  1.121  762 
   55924.445900       0.0000       2.1312       0.0000       2.1312      -nan       0.0000       0.0000  0.000  0.000  762 
   55925.376900    -248.9997      91.8644    -253.3514      93.3997    0.0470     190.3480     162.5364  1.436  1.676  762 
   55926.310300     320.7910      67.8449      58.1144      72.1528    0.0128     -42.6077     -29.4328 -0.643 -0.732  762 
   55927.352700      96.9601      93.5495     -19.1374      95.2131    0.0019      17.4233      14.8820  0.311  0.166  762 
   55969.118500     314.7456      86.1396     227.0740      87.0905    0.1279     170.8048     153.2013  0.511  1.154  762 
   56045.163000    -350.3087     117.7997    -403.7403     118.6449    0.1371     -28.6367     -25.8619 -0.152 -0.314  762 
   56215.481000     367.0963      85.0449     254.7588      87.1542    0.1570      21.2699      17.3715 -0.565  0.277  762 
   56217.473300     446.2954     147.5336     376.0756     147.8463    0.0829     -68.2683     -66.2549 -0.461 -0.273  762 
   56301.279200     453.1810     105.1254     422.2725     106.0736    0.2907     147.1330     134.4126  0.494  0.806  762 
