   54533.217500     623.2502     115.9806     541.3275     116.4871    0.1531     168.9666     161.3389  0.538  0.735  762 
   54534.351500       0.0000       5.5471       0.0000       5.5471      -nan       0.0000       0.0000  0.000  0.000  762 
   54535.302200       0.0000       4.9355       0.0000       4.9355      -nan       0.0000       0.0000  0.000  0.000  762 
   54536.153800       0.0000       4.8241       0.0000       4.8241      -nan       0.0000       0.0000  0.000  0.000  762 
   54537.405900     147.7385     101.6575     127.3174     102.6358    0.0716     155.6834     138.7608  0.904  1.109  762 
   54538.193800       0.0000       5.2926       0.0000       5.2926      -nan       0.0000       0.0000  0.000  0.000  762 
   54590.208800     126.2765      90.4756      76.2690      91.5967    0.0943     277.2929     240.5955  1.426  2.239  762 
   54792.430900     926.6474     100.9300     897.1370     101.1065    0.1569    -116.1785    -111.2946 -1.021 -0.832  762 
   54793.510600     586.3838     119.5297     488.6026     120.4537    0.1248    -112.3366    -102.5857 -0.617 -0.674  762 
   54794.490600     282.5905     128.4239     180.5908     129.1104    0.1159     314.1115     290.2928  1.393  1.976  762 
   54860.202700    1382.3518     102.1930    1298.8113     102.9857    0.4478     162.7865     147.1370  1.025  1.156  762 
   54861.129900    2220.4941     115.4197    2086.4978     115.8476    0.4185     193.0139     181.9628  1.213  1.268  762 
   54912.161700     -48.7580      95.3941     -64.2322      96.3035    0.0074      96.5868      86.4442  0.615  0.728  762 
   55126.499300     233.2348      96.6089     184.7065      97.5122    0.1136      31.0402      27.3332  0.446  0.302  762 
   55208.320800    -404.3807      80.6427    -401.0667      82.4009    0.1511     131.5664     105.2328  1.978  1.685  762 
   55273.273000     -24.2790     105.0774    -157.3281     106.3288    0.0709     -98.1606     -86.3399 -0.507 -0.615  762 
   55536.300000     372.4952      86.0114     384.9318      86.9957    0.2381     367.9700     318.4302  3.557  3.819  762 
   55538.337000     544.8643      77.9122     494.2801      79.5733    0.2683      51.4526      41.8285  0.821  0.811  762 
   55540.344900     689.9658     138.2832     586.8419     138.9029    0.2030     134.6004     127.4250  0.354  0.576  762 
   55599.209300     782.4779     119.5271     694.3788     120.2359    0.2747     305.5666     288.1661  1.866  1.275  762 
   55603.167400     411.8858     175.8404     359.3488     176.0434    0.0457    -102.0066     -98.7793  0.369 -0.596  762 
   55679.255600     109.3431      97.2329      69.6447      98.2980    0.0646     148.1609     128.4614  1.327  1.277  762 
   55924.445900       0.0000       2.0975       0.0000       2.0975      -nan       0.0000       0.0000  0.000  0.000  762 
   55925.376900     -91.6532     101.2035    -191.0088     102.5438    0.0712      54.0427      46.2235  0.914  0.481  762 
   55926.310300     367.1607      72.5495     214.1531      75.4097    0.0928     -23.8700     -17.8780 -0.368 -0.455  762 
   55927.352700     208.7368     101.6427     196.3790     102.7293    0.0704     -13.3110     -11.5077  0.022 -0.129  762 
   55969.118500     426.4300      95.7508     355.6413      96.7630    0.1384      84.2239      75.2202  0.164  0.568  762 
   56045.163000     166.6828     122.9980     124.6586     123.6966    0.0044    -123.8887    -112.2769 -1.054 -1.381  762 
   56215.481000    -541.6700      92.8900    -586.5228      94.4113    0.4028     -21.8317     -18.2189 -0.488 -0.294  762 
   56217.473300     279.3316     159.9516     155.5325     160.5210    0.0117    -212.6868    -203.8579 -0.678 -0.841  762 
   56301.279200    -407.6603     118.8665    -508.8140     120.1433    0.2465     -91.2098     -82.0473 -0.594 -0.493  762 
