   54116.301000   24958.7545     419.1236   23440.3802     425.5082    0.3825  -16745.9533  -15556.2641 -53.198 -50.542  762 
   54127.317100  -12231.0838     413.8633  -15032.3358     419.6679    0.4922    -294.8106    -262.8463 -2.234 -1.725  762 
   54127.352800   -7197.7458     405.0058   -9008.1931     410.2820    0.3955   -1625.5335   -1467.8576 -7.968 -8.773  762 
   54149.238000    -962.6684     316.2251   -2224.9398     342.2799    0.4112   -4527.2462   -3115.5988 -22.142 -21.496  762 
   54149.257400   23055.2547     348.9087   19543.9903     357.7081    0.1866  -17117.9181  -15050.3208 -61.001 -61.278  762 
   54150.328600    1814.7125     305.0060    -803.3806     329.5213    0.2151   -2247.4731   -1506.7881 -11.905 -12.207  762 
   54152.336000    1197.9761     300.8194     588.6779     326.8853    0.0099    -731.8352    -458.3991 -4.144 -4.489  762 
   54152.342500    -151.2430     305.2501   -2411.1398     328.4290    0.1829    -760.4884    -503.7543 -5.002 -4.404  762 
   54156.154700   -2441.7265     330.1323   -3791.3705     357.3519    0.1376     194.2869     118.1494  2.441  2.651  762 
   54174.142000   -3572.7134     290.1338   -5112.3659     318.6472    0.3150    -508.3254    -295.5259 -3.760 -3.918  762 
   54174.149600   -5319.3557     285.5766   -9723.8741     316.7805    0.4101    -394.1367    -211.1842 -3.333 -3.393  762 
   54176.305700   -2991.0180     305.3398   -4048.4027     332.3346    0.2746    -723.3953    -463.6072 -4.741 -4.227  762 
   54179.173100    -816.9851     292.9844   -3077.8372     326.4855    0.1388      10.0519       5.6289  0.226  0.067  762 
   54201.219900    1906.6900     304.5767    1534.2973     330.4203    0.1009    -440.6018    -294.1623 -2.167 -2.373  762 
   54201.236400    1670.6971     330.1039    -556.9053     346.6467    0.2069   -2084.9868   -1651.5017 -9.456 -8.841  762 
   54201.246700   10401.5185     343.9374    9065.2887     358.0314    0.3794   -4567.3126   -3795.6925 -18.301 -17.538  762 
   54205.179300    2365.6206     280.9879   -4093.1436     307.1314    0.1866    -546.6024    -309.4011 -3.647 -4.494  762 
   54210.346400    4852.5825     286.2382    6416.3738     313.2388    0.2383     421.9678     255.4234  1.260  2.922  762 
   54212.180600    1417.7758     331.5786    -822.6695     348.1232    0.0216     746.0720     552.4945  3.745  4.654  762 
   54213.208300     814.2721     333.0217      47.2065     349.8190    0.1309    1926.5825    1398.3938 16.197 15.755  762 
   54230.223600    2115.5277     290.7443    3265.7081     320.5841    0.1677    -659.9371    -385.3499 -4.819 -4.893  762 
   54231.221900   11048.4585     338.1848    9818.4976     353.9016    0.5641   -3521.6508   -2801.3312 -16.990 -15.604  762 
   54240.235600    8811.7539     300.0451   10434.6209     320.9031    0.5603    -122.9120     -84.5198  0.695 -0.820  762 
   54260.157900    3897.2687     300.5498    7584.9457     325.9061    0.3198    -215.7525    -132.4574 -1.294 -1.856  762 
   54260.162700     839.8310     292.0866    1317.3926     319.5683    0.0495    -100.5689     -59.7815 -2.062 -0.802  762 
   54260.175900   -1240.6818     282.8266   -3002.0085     314.1843    0.1172    -253.5372    -139.0153 -1.846 -2.107  762 
   54261.162600    6577.2220     303.8881    9056.2051     326.1024    0.4637    -724.7158    -495.4969 -3.876 -4.814  762 
   54261.174500    5125.6840     294.3008    5924.1531     319.2587    0.1821   -1100.3111    -698.0850 -7.337 -7.700  762 
   54264.164600    4369.7283     283.8857    4262.4522     310.6328    0.1763    -525.0693    -309.7684 -4.662 -4.682  762 
   54264.180400    1353.2470     279.2759    -403.5300     300.1638    0.0273    -304.5374    -194.2346 -0.237 -2.554  762 
   54265.184200    1035.3660     303.1349    -614.1494     318.6638    0.0815    -709.5401    -532.8578 -4.572 -4.160  762 
   54265.195400    1710.0117     289.1249     772.4285     306.7939    0.0267    -353.6275    -250.4558 -1.360 -2.360  762 
   54275.170700    3298.9363     402.8739    3618.4675     410.0841    0.2788    2896.3052    2489.4340 20.805 18.982  762 
   54275.178200    3105.0440     381.2051    3623.9670     390.1330    0.3555    3672.3854    3040.6100 24.238 27.568  762 
   54384.470800    5706.9019     319.7289    5371.6915     341.2295    0.0797   -3568.1573   -2577.3972 -17.899 -17.594  762 
   54384.481300    3150.1525     309.7816    3857.1722     333.6026    0.1240   -1801.9695   -1232.1320 -8.876 -9.721  762 
   54385.508300    3064.3988     310.9946    4840.4735     334.9283    0.1941   -1194.8835    -776.4078 -7.685 -8.421  762 
   54386.497100    1637.3162     316.4421    2742.6156     336.6981    0.0919   -1632.8558   -1184.9782 -7.691 -8.300  762 
   54386.502700     689.1814     320.0883     -87.2258     339.3976    0.0553   -1906.0579   -1405.5709 -10.729 -9.680  762 
   54388.451200     557.3187     284.4601    -633.5528     319.1227    0.0270    -620.6961    -314.7077 -6.332 -6.642  762 
   54533.213700    6410.8964     429.3358    5070.5022     451.9330    0.3541     -66.3534     -51.4091  0.111 -0.309  762 
   54534.352300    3618.0483     435.8398    1249.5415     456.3016    0.0157   -1246.6423   -1006.5899 -6.057 -5.283  762 
   54535.298300    5237.5099     405.6094    4369.6422     444.8851    0.2552    -870.9430    -534.7866 -5.167 -5.084  762 
   54536.149900    7986.4089     411.7419    7016.2413     434.7974    0.2414   -1330.5058    -980.4528 -9.418 -8.449  762 
   54537.401500    4325.5523     382.1450    6878.3256     426.5893    0.2816     401.5590     215.7074  3.408  3.417  762 
   54538.182200   10615.7881     539.0588    9275.0924     552.0748    0.3627   -3141.9118   -2742.7432 -13.136 -12.995  762 
   54538.197200    7211.6304     488.9854    5498.7609     507.8281    0.2020   -1068.6641    -858.9651 -4.795 -5.543  762 
   54590.205000    1474.4994     384.1121    -457.5170     428.6556    0.0280     161.7540      90.2753  0.464  1.235  762 
   54792.348600    6791.8542     341.6327    6389.2114     363.2103    0.3801    -104.4123     -70.5541 -3.550 -1.064  762 
   54792.505800    7458.3022     419.5021    5187.2768     427.2927    0.1656       0.0000       0.0000 -6.987  0.000  762 
   54793.506900   24005.4465     444.5666   22703.3360     452.7809    0.6772    -779.4631    -680.9573 -5.165 -4.113  762 
   54794.486000      -2.2418       6.1780  -12705.4178     424.2012    0.6469       0.0000       0.0000  3.466  0.000  762 
   54861.126100    4626.3823     449.5644    5319.7607     473.2982    0.2268    -653.3097    -483.5996 -3.343 -3.850  762 
   54862.262500    5098.7496     455.6947    -504.5181     486.8780    0.1911   -3149.9746   -2326.1471 -14.709 -13.965  762 
   54912.158000   29917.8634     372.5466   28985.4674     380.9876    0.6449   -3452.8629   -2844.3912 -22.363 -23.542  762 
   54914.125400  195408.5220     753.4214  194321.5461     754.3475    0.7998 -109126.9401 -108235.4215 -195.930 -196.981  762 
   55126.484100     824.9007     423.1682     -85.7405     454.8448    0.0436     921.2999     606.2679  7.553  6.808  762 
   55126.506900    1607.7161     422.6167    2365.5814     453.1282    0.2966    1079.2257     714.4027  8.337  8.024  762 
   55208.301900       0.0000       3.1960       0.0000       3.1960      -nan       0.0000       0.0000  0.000  0.000  762 
   55208.332500       0.0000       3.3529       0.0000       3.3529      -nan       0.0000       0.0000  0.000  0.000  762 
   55273.269300    4601.6358     424.7570    3304.3875     460.0560    0.1550    -156.4570    -105.8819 -1.560 -0.793  762 
   55536.296400     115.3605     406.0846    -995.8282     443.2508    0.0585     189.8075     117.1103  1.156  1.287  762 
   55538.328200   -1037.3381     393.7767   -1572.3456     447.8177    0.0664     350.2710     163.4383  3.906  3.368  762 
   55540.341300    8198.2213     498.9499    4481.7301     519.9321    0.0238   -5856.0300   -4827.5918 -22.905 -22.861  762 
   55599.206500   11239.8319     468.5417    9599.4969     484.4849    0.4333   -2896.1101   -2439.6336 -12.092 -11.762  762 
   55603.163800    3389.0382     467.0493    4279.0879     495.7065    0.2824     -62.0016     -43.4115 -1.661 -0.476  762 
   55679.251900    1918.6753     400.6129     -69.2364     447.9747    0.0161    -502.7487    -273.3168 -2.689 -3.748  762 
   55889.434300    1968.8862     443.0988     915.9898     480.3902    0.1040    -157.8807    -102.5665 -0.565 -0.946  762 
   55924.442100     298.6370       2.3728     298.6370       2.3728      -nan    -298.6370    -298.6370 -6.013 -6.807  762 
   55925.373000    -404.5883     424.3417     -66.2351     466.3561    0.0101    -101.7673     -59.8664 -0.461 -0.714  762 
   55926.306500    -332.5227     400.6659   -1097.3582     454.3360    0.0601     -19.3874      -9.1776 -0.808 -0.180  762 
   55927.348900   -1267.9978     433.3525   -1661.5123     476.6602    0.2475    -487.0114    -286.2166 -3.240 -3.558  762 
   55969.114700    -134.4684     440.8484   -2236.1135     467.0897    0.1448     474.6987     345.9533  1.548  2.622  762 
   56045.159200     494.6285     477.8727     -51.3991     506.8773    0.0587    -872.4294    -614.3568 -5.844 -6.103  762 
   56215.477100   -8348.0442     450.5669  -14081.2082     495.0289    0.5264     472.4729     278.6995  3.423  3.931  762 
   56217.469400    4572.5336     603.2963    2706.9056     619.8008    0.2976   -7047.2659   -6093.1850 -28.169 -27.526  762 
   56301.276300   -2484.7651     477.6138   -5168.4746     512.4761    0.4335   -1311.0330    -928.4987 -6.284 -6.474  762 
   56417.155100   -4988.6926     265.4355   -7442.6482     273.8372    0.1899    -282.5995    -220.2829 -7.749 -4.134  762 
   56418.173700   -2988.8540     393.9935   -2834.8433     409.8360    0.1191     549.9588     421.6229  0.437  4.181  762 
