   54116.301000   -2785.6739     370.7415   -2769.7108     371.0167    0.7753  -17256.6395  -17116.0526 -53.848 -56.499  762 
   54127.317100    -491.4820     347.9631    -603.0723     348.1148    0.1037    1868.3907    1837.0553  2.575 11.944  762 
   54127.352800    3178.6424     343.1493    3024.6553     343.2864    0.3302    1366.9924    1346.8101  3.904  7.898  762 
   54149.238000    3295.2755     211.9802    3223.1204     213.3069    0.4416    -377.9132    -349.1720 -10.328 -2.516  762 
   54149.257400    5071.4747     284.6677    4994.5812     284.9153    0.1070   -6398.2338   -6276.4235 -27.443 -27.005  762 
   54150.328600    4787.2316     200.1014    4578.3186     201.4819    0.5723    -190.3871    -174.3432 -9.792 -1.479  762 
   54152.336000    4477.4320     182.2246    4396.6977     184.0857    0.6192     184.9275     164.9118 -8.786  1.782  762 
   54152.342500    2772.3156     191.6100    2587.7519     193.0583    0.4068     462.6415     420.9967 -6.605  3.995  762 
   54156.154700     280.6941     207.7715     -56.2554     209.9880    0.0286     411.9851     362.6493 -3.756  8.331  762 
   54174.142000   -2269.2724     170.1344   -2413.0346     172.5893    0.3219     602.9792     524.7434 -0.044  7.241  762 
   54174.149600   -1279.3397     157.9852   -1667.8743     161.3027    0.1702     805.9555     676.4929  6.186 11.590  762 
   54176.305700   -2515.2633     196.2089   -2535.2885     197.8564    0.3903      24.7038      22.3654 -7.808  0.207  762 
   54179.173100   -2826.3283     176.3051   -2826.7817     178.9320    0.4920    -106.5266     -92.0835 -10.295 -1.109  762 
   54201.219900   -2610.5460     197.1638   -2308.7357     198.6829    0.3881     297.4058     270.1215  0.093  2.378  762 
   54201.236400   -4372.6774     244.0339   -4418.8218     244.6966    0.6512   -1590.4629   -1523.1295 -9.102 -8.478  762 
   54201.246700   -3926.3716     264.2648   -4018.5415     264.8268    0.6855   -4198.8231   -4059.5422 -22.372 -19.805  762 
   54205.179300     134.3445     156.8018    -654.2147     159.8185    0.0147     656.9258     555.2485  4.950  9.142  762 
   54210.346400    4368.7980     176.4596    4590.9928     178.4028    0.7044     662.6882     584.8182  5.153  7.046  762 
   54212.180600    1528.8891     228.7032    1383.1436     229.4779    0.2272      42.5733      40.0777  1.142  0.357  762 
   54213.208300    2744.5069     225.9582    2673.2653     226.9228    0.5445    1205.7647    1120.9516 12.103 13.857  762 
   54230.223600      11.0952     173.9247     441.2562     176.4130    0.3016    1134.2266     978.6945 16.114 13.503  762 
   54231.221900   -2148.2327     251.2170   -2226.9070     251.8925    0.3937   -1096.8674   -1047.9026 -5.046 -6.209  762 
   54240.235600    -624.3390     200.0087    -433.7232     201.2327    0.0511     873.8199     799.3129 12.396  8.409  762 
   54260.157900   -1113.6448     186.1423    -661.7771     188.0991    0.0439     425.9277     374.7153 10.633  5.624  762 
   54260.162700     133.2199     176.5592     659.9027     178.6005    0.1177     452.7378     395.6926  5.456  5.692  762 
   54260.175900   -3839.2895     165.5598   -3950.6633     168.6398    0.5734     775.0496     653.8919 12.874 10.390  762 
   54261.162600    -894.6334     199.6884    -574.0558     200.7825    0.0060     670.4233     616.8693 14.711  6.453  762 
   54261.174500   -2444.2820     187.1301   -2248.2491     188.8846    0.2182     602.0094     536.1591 10.265  6.364  762 
   54264.164600   -1454.9082     170.5159   -1462.4946     172.8797    0.1150     860.5488     742.4891 15.801 12.183  762 
   54264.180400   -2582.8584     169.3940   -2979.8768     171.2063    0.3507     473.4777     419.6532 10.236  6.082  762 
   54265.184200   -1768.8920     212.5071   -1599.4794     213.2697    0.0371    1412.6567    1327.3831 13.207 11.258  762 
   54265.195400   -1280.4672     192.2326   -1137.3472     193.2956    0.0055    1282.5351    1180.2761 13.482 12.361  762 
   54275.170700    3141.0255     327.5255    3200.1853     327.7395    0.2928     243.9732     237.7301  6.693  1.917  762 
   54275.178200    2427.6943     305.6620    2381.3130     305.9689    0.2409     133.8788     129.5248  5.209  1.196  762 
   54384.470800     738.2049     225.3087     655.9330     226.3226    0.0256    -883.3216    -826.7744 -9.634 -5.734  762 
   54384.481300     236.9188     207.4427      90.4858     208.8520    0.0333     128.6738     117.9838 -1.235  0.966  762 
   54385.508300   -1965.5873     198.0950   -2081.8741     199.9378    0.2798     435.7892     389.8054 -1.809  4.562  762 
   54386.497100   -1427.5735     217.5049   -1502.6410     218.5831    0.1572     579.2305     540.1637  1.093  3.972  762 
   54386.502700   -1031.1697     222.2158   -1130.8076     223.1894    0.1144     448.0590     420.4028 -3.185  3.021  762 
   54388.451200    5082.5104     157.3317    5410.7689     160.9197    0.4304      97.8362      80.0585  5.695  1.768  762 
   54533.213700    9065.8266     293.4001    9184.4994     294.3039    0.8696     595.1240     564.8325 10.180  3.892  762 
   54534.352300       0.0000       4.9481       0.0000       4.9481      -nan       0.0000       0.0000  0.000  0.000  762 
   54535.298300    7563.0074     241.4551    7645.6952     244.0975    0.8415    -872.2323    -773.1265 -7.146 -8.387  762 
   54536.149900       0.0000       3.6315       0.0000       3.6315      -nan       0.0000       0.0000  0.000  0.000  762 
   54537.401500    6636.4255     212.2008    7188.7606     215.8793    0.7171      59.6453      50.5008  4.143  0.881  762 
   54538.182200       0.0000       5.3001       0.0000       5.3001      -nan       0.0000       0.0000  0.000  0.000  762 
   54538.197200       0.0000       4.3074       0.0000       4.3074      -nan       0.0000       0.0000  0.000  0.000  762 
   54590.205000     943.0558     218.1966    1180.8542     222.3491    0.1666    -207.5269    -173.9206 -0.280 -2.800  762 
   54792.348600   -2657.8596     230.0063   -2874.0997     231.4129    0.3630    -417.7587    -380.8502 -0.178 -6.042  762 
   54792.505800    -957.6640     331.8411   -1033.5728     332.1464    0.1546    -990.1998    -958.1917 -6.224 -9.397  762 
   54793.506900     685.0089     346.6677     660.6143     346.9540    0.4182   -7260.2701   -7070.0272 -42.368 -50.264  762 
   54794.486000     545.9913     260.0832     548.0794     263.6367    0.1258     122.0889     105.7773  5.386  1.507  762 
   54861.126100    4593.4349     311.2182    4748.4324     312.2286    0.5585    -245.6705    -231.3356  6.928 -1.987  762 
   54862.262500    1859.5714     325.5464    1676.3399     326.8891    0.2603   -3291.7527   -3105.9635 -13.268 -19.304  762 
   54912.158000     744.3433     315.9415     550.6100     316.2345    0.1661   -3588.8018   -3476.8371 -4.855 -26.499  762 
   54914.125400   14955.2084     752.8531   16543.6763     753.3870    0.9600 -251621.9349 -251629.7337 -494.421 -491.796  762 
   55126.484100   -3497.0222     280.0276   -3575.5227     281.9996    0.6076    -376.7144    -342.8185  7.260 -3.801  762 
   55126.506900   -2817.7672     273.8343   -2834.6088     275.9302    0.5107    -144.9805    -131.3582  7.860 -1.533  762 
   55208.301900     783.3710     237.1742     741.5623     240.9342    0.1071    -319.0663    -274.7220 -2.181 -3.580  762 
   55208.332500    2297.2058     248.5655    2304.1210     252.7578    0.3265    -760.6617    -648.1615 -5.135 -8.243  762 
   55273.269300    1056.3346     283.4651     884.3447     285.5230    0.3431   -2943.7052   -2693.7144 -21.435 -21.359  762 
   55536.296400    1893.6926     257.6340    1888.9264     260.1379    0.1117   -1307.8550   -1165.3356 -12.996 -13.131  762 
   55538.328200    1904.3221     218.4116    1785.8801     224.3935    0.1982    -606.2433    -486.7193 -13.417 -9.831  762 
   55540.341300    3062.2449     383.6080    2982.7273     384.3256    0.4199   -7004.1806   -6769.1527 -29.668 -33.851  762 
   55599.206500    3161.9345     363.8732    3178.3934     364.3706    0.1247   -4646.2802   -4515.8017 -21.766 -23.131  762 
   55603.163800    2076.9383     316.8141    2121.2299     318.2684    0.1791   -1002.6529    -928.2450 -7.705 -10.875  762 
   55679.251900   -2534.0163     238.9429   -2806.5512     243.8031    0.5060   -1061.7113    -887.4113 -16.794 -13.076  762 
   55889.434300   -3133.9977     293.9138   -3268.0221     296.2320    0.7083   -1640.4721   -1488.0005 -14.494 -13.832  762 
   55924.442100       0.0000       2.2942       0.0000       2.2942      -nan       0.0000       0.0000  0.213  0.000  762 
   55925.373000     100.6676     260.7447    -281.7544     264.1755    0.2833   -1150.6491   -1007.0248 -21.802 -12.252  762 
   55926.306500   -1975.1647     222.2790   -2852.8261     228.8309    0.5097    -631.7509    -507.8360 -22.898 -9.800  762 
   55927.348900    -324.5836     268.5319    -506.2166     272.0015    0.3466   -1276.4267   -1115.1463 -21.594 -14.190  762 
   55969.114700   -1109.6076     312.9332   -1316.1733     314.1256    0.2892    -870.2707    -819.5116  0.474 -6.111  762 
   56045.159200   -1765.8064     336.4933   -1842.5949     338.0082    0.4723   -1217.6240   -1131.4105 -10.361 -11.279  762 
   56215.477100    -400.0948     277.0365    -581.7042     280.2313    0.0019     648.6810     572.2955 -4.874  7.812  762 
   56217.469400   -1851.0118     498.2816   -1827.6267     498.7274    0.7242  -10219.7848  -10012.6741 -47.804 -45.647  762 
   56301.276300   -1115.1808     329.9967   -1139.5611     331.5863    0.1207     605.4634     566.0305  2.060  3.953  762 
   56417.155100   -6250.6179     210.0197   -6348.7891     210.4168    0.2238    1462.0909    1391.0170 13.414 25.726  762 
   56418.173700   -2667.4336     292.7512   -2835.3236     293.4950    0.3438    -965.9397    -915.6945 -17.519 -9.291  762 
