   54116.301000    8913.5718     391.7215    8496.2827     394.4558    0.3823  -14779.6788  -14638.8417 -48.945 -48.429  762 
   54127.317100   -5038.6960     354.2979   -5598.1173     355.3474    0.1904    1680.1712    1667.6335 10.827 10.893  762 
   54127.352800   -3573.9819     353.6951   -4222.4098     355.5048    0.1034    2332.2167    2308.0177 15.868 13.597  762 
   54149.238000   -3104.7690     218.0423   -3794.8292     220.4494    0.2158     877.6853     843.5194  7.186  6.126  762 
   54149.257400    -118.6156     297.8251    -645.1369     299.7076    0.2181   -2196.5047   -2170.6137 -10.866 -9.378  762 
   54150.328600   -2281.3214     203.9685   -3043.5339     205.8860    0.1327     357.7484     340.8856  6.424  2.923  762 
   54152.336000   -2961.6032     180.0145   -3302.4693     181.1265    0.1414     696.9378     653.3405 10.828  7.142  762 
   54152.342500   -3101.4480     190.9530   -3701.1906     192.0795    0.1498     775.4559     737.6840  8.578  7.068  762 
   54156.154700     149.6771     196.0079     157.1933     196.8300    0.0205     500.7533     463.3356 17.917 10.999  762 
   54174.142000   -2935.7422     164.2521   -3382.3898     165.5845    0.1100     839.6861     778.2232 13.693 10.918  762 
   54174.149600    -453.2976     149.5863    -621.2787     151.0555    0.0002     682.0114     616.7796 15.986 10.804  762 
   54176.305700   -2781.4954     194.6230   -3257.0365     195.8101    0.1581     261.8606     249.2252  2.762  2.322  762 
   54179.173100   -3486.5765     172.1286   -4063.6779     173.6566    0.1690     220.4099     203.6174  1.720  2.488  762 
   54201.219900    -325.8747     197.6205    -421.7840     199.2410    0.0769    -168.0076    -160.7378 -2.561 -1.431  762 
   54201.236400    -742.3780     254.4038   -1402.8709     257.0843    0.2720   -1701.6780   -1662.8253 -10.260 -9.303  762 
   54201.246700   -3266.9668     277.7177   -4155.7040     280.5173    0.5292   -3968.0487   -3890.0749 -21.700 -19.067  762 
   54205.179300    -856.2319     149.2013   -1360.6999     150.5789    0.0791       0.0000       0.0000  7.040  0.000  762 
   54210.346400    1789.2851     173.4870    1867.7834     174.6153    0.2458     212.5817     198.0385  3.905  2.427  762 
   54212.180600    -631.0162     228.5998    -783.1046     229.4577    0.0072     736.4853     718.1941  6.936  6.453  762 
   54213.208300    1002.5118     221.5343     973.4554     222.0283    0.2062     946.7786     913.1219 11.285 11.466  762 
   54230.223600    2111.8818     167.2326    2399.6659     168.3081    0.1741     321.9253     296.8578  2.694  4.174  762 
   54231.221900    4552.6081     258.6782    4798.3411     260.5355    0.2662   -2169.8170   -2120.3433 -11.963 -12.644  762 
   54240.235600    3514.5624     197.4666    3781.8940     198.2947    0.2337     -76.8381     -73.4487 -0.907 -0.784  762 
   54260.157900    2665.8348     178.9433    2829.0738     179.7824    0.1526    -312.6225    -290.8588 -3.279 -4.460  762 
   54260.162700    1390.9758     170.3612    1781.0723     171.2758    0.0674    -284.4117    -264.0078 -0.235 -3.876  762 
   54260.175900    1133.9989     156.7597    1181.0339     157.9892    0.1041     147.2728     133.6644 -0.479  2.168  762 
   54261.162600    3536.7160     197.3047    4066.1321     198.2081    0.2026      23.3692      22.4824  0.384  0.238  762 
   54261.174500    2412.0334     183.0623    2636.5629     184.0030    0.2195     -97.9791     -92.0274 -2.859 -1.111  762 
   54264.164600    1492.5291     162.3850    1629.2601     163.3086    0.1492     203.4954     186.8239  2.275  3.137  762 
   54264.180400     732.5358     162.5636     742.2212     163.3234    0.1010     350.3926     329.0131  0.449  4.857  762 
   54265.184200    3781.8070     214.8179    4210.6411     216.1540    0.3365    -156.8965    -152.1771 -3.920 -1.305  762 
   54265.195400    2828.0970     190.4503    3109.2480     191.3558    0.2930     118.6319     114.0005  0.042  1.211  762 
   54275.170700     -92.4371     329.6367      74.1528     330.0691    0.0207    -383.7594    -379.0622 -1.477 -3.090  762 
   54275.178200     131.6755     305.4367     232.2861     305.8067    0.0442     343.4592     338.5351 -0.840  3.166  762 
   54384.470800   -6070.8143     231.3499   -7153.4440     233.7075    0.3757     178.7523     173.8175  2.757  1.214  762 
   54384.481300   -3990.3024     209.7997   -4727.1633     211.5780    0.2367     695.7110     667.8738  7.636  5.521  762 
   54385.508300   -2558.4369     193.4652   -2930.9444     194.5356    0.1308     551.4830     524.8679  8.729  6.238  762 
   54386.497100   -2759.2230     221.2355   -3823.9631     223.3917    0.1796    1010.4913     981.9178  9.191  7.273  762 
   54386.502700   -3738.3735     226.9613   -4779.6504     229.1460    0.1966    1344.2155    1307.3924 10.145  9.459  762 
   54388.451200    2153.4731     146.2061    2421.6601     147.6201    0.1218     564.9888     501.0685 22.831 11.424  762 
   54533.213700    1356.2484     302.6846    1619.3427     305.5678    0.2003     273.2549     267.2219  8.064  1.856  762 
   54534.352300       0.0000       4.9315       0.0000       4.9315      -nan       0.0000       0.0000  0.000  0.000  762 
   54535.298300     -87.6392      88.1454    -609.6172     241.0964    0.0779       0.0000       0.0000  7.071  0.000  762 
   54536.149900       0.0000       3.6038       0.0000       3.6038      -nan       0.0000       0.0000  0.000  0.000  762 
   54537.401500    2092.7466     200.8843    2434.8505     202.4074    0.2018     226.7501     204.9156 12.135  3.658  762 
   54538.182200       0.0000       5.2780       0.0000       5.2780      -nan       0.0000       0.0000  0.000  0.000  762 
   54538.197200       0.0000       4.2845       0.0000       4.2845      -nan       0.0000       0.0000  0.000  0.000  762 
   54590.205000    1674.1034     206.2133    1958.4611     207.8381    0.1499    -126.7948    -114.6547 -2.790 -1.890  762 
   54792.348600   -1446.8516     221.2971   -1409.7643     221.8037    0.0911     375.5994     358.2686  8.398  5.811  762 
   54792.505800     887.5172     328.1650     868.7521     328.3495    0.0879     387.7464     382.8082  3.437  3.810  762 
   54793.506900    7704.9173     348.0010    7672.0183     348.4996    0.0483   -7073.9359   -6992.5364 -39.082 -50.158  762 
   54794.486000     909.8559     249.7202     892.1913     251.2203    0.1218     162.5617     150.3532  4.578  2.187  762 
   54861.126100      77.7352     312.6464     140.6342     314.2035    0.0238     183.1596     179.1661  8.378  1.554  762 
   54862.262500    1656.1291     337.1236    1406.5570     340.5265    0.0873   -2059.5490   -2000.0074 -9.542 -12.504  762 
   54912.158000   13836.6574     314.2787   14066.8704     314.6389    0.3797   -2744.8122   -2720.1524  0.923 -20.939  762 
   54914.125400   72936.7561     777.3165   73371.4413     778.5027    0.9156 -235875.3413 -235223.4933 -469.853 -460.666  762 
   55126.484100     837.0516     275.0408     740.1673     276.4113    0.0688    -233.3508    -223.0135  3.582 -2.504  762 
   55126.506900    1555.8591     268.4490    1652.1281     269.9309    0.2225     -12.3088     -11.7218  6.536 -0.139  762 
   55208.301900    1834.5070     229.0645    1598.0146     230.9962    0.2615      10.5265       9.7431  1.902  0.129  762 
   55208.332500    2363.3164     240.3885    2259.9929     242.3393    0.2851    -303.2563    -278.1270  0.470 -3.604  762 
   55273.269300     271.7133     286.6691    -319.1510     289.3290    0.2285   -2117.9090   -2033.7926 -14.315 -16.282  762 
   55536.296400   -1976.1340     254.8852   -2496.7270     256.6854    0.1844    -306.8950    -288.7755  0.325 -3.302  762 
   55538.328200    -969.6921     203.9055    -966.8673     206.3416    0.0981    -208.6792    -181.6768 -1.680 -3.770  762 
   55540.341300    -872.9456     402.9737   -1805.0022     406.9286    0.4265   -4218.0296   -4133.1025 -16.315 -20.770  762 
   55599.206500    1467.6078     378.4584    1079.1431     381.3822    0.2406   -3811.7614   -3757.2142 -16.233 -19.334  762 
   55603.163800    -917.3476     310.5995    -926.5009     311.4005    0.1603    -569.4260    -550.4140 -4.424 -6.554  762 
   55679.251900    -411.9102     227.6224    -614.1955     229.5507    0.0669    -523.9396    -472.3439 -8.057 -7.114  762 
   55889.434300    -981.7796     293.2246   -1373.9792     295.4711    0.2888   -1352.3767   -1291.5838 -13.438 -12.130  762 
   55924.442100       0.0000       2.2562       0.0000       2.2562      -nan       0.0000       0.0000  0.000  0.000  762 
   55925.373000   -3295.6426     254.9013   -3634.3267     256.7161    0.2621    -432.8529    -402.3135 -11.352 -4.966  762 
   55926.306500   -2362.1832     207.6689   -2645.5279     210.3884    0.1578    -269.5087    -234.9651 -10.465 -4.644  762 
   55927.348900   -1731.9738     260.2126   -1996.1633     261.8112    0.2138    -802.4953    -745.0122 -13.058 -9.626  762 
   55969.114700    -618.4412     320.2733    -769.1335     323.2276    0.0470     240.4734     233.0542  1.893  1.749  762 
   56045.159200    -402.6768     331.4373    -593.4937     332.2592    0.1162    -684.8082    -662.5335 -8.889 -6.675  762 
   56215.477100   -4405.4367     269.7906   -4853.0053     271.6155    0.2454     839.6780     787.0444  7.696 10.926  762 
   56217.469400    -551.4076     519.9322   -1052.5672     523.0403    0.6104   -9293.9919   -9158.3257 -44.955 -41.906  762 
   56301.276300   -2732.9660     342.9271   -2783.8659     347.8567    0.2268     806.5299     774.6164  1.316  5.447  762 
   56417.155100     871.4745     203.2455     832.8922     203.3660    0.0829    1195.5984    1165.5416 16.044 22.131  762 
   56418.173700   -3386.3097     289.7079   -3448.6214     290.1983    0.2973     -30.7418     -30.0619 -13.363 -0.309  762 
