   54116.301000    6361.4758     334.9188    6214.4070     335.1863    0.2795   -9468.6400   -9317.7599 -31.549 -30.398  762 
   54127.317100   -2389.7643     335.8290   -2486.7418     336.0029    0.3466   -1369.4749   -1342.5389 -8.589 -8.721  762 
   54127.352800   -1054.0893     328.2313   -1132.1191     328.3992    0.2512   -1647.0269   -1618.0247 -10.354 -9.555  762 
   54149.238000     227.5277     196.2730     172.2795     197.5370    0.0428    -524.2039    -477.0877 -3.770 -3.330  762 
   54149.257400    5195.1576     269.2755    5028.4872     269.5908    0.1024   -6414.1016   -6244.7564 -26.088 -25.911  762 
   54150.328600    -539.3304     187.7820    -590.2456     188.8841    0.1236    -437.0423    -397.5550 -3.366 -3.266  762 
   54152.336000   -1871.9003     173.6132   -1942.8494     174.8475    0.3052    -223.6860    -199.7680 -1.479 -2.015  762 
   54152.342500   -2183.6055     181.7276   -2229.0614     182.8214    0.2929     115.9159     105.1414  0.253  0.942  762 
   54156.154700   -1777.6572     196.9463   -1783.9689     197.3546    0.1819     163.1197     151.5734  1.998  3.378  762 
   54174.142000   -1400.0995     158.8997   -1510.3731     160.1242    0.2518    -271.3252    -240.1804 -4.610 -3.203  762 
   54174.149600    -881.2522     147.5499   -1009.0384     148.8103    0.1954    -273.4525    -238.7160 -3.691 -3.890  762 
   54176.305700     -27.0292     181.2178    -146.8534     182.4130    0.1314    -810.8946    -730.9109 -6.210 -6.641  762 
   54179.173100   -1067.7743     162.4592   -1034.1633     163.8008    0.1463     152.9539     133.5728  1.671  1.583  762 
   54201.219900    2043.5351     185.4906    2168.7598     186.5427    0.3013    -372.7594    -338.7938 -3.226 -2.813  762 
   54201.236400    2572.7517     225.3849    2527.6983     226.0920    0.1764    -987.5247    -936.3292 -4.998 -5.069  762 
   54201.246700    2923.9560     243.6093    2810.3436     244.2487    0.0885   -2047.6395   -1959.8795 -8.213 -9.223  762 
   54205.179300   -1113.0683     148.1354   -1366.0763     149.3469    0.2693    -436.3849    -384.1907 -6.178 -5.789  762 
   54210.346400    2333.0961     165.8412    2220.3518     166.8286    0.1398    -561.3269    -503.7261 -5.344 -5.845  762 
   54212.180600      21.1045     220.2594     -39.7787     220.8448    0.1945   -1450.9223   -1365.7699 -12.872 -11.665  762 
   54213.208300   -1558.0572     222.6769   -1542.7062     223.1061    0.3399   -1512.3753   -1427.1389 -15.607 -16.537  762 
   54230.223600     393.4439     163.9938     320.3920     165.0858    0.0007    -355.9067    -315.4096 -4.850 -4.098  762 
   54231.221900    2123.5695     236.6718    2018.2758     237.2958    0.1286    -872.2634    -828.6379 -4.386 -4.714  762 
   54240.235600    3040.8116     191.6644    3047.7026     192.2889    0.2672    -628.0226    -582.2715 -5.537 -5.793  762 
   54260.157900    2163.0670     176.2979    2080.6910     177.0405    0.2170     -86.2375     -78.4129 -0.359 -1.119  762 
   54260.162700    1205.7458     166.5090    1103.1799     167.4411    0.1099    -136.8864    -122.7570 -1.846 -1.680  762 
   54260.175900     808.2448     152.9968     650.0443     154.0748    0.0470    -216.0813    -190.1996 -3.042 -2.907  762 
   54261.162600    3907.4661     190.9930    3975.3856     191.6325    0.3545    -444.9426    -412.5788 -4.161 -4.095  762 
   54261.174500    3608.7633     176.3302    3642.3799     177.0980    0.3172    -539.0390    -491.4504 -5.611 -5.551  762 
   54264.164600    2273.2108     160.5825    2175.6695     161.3721    0.2006    -198.4592    -178.8865 -2.866 -2.768  762 
   54264.180400    1370.1425     160.7598    1124.4832     161.5722    0.0999     -50.3583     -45.8562 -1.215 -0.621  762 
   54265.184200    1592.1770     204.6589    1438.4619     205.1983    0.0823    -625.8376    -590.2023 -5.895 -4.734  762 
   54265.195400    2319.4318     185.3820    2158.8872     185.9922    0.1376    -599.5158    -558.4955 -6.693 -5.458  762 
   54275.170700    3807.7130     323.6073    3803.0629     323.7477    0.3264     531.3371     519.1032  3.556  4.031  762 
   54275.178200    5942.8662     298.0637    5820.4776     298.2355    0.3811     587.3816     571.1354  4.423  5.191  762 
   54384.470800    3950.6316     207.4309    3881.9845     208.2860    0.2618    -863.4781    -802.5327 -5.758 -5.478  762 
   54384.481300    1586.3818     192.8775    1534.7058     193.9075    0.1291    -367.4474    -336.1475 -1.984 -2.674  762 
   54385.508300    1302.9784     187.8680    1374.8688     188.6783    0.1437    -233.3756    -213.0265 -2.615 -2.359  762 
   54386.497100    1757.6401     202.7975    1717.9197     203.7172    0.1984     -21.2695     -19.7144 -0.070 -0.140  762 
   54386.502700    1162.5685     207.7739    1110.6309     208.6209    0.1759     454.3894     423.4412  1.993  2.943  762 
   54388.451200    2534.9704     144.9113    2382.8007     145.8113    0.2047      51.6961      45.4233  1.569  0.962  762 
   54533.213700    1816.4096     284.4186    1818.5368     285.4183    0.1918    -369.7072    -347.5943 -2.229 -2.188  762 
   54534.352300   -2336.8955     293.0381   -2583.5156     294.2351    0.2596     179.0083     169.2984  1.529  0.911  762 
   54535.298300    -910.7152     230.8344    -813.3761     232.7684    0.1129     110.0880      97.1958  0.357  0.968  762 
   54536.149900     414.9200     275.3714     482.1158     275.9907    0.1053   -1481.3881   -1394.9637 -12.047 -12.654  762 
   54537.401500    3539.5134     199.3415    3543.2629     200.8322    0.3345     151.5851     132.7914  1.897  2.166  762 
   54538.182200    -572.8977     410.7313    -562.0330     411.1851    0.1773    -831.1772    -807.8251 -4.639 -3.957  762 
   54538.197200    -223.1526     347.6879    -221.9130     348.3380    0.0667    -274.9915    -262.5634 -2.401 -1.771  762 
   54590.205000    1438.0219     206.1917    1408.1073     207.8277    0.2050     105.5325      92.0377  2.679  1.330  762 
   54792.348600    1640.7975     220.0620    1518.1973     220.4751    0.1287     -39.8302     -37.4315  1.117 -0.570  762 
   54792.505800    4952.5850     335.5136    4898.4518     335.6307    0.2198   -1434.9633   -1401.6041 -10.078 -12.586  762 
   54793.506900    5489.8542     351.7796    5437.3812     351.9596    0.1554   -3706.4861   -3620.7622 -22.788 -23.093  762 
   54794.486000    1193.3108     248.2072    1228.6333     249.5403    0.2798     437.7141     391.7373  4.332  5.106  762 
   54861.126100    1836.4486     300.4296    1717.0722     301.2744    0.0899    -609.2709    -572.6565 -4.912 -4.671  762 
   54862.262500    1616.2926     300.5416    1415.6248     301.8897    0.1358    -559.3353    -520.9170 -2.782 -3.153  762 
   54912.158000    3072.6035     296.1772    3007.7438     296.3505    0.1459   -1226.1722   -1191.0997 -11.609 -9.450  762 
   54914.125400   45653.9693     673.8522   45379.8975     673.9237    0.7755  -71715.5787  -71585.8616 -142.001 -133.855  762 
   55126.484100     -23.0965     260.7129    -178.5794     261.8173    0.0318     483.9479     444.6911  4.708  4.931  762 
   55126.506900     622.1789     258.2408     414.9467     259.3922    0.1011     364.1357     333.8120  3.982  3.775  762 
   55208.301900     631.3935     219.1446     344.6851     221.0603    0.0530     143.2144     125.1871  2.466  1.588  762 
   55208.332500    1185.7338     231.4772    1113.8144     233.3124    0.1947     244.1210     212.7445  2.713  2.566  762 
   55273.269300    1517.2806     261.8296    1466.7715     263.4142    0.3072     264.9380     240.8834  1.448  1.833  762 
   55536.296400    1874.3069     240.1628    1589.3726     241.5172    0.1250    -120.3901    -108.6116 -1.474 -1.196  762 
   55538.328200   -1103.7106     197.3189   -1231.1992     198.9259    0.1058     192.2411     164.4926  3.759  3.316  762 
   55540.341300    1567.8850     357.7156    1314.6633     358.6315    0.0314   -1637.9316   -1565.6521 -8.069 -7.544  762 
   55599.206500     140.4129     343.2981     101.6758     343.9497    0.0995   -1123.7683   -1081.7968 -4.761 -5.320  762 
   55603.163800     231.0316     306.8743     300.0053     307.5357    0.0622     372.0707     349.0425  3.436  3.896  762 
   55679.251900   -1652.8527     221.1480   -1927.1722     222.8736    0.1772     219.3933     191.1434  2.840  2.667  762 
   55889.434300    -619.7243     271.8770    -788.2583     273.4186    0.1458    -192.5002    -174.5625 -1.354 -1.602  762 
   55924.442100   -1649.7538     194.7567   -1753.7057     196.6253    0.2956     225.4583     188.9292  1.586  4.330  762 
   55925.373000    -802.2586     241.8094    -996.1602     243.5819    0.1765     125.1277     110.7820  1.480  1.319  762 
   55926.306500    -645.1448     199.8787    -824.9622     201.7360    0.1245      14.8192      12.6329  0.662  0.243  762 
   55927.348900    -337.5727     249.5938    -511.9024     251.1650    0.1042    -115.3043    -102.6061 -1.171 -1.274  762 
   55969.114700    1032.4281     290.1512     787.1048     291.2229    0.1061     306.8567     286.9614  2.353  2.148  762 
   56045.159200     495.7739     317.9023     390.2941     318.7170    0.0374    -175.5400    -164.2416 -0.029 -1.617  762 
   56215.477100    -833.3232     257.1699   -1103.2580     258.6617    0.0488     669.4879     600.9387  6.779  8.291  762 
   56217.469400    2605.8289     465.8919    2484.2539     466.4542    0.0112   -2660.7399   -2584.3919 -11.392 -11.672  762 
   56301.276300   -2007.9837     304.4912   -2200.5561     306.1781    0.2790      20.7364      19.0850 -0.052  0.132  762 
   56417.155100   -1351.3284     201.8706   -1354.6213     201.9393    0.1370   -1603.7330   -1559.8004 -31.394 -28.658  762 
   56418.173700   -2072.4878     282.7621   -2047.0708     283.1352    0.1963     129.6886     123.9023  1.574  1.230  762 
