   54116.301000     730.0511     431.0525     820.6066     433.9113    0.7328  -21254.8703  -21018.3039 -64.824 -69.396  762 
   54127.317100    2101.2352     376.2092    2041.3410     377.4599    0.2088    1348.2482    1330.2382  5.083  8.629  762 
   54127.352800     -52.3289     373.7573    -362.8953     375.0719    0.1151    2254.9357    2234.6128  9.946 13.098  762 
   54149.238000    2905.5279     251.3467    3026.5375     254.7002    0.2170   -1105.4080   -1040.1984 -4.543 -7.510  762 
   54149.257400    8903.3339     324.8032    9433.6935     326.8648    0.2793   -4729.2568   -4637.3924 -15.057 -19.992  762 
   54150.328600       0.0000       3.9690       0.0000       3.9690      -nan       0.0000       0.0000  1.409  0.000  762 
   54152.336000       0.0000       3.4630       0.0000       3.4630      -nan       0.0000       0.0000  1.633  0.000  762 
   54152.342500       0.0516       3.7250     125.3950      17.4144    0.0406       0.0000       0.0000  0.808  0.000  762 
   54156.154700    2203.9099     216.0400    1838.6038     217.6245    0.1403     377.2961     341.7155  5.923  7.879  762 
   54174.142000    5364.3384     191.3565    5756.7091     193.9823    0.4652      63.6339      57.3652  4.239  0.794  762 
   54174.149600    5303.1858     174.0529    5357.9022     176.5779    0.4098     536.8646     474.3299 15.589  8.171  762 
   54176.305700    5016.3430     227.1029    5410.0096     229.8564    0.4601    -172.0591    -159.6859 -0.935 -1.474  762 
   54179.173100    2039.2824     200.6590    2268.4115     203.3696    0.2198    -330.3123    -297.2231 -3.332 -3.582  762 
   54201.219900    2943.5400     226.9498    3349.2164     229.6006    0.2925     106.7463      99.3855  3.631  0.882  762 
   54201.236400     714.2145     286.6683     686.2558     289.8600    0.0118    -611.6278    -588.4146 -2.438 -3.286  762 
   54201.246700    -201.0635     311.5190    -198.0663     314.8560    0.3218   -3744.1408   -3622.4739 -16.844 -17.754  762 
   54205.179300       0.0000       2.7585       0.0000       2.7585      -nan       0.0000       0.0000  0.000  0.000  762 
   54210.346400   -2209.5617     199.3175   -2162.4791     201.3573    0.1799     315.6515     287.1496  4.100  3.492  762 
   54212.180600    -860.6942     257.8609    -775.9307     259.8519    0.0376     449.9224     427.9577  2.795  3.815  762 
   54213.208300    -744.0996     243.8083    -732.6095     244.9255    0.0622    1412.8554    1335.3003 15.302 16.613  762 
   54230.223600   -1417.9084     194.1589   -1100.4074     196.3082    0.0681     573.3934     513.2563  9.563  7.135  762 
   54231.221900       0.0000       4.9242       0.0000       4.9242      -nan       0.0000       0.0000 -0.855  0.000  762 
   54240.235600   -1376.4749     221.7973   -1234.7544     223.4437    0.0561     520.2956     485.2568  7.982  5.158  762 
   54260.157900     -17.5809     201.9968     255.2802     203.5702    0.0411     402.1999     366.4010  8.041  5.542  762 
   54260.162700    2697.4899     193.6389    3094.6924     195.3170    0.1516     474.6734     431.9744 11.111  6.278  762 
   54260.175900   -1280.9514     182.0856   -1217.4274     184.3466    0.0785     554.5887     491.7086  8.773  7.853  762 
   54261.162600     -60.0433     221.8348     396.5506     223.4171    0.0551     611.5674     574.8487 10.065  6.069  762 
   54261.174500    -364.8327     206.8566    -106.2398     208.5276    0.0165     412.3215     379.5869  6.769  4.558  762 
   54264.164600   -1781.4146     185.0681   -1700.0840     186.7612    0.1013     433.4061     389.7705 10.000  6.466  762 
   54264.180400   -2528.7820     186.5638   -2768.7790     188.1854    0.1614     610.8231     559.9484  8.193  8.192  762 
   54265.184200   -2133.7646     237.1041   -1995.0988     238.5613    0.0686    1142.8970    1087.3095 11.271  9.290  762 
   54265.195400   -2533.1225     212.7237   -2463.4273     214.1646    0.0975    1098.4978    1031.4495 15.853 10.929  762 
   54275.170700   -6009.5564     346.5685   -5787.1284     347.1625    0.2442     295.8360     289.4409  1.297  2.358  762 
   54275.178200   -5971.9486     322.9678   -5916.7781     323.5586    0.2570     586.7762     571.1851  3.120  5.319  762 
   54384.470800   -2460.9118     262.1527   -2351.9216     264.6854    0.2656    -927.2195    -880.4438 -3.143 -6.109  762 
   54384.481300   -1257.2287     240.8247   -1060.0775     243.3979    0.1395    -598.1515    -559.6510  0.583 -4.595  762 
   54385.508300     236.9999     219.9970     126.2908     221.9468    0.0234    -469.3695    -433.1821 -0.421 -5.091  762 
   54386.497100   -1215.5927     253.8661   -1158.2534     256.7491    0.1449    -658.9149    -622.2819 -2.595 -4.581  762 
   54386.502700    -642.2805     259.4291    -635.4023     262.4471    0.1149    -567.9652    -537.8608 -1.794 -3.865  762 
   54388.451200    -437.4954     170.1480    -599.2749     172.7358    0.0220      51.5876      44.2551 10.853  0.984  762 
   54533.213700   -2772.4714     343.5427   -2414.3921     347.1172    0.3116   -1379.0134   -1313.4605 -8.458 -9.114  762 
   54534.352300       0.0000       4.9436       0.0000       4.9436      -nan       0.0000       0.0000  0.000  0.000  762 
   54535.298300       0.0000       3.4409       0.0000       3.4409      -nan       0.0000       0.0000  0.000  0.000  762 
   54536.149900       0.0000       3.6036       0.0000       3.6036      -nan       0.0000       0.0000  0.000  0.000  762 
   54537.401500   -3302.4244     237.6628   -2867.6277     240.7885    0.1482      90.2821      79.8080 -6.092  1.414  762 
   54538.182200       0.0000       5.2742       0.0000       5.2742      -nan       0.0000       0.0000  0.000  0.000  762 
   54538.197200       0.0000       4.2859       0.0000       4.2859      -nan       0.0000       0.0000  0.000  0.000  762 
   54590.205000   -2637.3205     242.6730   -2587.3036     245.9817    0.2311     -38.0161     -33.4836  2.162 -0.548  762 
   54792.348600   -2343.7992     242.7452   -2595.5944     243.7786    0.2036     127.3281     118.8899  8.971  1.894  762 
   54792.505800    1727.0518     344.7659    1646.7908     345.2168    0.0580    -664.9460    -648.1300 -6.006 -6.421  762 
   54793.506900    6962.8315     374.1414    6875.1134     375.5163    0.2225   -3097.4353   -3001.9096 -14.908 -21.516  762 
   54794.486000   -1641.9733     287.5779   -1685.1133     290.6247    0.2112     -76.5780     -68.9195 -0.741 -0.994  762 
   54861.126100   -1881.2008     349.9904   -1658.8890     352.3994    0.1144    -509.7296    -486.0655  3.278 -4.194  762 
   54862.262500     273.2856     383.5746      48.1058     387.8146    0.4663   -3804.5621   -3630.7239 -20.739 -22.544  762 
   54912.158000   19367.0193     335.0878   19023.3157     335.7391    0.5824    4413.2466    4313.9382 49.935 32.875  762 
   54914.125400   80600.1595     844.4075   82889.8244     846.1688    0.9464 -292940.7201 -292036.8013 -553.582 -571.917  762 
   55126.484100    2893.0836     309.4558    2838.3806     311.5933    0.2341    -355.1279    -332.5600 -1.845 -3.685  762 
   55126.506900    4378.2982     303.6084    4169.4534     306.2677    0.3303    -466.6273    -434.3116 -2.405 -5.076  762 
   55208.301900    4412.2669     268.7449    4355.7057     272.1663    0.3646    -819.5409    -735.8561 -6.568 -9.580  762 
   55208.332500    4361.6742     280.6425    4339.3873     284.3114    0.3556    -791.1222    -705.9784 -6.839 -9.024  762 
   55273.269300     431.8794     330.8128     217.6877     334.6803    0.3050   -2648.2581   -2472.8203 -18.662 -19.703  762 
   55536.296400    -484.1172     289.3783    -616.9266     291.8969    0.1201   -1097.2299   -1007.3150 -11.938 -11.361  762 
   55538.328200      -3.7060     239.6040    -234.7539     243.6913    0.0461    -436.8915    -370.8666 -9.887 -7.485  762 
   55540.341300     -20.6933     448.0662    -313.9856     452.0092    0.4758   -6912.1296   -6692.8455 -28.409 -33.519  762 
   55599.206500   -1482.3237     420.9960   -1804.6544     424.5857    0.5083   -5654.1844   -5491.6608 -26.777 -28.201  762 
   55603.163800   -3418.3092     343.7918   -3550.1339     345.5535    0.3894   -1034.5108    -975.6665 -13.575 -11.537  762 
   55679.251900    1759.3985     263.1613    1535.2238     266.5784    0.0826    -704.1035    -619.3525 -12.757 -9.170  762 
   55889.434300    1679.0839     335.0869    1549.9698     338.4734    0.0025   -1690.3652   -1574.8306 -16.372 -14.592  762 
   55924.442100       0.0000       2.2984       0.0000       2.2984      -nan       0.0000       0.0000  0.000  0.000  762 
   55925.373000    1787.2338     296.7391    1568.3832     300.6861    0.0622    -952.0921    -860.9480 -12.142 -10.452  762 
   55926.306500    2105.0130     244.1274    1670.4895     248.5554    0.1051    -576.1656    -492.0651 -15.251 -9.446  762 
   55927.348900    1277.3656     301.4245    1062.4832     304.8842    0.0207    -951.8827    -859.4482 -13.043 -10.907  762 
   55969.114700   -4961.9291     360.2131   -5414.6248     363.3688    0.3583   -1329.1196   -1268.0501 -9.178 -9.423  762 
   56045.159200     966.1298     370.7947     915.3748     372.9489    0.0288   -1247.8791   -1177.4930 -12.616 -11.701  762 
   56215.477100   -7510.8882     309.8222   -7540.0041     313.0295    0.5611      75.5442      68.5982 -5.186  0.936  762 
   56217.469400  -10866.8730     568.1236  -10883.0798     571.3856    0.7690  -14556.4892  -14250.0400 -65.702 -64.976  762 
   56301.276300   -7002.2334     390.0815   -7370.3697     394.7934    0.5879   -1394.1847   -1319.9530 -13.492 -9.222  762 
   56417.155100    2447.5220     214.2696    2257.0973     214.5649    0.2029    2536.0003    2437.9936 42.134 45.148  762 
   56418.173700    1110.5954     313.2666    1080.7411     314.2920    0.1004     196.7711     189.1720 -1.986  1.924  762 
