   54116.301000       0.0214       7.7952     -58.9257      93.7954    0.0061       0.0000       0.0000 -4.324  0.000  762 
   54127.317100     -30.0479      24.1444   -6378.6379     339.4080    0.4406       0.0000       0.0000  5.466  0.000  762 
   54127.352800   -6966.1214     334.1988   -7485.4744     335.0956    0.3864     545.0330     522.7385  5.499  3.135  762 
   54149.238000     823.1315     216.9383     890.2131     224.0586    0.1767     500.7807     406.5494  2.793  2.775  762 
   54149.257400    6878.2878     278.4901    6391.1958     280.0498    0.4171    -714.0633    -674.4784 -3.303 -2.714  762 
   54150.328600   -3511.2749     211.2496   -3999.1900     218.0009    0.4081    -527.4219    -424.7443 -3.252 -3.405  762 
   54152.336000   -2072.5443     202.9520   -3119.1021     210.9083    0.3068    -140.4090    -108.3438 -0.762 -1.032  762 
   54152.342500   -2575.5261     208.5337   -4258.6468     215.4395    0.3888    -274.3381    -219.0153 -2.379 -1.870  762 
   54156.154700    1207.2211     234.1446     732.2812     241.1255    0.1273    1122.8646     879.0946 19.407 19.458  762 
   54174.142000    -848.7011     190.1728   -2181.5053     199.6160    0.1968     109.5382      80.2038  1.007  1.052  762 
   54174.149600   -1556.1953     183.8240   -3524.8109     194.6209    0.3353     191.8688     133.2597  1.659  2.114  762 
   54176.305700      -0.5015       4.0268   -1023.0952      55.1560    0.2037       0.0000       0.0000 -2.310  0.000  762 
   54179.173100   -1248.0202     192.8982   -1888.4155     203.8340    0.2830     377.2559     267.9077  2.941  3.175  762 
   54201.219900    -173.5004     211.5778    -398.7973     218.6406    0.1420    -657.1790    -527.4930 -4.865 -4.172  762 
   54201.236400    -283.9931     241.1246   -1044.3558     245.0585    0.2086   -1216.0363   -1078.9645 -6.971 -5.720  762 
   54201.246700    3172.4584     256.7406    2607.1205     259.8399    0.1096   -1808.8935   -1649.3831 -7.586 -7.528  762 
   54205.179300   -1702.0461     182.8973   -3875.8758     191.4433    0.2783     327.7429     238.6325  2.958  3.374  762 
   54210.346400    1054.0765     194.6512     311.0485     202.6339    0.0135    -107.5198     -81.6682 -0.864 -0.922  762 
   54212.180600   -3472.0259     244.0212   -4437.3614     247.9278    0.5238   -1425.6682   -1232.6451 -9.893 -10.223  762 
   54213.208300   -3205.9018     250.7459   -3934.3902     254.4718    0.3930    -260.7265    -224.9168 -4.000 -2.475  762 
   54230.223600     883.2132     195.9211     691.1406     204.7838    0.0519    -196.3752    -145.7323 -2.833 -1.808  762 
   54231.221900    1665.1900     253.6656    1371.2375     257.0519    0.1145    -620.6533    -555.6316 -4.036 -3.052  762 
   54240.235600     246.0841     217.7327      -1.9962     222.8632    0.0755   -1174.4950    -973.9193 -10.264 -9.247  762 
   54260.157900       0.0000       3.0581       0.0000       3.0581      -nan       0.0000       0.0000 -0.680  0.000  762 
   54260.162700       0.0000       3.1242       0.0000       3.1242      -nan       0.0000       0.0000 -1.193  0.000  762 
   54260.175900     350.3035     109.9944    -248.5399     196.5028    0.0125       0.0000       0.0000 -1.843  0.000  762 
   54261.162600    3625.4275     217.2963    4352.9827     222.7382    0.3854       0.0000       0.0000 -1.369  0.000  762 
   54261.174500    3151.7033     204.7348    2621.9179     211.4423    0.1263    -336.7054    -265.7826 -3.058 -2.879  762 
   54264.164600     -43.7281     194.0626   -1205.7078     201.9143    0.0897    -311.6301    -235.1013 -4.443 -3.475  762 
   54264.180400    -953.3603     190.6338   -3169.5489     196.9443    0.1760     435.0604     343.1064  3.500  4.411  762 
   54265.184200     329.2852     225.0307     124.6045     228.3116    0.0149    -329.3829    -288.0162 -1.245 -2.213  762 
   54265.195400    2643.0699     208.8875    2471.2823     212.8480    0.1571     111.9913      95.0524  0.882  0.875  762 
   54275.170700       0.0000       4.2398       0.0000       4.2398      -nan       0.0000       0.0000 -0.208  0.000  762 
   54275.178200       0.0000       3.8386       0.0000       3.8386      -nan       0.0000       0.0000  0.000  0.000  762 
   54384.470800     289.9557     226.6283     543.4962     231.9912    0.0502   -1459.7319   -1229.9127 -9.180 -8.343  762 
   54384.481300     765.3963     215.3585     606.7925     221.7451    0.0199   -1050.4588    -855.9885 -7.209 -6.689  762 
   54385.508300    -820.6764     217.1815    -708.6519     223.5272    0.0881    -404.4545    -323.4999 -3.969 -3.447  762 
   54386.497100    1555.0657     223.3310    1410.8294     228.5073    0.0233   -1370.2709   -1158.3577 -6.714 -8.011  762 
   54386.502700   -1382.5587     228.1216   -1775.3933     232.9839    0.2277    -947.2384    -808.3815 -5.589 -5.509  762 
   54388.451200    1656.8658     185.0866    2386.8429     195.8428    0.1354    -474.8676    -324.1201 -6.246 -6.760  762 
   54533.213700       0.0000       4.9480       0.0000       4.9480      -nan       0.0000       0.0000  0.000  0.000  762 
   54534.352300    -710.3746     313.4291   -1140.9843     318.3723    0.1830     115.0511     102.9794  0.868  0.533  762 
   54535.298300    2008.9949     270.2989    2237.7986     282.0581    0.2847     278.1627     211.8327  1.664  1.954  762 
   54536.149900    4107.9452     310.4380    4264.4607     315.2876    0.2779   -1388.8738   -1205.4362 -10.218 -10.039  762 
   54537.401500       0.0000       2.8914       0.0000       2.8914      -nan       0.0000       0.0000  0.000  0.000  762 
   54538.182200    3298.9924     434.9806    3063.9537     437.2132    0.2419    -780.0997    -736.2619 -2.527 -3.423  762 
   54538.197200    1583.5173     378.9919    1211.1141     382.6640    0.1687     678.3992     615.5550  2.664  3.872  762 
   54590.205000       0.0000       3.1253       0.0000       3.1253      -nan       0.0000       0.0000  0.000  0.000  762 
   54792.348600       0.0000       2.9556       0.0000       2.9556      -nan       0.0000       0.0000  0.000  0.000  762 
   54792.505800       0.0000       4.0907       0.0000       4.0907      -nan       0.0000       0.0000  0.000  0.000  762 
   54793.506900      -8.8252      14.6532   -6093.5098     361.5577    0.2070       0.0000       0.0000 -11.722  0.000  762 
   54794.486000       0.0000       3.2975       0.0000       3.2975      -nan       0.0000       0.0000  0.000  0.000  762 
   54861.126100    3917.2619     330.8345    4551.5797     335.8174    0.3351    -124.5716    -108.2253 -1.148 -0.847  762 
   54862.262500       0.0000       4.9517       0.0000       4.9517      -nan       0.0000       0.0000  0.000  0.000  762 
   54912.158000       0.0000       4.1663       0.0000       4.1663      -nan       0.0000       0.0000  0.000  0.000  762 
   54914.125400       0.0000      12.5581       0.0000      12.5581      -nan       0.0000       0.0000  0.000  0.000  762 
   55126.484100       0.0000       3.3933       0.0000       3.3933      -nan       0.0000       0.0000  0.000  0.000  762 
   55126.506900       0.0000       3.4073       0.0000       3.4073      -nan       0.0000       0.0000  0.000  0.000  762 
   55208.301900       0.0000       3.2023       0.0000       3.2023      -nan       0.0000       0.0000  0.000  0.000  762 
   55208.332500       0.0000       3.3803       0.0000       3.3803      -nan       0.0000       0.0000  0.000  0.000  762 
   55273.269300       0.0000       4.3312       0.0000       4.3312      -nan       0.0000       0.0000  0.000  0.000  762 
   55536.296400       0.0000       3.4709       0.0000       3.4709      -nan       0.0000       0.0000  0.000  0.000  762 
   55538.328200    2639.7877     251.0404    3871.8418     268.9152    0.2739       7.0663       4.5127  0.103  0.093  762 
   55540.341300    2176.5663     376.5203    1584.3282     380.9083    0.0020   -1758.0146   -1600.8664 -8.261 -7.502  762 
   55599.206500    4011.2523     360.7553    3427.3868     363.9725    0.1586   -1809.9862   -1670.6300 -7.969 -7.948  762 
   55603.163800    1320.5654     345.9594    1425.1825     352.3348    0.1529     131.1295     110.5221  1.083  1.191  762 
   55679.251900    -856.3911     267.0763   -1183.4633     281.5791    0.1263     343.6743     243.2589  3.645  3.275  762 
   55889.434300    1196.9283     305.2042    1059.5105     315.3495    0.1353    -464.9546    -367.7437 -3.007 -3.391  762 
   55924.442100    -526.8139     256.8324    -195.9962     278.4462    0.0138       7.0425       4.2835  0.012  0.096  762 
   55925.373000     589.6553     282.5524     609.3175     295.2810    0.1231     416.0065     308.4224  3.790  3.669  762 
   55926.306500    -330.6105     254.2776   -2044.5937     274.4110    0.1306     301.4264     190.2611  3.214  3.743  762 
   55927.348900    -172.1599     292.4690    -290.9605     305.2062    0.0876    -263.6629    -196.5069 -1.154 -2.426  762 
   55969.114700    -243.9511     314.7275   -1015.1115     321.2957    0.0733     297.1412     252.3235  1.710  1.923  762 
   56045.159200    -750.1540     350.7426   -1074.5510     357.4779    0.2453    -753.6744    -634.8144 -6.546 -6.262  762 
   56215.477100   -2794.4181     302.6517   -3641.9568     315.6557    0.3812    -134.4968    -100.5049 -1.645 -1.428  762 
   56217.469400    1769.4497     479.9525    1616.7047     482.8582    0.0531   -2230.6615   -2090.9966 -8.771 -9.425  762 
   56301.276300    -448.5768     332.3000    -517.9591     341.3523    0.1532    -793.3638    -658.0000 -5.159 -4.586  762 
   56417.155100    1569.2244     214.2472    1402.9964     215.5895    0.0990    1321.3907    1196.2759 13.505 22.284  762 
   56418.173700   -1433.9186     305.6161   -1396.0753     308.6500    0.2731   -1760.0357   -1565.8935 -15.223 -15.375  762 
