   54116.301000  -14932.7590     371.9945  -15262.7651     372.9686    0.9265  -10946.7659  -10681.8479 -34.414 -35.189  762 
   54127.317100  -37647.6037     358.9525  -38081.2539     359.6460    0.9349     648.8884     625.7682  4.189  4.088  762 
   54127.352800  -35821.0859     352.7374  -36145.5767     353.3752    0.9238    1689.1373    1637.0325  9.667  9.670  762 
   54149.238000  -21077.9118     231.5207  -21532.0695     236.0874    0.9342    1010.8071     868.4060  7.022  6.230  762 
   54149.257400  -15866.4025     293.4425  -16112.6944     294.5468    0.8485   -2295.1574   -2195.4334 -9.519 -9.359  762 
   54150.328600  -20049.8249     220.4361  -20777.4570     224.9388    0.9095    -117.1639     -99.4776 -1.675 -0.841  762 
   54152.336000  -18676.8852     205.7569  -19138.4098     211.2926    0.9242     704.4595     574.5470  4.844  6.109  762 
   54152.342500  -18422.2393     213.1363  -19151.0452     217.6239    0.8975     462.2454     389.9328  2.315  3.651  762 
   54156.154700  -15533.5842     229.4423  -16337.4636     235.1611    0.8041    -168.8133    -136.0410 -2.407 -3.177  762 
   54174.142000  -24853.5533     193.9605  -25912.9691     200.6042    0.9522     685.9598     539.9208  7.534  7.463  762 
   54174.149600  -22100.1762     183.2577  -23225.4610     191.2344    0.9198     643.7878     482.8131  8.519  8.282  762 
   54176.305700  -19714.9013     215.4284  -19749.3368     220.3463    0.9412     660.8333     553.1446  2.208  5.116  762 
   54179.173100  -18838.1350     197.9221  -19509.0794     205.1032    0.9228     860.8841     670.4317  7.526  8.135  762 
   54201.219900   -7831.6623     214.8519   -7647.6597     219.1909    0.7382     704.8085     597.7293  5.993  5.193  762 
   54201.236400   -7750.8418     255.0583   -8021.8178     257.3381    0.6652     381.3167     351.2584  2.605  1.943  762 
   54201.246700   -5415.4917     273.6714   -5877.3916     275.7151    0.5711   -1037.5958    -970.4103 -4.174 -4.687  762 
   54205.179300   -6305.4828     178.9100   -8357.7936     185.6998    0.6118      90.8977      69.6299  2.806  1.129  762 
   54210.346400   -7246.0761     196.1864   -7244.1348     201.6426    0.7226     207.8216     167.5141  1.704  2.015  762 
   54212.180600   -9317.2091     245.2586   -9691.2349     247.6649    0.7809    -394.3379    -353.7732 -3.696 -3.128  762 
   54213.208300  -10992.4765     244.4284  -11238.4431     247.2417    0.7944    -257.8188    -226.9702 -2.246 -2.774  762 
   54230.223600  -25739.5619     198.3378  -25692.0844     205.4386    0.9744     380.1352     294.4378  4.823  4.032  762 
   54231.221900  -25929.8726     266.3786  -26006.4453     268.7698    0.9444    -987.2932    -903.5051 -5.238 -5.300  762 
   54240.235600  -13071.8656     217.7019  -12825.5804     221.2921    0.8601     587.6756     503.2109  5.143  5.238  762 
   54260.157900  -12482.8904     206.7068  -12455.2622     212.0886    0.7788     -56.6189     -45.6024  0.024 -0.683  762 
   54260.162700  -14152.6859     198.0733  -13899.7574     203.8570    0.8400     325.4644     258.3282  3.613  3.705  762 
   54260.175900  -14069.5030     186.6423  -14330.1668     193.9260    0.8755     333.4959     253.9093  3.532  4.046  762 
   54261.162600  -14788.6997     218.1757  -14404.7911     221.6543    0.8571    -137.2389    -118.0484 -1.259 -1.223  762 
   54261.174500  -14892.2458     206.3239  -14484.3976     211.1384    0.8824     144.6030     118.8801  1.502  1.401  762 
   54264.164600  -11446.5550     191.0311  -11746.3167     196.9064    0.8158     -10.5423      -8.2918  0.849 -0.135  762 
   54264.180400  -13324.7082     188.8986  -14058.6147     193.3403    0.8672     -35.3073     -29.0161 -0.487 -0.416  762 
   54265.184200  -13029.2810     227.5344  -13180.1602     229.9820    0.8641     302.0669     269.9547  0.817  2.264  762 
   54265.195400  -14182.0147     209.2863  -14142.4753     212.3949    0.8334     398.9041     345.6299  2.771  3.563  762 
   54275.170700  -13956.0564     339.3755  -13912.1300     340.1861    0.7174     214.4274     203.8607  1.221  1.632  762 
   54275.178200  -17429.5666     317.4435  -17507.9187     318.5123    0.7716     282.8644     265.5373  0.785  2.459  762 
   54384.470800  -33257.4061     243.7300  -33214.9280     247.4217    0.9715     543.2825     477.1754  4.732  3.313  762 
   54384.481300  -33245.9718     228.4009  -33322.9462     233.1048    0.9736    1159.7248     985.8495  6.604  8.052  762 
   54385.508300  -31451.0521     221.4380  -32059.9684     226.8123    0.9543     438.8584     360.7869  5.950  4.192  762 
   54386.497100  -35143.2114     237.6494  -35479.4284     241.5064    0.9744     360.5194     315.1676  1.710  2.302  762 
   54386.502700  -34938.8942     242.0411  -35509.4588     245.6545    0.9778    -213.4416    -188.2620 -0.397 -1.346  762 
   54388.451200  -29369.3960     185.8940  -29098.2408     195.3228    0.8458     578.8224     410.3937  9.301  9.166  762 
   54533.213700   -1023.9717     315.8617   -1295.7857     319.2381    0.1552       4.4976       4.0693 -0.194  0.027  762 
   54534.352300   -4371.7385     331.5910   -4746.2673     334.6563    0.6780    -431.0931    -398.2279 -2.674 -2.221  762 
   54535.298300   -3988.1841     271.7240   -4377.9507     279.2412    0.5907    -524.0375    -425.8606 -1.375 -4.524  762 
   54536.149900   -1425.6957     298.7069   -1006.1568     301.7380    0.1244    -243.9012    -217.7339 -1.378 -2.120  762 
   54537.401500   -1702.4237     243.2486    -743.6934     252.5855    0.0421     273.9951     208.1265  2.124  3.587  762 
   54538.182200   -1162.1048     437.6811   -1250.5713     439.2434    0.3668   -2185.5113   -2086.1019 -9.852 -10.647  762 
   54538.197200   -3059.4718     374.2669   -3223.0732     376.6923    0.4187     -15.7547     -14.5420  0.419 -0.104  762 
   54590.205000   11952.3168     243.1202   12486.8349     252.0576    0.8919     456.1917     349.4566  4.225  5.491  762 
   54792.348600    1665.2244     245.4824    1333.9105     248.9106    0.0540    -942.2722    -811.0759 -10.110 -12.932  762 
   54792.505800    2922.1023     343.8613    2879.1922     344.6748    0.0830   -1831.1136   -1734.0887 -9.988 -16.634  762 
   54793.506900    6443.0705     360.9548    6275.5882     361.9069    0.0794   -5502.9209   -5246.7122 -35.706 -36.135  762 
   54794.486000    4099.3641     287.6069    3567.4802     296.0206    0.4206     -42.6926     -34.0495 -1.137 -0.477  762 
   54861.126100   13439.0475     328.9476   13622.3230     331.8269    0.8640    -272.2142    -245.8229 -0.628 -2.089  762 
   54862.262500   15080.5768     338.5389   14789.3755     342.3061    0.9224   -1060.9548    -959.6048 -6.031 -5.948  762 
   54912.158000   12589.4486     319.3323   12314.6922     320.1660    0.5415   -3755.6491   -3555.0922 -28.374 -27.723  762 
   54914.125400   55031.0621     719.6798   54832.7615     720.0835    0.9055 -128190.9478 -127823.2813 -243.170 -246.397  762 
   55126.484100   40453.2191     288.1389   40705.6628     291.8284    0.9910     143.6328     125.7639  0.896  1.412  762 
   55126.506900   41209.9597     283.9421   41354.9353     287.7969    0.9874     160.6196     140.0672  2.216  1.637  762 
   55208.301900   38800.1818     251.0514   38820.4985     258.1430    0.9767      32.8409      26.5364  1.768  0.348  762 
   55208.332500   38369.2810     264.2526   38411.2429     272.2003    0.9764     164.8289     131.3331  1.963  1.664  762 
   55273.269300   18616.1931     298.7363   18449.3653     303.8077    0.9678    -650.5186    -564.0478 -3.608 -4.439  762 
   55536.296400   16159.5409     275.7985   16091.6959     281.7869    0.8821    -721.0607    -600.0790 -6.676 -6.804  762 
   55538.328200   16076.9325     242.5182   16697.1140     254.2620    0.8698    -183.4893    -131.9750 -3.312 -2.727  762 
   55540.341300   20762.6778     392.1415   20538.0526     394.4302    0.9337   -2908.0460   -2732.8605 -12.677 -13.553  762 
   55599.206500   20068.8092     372.5447   19950.8921     374.2550    0.9078   -2105.9256   -1996.9561 -10.323 -10.117  762 
   55603.163800   15393.9742     335.5076   15632.2498     339.0630    0.8712    -394.6325    -348.5987 -2.074 -4.059  762 
   55679.251900   25805.1407     256.5333   25660.4345     265.7249    0.9577    -450.2595    -348.5705 -6.536 -5.128  762 
   55889.434300    4766.1839     312.7739    4750.6976     318.5177    0.6306    -327.8001    -279.7697 -3.033 -2.620  762 
   55924.442100   19415.1617     240.6388   20363.4544     255.5505    0.9019     211.0836     143.1945  6.145  3.506  762 
   55925.373000   18016.5295     280.1929   17714.8376     287.5521    0.9730     -24.5910     -20.0605  0.074 -0.246  762 
   55926.306500   20869.5613     243.5673   20544.1232     255.3476    0.9606    -265.9097    -193.9960 -4.637 -3.829  762 
   55927.348900   20728.1924     287.1380   20824.8038     294.4257    0.9731    -212.2371    -173.0952 -2.378 -2.216  762 
   55969.114700   39617.7751     318.5764   39522.4645     321.1405    0.9818     -80.8278     -73.8716  0.006 -0.557  762 
   56045.159200   36422.0845     345.3988   36712.4843     348.4162    0.9837     -54.0006     -48.5431 -0.282 -0.487  762 
   56215.477100   37639.9304     290.4057   37789.8614     296.4273    0.9859    1080.3143     902.8287 12.029 12.578  762 
   56217.469400   39108.9630     497.6640   39034.1314     499.0013    0.9683   -3187.5649   -3072.8113 -14.412 -14.015  762 
   56301.276300   49148.0303     334.6390   49083.9275     338.1045    0.9933    1333.7844    1208.8726  7.394  8.481  762 
   56417.155100   73111.6654     208.4798   73347.1131     208.9745    0.9682   -2006.3516   -1893.6513 -33.222 -35.717  762 
   56418.173700   73991.6158     292.1004   74270.2691     293.0305    0.9879     -36.8454     -34.6650  1.608 -0.352  762 
