   54116.301000    6426.6208     343.5458    6055.1351     344.8046    0.4935     238.4976     230.1093  1.002  0.752  762 
   54127.317100   -1300.0106     356.5237   -1435.5400     357.2441    0.0860     377.4427     362.6579  1.505  2.262  762 
   54127.352800    -784.9056     347.8203    -964.6709     348.5748    0.0027    1041.4894    1003.7512  5.896  5.705  762 
   54149.238000    -638.7195     218.9643   -1024.3502     226.4558    0.1709    -145.1205    -116.7348 -0.731 -0.838  762 
   54149.257400    5278.2307     275.2426    4896.8172     276.9694    0.4562    1587.0194    1489.1820  6.516  6.377  762 
   54150.328600    3852.7890     208.7705    3409.0716     215.7839    0.3654    1144.6994     908.6219  7.710  7.889  762 
   54152.336000    -134.9434     201.0301    -923.1822     208.9431    0.0816     366.9260     281.7164  2.747  2.899  762 
   54152.342500   -3346.7613     206.9065   -3742.5579     213.4700    0.2846     361.1131     288.4025  3.641  2.635  762 
   54156.154700   -1998.8113     233.2557   -2553.4755     240.4234    0.1382    -268.7917    -210.8016 -5.858 -4.887  762 
   54174.142000   -1311.7531     190.8239   -1736.5204     199.5918    0.0813     356.0899     264.6909  3.445  3.624  762 
   54174.149600     680.9026     182.6966     569.9807     192.7121    0.0586     287.3369     203.5671  3.970  3.418  762 
   54176.305700   -1921.0473     209.6194   -2780.7121     217.0420    0.3190     374.4089     295.7285  2.788  2.658  762 
   54179.173100   -1881.4101     195.1958   -2948.7767     205.4871    0.3495     821.4349     594.8665  7.803  7.029  762 
   54201.219900    -339.7776     205.2986    -919.5682     213.3248    0.0908     459.6919     356.0456  3.041  3.314  762 
   54201.236400    2222.9863     239.3684    2058.3048     243.1944    0.2917     481.5279     425.9881  3.350  2.378  762 
   54201.246700    1332.7389     252.7284     891.5578     256.4120    0.1989     802.8190     720.1270  3.729  3.590  762 
   54205.179300    2386.7169     179.3547     462.3356     188.6651    0.0438       0.0000       0.0000 10.352  0.000  762 
   54210.346400    -375.0030     191.8370   -1047.2908     200.8098    0.0426    1012.1865     743.2295  9.750  9.589  762 
   54212.180600    -231.7511     241.2071    -441.5095     244.7447    0.1231    1516.6684    1315.7240 11.268 11.385  762 
   54213.208300    -466.9694     241.6613   -1158.2640     245.9958    0.0181    1164.6079     985.0467 12.672 12.356  762 
   54230.223600    -844.2906     192.7365   -1851.8184     203.1219    0.1661     637.8696     456.6996  6.179  6.576  762 
   54231.221900   -2656.9625     249.4474   -2558.3334     253.3769    0.1810    1115.0992     981.0039  7.086  5.894  762 
   54240.235600   -1222.6533     209.4680   -1821.3420     215.5255    0.1229    1209.8876     968.1817 11.650 10.985  762 
   54260.157900     406.8049     205.6756     116.7235     213.6661    0.0670     641.4685     483.9970  8.380  7.478  762 
   54260.162700   -1845.2832     195.3962   -3359.9738     204.7184    0.2759     694.8841     506.8069  7.712  7.731  762 
   54260.175900    -516.3781     185.9267    -914.9914     196.0470    0.0822     725.8667     512.9797  7.499  8.335  762 
   54261.162600   -1299.9511     210.2002   -1784.0485     215.9507    0.1006    1115.5825     902.7797 10.641 10.056  762 
   54261.174500   -1309.0267     200.2029   -2035.0874     208.1343    0.1288    1470.6744    1114.5793 13.015 14.280  762 
   54264.164600     -15.6215     188.7637    -372.5044     197.4917    0.0059     572.8622     417.5576  7.248  7.372  762 
   54264.180400     302.2300     185.6136     419.9353     191.9236    0.1293     591.2370     456.8324  6.589  6.939  762 
   54265.184200   -1415.4894     219.4870   -1696.5335     223.5244    0.0386    1675.6331    1428.5509 13.194 12.433  762 
   54265.195400   -1478.4694     201.2370   -1374.4663     206.4216    0.0625    1182.7874     960.5419 10.765 10.803  762 
   54275.170700    1174.2626     322.0739    1301.2399     323.4136    0.3395    3183.1483    2962.8244 24.554 25.795  762 
   54275.178200     347.6262     303.8686     178.7443     305.6235    0.1886    1820.9353    1667.0160 18.222 16.733  762 
   54384.470800    -353.5909     229.0400   -1207.7438     235.0738    0.2434    -416.9756    -346.9982 -2.446 -2.440  762 
   54384.481300     104.5327     217.3104    -327.6552     224.1600    0.1100    -437.4842    -352.7397 -3.112 -2.864  762 
   54385.508300     645.6781     214.2943     787.7330     221.1683    0.0439    -230.3582    -180.4732 -3.257 -2.131  762 
   54386.497100     749.8189     223.7093     723.0452     229.2117    0.0025    -837.3070    -699.3215 -6.087 -5.098  762 
   54386.502700    -934.5322     229.9593   -1155.0491     234.8004    0.2834    -911.3531    -777.6220 -4.961 -5.390  762 
   54388.451200   -1042.6398     184.4598   -2339.2243     196.7225    0.2314    -283.1270    -189.3391 -3.641 -4.345  762 
   54533.213700    4037.9111     296.7823    3596.3980     303.2287    0.4052     -44.8512     -38.0400 -0.063 -0.274  762 
   54534.352300       0.0000       5.0569       0.0000       5.0569      -nan       0.0000       0.0000  0.000  0.000  762 
   54535.298300       7.3800       7.3027    8867.5426     247.4358    0.6348       0.0000       0.0000  7.210  0.000  762 
   54536.149900       0.0000       3.4456       0.0000       3.4456      -nan       0.0000       0.0000  0.000  0.000  762 
   54537.401500     776.3930     239.1253   -3077.5992     256.4799    0.2108     -62.8498     -42.5931 -0.929 -0.873  762 
   54538.182200       0.0000       5.1518       0.0000       5.1518      -nan       0.0000       0.0000  0.000  0.000  762 
   54538.197200       0.0000       4.2213       0.0000       4.2213      -nan       0.0000       0.0000  0.000  0.000  762 
   54590.205000    2280.6695     243.4329     740.0686     259.3677    0.0242    -610.3894    -415.2259 -6.509 -7.430  762 
   54792.348600    -270.3934     250.0112    -758.9742     254.9047    0.1174    -607.4179    -505.7320 -9.356 -8.001  762 
   54792.505800    4628.4676     333.5301    4127.2373     335.0932    0.0681   -3471.9589   -3203.4526 -31.708 -33.156  762 
   54793.506900    2832.6691     355.4203    2448.6896     357.0563    0.2119     390.4142     364.9302  2.004  2.551  762 
   54794.486000    3705.8837     285.2983    4139.6224     298.4193    0.3973   -1198.2807    -872.7877 -13.110 -13.319  762 
   54861.126100     702.1200     323.1095     655.8934     329.0605    0.0499    -206.9315    -175.8268 -2.046 -1.553  762 
   54862.262500    3345.6170     330.0148    3274.4782     336.8348    0.4185   -1280.1988   -1104.6416 -6.339 -6.558  762 
   54912.158000    7015.8112     316.4243    6756.3912     318.0021    0.3313    -976.7108    -898.3073 -9.005 -7.219  762 
   54914.125400   56330.2333     648.0688   55969.2104     648.2699    0.8481  -16315.2667  -16247.1394 -33.674 -31.014  762 
   55126.484100      92.7970     303.1978     395.2756     310.6886    0.0021    -464.6650    -380.9451 -4.406 -4.085  762 
   55126.506900     632.7487     299.1971     517.7902     307.2115    0.0166    -753.9653    -611.1757 -6.670 -6.868  762 
   55208.301900    3101.4031     267.2144    3051.2552     280.7556    0.2454   -1644.3280   -1200.5603 -14.943 -14.765  762 
   55208.332500    6116.9707     275.2182    6375.4218     290.7973    0.2692   -1643.6260   -1156.2620 -14.755 -14.774  762 
   55273.269300     612.9530     291.8368     246.3443     302.3207    0.1102   -1026.9522    -810.8472 -6.817 -6.604  762 
   55536.296400     825.7703     282.2948     556.1456     292.7143    0.0727    -168.1805    -130.0187 -2.025 -1.428  762 
   55538.328200    -361.6594     257.3402    -694.2152     277.0684    0.0946    -237.6071    -153.2204 -4.903 -3.052  762 
   55540.341300    3890.3989     376.2268    3795.1319     380.7016    0.2555   -1062.0348    -961.9760 -3.844 -4.720  762 
   55599.206500    3098.8544     354.5254    2738.1073     358.0747    0.2244    -810.0983    -739.4515 -4.166 -3.814  762 
   55603.163800   -2237.7011     330.5246   -3611.3778     337.9733    0.3956    -204.9712    -168.8726 -1.048 -2.176  762 
   55679.251900    -568.4517     267.3221    -615.8393     283.2293    0.1248    -573.4253    -397.8444 -6.004 -5.861  762 
   55889.434300      11.8715     314.5657     -16.2056     323.9722    0.0685    -415.5325    -335.7540 -3.509 -2.938  762 
   55924.442100       0.0000       2.4406       0.0000       2.4406      -nan       0.0000       0.0000  0.000  0.000  762 
   55925.373000     554.3394     290.2924    1240.5918     301.9307    0.0856    -906.2818    -690.6798 -6.973 -7.812  762 
   55926.306500     -70.7957     261.1500     585.2293     277.2388    0.0265    -470.5863    -320.9716 -5.418 -5.652  762 
   55927.348900   -1036.2570     299.5831    -559.2479     311.5181    0.2029    -793.7573    -602.8885 -7.479 -7.194  762 
   55969.114700     566.9367     328.4641     468.1375     333.5883    0.0552   -1065.4647    -933.1032 -5.965 -6.448  762 
   56045.159200   -1080.9038     357.7122   -1330.1915     363.9492    0.2884    -455.3026    -388.8065 -3.299 -3.711  762 
   56215.477100   -3098.1709     309.9491   -3415.6524     321.9695    0.3099    -438.7431    -335.3775 -4.003 -4.502  762 
   56217.469400   -1669.9900     487.3970   -1952.5873     490.3872    0.1977    -143.1328    -134.1638 -1.408 -0.603  762 
   56301.276300   -2361.4369     339.0033   -2800.5969     347.6900    0.3123    -630.1006    -527.0811 -3.280 -3.634  762 
   56417.155100   -6054.1778     220.8084   -6597.6358     222.3609    0.2637    -766.1619    -692.6849 -19.737 -12.818  762 
   56418.173700   -1588.7989     302.8859   -1689.8355     306.1544    0.1766    -648.8597    -573.7543 -9.472 -5.944  762 
