   54116.301000    2218.2054     346.3319    2116.7339     346.5094    0.0649   -2801.9846   -2766.4228 -9.690 -9.149  762 
   54127.317100   -1723.5134     338.7823   -1766.6923     338.8977    0.0920     786.7113     774.7846  6.065  5.082  762 
   54127.352800   -1876.9305     334.1464   -2007.4384     334.2852    0.1509     350.5272     345.3326  3.547  2.040  762 
   54149.238000    2184.6374     197.2867    2164.4518     198.1632    0.5506    1538.2794    1430.5174 10.734 10.287  762 
   54149.257400    4879.2903     269.9459    4766.3303     270.1607    0.5365    1978.0138    1935.7702  8.911  8.329  762 
   54150.328600    2680.3051     188.2006    2693.0770     188.9995    0.4226     -89.7949     -83.3206 -2.993 -0.703  762 
   54152.336000    1748.7075     168.7468    1709.3987     169.7886    0.4060     576.0854     523.5746  4.744  5.707  762 
   54152.342500    2502.9069     177.6542    2413.7572     178.4830    0.4690     675.6574     624.1232  7.215  5.968  762 
   54156.154700   -1659.3806     197.6936   -1733.7824     198.6760    0.1400     525.5591     482.9282 10.275 10.871  762 
   54174.142000   -1059.2503     157.3766   -1083.4816     158.5427    0.1132     533.3187     480.9789  8.394  6.612  762 
   54174.149600    -150.6587     144.6837    -294.8904     146.2911    0.0559     620.7992     546.5661  9.591  9.330  762 
   54176.305700   -1000.8440     181.8108   -1023.3723     182.7261    0.0421     858.4852     789.8639  7.324  7.315  762 
   54179.173100    -427.8661     162.4837    -551.6258     163.8447    0.0829     178.7958     159.5674  2.464  1.917  762 
   54201.219900    1940.7627     184.2506    2121.5286     185.0375    0.4449     306.3266     283.6214  1.986  2.466  762 
   54201.236400     841.9937     228.3854     757.6031     228.8844    0.1408     260.9376     250.1606  1.771  1.394  762 
   54201.246700     661.5825     247.5521     582.3065     247.9709    0.0386    -311.8050    -301.0172 -1.982 -1.465  762 
   54205.179300       0.0000       2.7781       0.0000       2.7781      -nan       0.0000       0.0000  1.506  0.000  762 
   54210.346400    1213.4926     166.3323    1266.2691     167.3193    0.3328     811.4402     736.2478  8.549  8.710  762 
   54212.180600    1504.9026     217.1538    1452.7466     217.5826    0.2597     206.5814     196.7306  1.787  1.760  762 
   54213.208300     129.8049     217.5077     110.6097     217.9314    0.0371     146.2461     138.7004 -0.718  1.702  762 
   54230.223600    2130.4917     161.6525    2248.8223     162.7805    0.5306     752.4411     676.1112  9.046  9.188  762 
   54231.221900    1896.4608     237.3240    1825.3938     237.7692    0.2624       0.0000       0.0000  2.321  0.000  762 
   54240.235600    1432.9940     190.5782    1596.2737     191.1238    0.2123     -56.6404     -53.0812 -0.317 -0.549  762 
   54260.157900     766.2825     174.8599    1103.9899     175.6641    0.2058     460.0999     421.2439  5.771  6.237  762 
   54260.162700    -623.3454     165.8454    -335.7850     166.8031    0.0398     680.1183     615.9358  8.778  8.704  762 
   54260.175900   -1620.0096     153.0171   -1582.5846     154.4005    0.1858     647.9636     573.8357  7.419  8.994  762 
   54261.162600    3141.3974     189.3086    3316.5270     189.7998    0.5088     670.4885     630.7500  7.582  6.505  762 
   54261.174500    1977.9466     175.9677    2153.0625     176.7249    0.3947     396.1684     364.7233  6.455  4.252  762 
   54264.164600    1482.7802     159.4097    1559.6015     160.4048    0.3588     537.8673     486.3892  9.281  7.806  762 
   54264.180400    -600.0553     158.7660    -677.0016     159.5290    0.0326     528.3678     484.9028  8.323  6.929  762 
   54265.184200    -419.9138     203.2886    -380.2206     203.7016    0.1378    1381.0383    1313.0766 11.862 11.072  762 
   54265.195400    -250.9404     183.5903    -188.7745     184.1285    0.1175    1154.5275    1083.8034 11.026 11.176  762 
   54275.170700    4605.3564     323.6509    4622.8108     323.7558    0.3866     322.8712     316.6157  0.721  2.515  762 
   54275.178200    5217.8497     301.5463    5218.7757     301.6722    0.4366    -108.8739    -106.3955  0.346 -0.964  762 
   54384.470800   -1613.6681     212.3849   -1654.4821     213.0627    0.2545     103.7322      97.6615  0.178  0.672  762 
   54384.481300   -2069.6722     194.5657   -2084.1120     195.4358    0.3403     328.9963     305.3763  1.673  2.500  762 
   54385.508300     334.2628     185.9008     330.5299     186.7383    0.1427     435.9681     401.5616  3.852  4.660  762 
   54386.497100     993.3571     203.4965    1006.4173     204.1295    0.2370     489.3052     460.9408  4.934  3.388  762 
   54386.502700    -358.8320     208.2756    -301.8280     208.8663    0.0133     235.4493     222.7661  1.820  1.611  762 
   54388.451200    5787.4991     144.0606    6252.4569     145.5029    0.5808     243.5717     213.9110  4.715  4.608  762 
   54533.213700     312.7183     279.5843     347.2369     280.2768    0.0143    -442.1025    -420.2135 -1.882 -2.874  762 
   54534.352300       0.0000       4.9326       0.0000       4.9326      -nan       0.0000       0.0000  0.000  0.000  762 
   54535.298300       0.0000       3.4963       0.0000       3.4963      -nan       0.0000       0.0000 -1.035  0.000  762 
   54536.149900       0.0000       3.6723       0.0000       3.6723      -nan       0.0000       0.0000  0.000  0.000  762 
   54537.401500   -1715.4408     199.9472   -1231.6238     201.6829    0.2053     -61.7449     -54.5598 -1.420 -0.915  762 
   54538.182200       0.0000       5.3314       0.0000       5.3314      -nan       0.0000       0.0000  0.000  0.000  762 
   54538.197200       0.0000       4.3265       0.0000       4.3265      -nan       0.0000       0.0000  0.000  0.000  762 
   54590.205000    -812.9745     202.2655    -436.9236     204.0949    0.0946     -85.9094     -75.6623 -0.762 -1.186  762 
   54792.348600     681.4842     219.5562     519.7489     220.1485    0.0052    -512.6045    -481.8564 -5.664 -7.568  762 
   54792.505800    2241.6803     326.7292    2209.0035     326.8427    0.0556   -1454.7059   -1422.8080 -17.468 -13.772  762 
   54793.506900    2584.0720     336.5661    2571.0555     336.7022    0.3653   -7801.8775   -7645.9440 -54.861 -54.822  762 
   54794.486000     583.4218     243.4958     720.3411     244.9967    0.1118    -188.5966    -170.3493 -2.594 -2.381  762 
   54861.126100    3946.4359     297.1851    4014.5173     297.7283    0.6063     305.5553     291.1976  1.893  2.480  762 
   54862.262500    4693.7893     302.7345    4590.9714     303.6044    0.7369    -428.2545    -405.8876 -2.536 -2.541  762 
   54912.158000    -419.6426     310.4471    -529.1278     310.5997    0.4557   -7272.1158   -7100.7087 -55.442 -53.213  762 
   54914.125400   20621.8193     678.6007   20461.3772     678.6522    0.9304  -83835.4555  -83725.7236 -163.373 -164.508  762 
   55126.484100   -1472.0113     263.8057   -1565.8708     264.8423    0.4338    -760.9628    -707.9568 -7.639 -7.852  762 
   55126.506900   -1127.5992     257.6838   -1167.0117     258.7364    0.3592    -633.8046    -588.1192 -7.374 -6.876  762 
   55208.301900   -2489.0780     219.5381   -2606.8759     221.5100    0.5559    -120.1256    -106.6887 -2.732 -1.394  762 
   55208.332500   -1649.7503     231.1013   -1650.6876     233.2157    0.4759    -489.0587    -431.1438 -5.958 -5.437  762 
   55273.269300   -2481.5080     265.7304   -2466.7650     266.9801    0.6475   -1478.7174   -1368.0886 -11.120 -10.770  762 
   55536.296400     107.3420     241.3672      26.3329     242.7168    0.1008    -592.3439    -541.2275 -5.567 -6.085  762 
   55538.328200    -751.8936     199.9814    -952.7691     202.9078    0.2010    -349.3166    -298.2804 -6.721 -5.939  762 
   55540.341300   -1508.3644     361.2775   -1529.2791     361.8658    0.4217   -1727.0909   -1666.1611 -8.458 -8.362  762 
   55599.206500    1911.3124     345.7405    1889.4455     346.1512    0.1468   -3268.3801   -3173.6613 -15.933 -16.239  762 
   55603.163800   -1199.8336     306.1055   -1158.8923     306.7636    0.2687    -490.7338    -463.9941 -5.546 -5.305  762 
   55679.251900   -1820.1405     220.3484   -1770.2516     222.5486    0.3968    -800.4746    -703.0977 -9.865 -10.258  762 
   55889.434300   -2841.6104     274.9423   -2936.8949     276.2278    0.6765   -1411.3272   -1302.2297 -12.602 -12.175  762 
   55924.442100       0.0000       2.2899       0.0000       2.2899      -nan       0.0000       0.0000  0.000  0.000  762 
   55925.373000   -3004.0231     242.5106   -3112.5107     244.2348    0.7001    -548.2157    -493.5889 -7.385 -6.050  762 
   55926.306500   -3165.4235     202.3219   -3611.3913     205.6398    0.6399    -603.7051    -513.4274 -11.533 -9.928  762 
   55927.348900   -1979.2261     250.0180   -2145.9553     251.7094    0.5960    -888.4312    -800.3896 -9.753 -10.229  762 
   55969.114700     727.1065     294.2174     528.4606     295.0443    0.0491    -224.5666    -212.9838 -1.740 -1.609  762 
   56045.159200   -1336.3633     320.1567   -1450.9601     320.8914    0.2615    -111.3218    -105.1979  0.687 -1.052  762 
   56215.477100   -3071.7082     260.4373   -3059.6987     261.9649    0.5269     695.8265     634.1158  9.238  8.601  762 
   56217.469400   -1032.2183     474.2913   -1071.8021     474.6674    0.2647   -1103.7516   -1079.0610 -4.334 -4.934  762 
   56301.276300    -882.6152     309.1567    -828.3034     310.2224    0.0037     862.6974     811.7784  5.950  5.674  762 
   56417.155100   -1803.0042     206.0004   -1764.3132     206.1246    0.0217    1356.6616    1317.8626 23.565 23.991  762 
   56418.173700     475.5842     283.2367     482.7931     283.5225    0.0574     113.0256     108.9173  1.661  1.095  762 
