   54116.301000    6405.5817     328.7140    6340.4817     329.0530    0.3305   -3138.8509   -3085.9880 -9.395 -10.126  762 
   54127.317100    1002.0698     330.2767     868.0450     330.5165    0.0226   -1167.1635   -1141.6237 -8.040 -7.618  762 
   54127.352800    -475.5979     324.0318    -553.0598     324.2868    0.0733    -331.4896    -324.8078 -1.078 -1.958  762 
   54149.238000   -4960.6902     195.4570   -4775.7497     197.9014    0.5930     153.8518     137.0498  1.181  0.959  762 
   54149.257400     533.6997     265.9900     376.5769     266.4512    0.0254    -664.1554    -644.4423 -2.174 -2.686  762 
   54150.328600   -2540.7066     188.6941   -2530.2904     190.9307    0.3311    -488.0780    -434.3651 -3.835 -3.526  762 
   54152.336000   -1018.6865     172.7106   -1000.1770     175.8396    0.1643     -48.1389     -41.0883 -1.249 -0.427  762 
   54152.342500    -309.4504     179.8883    -472.1134     182.3422    0.1225    -477.7913    -419.5753 -3.196 -3.857  762 
   54156.154700   -2769.2441     208.1945   -3166.9548     211.1076    0.1518    1170.4500    1007.8461 21.389 22.221  762 
   54174.142000    3760.9432     159.9940    3693.3163     163.4810    0.4077       0.7970       0.6682  1.421  0.009  762 
   54174.149600    4262.6791     150.5645    4257.8227     154.9354    0.4202      -1.5850      -1.2754 -0.281 -0.021  762 
   54176.305700    5372.7724     179.0060    5621.2033     181.6139    0.5690     126.3988     110.6031  0.396  1.021  762 
   54179.173100   -1060.2881     164.7257    -922.6859     168.9369    0.0835     122.9271     100.9413  0.475  1.209  762 
   54201.219900    4249.1176     186.4259    4570.7276     188.5532    0.4294    -246.2803    -219.7876 -2.598 -1.776  762 
   54201.236400    3413.0911     222.3809    3462.3660     223.4402    0.2997    -388.8392    -367.0251 -3.575 -1.988  762 
   54201.246700    4032.2374     240.9776    4023.9412     241.7992    0.2739    -999.3863    -956.4770 -3.415 -4.459  762 
   54205.179300   -2209.6954     152.8580   -2369.9307     156.8241    0.2525     -52.1872     -42.4027 -1.693 -0.644  762 
   54210.346400    5664.6530     170.1390    5725.0863     172.8794    0.4128    -137.8036    -118.7014 -0.943 -1.326  762 
   54212.180600    2726.0978     217.9838    2842.8949     219.1273    0.2653    -474.1546    -439.6816 -5.132 -3.826  762 
   54213.208300    3621.1308     225.0012    3693.0783     226.1799    0.3587    -237.5779    -219.1019 -1.343 -2.521  762 
   54230.223600    4092.1920     168.4111    4244.6741     171.8023    0.4359     -84.8069     -71.1994 -0.294 -0.904  762 
   54231.221900    2561.1370     235.2654    2397.8312     236.2864    0.1543    -712.1884    -672.6001 -3.578 -3.804  762 
   54240.235600   -2797.0224     197.0351   -2487.0153     198.6896    0.0999    1524.4906    1378.0828 14.281 13.190  762 
   54260.157900   -2365.9921     183.3535   -2366.2345     186.1449    0.3488    -273.2744    -234.6705 -4.097 -3.293  762 
   54260.162700   -2677.3054     173.2936   -2760.8037     176.4419    0.2712     150.8498     127.9724  2.630  1.697  762 
   54260.175900   -2334.0468     160.2391   -2572.6646     164.5131    0.2866    -118.9508     -96.3660 -1.331 -1.452  762 
   54261.162600   -4294.8284     196.3436   -4066.9139     198.1683    0.4313     227.5730     204.9634  0.620  1.977  762 
   54261.174500   -4204.3511     183.4186   -4263.7497     185.9458    0.4827    -184.9978    -161.4659 -1.568 -1.750  762 
   54264.164600   -2821.3254     169.5265   -2867.9966     172.5874    0.3105    -307.3664    -259.6219 -3.870 -3.855  762 
   54264.180400   -3710.3392     166.4662   -3797.4892     168.7916    0.4082    -175.5811    -152.5919 -2.221 -2.015  762 
   54265.184200   -2536.5527     206.8684   -2682.4779     208.0100    0.3575    -580.4355    -538.4434 -4.141 -4.269  762 
   54265.195400   -1577.5551     189.9459   -1548.7001     191.3204    0.2602    -556.6389    -507.8729 -3.793 -4.786  762 
   54275.170700    2417.7468     331.3454    2474.6969     331.6104    0.1233    -976.9939    -950.6445 -7.828 -7.095  762 
   54275.178200    4769.9252     306.0334    4862.7784     306.3675    0.3548    -369.5144    -357.1473 -5.278 -3.104  762 
   54384.470800    7619.7112     206.5247    7648.3435     208.0817    0.5541    -356.8270    -326.8528 -2.500 -2.216  762 
   54384.481300    7280.8990     190.9830    7130.1244     193.0440    0.5806      -4.9677      -4.4442 -1.145 -0.036  762 
   54385.508300    5938.5451     189.7142    5845.3096     192.0545    0.5440     344.7048     302.6875  2.736  3.339  762 
   54386.497100    7221.7130     200.1433    7034.4809     201.7772    0.5107      80.3537      73.4104  0.434  0.524  762 
   54386.502700    7296.9767     203.5164    7210.6371     204.9413    0.5519     302.8207     278.4597  2.813  1.979  762 
   54388.451200    6113.6328     155.4166    6025.0164     160.3682    0.3781    -177.7821    -139.2990 -2.286 -2.873  762 
   54533.213700    5312.9541     283.4533    5354.5460     285.1375    0.5822    -307.9576    -287.6976 -1.282 -1.787  762 
   54534.352300    1434.8300     284.3476    1272.7068     285.8490    0.1589    -170.7076    -160.8610 -0.675 -0.888  762 
   54535.298300    3304.5618     232.4735    3553.0743     236.5815    0.4657     -23.4619     -20.1259  0.156 -0.193  762 
   54536.149900    3209.0568     281.5366    3354.7446     282.9610    0.3346    -312.5103    -290.5159 -2.283 -2.525  762 
   54537.401500    5398.1214     211.7746    5672.2913     217.2927    0.4837     382.4244     312.0951  3.970  4.658  762 
   54538.182200    4069.1103     411.3894    4116.0091     411.9738    0.4480    -525.8740    -511.1829 -3.279 -2.459  762 
   54538.197200    3557.5855     347.5384    3557.6952     348.5703    0.3970    -476.8419    -453.1926 -2.633 -3.021  762 
   54590.205000    6729.0072     214.0742    6801.0631     219.5249    0.5769     -57.2383     -46.9137  0.318 -0.643  762 
   54792.348600    1069.1927     226.6036     772.9377     228.4488    0.0560     -58.2933     -52.2768 -0.644 -0.795  762 
   54792.505800    3537.1144     341.2580    3482.7210     341.5768    0.1897    -554.5735    -537.0796 -4.916 -4.708  762 
   54793.506900    2332.5383     347.6354    2211.4943     347.9823    0.2637    1250.5864    1215.1370  7.438  7.900  762 
   54794.486000    2995.4014     256.4842    3208.9784     260.8251    0.3321     -74.5269     -63.4279 -0.633 -0.799  762 
   54861.126100    4205.3635     301.5373    4213.6269     303.0898    0.3862     374.0933     346.6826  2.523  2.793  762 
   54862.262500    6812.2004     293.6983    6555.1615     296.0498    0.6257    -313.7878    -287.9299 -1.288 -1.787  762 
   54912.158000   11205.7370     299.5964   11110.7422     299.9272    0.6182     545.0218     526.1761  5.157  4.054  762 
   54914.125400   53794.4370     649.3839   53652.5760     649.4439    0.7956  -26913.4537  -26870.5693 -54.301 -50.985  762 
   55126.484100   -2975.5558     263.6821   -3270.5900     266.8343    0.2465     647.7046     571.1049  6.620  6.429  762 
   55126.506900   -3418.7251     260.2433   -3738.1190     263.4390    0.3182     679.5021     598.1600  5.512  6.897  762 
   55208.301900    3717.4527     220.6504    3625.3335     226.3964    0.3676     262.8092     214.7003  2.033  2.802  762 
   55208.332500    3853.4439     235.6473    3897.6353     241.4476    0.4335     174.1042     142.3947  2.388  1.716  762 
   55273.269300    6452.6153     261.3612    6212.4433     264.5182    0.5882     582.8653     518.9369  3.248  3.899  762 
   55536.296400    3679.7063     242.6787    3314.4097     246.6358    0.2799     298.4598     256.3197  3.374  2.857  762 
   55538.328200    3529.9473     209.1562    3018.8461     217.6526    0.2416     179.6215     135.3902  4.248  2.728  762 
   55540.341300    8404.8970     349.6535    8286.3252     350.8704    0.6336     666.0438     634.1090  2.207  3.093  762 
   55599.206500    3218.2177     340.1058    3122.4987     340.9886    0.3118      69.6812      66.8998 -0.344  0.329  762 
   55603.163800    2013.6278     317.0366    2081.0646     318.9809    0.2326     138.3346     126.5481  0.461  1.345  762 
   55679.251900    3275.0047     227.6768    2930.3408     233.9686    0.3140      66.5353      53.7653  1.652  0.749  762 
   55889.434300     713.6313     270.2323     455.5759     273.9759    0.0611     -89.6405     -78.3488 -0.249 -0.742  762 
   55924.442100   -3905.4046     209.5333   -5027.0412     221.8908    0.5053     141.9721      99.2544  0.863  2.416  762 
   55925.373000   -4092.8504     244.2504   -4398.0930     249.7541    0.6586      -8.9170      -7.4175 -0.366 -0.092  762 
   55926.306500   -4339.7450     211.7391   -5530.6558     221.9375    0.5360     -79.3620     -58.5086 -1.106 -1.174  762 
   55927.348900   -4254.3249     254.0567   -4461.8641     259.5011    0.6269    -123.4625    -102.8447 -0.885 -1.319  762 
   55969.114700    2491.0419     284.4398    2510.3102     286.3827    0.3313    -250.6856    -230.2306 -2.008 -1.796  762 
   56045.159200    4849.1129     317.6748    4681.6985     319.9104    0.6076    -173.8241    -158.4399 -3.071 -1.597  762 
   56215.477100   -3385.5525     263.6516   -3358.6246     268.5298    0.2131     326.8232     277.3955  3.598  3.843  762 
   56217.469400   -5940.8991     461.6966   -5899.2216     462.5296    0.5433    -588.1057    -569.2353 -2.642 -2.592  762 
   56301.276300   -4055.0582     301.4336   -3720.8527     304.1878    0.2850     234.8494     213.4992  1.357  1.491  762 
   56417.155100    -697.3900     206.9763    -877.5318     207.4393    0.0788    -689.6044    -652.7571 -16.916 -11.922  762 
   56418.173700     744.3828     286.0256     798.6032     286.9299    0.0569    -164.5812    -155.0628 -1.155 -1.521  762 
