   54116.301000    3644.9356     368.9281    3525.8940     369.0452    0.3941   -8288.2690   -8208.7579 -28.559 -27.088  762 
   54127.317100   -1454.3759     348.2432   -1569.7797     348.3322    0.1412    3413.1917    3370.8295 22.198 21.782  762 
   54127.352800   -2134.5063     344.1188   -2221.3214     344.2101    0.1749    4526.4672    4474.8380 24.183 26.089  762 
   54149.238000    -853.7362     209.5073    -798.6202     210.1594    0.1161    1574.5775    1486.6677  9.677 10.726  762 
   54149.257400    3027.9229     283.7479    2956.7611     283.8867    0.1904    -843.7011    -829.8830 -4.412 -3.578  762 
   54150.328600       0.0000       3.9689       0.0000       3.9689      -nan       0.0000       0.0000  0.000  0.000  762 
   54152.336000       0.0000       3.4655       0.0000       3.4655      -nan       0.0000       0.0000  0.000  0.000  762 
   54152.342500       0.0000       3.7110       0.0000       3.7110      -nan       0.0000       0.0000  1.144  0.000  762 
   54156.154700     285.2314     199.7687     124.9404     200.8768    0.1185     903.6746     827.8864 16.970 18.986  762 
   54174.142000    -474.9056     163.5375    -611.1238     164.7370    0.0711    1087.5667     989.7104 15.133 13.642  762 
   54174.149600     -41.1231     150.4969    -378.9704     152.2323    0.0976    1041.4519     922.6256 15.288 15.764  762 
   54176.305700    -315.3846     190.8123    -352.4438     191.5609    0.1858    1469.3798    1374.8747 11.217 12.667  762 
   54179.173100     974.4449     169.5190     757.8943     170.8333    0.2700     655.0772     593.7867  8.385  7.129  762 
   54201.219900    1213.8550     191.5254    1255.6973     192.2441    0.4977    1184.6975    1108.3360 10.202  9.861  762 
   54201.236400      86.8242     241.2941      -6.3462     241.6179    0.1575    1126.4663    1090.7689  6.027  6.087  762 
   54201.246700      26.2199     261.5082     -38.0751     261.7858    0.0668    -423.2906    -412.0701 -1.570 -2.022  762 
   54205.179300       0.0000       2.7641       0.0000       2.7641      -nan       0.0000       0.0000  0.000  0.000  762 
   54210.346400    1334.2180     170.9269    1311.1904     171.9443    0.4104    1155.7525    1056.5516 14.427 12.847  762 
   54212.180600   -1540.9660     225.4697   -1657.1661     225.8537    0.0037    1754.7815    1682.6127 13.869 14.974  762 
   54213.208300    -500.4387     221.0857    -587.6277     221.5581    0.1327    1582.7512    1504.1321 21.295 18.699  762 
   54230.223600     198.3139     166.8066     278.7860     168.0483    0.2672    1254.2242    1132.2564 15.656 15.750  762 
   54231.221900       0.0000       4.9231       0.0000       4.9231      -nan       0.0000       0.0000  0.000  0.000  762 
   54240.235600    2504.9278     193.8468    2601.9610     194.4012    0.4816    1186.6073    1118.2800 12.674 11.910  762 
   54260.157900     789.4542     178.7750    1038.9529     179.6875    0.3181    1123.5489    1030.4910 14.185 15.539  762 
   54260.162700    1910.9527     169.0241    2308.7866     169.9479    0.4186    1016.7126     928.9413 12.995 13.473  762 
   54260.175900    -214.9573     157.2818    -292.1608     158.7532    0.1014     790.3459     704.7938 11.956 11.235  762 
   54261.162600     326.1022     194.2820     431.2474     194.8098    0.2436    1193.5772    1127.2300 12.036 11.913  762 
   54261.174500     890.9704     180.1926    1028.9410     181.0005    0.3060    1105.0529    1021.4885 12.436 12.262  762 
   54264.164600    -135.9487     162.7233    -162.3759     163.8921    0.1019     761.3504     687.6993 13.023 11.408  762 
   54264.180400   -1778.4758     162.6069   -1944.2049     163.4634    0.1397    1252.8552    1154.7446 17.531 16.890  762 
   54265.184200    -255.2861     208.7895    -203.3752     209.1585    0.2726    2222.7132    2128.3005 18.535 18.169  762 
   54265.195400    -929.0055     187.1870    -851.2811     187.6965    0.1137    1667.8934    1574.0862 16.566 16.701  762 
   54275.170700    -817.5608     323.9668    -779.8820     324.0717    0.0866    1797.4063    1763.8614 11.331 14.385  762 
   54275.178200    -678.0941     302.0034    -674.5842     302.1500    0.0428    1095.9680    1070.6001  8.431  9.983  762 
   54384.470800    1600.2513     222.0818    1538.6099     222.5848    0.2650     182.9842     174.6179  0.665  1.214  762 
   54384.481300    1317.0895     203.3270    1249.6777     204.0064    0.2814     531.4875     500.7713  3.510  4.104  762 
   54385.508300    2238.4493     191.3243    2153.7463     192.1519    0.4249     674.9579     627.2966  8.450  7.370  762 
   54386.497100    1889.6561     213.6073    1858.4955     214.0948    0.4112     872.8687     832.9180  5.909  6.134  762 
   54386.502700    1021.8336     219.2621     994.1913     219.7044    0.2690     625.0869     598.5415  3.862  4.293  762 
   54388.451200    2877.6200     148.8358    2736.6769     150.8227    0.3790     439.8076     381.6272  7.795  8.449  762 
   54533.213700    1670.5948     290.9488    1610.9315     291.4656    0.1842    -556.4404    -534.4642 -3.343 -3.729  762 
   54534.352300       0.0000       4.9508       0.0000       4.9508      -nan       0.0000       0.0000  0.000  0.000  762 
   54535.298300       0.0000       3.4358       0.0000       3.4358      -nan       0.0000       0.0000  0.000  0.000  762 
   54536.149900       0.0000       3.5942       0.0000       3.5942      -nan       0.0000       0.0000  0.000  0.000  762 
   54537.401500     967.4688     201.8761    1180.8041     203.8883    0.2136    -125.0992    -110.9502 -1.473 -1.981  762 
   54538.182200       0.0000       5.2671       0.0000       5.2671      -nan       0.0000       0.0000  0.000  0.000  762 
   54538.197200       0.0000       4.2823       0.0000       4.2823      -nan       0.0000       0.0000  0.000  0.000  762 
   54590.205000     -74.1514     206.8111      26.9209     208.9558    0.0125     -91.7855     -81.1050 -1.876 -1.332  762 
   54792.348600    2803.4306     222.6028    2700.6236     223.2064    0.2856    -657.4017    -619.6383 -11.039 -9.827  762 
   54792.505800    4717.5734     326.3357    4704.4393     326.4531    0.1055   -3309.6371   -3241.9110 -31.486 -32.200  762 
   54793.506900    3450.1495     343.9037    3400.7708     344.0259    0.5036  -13174.4490  -12941.9773 -91.554 -92.690  762 
   54794.486000    2343.9136     248.7464    2336.8858     250.3943    0.3196    -860.6835    -780.8629 -11.180 -11.272  762 
   54861.126100     460.7365     306.9265     433.7872     307.4700    0.0197    -327.6878    -313.7331 -4.165 -2.714  762 
   54862.262500      77.6190     323.7260     -29.7897     324.3764    0.5918   -3334.2401   -3195.5470 -20.393 -19.787  762 
   54912.158000    3925.9437     313.7587    3885.9507     313.8778    0.2824   -8953.4570   -8773.8814 -70.352 -66.935  762 
   54914.125400   29296.2641     737.4023   29099.2054     737.4509    0.9692 -202119.8379 -201896.5225 -393.686 -394.972  762 
   55126.484100     988.1021     272.9214     977.6018     273.8010    0.0026   -1053.1408    -990.4223 -11.561 -10.912  762 
   55126.506900    2169.8357     266.2935    2114.9062     267.2457    0.2649    -963.2981    -903.0375 -10.025 -10.491  762 
   55208.301900    1007.6913     229.1710     948.1075     230.9415    0.0132   -1096.1790    -991.2071 -13.945 -12.822  762 
   55208.332500    1967.1237     239.4977    1848.6872     241.5723    0.1534   -1323.7056   -1184.1620 -15.886 -15.095  762 
   55273.269300     224.5338     277.9983      92.9065     279.0098    0.5141   -3224.3506   -3027.4471 -24.347 -24.147  762 
   55536.296400   -1147.4225     252.0851   -1261.9083     253.4054    0.4724   -1797.0535   -1656.1375 -18.907 -18.593  762 
   55538.328200    -703.4731     207.2560    -807.2081     210.4617    0.3128    -755.6544    -646.6433 -15.857 -12.994  762 
   55540.341300    2308.0633     382.1357    2258.3088     382.5057    0.4602   -5953.9012   -5797.7405 -28.852 -29.008  762 
   55599.206500    1056.7301     362.3565     956.5218     362.6483    0.4229   -5203.2263   -5082.6177 -25.817 -26.147  762 
   55603.163800     783.5258     308.6142     771.4215     309.2991    0.1558   -1780.0656   -1688.0218 -20.926 -20.043  762 
   55679.251900   -1998.9191     228.5856   -2202.4819     231.0312    0.5637   -1571.9383   -1386.8767 -21.246 -20.471  762 
   55889.434300    -910.7286     288.0931    -968.0394     289.1323    0.5065   -2006.9914   -1880.0966 -18.025 -17.339  762 
   55924.442100       0.0000       2.3103       0.0000       2.3103      -nan       0.0000       0.0000  0.000  0.000  762 
   55925.373000     291.5702     252.9315     219.4861     254.4629    0.1937   -1158.9715   -1060.7760 -11.571 -12.787  762 
   55926.306500    -217.7377     210.2333    -601.5138     213.4383    0.2638    -771.1923    -664.6831 -13.266 -12.641  762 
   55927.348900    -401.7938     260.0068    -471.2140     261.6284    0.3597   -1125.2917   -1027.3121 -13.034 -12.974  762 
   55969.114700    -779.8349     310.9732    -924.5432     311.5841    0.3318   -1387.9251   -1331.0228 -10.108 -9.818  762 
   56045.159200     439.0008     329.7791     424.4703     330.4180    0.1955   -1604.3396   -1529.9058 -15.180 -15.178  762 
   56215.477100   -1501.4876     268.7812   -1479.4581     270.2891    0.0476    1361.4922    1251.2852 15.803 16.972  762 
   56217.469400     549.4136     496.3241     472.5850     496.5825    0.3975   -4464.7694   -4387.9510 -19.343 -19.980  762 
   56301.276300   -2177.1115     326.9812   -2183.7483     327.8054    0.1582    1575.7570    1501.0668 10.342 10.462  762 
   56417.155100     809.9223     206.2017     748.8750     206.3688    0.1912    3084.9742    2992.4483 50.600 55.155  762 
   56418.173700    -454.8401     287.3549    -488.7772     287.6579    0.0568    1062.7147    1026.2513 10.218 10.448  762 
