   54116.301000   15361.4771     401.4495   15415.1814     401.9536    0.3760  -24167.2158  -24036.9160 -89.975 -79.413  762 
   54127.317100    4780.5289     356.5693    4642.6967     356.6801    0.2581    -342.9349    -340.9728 -29.852 -2.222  762 
   54127.352800    4249.1905     355.3847    4138.8200     355.5953    0.2591     187.1380     186.2655 -28.586  1.094  762 
   54149.238000    4682.7434     224.8414    4489.6296     225.3684    0.2073   -1806.3698   -1741.6401 -26.057 -12.580  762 
   54149.257400    7506.3909     303.7167    7291.6222     304.0223    0.0068   -7471.2576   -7408.7846 -35.235 -31.920  762 
   54150.328600    3823.5508     209.2016    3772.6137     209.7202    0.3915    -241.6253    -231.5393 -19.549 -1.971  762 
   54152.336000    4367.9974     185.9388    4314.9845     186.6010    0.3508    -414.1952    -390.0369 -27.127 -4.250  762 
   54152.342500    4049.6464     197.0314    3990.8103     197.5119    0.2999    -604.6579    -577.4134 -28.735 -5.516  762 
   54156.154700    9679.3399     200.7335    9496.3783     201.4705    0.5755     172.9698     160.8609 -2.116  3.722  762 
   54174.142000    8471.8037     169.6534    8368.3974     170.3788    0.6052    -925.1941    -861.5577 -36.710 -11.934  762 
   54174.149600    8641.9647     155.1245    8557.6327     156.1200    0.6688    -488.2156    -445.1797 -18.962 -7.654  762 
   54176.305700    5329.7839     200.6119    5351.7138     201.1189    0.3719   -1078.6337   -1029.6557 -33.444 -9.563  762 
   54179.173100    5266.8281     177.9250    5168.7576     178.7678    0.3069   -1402.7541   -1301.8103 -44.211 -15.744  762 
   54201.219900     503.7853     204.7334     695.0977     205.2542    0.0028    -708.5096    -676.2523 -11.805 -5.975  762 
   54201.236400   -1342.0682     260.5885   -1401.9076     260.9937    0.4342   -2750.2733   -2701.9676 -24.432 -15.077  762 
   54201.246700    -461.7133     284.0977    -508.8236     284.5207    0.4943   -5568.6469   -5489.5274 -35.516 -26.843  762 
   54205.179300    1563.8314     156.2424    1440.2656     157.2487    0.1866       0.0000       0.0000  1.741  0.000  762 
   54210.346400    -132.1245     180.1715     264.8122     180.8489    0.0808     595.7154     556.2742  7.219  6.728  762 
   54212.180600    2068.6791     234.8962    2010.1785     235.1910    0.2175    -286.9293    -278.3562 -7.939 -2.490  762 
   54213.208300    1316.7123     227.5611    1391.2600     227.9006    0.2790     717.2142     688.4968  6.722  8.556  762 
   54230.223600   -1139.9080     175.2051    -805.4272     176.1310    0.0828     265.8494     244.5964 -3.204  3.394  762 
   54231.221900   -1904.5345     265.6266   -1796.8006     265.9428    0.3450   -1660.8136   -1627.2988 -9.666 -9.667  762 
   54240.235600     655.3649     203.5070     912.1818     203.9024    0.1235     242.6488     231.6461  4.454  2.447  762 
   54260.157900    2069.9022     185.3113    2437.4785     185.9659    0.2653     167.3148     155.8407  6.832  2.350  762 
   54260.162700    2862.4218     176.6369    3325.2471     177.3153    0.2601     103.0221      95.7192 13.548  1.383  762 
   54260.175900    1082.0231     163.8486    1169.9115     164.9293    0.2013     276.3222     251.2014  1.582  4.015  762 
   54261.162600    1348.9149     203.6523    1568.0535     204.0287    0.2031     148.8227     142.6313  8.284  1.498  762 
   54261.174500    1026.6039     189.1893    1315.5223     189.7746    0.1296      99.1448      93.1599 -0.617  1.111  762 
   54264.164600    1653.5177     168.8175    1793.3254     169.6881    0.2108     196.8689     180.7869  2.250  2.984  762 
   54264.180400    -440.5273     169.6967    -398.6087     170.3727    0.0101     307.1027     286.9034 -3.543  4.178  762 
   54265.184200    -492.2602     219.7887    -245.5134     220.0729    0.0129     421.0072     408.8021 -1.525  3.476  762 
   54265.195400   -1997.7065     196.7245   -1829.1563     197.1289    0.1130     522.4475     499.5863  4.536  5.251  762 
   54275.170700     981.1658     332.9966    1111.8375     333.0884    0.0621    -118.9702    -117.4823  1.641 -0.950  762 
   54275.178200    -632.5141     309.7696    -518.2136     309.8862    0.0099     665.0686     653.7851  5.181  6.051  762 
   54384.470800    9178.3781     237.5078    9008.1462     237.9267    0.5372   -1873.0328   -1817.4241 -12.750 -12.626  762 
   54384.481300    9913.4239     214.9656    9730.4433     215.4510    0.6577    -942.3676    -904.5102 -7.499 -7.434  762 
   54385.508300    6350.6048     200.1736    6194.1009     200.7854    0.4450    -699.2263    -659.1643 -0.858 -7.742  762 
   54386.497100    7485.4171     227.4889    7286.3488     227.9242    0.6124    -435.1357    -421.6547 -2.657 -3.109  762 
   54386.502700    7076.3146     232.4948    6846.8055     232.9080    0.6000    -368.2652    -357.8036 -1.528 -2.579  762 
   54388.451200   10506.0426     152.2460   10403.1718     153.5381    0.5297      60.7530      54.0221 20.408  1.199  762 
   54533.213700    7289.7825     310.7114    7321.7680     311.1398    0.6676    -518.3658    -506.6654 -9.444 -3.503  762 
   54534.352300       0.0000       4.9430       0.0000       4.9430      -nan       0.0000       0.0000  0.000  0.000  762 
   54535.298300     948.4333      99.8522    6109.9518     249.6372    0.6481       0.0000       0.0000 -0.816  0.000  762 
   54536.149900       0.0000       3.6230       0.0000       3.6230      -nan       0.0000       0.0000  0.000  0.000  762 
   54537.401500    7591.1059     208.7301    8082.3819     209.9918    0.6719     611.2020     557.8016  9.204  9.814  762 
   54538.182200       0.0000       5.2948       0.0000       5.2948      -nan       0.0000       0.0000  0.000  0.000  762 
   54538.197200       0.0000       4.3006       0.0000       4.3006      -nan       0.0000       0.0000  0.000  0.000  762 
   54590.205000   -1182.7302     217.7686    -887.5726     219.3995    0.1139      62.0823      55.8994 -31.794  0.907  762 
   54792.348600    8437.1902     227.0067    8134.0332     227.5059    0.5730    -317.9354    -301.4305 -8.613 -4.804  762 
   54792.505800    7899.3139     332.5615    7850.9201     332.6667    0.5034     493.0511     484.6152 -1.015  4.777  762 
   54793.506900   11726.8728     351.2078   11655.2864     351.3190    0.5313   -4040.5239   -3995.5217 -26.982 -28.568  762 
   54794.486000    5335.4108     259.1074    5259.3719     260.3756    0.6044    -136.2362    -125.6043 -5.227 -1.800  762 
   54861.126100   11199.4168     320.1565   11072.2265     320.5532    0.7621   -1153.5493   -1119.8573 -13.650 -9.650  762 
   54862.262500    7930.7548     345.3986    7856.9651     345.9941    0.5653   -3190.8636   -3110.6733 -22.021 -19.379  762 
   54912.158000   16865.8166     319.2689   16657.7074     319.3734    0.6305    3258.4876    3208.6775 37.141 24.481  762 
   54914.125400   13572.0121     803.9988   14086.1224     804.3346    0.9207 -236990.7438 -236829.6529 -442.581 -463.371  762 
   55126.484100   11495.9031     281.7503   11320.7912     282.3753    0.8404    -641.5306    -611.9386 -15.849 -6.804  762 
   55126.506900   11391.2448     274.9565   11215.8722     275.6107    0.8759    -734.3133    -698.5970 -11.557 -8.175  762 
   55208.301900    3688.9454     240.1541    3424.0941     241.5571    0.4362    -245.1540    -225.3586 -5.095 -2.947  762 
   55208.332500    3948.7932     251.6634    3702.0357     253.2568    0.3901    -490.0306    -446.6909 -3.691 -5.706  762 
   55273.269300     987.4682     297.2963     983.9723     298.0439    0.0104    -965.9813    -924.4430 -1.348 -7.354  762 
   55536.296400    5863.0920     262.6332    5588.2471     263.5632    0.5666    -771.4176    -724.3080 -1.767 -8.185  762 
   55538.328200    3168.1176     213.2291    2759.0329     215.6714    0.2718    -390.0961    -340.3504 -4.295 -6.931  762 
   55540.341300   10035.5891     410.7475    9875.1027     411.3668    0.4395   -5528.7893   -5442.9087 -20.042 -27.267  762 
   55599.206500    8394.6698     385.9643    8338.3921     386.3624    0.3750   -4316.5090   -4263.0962 -15.674 -21.886  762 
   55603.163800    4086.9673     319.6811    4039.4853     320.2252    0.4710    -290.4035    -277.8758  9.630 -3.268  762 
   55679.251900    1382.7681     236.9971    1451.0643     238.6648    0.1919     330.2934     298.5868  9.155  4.427  762 
   55889.434300   -1264.7907     304.1739   -1459.4790     305.0794    0.3943   -1295.4551   -1228.9448 -5.061 -11.453  762 
   55924.442100       0.0000       2.2804       0.0000       2.2804      -nan       0.0000       0.0000  0.000  0.000  762 
   55925.373000   -8927.6902     268.0961   -9232.8116     269.6899    0.8632     141.1724     129.6839  3.244  1.584  762 
   55926.306500   -8437.5780     221.8275   -9304.3179     224.8756    0.7751    -266.4467    -230.3060  0.981 -4.473  762 
   55927.348900   -7352.3091     273.7303   -7715.9930     275.3775    0.8235    -485.7137    -445.0349 -3.957 -5.695  762 
   55969.114700    3106.9154     327.4983    2895.6753     328.0987    0.1893    -644.3627    -624.6589  2.241 -4.667  762 
   56045.159200   -3861.6367     342.2900   -3938.6182     342.9134    0.5360    -311.8046    -298.7490 -3.971 -2.995  762 
   56215.477100   -2439.6987     281.1804   -2706.6184     282.4888    0.2539      69.3214      64.3021  2.760  0.879  762 
   56217.469400   -4582.3405     529.4907   -4714.9368     530.0004    0.6788  -12240.1725  -12121.0294 -48.429 -55.342  762 
   56301.276300   -5123.6570     353.1449   -5184.6751     353.9916    0.6777    -878.4937    -848.6518 -2.228 -5.936  762 
   56417.155100  -15767.1885     209.1768  -15927.1049     209.3815    0.5155    2085.9572    2014.4261 46.574 37.493  762 
   56418.173700  -18131.4601     299.0315  -18162.5648     299.4175    0.8654     690.2277     666.2266 17.769  6.787  762 
