   54116.301000    2968.2981     324.2293    2899.0571     324.3532    0.2961   -5795.0248   -5734.3242 -18.970 -18.667  762 
   54127.317100    1916.2630     326.4649    1889.3842     326.5365    0.0734   -1053.9267   -1041.0932 -7.892 -6.791  762 
   54127.352800    2632.5347     318.0580    2591.0308     318.1260    0.1342    -994.0560    -983.5042 -7.571 -5.841  762 
   54149.238000    -390.0816     183.9011    -362.6453     184.7915    0.1783    -618.2409    -574.3867 -3.835 -3.978  762 
   54149.257400     599.0762     262.4562     506.0696     262.6252    0.3856   -5053.3325   -4960.0357 -19.254 -20.373  762 
   54150.328600     589.4472     176.0788     558.4539     176.9252    0.1078     -27.1931     -25.2258 -0.438 -0.205  762 
   54152.336000     839.5064     162.1604     933.4400     163.1829    0.1245    -400.7229    -365.1397 -4.050 -3.613  762 
   54152.342500    1476.7710     169.7363    1584.8452     170.4903    0.2068    -473.4025    -438.8866 -4.307 -3.869  762 
   54156.154700    1683.1264     192.5103    1478.9890     193.4166    0.2537     565.5887     518.9054 12.545 11.506  762 
   54174.142000    1987.2242     147.1753    2199.4092     148.3886    0.3125    -577.5328    -517.7580 -6.103 -6.864  762 
   54174.149600    1947.0679     136.8886    2142.5921     138.4085    0.4029    -263.5223    -230.7765 -3.465 -3.728  762 
   54176.305700    2544.6347     168.2436    2743.1917     169.1151    0.3390    -913.2510    -841.1608 -7.292 -7.620  762 
   54179.173100    1710.4654     150.3872    1813.5962     151.8801    0.4424     154.2748     136.4081  2.434  1.616  762 
   54201.219900     431.7776     175.6108     438.1977     176.5241    0.1050     -25.9460     -23.9805  0.028 -0.196  762 
   54201.236400    1468.0799     214.4727    1474.1744     214.8699    0.1498    -577.7415    -556.4059 -2.677 -2.990  762 
   54201.246700     609.6057     233.5727     589.1813     233.9047    0.0040    -635.7333    -616.6783 -3.412 -2.870  762 
   54205.179300     769.8906     138.0662     796.2866     139.3146    0.1229    -311.6034    -277.0444 -4.316 -4.083  762 
   54210.346400    1069.6708     156.7678    1133.5122     157.8259    0.1437    -293.4758    -265.8936 -3.909 -3.048  762 
   54212.180600    1951.3826     210.3581    1984.1261     210.7334    0.2428    -400.0537    -382.4502 -2.377 -3.235  762 
   54213.208300    1510.5308     215.8597    1519.9604     216.2483    0.2023    -267.0719    -254.4934 -3.202 -2.895  762 
   54230.223600    2065.1539     154.8311    2053.5947     156.1073    0.3220    -709.9404    -634.8782 -7.133 -8.103  762 
   54231.221900    1735.5285     227.1396    1709.3525     227.4940    0.1390    -720.1444    -694.5510 -3.340 -3.903  762 
   54240.235600    1831.1286     184.3627    1863.9568     184.9536    0.2344    -272.9592    -256.0464 -2.516 -2.501  762 
   54260.157900    1792.6480     169.0916    1652.2963     170.1058    0.2473    -372.1725    -339.1036 -4.164 -4.776  762 
   54260.162700    1115.8010     158.2429     918.9595     159.4344    0.1311    -264.8050    -238.3004 -2.745 -3.214  762 
   54260.175900    2228.0117     143.9917    2227.1449     145.4484    0.4126    -224.0724    -197.4062 -2.859 -2.989  762 
   54261.162600     613.6598     183.6413     576.1202     184.3229    0.0514    -271.2448    -253.3682 -2.937 -2.476  762 
   54261.174500    1365.0620     168.4693    1433.7327     169.3210    0.1563    -570.6481    -524.7670 -4.384 -5.828  762 
   54264.164600    2205.5332     153.7267    2263.3561     154.7434    0.3315    -501.2701    -452.7839 -7.031 -6.877  762 
   54264.180400    3456.7571     151.8773    3549.1400     152.5933    0.5021    -411.9120    -380.4111 -3.479 -5.052  762 
   54265.184200    1706.4447     196.6354    1706.7280     196.9855    0.1495    -661.1729    -632.9723 -5.325 -5.003  762 
   54265.195400    2201.6943     177.9053    2161.4682     178.4031    0.2590    -359.3385    -339.5315 -4.043 -3.245  762 
   54275.170700    1978.0807     319.7002    1905.2934     319.8111    0.2583     958.9758     941.7832  7.947  7.221  762 
   54275.178200    1375.6750     293.0561    1402.7389     293.1837    0.3587    2010.2781    1966.1666 15.797 17.765  762 
   54384.470800     -66.9042     196.5258     -14.7067     197.1382    0.1834   -1200.7518   -1133.6992 -8.024 -7.714  762 
   54384.481300      32.2403     181.9417     -50.1313     182.7996    0.2198   -1225.4117   -1139.1830 -8.333 -9.006  762 
   54385.508300   -1287.1926     179.4635   -1308.6565     180.3637    0.3435    -617.8950    -569.0431 -6.625 -6.215  762 
   54386.497100    -503.3710     191.9320    -469.3244     192.5681    0.1205    -220.5691    -208.1467 -1.865 -1.463  762 
   54386.502700    -292.8028     196.9118    -274.6342     197.4816    0.0860    -206.1379    -195.4255 -1.898 -1.350  762 
   54388.451200    -648.2606     139.9791    -960.5222     142.0542    0.2580    -305.9961    -261.0562 -5.217 -5.489  762 
   54533.213700    5604.8263     271.4986    5543.3620     272.0469    0.7343     -26.2217     -25.1492 -1.154 -0.154  762 
   54534.352300    5111.2068     275.7238    5102.7326     276.2209    0.7664    -530.6556    -512.2097 -3.091 -2.727  762 
   54535.298300    4799.8318     214.0519    4733.0737     215.6963    0.7995    -239.8170    -216.8118 -3.208 -2.100  762 
   54536.149900    4018.9296     267.6202    3926.1520     268.1640    0.3977   -1039.9702    -991.1773 -9.551 -8.711  762 
   54537.401500    5564.1699     188.0834    5593.3067     190.2707    0.8404     137.9256     120.4269  0.781  1.909  762 
   54538.182200    4802.8756     400.8711    4770.5678     401.0685    0.5221    -446.6767    -438.8333 -1.759 -2.111  762 
   54538.197200    4579.4186     337.3840    4529.4885     337.7508    0.5497    -477.7965    -462.9172 -3.137 -3.048  762 
   54590.205000    2053.5946     195.1936    1929.6649     197.4697    0.4312     -19.8140     -17.3437 -0.492 -0.242  762 
   54792.348600   -1752.2508     214.6743   -1825.8637     215.2975    0.2589      39.6385      37.1624 -0.548  0.562  762 
   54792.505800    -682.3609     335.0562    -762.1186     335.1696    0.0346     289.9618     284.1938  6.406  2.484  762 
   54793.506900    1802.9511     350.4230    1718.1505     350.5563    0.0802    -817.4765    -802.9819 -5.353 -4.984  762 
   54794.486000   -1591.6628     238.3500   -1624.4461     240.1375    0.1939     771.3740     693.1814  7.894  8.788  762 
   54861.126100   -5118.1097     290.4898   -5203.6490     291.2135    0.6743     266.1413     252.6148  1.921  2.030  762 
   54862.262500   -2681.0588     285.1415   -2730.5284     286.0664    0.6827    -757.0960    -716.3834 -3.155 -4.322  762 
   54912.158000     599.0511     287.4645     526.4687     287.6053    0.0227    -824.1403    -804.8410 -6.746 -6.489  762 
   54914.125400    7491.9137     668.8455    7356.7613     668.8995    0.8056  -37550.4435  -37505.2352 -67.053 -69.305  762 
   55126.484100   -3845.9350     247.5129   -3902.6680     248.6610    0.6112     344.5847     318.8242  4.429  3.554  762 
   55126.506900   -4443.0848     246.2481   -4538.4295     247.4371    0.6966     507.0212     468.2322  5.845  5.276  762 
   55208.301900   -4862.3484     205.6796   -4800.2280     208.0053    0.7901      39.0346      34.2169 -1.204  0.434  762 
   55208.332500   -4742.4744     220.0984   -4877.4403     222.6843    0.7981      72.9532      63.6205 -0.249  0.758  762 
   55273.269300   -1497.6395     246.4611   -1529.7293     247.7806    0.2024     741.5990     686.1622  5.190  5.162  762 
   55536.296400   -2790.8056     227.6247   -2806.7557     229.0932    0.4905     130.9285     118.9718  0.749  1.309  762 
   55538.328200   -2345.1563     187.9168   -2631.8491     191.5741    0.4562     291.7183     241.7269  5.980  4.893  762 
   55540.341300   -3809.2792     344.2818   -3883.7821     344.8011    0.5558    -191.8423    -185.7145 -2.274 -0.887  762 
   55599.206500   -5534.2649     332.6915   -5600.4207     333.0878    0.6396    -738.7912    -718.4137 -3.473 -3.493  762 
   55603.163800   -7693.4328     300.3381   -7800.1962     301.2525    0.7793     685.6207     643.2044  6.868  7.068  762 
   55679.251900   -1632.3927     209.2851   -1714.6895     211.6927    0.3440     173.9612     151.7610  4.135  2.090  762 
   55889.434300   -1606.3806     255.2667   -1714.7354     256.6767    0.2532     588.9620     541.5157  4.031  4.985  762 
   55924.442100   -2294.7248     186.7963   -2695.1027     191.4992    0.4855       6.7240       5.3986  0.139  0.123  762 
   55925.373000   -1597.1833     226.2258   -1590.0956     228.1223    0.3675     199.3015     178.1882  2.023  2.126  762 
   55926.306500   -1422.8465     187.7335   -1536.4970     191.2629    0.3133     256.6802     213.4715  5.012  4.138  762 
   55927.348900   -1533.3381     235.6183   -1676.7746     237.5745    0.3619      71.9594      64.3598  1.308  0.798  762 
   55969.114700   -1411.1928     273.8543   -1415.5754     274.5566    0.0736    1073.0051    1018.2620  7.494  7.687  762 
   56045.159200   -5501.4965     306.6907   -5557.6502     307.5601    0.7440    -130.0000    -122.3634 -0.436 -1.206  762 
   56215.477100   -3855.6124     243.2219   -4096.3184     245.2893    0.6233     750.2427     672.7166  9.209  9.371  762 
   56217.469400   -2525.5006     451.9619   -2568.5862     452.2688    0.3777    -423.6614    -414.9352 -1.311 -1.873  762 
   56301.276300   -8334.5425     287.8067   -8475.8419     289.1476    0.9082     101.8009      94.9783  0.441  0.660  762 
   56417.155100   -2112.2236     199.0507   -2280.8597     199.2141    0.1215    -138.8118    -134.3476 -2.226 -2.473  762 
   56418.173700   -1760.0446     274.8361   -1703.3158     275.1357    0.2161    -101.4116     -97.7130 -0.251 -0.965  762 
