   54116.301000    4162.6056     340.0584    4064.1450     340.1125    0.1959   -1930.4648   -1917.7709 -5.363 -6.347  762 
   54127.317100    2378.1802     332.1113    2317.6651     332.1360    0.2730     882.9235     877.1584  5.240  5.758  762 
   54127.352800      39.2125     327.8368     -25.1323     327.8695    0.1393    1470.3635    1460.4677  8.007  8.627  762 
   54149.238000    1046.0174     185.6998    1021.6526     185.9380    0.4588    1690.2878    1631.8431 12.553 11.791  762 
   54149.257400    2548.7605     264.2175    2482.4300     264.2689    0.4270    2185.2570    2163.6935  9.648  9.343  762 
   54150.328600       1.2310       7.2296     700.2304     147.8666    0.1659       0.0000       0.0000  0.702  0.000  762 
   54152.336000       2.1458      13.4960     255.5419     152.0339    0.0818       0.0000       0.0000  2.464  0.000  762 
   54152.342500     939.0728     164.6880     847.2703     166.4935    0.1501       0.0000       0.0000  6.527  0.000  762 
   54156.154700     -44.0904     184.9629    -101.0615     185.2942    0.0771     740.5254     704.2170 10.255 16.203  762 
   54174.142000    1047.7189     142.8199     985.7789     143.2556    0.3376     765.3176     722.1659  8.886 10.020  762 
   54174.149600     710.0194     129.4359     690.8377     130.0447    0.2742     742.8670     688.9877 12.465 11.922  762 
   54176.305700     458.1678     169.6017     405.9354     169.9011    0.2313     684.3519     655.8131  4.978  6.089  762 
   54179.173100      62.7966     148.6923     -19.8416     149.2022    0.0386     189.1837     177.4002  4.045  2.148  762 
   54201.219900    1027.5927     172.4133    1056.1616     172.6566    0.3785     712.5559     685.4007  5.973  5.996  762 
   54201.236400    1155.2560     219.1789    1112.1288     219.2900    0.2778     753.0074     738.8816  2.440  4.119  762 
   54201.246700    1080.6463     238.9191    1027.1935     239.0256    0.1706     244.3445     240.3689  0.253  1.171  762 
   54205.179300       0.0000       2.7548       0.0000       2.7548      -nan       0.0000       0.0000  0.000  0.000  762 
   54210.346400   -1034.8184     154.3253   -1024.3758     154.7061    0.0011    1075.0061    1017.9165 11.985 12.145  762 
   54212.180600     371.4482     207.1451     298.3755     207.2728    0.0934     310.5154     302.9674  3.259  2.720  762 
   54213.208300     -73.9624     207.2474     -77.9323     207.3896    0.0010      86.8706      84.4485  1.201  1.046  762 
   54230.223600     300.1912     149.0210     345.9605     149.4745    0.2943     922.8027     866.3053 13.130 11.905  762 
   54231.221900       0.3095       6.0239     439.9636     130.0205    0.1068       0.0000       0.0000  1.814  0.000  762 
   54240.235600     295.1024     180.2014     311.6336     180.3916    0.1165     523.9408     506.2464  4.659  5.271  762 
   54260.157900     768.7226     162.5652     814.3717     162.8843    0.2469     646.5480     614.0708  9.141  9.204  762 
   54260.162700     750.6168     152.6746     796.7808     153.0272    0.2196     545.6909     516.2539  5.986  7.376  762 
   54260.175900     -36.7337     139.3740    -119.0008     139.9563    0.0964     677.0283     628.7876  8.525  9.977  762 
   54261.162600    1623.6504     178.7610    1675.9207     178.9043    0.3851     819.9550     795.7467  9.614  8.261  762 
   54261.174500     761.3600     164.3528     776.9385     164.6331    0.3150    1180.9149    1128.8409 13.623 13.260  762 
   54264.164600     929.1709     147.1414     952.4047     147.5198    0.2854     547.4536     516.0479  9.135  8.390  762 
   54264.180400     119.7929     146.4341      47.7937     146.7420    0.1215     643.8978     612.9164  7.817  8.854  762 
   54265.184200    1191.4990     193.5942    1163.5728     193.7065    0.2838     892.5877     871.6181  8.830  7.387  762 
   54265.195400    1530.0922     172.9556    1529.8991     173.1130    0.3544     924.6581     896.6864  9.513  9.315  762 
   54275.170700    -864.8010     317.1266    -884.3769     317.1586    0.0129    1031.2531    1021.2502  9.845  8.143  762 
   54275.178200     165.0194     294.5565     147.7565     294.5971    0.0663     581.2980     574.6655  9.653  5.234  762 
   54384.470800     127.1924     201.3787     125.0501     201.5409    0.1020     514.1463     500.1607  2.381  3.463  762 
   54384.481300     152.8920     182.5033     163.4033     182.7220    0.1288     494.3485     477.1421  3.676  3.922  762 
   54385.508300     -34.8975     173.4789     -39.3433     173.7718    0.1237     688.7332     658.5030  7.494  7.726  762 
   54386.497100     210.9611     192.8450     205.0208     193.0104    0.1857     834.9847     811.5150  4.890  5.988  762 
   54386.502700    -487.3222     197.8024    -505.2823     197.9521    0.0141     598.5499     582.9916  4.148  4.226  762 
   54388.451200    1065.7349     131.3360    1204.8132     131.9745    0.2500     347.7848     318.4930  9.989  7.011  762 
   54533.213700    1463.5223     266.1260    1487.0433     266.2824    0.2983     -35.2266     -34.4128 -1.065 -0.237  762 
   54534.352300       0.0000       4.9169       0.0000       4.9169      -nan       0.0000       0.0000  0.000  0.000  762 
   54535.298300       0.0000       3.4768       0.0000       3.4768      -nan       0.0000       0.0000  0.000  0.000  762 
   54536.149900       0.0000       3.6529       0.0000       3.6529      -nan       0.0000       0.0000  0.000  0.000  762 
   54537.401500    1302.2017     180.2887    1409.6314     180.9949    0.2592    -177.5344    -164.8167 -4.477 -2.800  762 
   54538.182200       0.0000       5.3129       0.0000       5.3129      -nan       0.0000       0.0000  0.000  0.000  762 
   54538.197200       0.0000       4.3094       0.0000       4.3094      -nan       0.0000       0.0000  0.000  0.000  762 
   54590.205000     333.5098     183.0853     434.7842     183.8292    0.1200      30.4309      28.1769 -0.961  0.448  762 
   54792.348600    -302.6616     208.3227    -340.4984     208.5260    0.0545     -61.3122     -59.1653 -0.631 -0.942  762 
   54792.505800    -977.9936     319.6500   -1007.4280     319.6904    0.1163    -561.6767    -555.2535 -8.025 -5.424  762 
   54793.506900    3615.3322     328.6648    3532.2222     328.7119    0.3645   -8595.0912   -8506.3508 -58.300 -61.045  762 
   54794.486000    1551.5762     224.4592    1553.3460     225.0321    0.2788    -365.1495    -344.3045 -3.416 -4.873  762 
   54861.126100    1359.7876     284.0793    1353.3761     284.2393    0.3335     819.3668     799.8918  7.763  6.859  762 
   54862.262500     612.6175     289.4567     588.4084     289.6840    0.2072     217.9527     212.3426  1.493  1.333  762 
   54912.158000     712.3133     303.4222     590.9858     303.4708    0.4573   -8283.0397   -8181.7054 -61.510 -61.637  762 
   54914.125400   15446.1214     674.7841   15267.0426     674.8254    0.9415  -80403.1641  -80320.6875 -157.815 -158.090  762 
   55126.484100    -746.3491     247.6200    -765.7771     247.9267    0.3330    -757.2117    -729.7469 -8.982 -8.145  762 
   55126.506900    -524.5098     240.6689    -537.3941     241.0119    0.2134    -479.8628    -461.2016 -6.274 -5.433  762 
   55208.301900     810.6600     198.7398     749.7924     199.4607    0.1411    -255.2680    -238.8737 -6.028 -3.153  762 
   55208.332500    1002.9335     210.4153     934.9479     211.2150    0.1173    -518.2782    -482.3996 -8.174 -6.157  762 
   55273.269300    1214.7591     248.4478    1141.4192     248.8095    0.1266   -1773.0815   -1706.9459 -13.583 -13.503  762 
   55536.296400    -108.6392     224.4813    -122.2235     224.9332    0.1226    -440.0967    -419.1741 -5.370 -4.755  762 
   55538.328200    -268.1485     179.7866    -335.7008     180.9895    0.1273    -317.2050    -286.6024 -8.096 -5.801  762 
   55540.341300     392.0922     348.7377     354.8504     348.8745    0.1777   -1545.1066   -1520.0180 -7.057 -7.648  762 
   55599.206500     983.1832     335.6633     961.2277     335.7523    0.2418   -2993.0900   -2953.0603 -16.642 -15.146  762 
   55603.163800     818.4417     290.5353     849.6952     290.7327    0.0984    -322.5961    -313.5763 -5.457 -3.623  762 
   55679.251900       3.5332     201.2246    -133.4804     202.1383    0.1613    -773.6786    -714.2229 -12.719 -10.562  762 
   55889.434300    -380.3050     256.7078    -428.6513     257.1027    0.3292   -1499.8567   -1440.4899 -13.977 -13.555  762 
   55924.442100       0.0000       2.2645       0.0000       2.2645      -nan       0.0000       0.0000  0.000  0.000  762 
   55925.373000    -921.4467     222.6297    -978.8708     223.2637    0.3447    -468.6329    -441.6506 -7.969 -5.455  762 
   55926.306500   -1852.5367     180.9308   -2078.2085     182.3693    0.4961    -569.4496    -512.2363 -13.063 -10.057  762 
   55927.348900   -1105.2923     231.1128   -1161.0432     231.7718    0.3740    -671.7474    -632.5107 -10.873 -8.154  762 
   55969.114700    -458.1000     280.3897    -512.3612     280.5827    0.0787      63.3358      61.7980  0.841  0.467  762 
   56045.159200    -270.7294     305.3362    -318.7048     305.5770    0.0156     228.0222     221.4171  2.074  2.225  762 
   56215.477100    -238.0780     239.7768    -263.5022     240.3132    0.0361     431.4688     409.8467  4.620  5.615  762 
   56217.469400    -598.7337     463.2666    -610.1132     463.3534    0.1374    -328.9381    -325.4578 -2.973 -1.489  762 
   56301.276300    -221.0014     291.9205    -203.4572     292.1753    0.2363    1172.8854    1140.5778  6.815  7.990  762 
   56417.155100     974.4020     199.9182     863.0082     199.9667    0.0859     890.9227     875.3416  9.404 16.200  762 
   56418.173700    -323.4148     273.6271    -366.6041     273.7272    0.0047     424.5824     416.4361  2.860  4.214  762 
