   54116.301000   10782.3763     350.2008   10554.7614     351.7147    0.5554   -3488.9574   -3355.6922 -10.964 -11.085  762 
   54127.317100   -1479.2219     352.7778   -1613.1187     353.9408    0.1007     308.8193     292.9297  2.214  1.961  762 
   54127.352800   -1454.3225     346.6058   -1653.0471     347.7244    0.0693     742.8405     708.2176  2.739  4.266  762 
   54149.238000    2487.8692     229.8823    3018.5879     239.1463    0.5680    1376.4869    1087.5329  7.980  7.752  762 
   54149.257400   10490.8970     283.0637   10210.0124     285.1965    0.7430    3318.1615    3096.4511 12.164 13.156  762 
   54150.328600    2236.3901     223.7232    2697.0390     232.4048    0.1921    -917.1229    -719.3331 -5.450 -5.961  762 
   54152.336000     282.3054     211.5349     -47.2704     222.9760    0.0075     174.3475     126.1313  1.353  1.368  762 
   54152.342500     670.8489     217.0288     221.6485     226.3330    0.0368     342.5956     260.5948  2.015  2.482  762 
   54156.154700    2699.9504     246.6985    2517.4999     257.1800    0.1972    1145.4806     852.5515 19.542 19.269  762 
   54174.142000    2654.7121     201.8568    2123.9197     213.8134    0.3057     637.1692     451.0635  5.340  6.194  762 
   54174.149600    6967.8871     193.1302    7670.5011     207.0851    0.6336     568.0802     377.7201  7.403  6.443  762 
   54176.305700     172.7907     219.3286    -539.5556     229.8079    0.0570    -162.0874    -122.3257 -0.697 -1.143  762 
   54179.173100   -1809.6825     206.4085   -2854.0804     220.6562    0.2735     226.7607     155.6938  0.930  1.888  762 
   54201.219900    3985.4662     221.3410    5478.2526     230.1680    0.5291    -478.5201    -373.8282 -3.582 -3.120  762 
   54201.236400    5117.2411     251.2035    5290.8059     256.0629    0.4710    -737.5232    -645.6418 -2.755 -3.555  762 
   54201.246700    5864.6284     267.5214    6076.2581     271.4907    0.5210    -999.9751    -899.4278 -4.513 -4.279  762 
   54205.179300    1213.9254     193.2602    2226.2428     205.9806    0.1655    -155.5028    -104.0269 -1.744 -1.667  762 
   54210.346400    -243.6106     208.8930     725.4476     219.6911    0.0483    -108.0036     -78.8931 -0.486 -0.902  762 
   54212.180600    2922.1678     250.0828    2949.7607     255.3436    0.2586    -762.5154    -641.2170 -6.782 -5.721  762 
   54213.208300    3459.3432     255.6564    4137.7972     261.1598    0.2776   -1310.1737   -1088.6300 -11.784 -13.012  762 
   54230.223600    1327.9305     208.0365    2521.4959     220.5868    0.2229     -60.1731     -42.3217 -1.405 -0.557  762 
   54231.221900    2157.5224     262.8291    2515.3109     267.5267    0.1765    -294.1946    -257.4527 -0.949 -1.490  762 
   54240.235600    2546.8151     227.8378    3885.8433     234.6382    0.2147    -840.0358    -675.5206 -7.016 -6.675  762 
   54260.157900    2458.1229     220.0254    3867.3387     230.0395    0.2880    -265.0724    -195.6373 -2.629 -2.834  762 
   54260.162700    -314.9745     211.4878     170.1190     222.5788    0.0107       5.2777       3.8053  0.073  0.052  762 
   54260.175900    1987.0198     199.5869    3094.2892     213.0157    0.1692     168.3827     114.0989  1.409  1.764  762 
   54261.162600    3188.5812     226.9303    4397.5747     233.7730    0.2858     392.9556     317.4602  1.686  3.152  762 
   54261.174500    2928.7984     217.1050    4458.3734     226.0767    0.3282      86.3320      65.7121  1.820  0.735  762 
   54264.164600    2371.1891     205.7435    3807.6328     216.3128    0.2489     -53.9127     -38.6995 -0.118 -0.596  762 
   54264.180400    2645.7461     201.1587    2561.5535     209.6737    0.1790     -51.5874     -38.7071 -1.199 -0.532  762 
   54265.184200     774.0393     233.4595     994.5251     238.4337    0.0859     125.6430     106.3145  0.345  0.870  762 
   54265.195400    3751.5805     218.2840    5151.2723     223.9925    0.2937     -93.3524     -76.3727 -1.264 -0.748  762 
   54275.170700    3221.8004     350.5163    3579.7390     352.0926    0.1606   -1392.9620   -1298.2655 -10.318 -9.908  762 
   54275.178200    2396.3214     329.0696    2756.9579     331.0396    0.1894      86.8662      79.7054 -0.898  0.700  762 
   54384.470800    3130.2997     241.2342    3579.3565     248.3288    0.4340     -31.8415     -26.2994  0.868 -0.180  762 
   54384.481300    1628.5477     227.8746    2666.1518     236.4988    0.3711     459.1554     362.3241  2.559  2.949  762 
   54385.508300    1969.6641     227.7720    3018.9681     237.2363    0.3867     581.3524     441.3614  5.745  5.021  762 
   54386.497100    2544.2025     234.6573    2526.1376     241.8378    0.3408     -77.1101     -63.2098  0.927 -0.460  762 
   54386.502700    2597.7468     237.4756    2706.2051     244.0973    0.4061     430.9921     357.5135  3.462  2.589  762 
   54388.451200    4997.6186     199.0652   10392.5666     214.0116    0.5186     515.9502     328.7847  6.629  6.978  762 
   54533.213700   11138.5752     318.0240   12641.6884     324.6875    0.7483     156.5256     134.5795  2.058  0.875  762 
   54534.352300    -342.7316     324.9437    -727.0147     331.8969    0.1247    -464.8200    -404.5572 -2.861 -2.296  762 
   54535.298300    2447.2222     285.5763    5036.2029     300.4793    0.3946    -292.9574    -213.8672 -2.000 -2.153  762 
   54536.149900    7375.8441     313.8304    9500.0354     319.7402    0.5472    -447.5407    -380.6624 -4.737 -3.484  762 
   54537.401500    4729.8989     267.8587    8074.8443     285.3489    0.4191      87.9187      59.8069  0.911  0.929  762 
   54538.182200    4288.4648     437.9983    4873.6621     440.9687    0.4642     -42.1917     -39.3316 -1.469 -0.195  762 
   54538.197200    2948.2330     381.5361    3873.0641     386.6632    0.4245    -166.4593    -147.1486 -1.178 -1.023  762 
   54590.205000    3775.6753     269.1929    7714.6773     287.1366    0.4137     305.9252     206.7682  2.271  3.010  762 
   54792.348600     675.7741     262.6089    1102.1632     270.0577    0.1177     627.7337     500.1806  7.959  7.820  762 
   54792.505800    7828.5504     356.0588    8448.6884     357.7603    0.5844    2506.8497    2315.0408 24.316 21.292  762 
   54793.506900    6547.2930     361.7781    6539.1284     363.7265    0.5702    3135.0155    2916.7406 18.396 20.117  762 
   54794.486000    4458.7886     310.6198    5791.5217     327.1492    0.5996     621.3843     447.1629  6.336  5.923  762 
   54861.126100    2804.4928     343.1619    3872.9173     350.2728    0.3838     778.1605     656.9946  5.111  5.442  762 
   54862.262500    5177.6130     339.7186    4802.4233     349.8317    0.4801     912.1354     759.4669  4.991  4.789  762 
   54912.158000    3089.5610     328.1481    2029.3923     330.2851    0.2437    2901.6417    2655.8873 20.357 20.025  762 
   54914.125400   70361.5681     651.6102   70035.7177     651.8092    0.9064  -18662.9695  -18588.2854 -35.269 -36.138  762 
   55126.484100     -10.5295     314.3398    -472.2185     326.1086    0.0220     279.5961     218.0233  1.853  2.465  762 
   55126.506900    1349.9312     310.1667    1797.2178     321.7541    0.2317     223.8852     173.8144  2.687  2.046  762 
   55208.301900    3085.5319     279.5347    2921.4189     298.9902    0.2871     664.1879     452.2262  6.541  6.013  762 
   55208.332500    4033.7363     293.7792    4554.6516     314.4703    0.4191     535.6866     362.2407  4.066  4.504  762 
   55273.269300    1099.9650     312.4440    1587.1885     325.2245    0.2729     191.8943     150.4840  1.473  1.157  762 
   55536.296400    2844.0881     294.7886    2831.2210     309.4932    0.2694     576.4898     425.4813  4.458  4.817  762 
   55538.328200    -639.7679     273.3361   -2739.9211     299.5839    0.1517     237.0191     142.9119  4.021  2.905  762 
   55540.341300    4684.4062     388.1444    4830.5980     394.1663    0.5625     698.7053     623.6661  2.388  3.104  762 
   55599.206500    2975.4936     372.5128    3269.8106     376.7360    0.2742    -504.3802    -458.6982 -1.390 -2.303  762 
   55603.163800    4086.7555     361.0608    5645.3551     369.1777    0.4648     321.9085     266.0416  4.264  2.904  762 
   55679.251900    -864.3501     285.7357   -1344.2386     307.5393    0.0993     291.7505     192.9846  2.050  2.782  762 
   55889.434300   -1340.0648     325.3476   -2109.4081     339.7312    0.2375     -67.3472     -51.4237  0.758 -0.492  762 
   55924.442100   -3355.6171     274.9487   -7991.6051     309.8888    0.3765     310.7970     168.0329  3.046  4.260  762 
   55925.373000   -2751.0798     302.5179   -4482.9580     321.3163    0.3881     172.2830     121.5666  1.980  1.528  762 
   55926.306500   -2018.5422     275.4189   -6551.1847     304.1501    0.3504    -102.3703     -60.8517 -2.607 -1.233  762 
   55927.348900   -2912.6161     312.1224   -4519.4291     331.1647    0.3760    -121.6578     -85.8371 -0.778 -1.121  762 
   55969.114700    -232.6866     332.1009   -1058.5630     340.9776    0.0764     352.7947     293.1897  1.423  2.290  762 
   56045.159200   -2930.8670     369.3771   -3691.1818     379.4031    0.4604    -113.0269     -92.2207 -1.759 -0.938  762 
   56215.477100   -1516.6617     324.3777   -1441.2320     341.0020    0.1503     100.2130      73.2838  2.275  1.014  762 
   56217.469400    3223.0573     496.1925    3302.0295     500.0525    0.2445    -929.1351    -863.3632 -4.254 -3.955  762 
   56301.276300   -1339.7279     353.8148   -1166.4559     365.2111    0.1788     280.7216     229.3922  0.683  1.610  762 
   56417.155100   -6128.1904     227.4547   -6698.9241     229.7964    0.2512     898.1648     791.5258 15.211 14.593  762 
   56418.173700   -2329.8288     318.6602   -2449.9814     323.1215    0.1362     892.3593     776.7012  8.257  7.723  762 
