   54116.301000   12632.1605     356.2826   12467.8669     356.8974    0.4606   -6898.4858   -6735.4115 -21.410 -22.253  762 
   54127.317100    3297.4807     349.5845    2946.9249     350.1215    0.2704     522.3280     504.6933  4.369  3.323  762 
   54127.352800    2284.1718     344.0507    2049.3834     344.5497    0.2631    1597.5985    1549.2966  7.004  9.194  762 
   54149.238000    -934.6964     221.3692   -1109.4598     226.1262    0.0198    1144.9459     973.1716  7.854  7.017  762 
   54149.257400    4047.1239     282.7337    4011.2026     283.6853    0.2874    -723.7314    -691.8409 -2.418 -2.965  762 
   54150.328600    -694.5499     212.4981   -1208.1099     217.1904    0.2265    -913.2591    -768.2150 -7.484 -6.513  762 
   54152.336000   -1501.6652     197.9106   -1798.4710     203.8393    0.2141     342.5054     274.2087  3.061  2.987  762 
   54152.342500   -2444.2777     205.1340   -3101.8772     209.9183    0.3235     395.1396     327.9959  4.523  3.133  762 
   54156.154700   -1710.5365     226.7394   -2286.7539     232.5893    0.1348     253.0984     203.0255  5.375  4.759  762 
   54174.142000  -10359.7575     188.5541  -10783.9079     195.4734    0.8259     698.7578     543.7524  7.362  7.567  762 
   54174.149600   -7306.8309     178.5849   -7982.8647     187.0184    0.6865     420.1026     310.4606  6.619  5.371  762 
   54176.305700   -8609.0240     208.9148   -8570.9614     214.2039    0.7079     588.2959     484.7121  5.260  4.533  762 
   54179.173100   -8345.8783     192.9972   -8728.2032     200.7142    0.7637     400.6645     306.2568  3.357  3.738  762 
   54201.219900    1846.5183     208.6113    2378.8698     213.3172    0.4759     395.7313     330.9162  3.638  2.882  762 
   54201.236400    1798.2681     246.0418    1678.2617     248.3401    0.2522     457.3521     418.4317  2.195  2.327  762 
   54201.246700     493.3865     264.1483     298.3848     266.1078    0.0549    -767.6401    -713.5609 -4.351 -3.460  762 
   54205.179300     759.9514     175.7146    -827.8944     183.2702    0.0969      41.7844      31.2783  1.474  0.515  762 
   54210.346400     942.8593     192.9431     741.4019     199.0415    0.1359      88.4259      70.0534  1.669  0.841  762 
   54212.180600    1007.8418     239.1689     507.4962     241.8096    0.0024    -590.4019    -524.5439 -3.564 -4.696  762 
   54213.208300    1350.9233     240.2660    1340.3904     243.2254    0.1339    -446.0737    -390.1181 -3.631 -4.813  762 
   54230.223600    3149.3268     190.6439    3706.5938     197.5362    0.6528     512.9138     395.6622  6.036  5.444  762 
   54231.221900    3392.6236     255.2428    3486.5162     257.4429    0.4087    -307.1090    -280.4408 -1.693 -1.654  762 
   54240.235600    6329.5011     212.1530    6756.2662     215.7914    0.7121    -108.5574     -92.5640 -0.928 -0.964  762 
   54260.157900   -1660.6689     203.3349   -1198.0639     209.0497    0.0848     305.4239     243.4541  3.746  3.662  762 
   54260.162700   -1434.3582     194.1652    -369.0994     200.1050    0.0004     474.5466     372.9988  3.987  5.352  762 
   54260.175900   -3116.2375     183.2706   -3243.0519     191.1584    0.4224     285.7693     213.6939  4.453  3.419  762 
   54261.162600   -4257.3845     213.7584   -3719.8073     217.4114    0.4211    -156.8749    -133.9526 -1.445 -1.390  762 
   54261.174500   -3946.6813     202.4826   -3310.6813     207.5817    0.3950      63.6758      51.8085 -0.995  0.611  762 
   54264.164600   -6102.6204     189.2889   -6112.2314     195.6761    0.6621      15.5500      12.0253  1.725  0.197  762 
   54264.180400   -8423.4983     186.6230   -9178.6693     191.6770    0.7287     456.9267     368.5953  4.177  5.308  762 
   54265.184200   -6328.5544     223.2345   -6068.2930     225.8238    0.5889     184.0672     163.2499  1.658  1.375  762 
   54265.195400   -7748.8430     206.0928   -7524.1842     209.4732    0.6637     705.3158     604.2298  5.038  6.240  762 
   54275.170700   -8363.9659     337.4240   -8174.1547     338.2678    0.5672     -99.4698     -94.3495  1.503 -0.753  762 
   54275.178200   -8916.7182     315.9645   -8911.3402     317.0613    0.4918     892.1370     835.8156  5.556  7.676  762 
   54384.470800    3529.6463     232.0684    3679.2803     235.5091    0.4899     315.8645     277.2380  2.282  1.923  762 
   54384.481300    2793.0858     216.9680    3062.5619     221.2785    0.4630     246.5644     209.4477  2.056  1.722  762 
   54385.508300    3827.6671     211.9562    4035.4657     216.9807    0.5560     383.1219     314.9941  4.206  3.682  762 
   54386.497100    1982.3381     225.0748    2147.6570     228.5120    0.4471    1165.6427    1018.9827  7.160  7.495  762 
   54386.502700    2192.4243     229.0736    2080.4736     232.2725    0.3803     855.5295     755.3258  5.203  5.457  762 
   54388.451200    7325.6484     177.9588    9455.1773     186.4397    0.5510     481.5150     344.3173  7.393  7.678  762 
   54533.213700    3880.7197     306.3219    4257.1942     309.8251    0.6032     655.7618     587.6422  3.506  3.975  762 
   54534.352300   -1051.0819     318.9578   -1480.5164     322.1204    0.3848    -686.9776    -628.2075 -3.881 -3.550  762 
   54535.298300     896.0584     265.1742    1400.8872     273.5812    0.1813    -604.3762    -479.4866 -5.857 -5.112  762 
   54536.149900    4010.7427     293.9206    4743.7096     297.1227    0.4738     509.1802     451.0987  4.022  4.412  762 
   54537.401500     804.2434     241.5518    2259.3083     251.8174    0.1969     -40.0844     -29.7502 -0.866 -0.511  762 
   54538.182200    2861.6850     427.2982    2962.5454     428.7600    0.2089   -1161.2327   -1105.0739 -6.269 -5.662  762 
   54538.197200     629.2155     366.2380     658.2247     368.9273    0.0842    -130.8686    -119.7775 -0.427 -0.861  762 
   54590.205000   -1960.6180     245.4180   -1139.6117     256.4465    0.1321     276.9032     203.7707  3.349  3.222  762 
   54792.348600      26.7839     245.3164    -396.5740     249.2807    0.1595    -963.8230    -818.2761 -14.116 -13.109  762 
   54792.505800    4921.2573     341.3310    4960.6455     342.2394    0.1975   -2050.6557   -1933.0047 -18.492 -18.694  762 
   54793.506900    3553.1346     353.9610    3524.7409     354.9100    0.2970   -8023.6946   -7628.6350 -54.294 -53.691  762 
   54794.486000    1589.2268     285.6858    1629.3558     295.2608    0.2614      50.5452      39.3373 -0.871  0.554  762 
   54861.126100    8184.2049     325.0197    8727.4100     328.4148    0.7448    -187.6422    -167.0438 -2.216 -1.425  762 
   54862.262500    8281.3935     330.4436    8158.8698     334.9323    0.8723    -847.2864    -753.3384 -4.776 -4.714  762 
   54912.158000   11852.7484     319.2014   11561.0798     320.1310    0.3197   -7078.3395   -6672.0138 -49.639 -51.324  762 
   54914.125400   47666.2588     690.6034   47469.7549     690.6932    0.8748  -98841.7139  -98630.9307 -192.108 -191.924  762 
   55126.484100   12227.6829     293.1667   12369.9837     298.4844    0.9158    -464.6318    -394.4085 -4.151 -4.445  762 
   55126.506900   12319.5712     288.5806   12256.8369     294.2620    0.9028    -218.2159    -183.8219 -1.343 -2.167  762 
   55208.301900    6378.6096     257.9076    6274.7072     268.1015    0.6867     175.1534     134.1464  1.163  1.776  762 
   55208.332500    5884.9370     271.1601    5612.5914     282.7363    0.5688      90.4421      67.9969 -0.024  0.868  762 
   55273.269300   -6414.1915     299.3525   -6571.1302     306.2226    0.8673   -1265.0032   -1062.1925 -8.265 -8.388  762 
   55536.296400   -6112.3345     278.8552   -6442.6604     286.8850    0.6537    -617.1777    -495.6300 -4.563 -5.645  762 
   55538.328200   -6615.8923     249.1984   -7185.9452     264.4422    0.6438    -246.9505    -168.5487 -3.366 -3.499  762 
   55540.341300   -1530.6015     385.6118   -1756.6999     388.4984    0.5463   -2693.6853   -2494.8758 -12.556 -12.463  762 
   55599.206500    6878.1709     365.4709    6824.5202     367.3919    0.4511   -2672.0614   -2508.6224 -13.019 -12.781  762 
   55603.163800    5080.6032     336.4071    5475.3116     340.7466    0.5310    -538.1828    -467.6700 -6.113 -5.420  762 
   55679.251900     -32.7704     262.4950   -1018.5053     275.1040    0.2096    -706.5696    -519.3427 -8.588 -7.711  762 
   55889.434300    3093.0295     308.0117    2978.1425     314.8527    0.4245    -970.5056    -810.5041 -7.068 -7.650  762 
   55924.442100   11404.1243     242.4837   11385.7647     260.5809    0.7877     -71.4309     -46.0033  0.222 -1.159  762 
   55925.373000    9436.9200     278.8881    8909.1320     288.0218    0.8784    -440.1664    -347.8447 -5.113 -4.316  762 
   55926.306500    8790.9188     246.5166    7516.9006     261.1994    0.7390    -239.9417    -167.1420 -4.925 -3.340  762 
   55927.348900    9481.1433     287.2672    9159.5438     296.5673    0.9009    -464.6323    -366.3096 -5.499 -4.754  762 
   55969.114700    7081.7040     320.2016    6713.7762     324.0301    0.6699      15.0767      13.4191  0.636  0.102  762 
   56045.159200   21285.0978     345.2180   21498.3671     349.1924    0.9601     525.6499     462.8969  3.976  4.691  762 
   56215.477100   12967.9094     296.2382   13306.3387     304.2742    0.9166    1238.9437    1001.3463 12.121 13.912  762 
   56217.469400   16143.4698     490.9182   16226.3276     492.4326    0.8345   -2106.5904   -2014.2899 -8.971 -9.219  762 
   56301.276300   12025.7023     337.0594   12017.0838     342.1212    0.9339    1561.2351    1371.6422  8.488  9.641  762 
   56417.155100   23426.7603     213.8467   23532.4106     214.7422    0.7152   -1133.1999   -1045.9854 -24.203 -19.770  762 
   56418.173700   22217.4169     299.5995   22272.3708     301.4462    0.9180     321.9282     294.3690  1.715  2.997  762 
