   54533.479900   -6410.2475     286.7520   -6495.2412     293.9321    0.2872    2078.8454    1690.2960 13.366 15.839  762 
   54534.493900   -1641.8373     397.5840   -1947.9574     408.0623    0.1768     472.2315     395.4714  1.448  2.527  762 
   54535.485300   -4281.4661     407.7849   -4065.9030     425.2624    0.2979    1419.5559    1069.1575 10.475  9.427  762 
   54536.506300   -7439.6040     439.6062   -7735.5071     453.1766    0.6887    1425.1039    1148.9543 10.770  9.069  762 
   54538.443200   -2439.8987     468.7878   -2916.8525     479.1611    0.1622    1008.1197     877.6633  4.545  4.616  762 
   54590.268200   -4631.8759     346.2617   -5197.1990     362.7776    0.4139     413.3990     297.8798  5.727  3.441  762 
   54591.392100     986.6467     450.6339    1232.1856     460.9401    0.1772     558.0547     477.1596  1.774  2.765  762 
   54912.368600    6660.3595     470.6503    6929.8403     479.6345    0.4665    -804.9288    -706.1762 -6.039 -3.698  762 
   55536.490900    4467.6026     421.6240    3433.4257     425.5828    0.0328   -4389.8385   -4049.5314 -18.990 -18.572  762 
   55927.511900    3985.1377     389.8639    5651.2419     415.3481    0.4443     669.4042     440.8942  8.274  5.716  762 
   56008.327800   -1832.4411     429.6522   -2589.2355     449.1388    0.3752    -515.7492    -383.1488 -2.768 -3.570  762 
   56009.317200    -891.2184     437.0370   -1451.2704     455.8010    0.2532    -980.5156    -741.3356 -6.261 -6.187  762 
   56090.357800    2477.3280     415.5139    2733.8061     426.6975    0.1679    -361.4292    -288.3440 -5.322 -3.043  762 
   56302.487100    4041.9787     443.9075    4162.5015     458.7135    0.4310     268.5074     214.8535  1.365  1.561  762 
