   54533.479900   -6128.4836     281.8476   -6500.8673     285.0531    0.2638    2495.1118    2219.3305 22.889 20.621  762 
   54534.493900   -8414.4463     410.8011   -8748.2650     414.5167    0.5095    1900.9105    1740.3138 14.024 11.009  762 
   54535.485300   -9532.8747     402.8139  -10416.8656     410.7539    0.5785    2771.4483    2365.8205 18.756 21.116  762 
   54536.506300  -11505.6262     440.0393  -11932.9728     445.5295    0.6125    3691.5014    3286.5149 20.579 25.890  762 
   54538.443200  -11482.9865     493.0595  -11775.7482     496.6251    0.5164    3904.8357    3655.0342 15.913 19.348  762 
   54590.268200   -3780.2599     331.1126   -4679.6582     340.1008    0.2398    2061.4748    1684.9434 17.951 19.865  762 
   54591.392100   -4387.3954     463.6305   -4580.1978     467.3176    0.1215    3328.3363    3075.9768 15.285 18.169  762 
   54912.368600  -11852.7706     502.3838  -12108.7278     505.6979    0.8183   -2858.0174   -2691.8562 -11.608 -13.868  762 
   55536.490900   -3782.6380     441.6232   -3331.2303     443.0717    0.2448   -3537.3719   -3403.6349 -13.769 -15.675  762 
   55927.511900   -5000.7298     373.7914   -4928.4285     389.2661    0.3910     193.7918     148.2600 -0.106  1.959  762 
   56008.327800    5618.5338     419.5651    5927.4198     428.0603    0.6089      24.1254      20.4229  0.516  0.193  762 
   56009.317200    4521.2000     432.0539    4625.7259     440.1173    0.5059    -233.9888    -200.6879 -1.795 -1.705  762 
   56090.357800   -5388.9239     402.1236   -5921.3237     408.4174    0.4237   -1194.5203   -1032.1940 -10.503 -11.210  762 
   56302.487100   -8712.9823     451.1871   -8415.4608     456.8335    0.5430     567.6502     506.3651 -5.681  3.668  762 
