   54533.479900   15924.9879     249.7827   15901.3592     253.4909    0.7292   -2696.8408   -2318.8460 -23.742 -21.784  762 
   54534.493900   12525.9200     343.8346   12461.7444     349.6809    0.8260    -810.4853    -704.4566 -6.569 -4.473  762 
   54535.485300   13102.5541     340.9812   13174.1196     351.6284    0.8898    3141.3908    2487.0810 19.845 22.402  762 
   54536.506300   13096.2732     376.5738   13755.2404     383.5337    0.8736    3890.5705    3301.0058 25.640 26.317  762 
   54538.443200   11692.0514     400.5321   11660.1882     406.6866    0.7961    3862.9198    3435.0090 19.396 18.343  762 
   54590.268200   -2034.4343     291.3226   -2773.6481     302.4461    0.3325    -371.8570    -281.7771 -3.844 -3.388  762 
   54591.392100   -3041.1015     387.4880   -3196.4382     394.2808    0.0960    2701.9021    2353.4177 13.686 14.054  762 
   54912.368600   -2739.6893     412.0619   -3283.9521     417.8127    0.4674   -1406.1225   -1261.4019 -5.561 -6.527  762 
   55536.490900    7416.0575     381.1561    6960.2970     383.3252    0.0545   -8545.3297   -8021.3478 -36.163 -36.977  762 
   55927.511900   -8067.4675     328.9035   -8962.0983     348.5773    0.7310     133.2877      91.7271  2.632  1.225  762 
   56008.327800    9861.6372     361.3677   10241.1781     372.9540    0.8293     363.4648     283.9137  1.700  2.731  762 
   56009.317200    9019.8097     369.0804    8743.6799     381.0172    0.7370    -129.3294    -102.1570 -1.578 -0.874  762 
   56090.357800  -14848.4565     365.3812  -14337.2770     372.9746    0.6563    -396.7981    -327.8148 -3.994 -3.636  762 
   56302.487100  -10315.0841     385.0302  -10543.7325     394.6592    0.5955    4241.8045    3512.1761 26.000 25.610  762 
