   54533.479900     135.9674     445.3675      93.0077     483.4232      -nan    -135.9674     -93.0077  7.735 -0.883  762 
   54534.493900    2282.5651     645.6952    1661.9897     702.6646      -nan   -2282.5651   -1661.9897 -7.740 -10.624  762 
   54535.485300    -438.2991       3.8961    -438.2991       3.8961      -nan     438.2991     438.2991  7.941  3.889  762 
   54536.506300   -1359.3908       4.0923   -1359.3908       4.0923      -nan    1359.3908    1359.3908 12.604 10.930  762 
   54538.443200    5435.7704     760.9346    4188.5107     821.9074      -nan   -5435.7704   -4188.5107 -27.433 -22.337  762 
   54590.268200   -1205.0745     564.5705    -718.6816     627.7032      -nan    1205.0745     718.6816 18.460  8.503  762 
   54591.392100    4689.4844     729.7808    3495.9448     787.8406      -nan   -4689.4844   -3495.9448 -20.581 -20.599  762 
   54912.368600    9933.5510     765.1057    7683.3402     824.3531      -nan   -9933.5510   -7683.3402 -38.945 -40.511  762 
   55536.490900   29413.4382     625.9987   24530.0491     658.0021      -nan  -29413.4382  -24530.0491 -115.502 -112.122  762 
   55927.511900     -15.9504       3.2104     -15.9504       3.2104      -nan      15.9504      15.9504 -9.522  0.206  762 
   56008.327800    1872.4763       3.7949    1872.4763       3.7949      -nan   -1872.4763   -1872.4763 -15.198 -17.771  762 
   56009.317200    4586.4083     728.1568    2923.0536     805.9481      -nan   -4586.4083   -2923.0536 -24.277 -24.389  762 
   56090.357800     329.9725     647.7595     216.7990     704.4041      -nan    -329.9725    -216.7990 -3.986 -2.343  762 
   56302.487100    1850.4579     741.9025    1254.9433     814.4345      -nan   -1850.4579   -1254.9433 -8.435 -9.173  762 
