   54533.479900   -3821.1659     197.5787   -3858.0734     198.8993    0.3209     146.3478     134.2736 -0.887  1.288  762 
   54534.493900   -4682.8723     253.5023   -4900.3550     255.3459    0.5395     264.4017     244.1708  2.291  1.583  762 
   54535.485300   -3470.2302     242.9515   -3650.1592     247.7956    0.4773    -385.2844    -330.6186 -2.900 -2.916  762 
   54536.506300   -5169.6315     284.4772   -5422.6830     287.1783    0.6045    -392.7021    -356.2620 -2.739 -2.877  762 
   54538.443200   -4852.3404     297.2437   -5097.8984     298.8360    0.5242    -172.3267    -162.1808 -0.581 -0.860  762 
   54590.268200     881.9906     209.2353     620.7242     214.3541    0.1053     166.7315     139.6374  2.833  1.623  762 
   54591.392100     346.8259     290.7576     257.8906     292.3079    0.0004    -270.9116    -253.8986 -2.929 -1.468  762 
   54912.368600    5939.0367     297.8757    6122.4443     298.9443    0.7157     794.4008     754.4651  4.128  4.038  762 
   55536.490900     690.6110     321.0394     579.8411     321.3549    0.1343    1434.5674    1400.9435  6.659  6.402  762 
   55927.511900    2826.8949     223.2507    3195.7441     233.8017    0.3990    -348.1052    -268.1243 -5.119 -3.445  762 
   56008.327800   -2305.8102     259.8781   -2629.1129     265.5443    0.4962    -145.6641    -124.0454 -1.520 -1.163  762 
   56009.317200   -1741.5074     265.1102   -1795.4658     270.0121    0.3330     -12.6838     -10.9811 -0.616 -0.091  762 
   56090.357800   16155.9486     288.5149   16194.6918     290.3756    0.6670     934.8362     859.3164 10.531  9.046  762 
   56302.487100   11155.1748     271.8763   11478.0313     274.5290    0.8718     -85.4236     -77.4462 -0.496 -0.569  762 
