   54533.479900    1627.1231     226.7464    1817.8014     229.3247    0.0068   -2155.8249   -1902.4670 -19.309 -18.117  762 
   54534.493900    1892.8040     306.3366    1859.8163     310.8332    0.2024    -381.3881    -338.1305 -3.372 -2.163  762 
   54535.485300    1915.9656     299.3676    1828.4204     307.8097    0.4329    1751.8574    1423.7593 12.150 12.793  762 
   54536.506300    1850.6035     336.4721    1976.5111     342.1751    0.6018    1851.6734    1604.4928 11.847 13.008  762 
   54538.443200     935.6936     357.0228     760.2753     361.9825    0.2784    2351.5840    2119.3363 11.712 11.398  762 
   54590.268200   -3605.2818     254.9013   -4013.8617     262.6979    0.5250    -322.5985    -253.8281 -3.067 -3.058  762 
   54591.392100   -2920.0887     345.1291   -2800.0892     349.9975    0.1859    1608.9931    1433.9569  9.671  8.559  762 
   54912.368600   -4527.3201     367.3439   -4618.9906     371.8395    0.5243      85.6489      77.6629  1.139  0.407  762 
   55536.490900    1648.6428     356.3089    1610.7949     357.7513    0.1778   -4671.2433   -4442.5296 -20.607 -20.378  762 
   55927.511900   -3701.0923     283.9466   -3886.4932     297.6086    0.5217     337.8423     243.4858  3.140  3.199  762 
   56008.327800    -161.8176     317.1320    -177.6449     326.3521    0.0117     153.5071     123.4119  0.905  1.191  762 
   56009.317200     291.1139     325.5887     343.0554     334.3157    0.0734      76.1633      62.1823  0.782  0.527  762 
   56090.357800    3562.5537     330.0996    3371.1975     334.4467    0.2918    -781.3862    -675.5328 -6.804 -7.449  762 
   56302.487100   -9734.0251     342.0274   -9708.4769     349.3369    0.7553    2047.8988    1734.2012 13.204 12.690  762 
