   54533.479900   -3879.8704     230.8061   -4068.1777     235.3458    0.5262   -3427.8186   -2889.9449 -25.820 -27.079  762 
   54534.493900   -3334.5955     300.2384   -3466.5941     307.2772    0.6071   -1542.5592   -1309.7398 -8.160 -8.353  762 
   54535.485300   -3064.1872     299.7836   -3247.6884     314.2846    0.1901    2501.7061    1873.7240 17.065 16.767  762 
   54536.506300   -6745.5338     338.9882   -7387.9012     348.5445    0.6401    2106.5958    1732.2773 13.938 13.703  762 
   54538.443200   -6161.5563     346.2487   -6364.7374     353.2628    0.3335    3256.1752    2849.1812 14.056 15.051  762 
   54590.268200    1670.3694     260.1872    1420.3859     273.8300    0.0600   -1430.9502   -1038.2281 -12.307 -12.221  762 
   54591.392100    3462.9003     336.2193    3203.8578     343.3936    0.5233    1650.9252    1422.1514 10.129  8.350  762 
   54912.368600    8199.5914     349.7718    8280.8546     355.0576    0.7319    -356.2508    -317.3895 -2.290 -1.647  762 
   55536.490900   -8432.3937     346.7246   -8389.5688     348.6168    0.7001   -7862.8208   -7392.4368 -33.691 -34.127  762 
   55927.511900     987.7621     287.3602    1702.8743     311.7386    0.2882     387.6872     247.4901  5.914  3.295  762 
   56008.327800    2757.7935     318.9684    2375.1207     334.8031    0.4323      -4.8559      -3.6129 -0.248 -0.034  762 
   56009.317200    3407.7643     321.7046    3526.0581     337.0092    0.5196     291.8196     220.6975  1.524  1.878  762 
   56090.357800   -6624.7959     337.2142   -6961.6867     345.4370    0.6934    -988.1773    -810.8952 -8.629 -8.750  762 
   56302.487100    -457.0080     331.8739    -841.0791     343.0377    0.2700    3610.5727    2915.7571 21.598 21.240  762 
