   54533.479900    4832.7026     237.4392    4958.1563     240.6139    0.2670   -1394.0467   -1223.7473 -10.937 -11.333  762 
   54534.493900   -3676.2509     320.2943   -3658.1555     326.4830    0.3240    -304.1810    -266.3862 -1.684 -1.692  762 
   54535.485300    4733.9644     314.8956    4872.1471     324.9130    0.6141     514.7880     414.0103  3.900  3.663  762 
   54536.506300    5108.9323     353.4204    4814.4698     360.5089    0.4850     368.5740     318.0561  2.121  2.485  762 
   54538.443200     903.2190     376.6199     925.6681     383.7898    0.0902     570.0069     508.3525  1.934  2.664  762 
   54590.268200    9523.5910     268.0980   10432.4148     276.4988    0.7635    -163.2857    -128.7473 -1.504 -1.485  762 
   54591.392100    1704.6077     365.7862    1270.1077     372.8099    0.1190    -222.8135    -195.5817 -0.168 -1.136  762 
   54912.368600  -11018.3499     385.0679  -11348.9051     391.5883    0.8352    -948.8672    -850.9156 -3.813 -4.404  762 
   55536.490900    -103.1623     364.9923    -660.4044     367.3973    0.0960   -1382.8479   -1300.4051 -4.790 -5.994  762 
   55927.511900      16.0108     297.0550     579.6299     312.8305    0.1151     349.5428     247.4334  3.082  3.248  762 
   56008.327800   -4316.8597     337.1956   -4942.0008     348.3694    0.6775    -293.8646    -233.0861 -1.322 -2.171  762 
   56009.317200    3029.5838     340.6139    3382.8086     351.2808    0.4779     166.0940     133.3999  0.314  1.124  762 
   56090.357800    3195.4015     346.7963    2673.0126     352.0306    0.2185    -664.3786    -570.0833 -4.564 -6.036  762 
   56302.487100   -7287.1447     357.0589   -7280.7945     366.0267    0.6266     552.9564     463.6067  3.036  3.354  762 
