   54533.479900    5404.5497     206.6889    5431.9615     212.0617    0.2855     186.6754     154.5576  2.126  1.463  762 
   54534.493900    2325.4277     255.3272    2296.5773     264.5048    0.1295     257.8322     211.3625  1.534  1.336  762 
   54535.485300    3580.0118     252.4575    4876.6581     272.4377    0.4131    -442.0803    -304.8510 -2.670 -2.747  762 
   54536.506300       0.0000       4.0689       0.0000       4.0689      -nan       0.0000       0.0000  0.000  0.000  762 
   54538.443200       0.0000       5.1453       0.0000       5.1453      -nan       0.0000       0.0000  0.000  0.000  762 
   54590.268200    5604.3940     224.8579    6712.4125     242.9506    0.4341       0.0000       0.0000  6.313  0.000  762 
   54591.392100    4503.2148     281.6326    4867.2379     291.1926    0.3255     341.2886     281.9456  1.039  1.714  762 
   54912.368600    2944.6704     292.8010    3537.8051     299.8400    0.2322     728.6917     629.2531  1.517  3.270  762 
   55536.490900    3387.1376     312.4015    3156.1441     314.3804    0.2111    2747.7382    2575.4818  9.734 11.808  762 
   55927.511900     848.2526     248.8821    2247.1869     283.8696    0.2941     206.8251     115.3356  1.535  1.520  762 
   56008.327800    1532.9228     274.3128     829.8438     298.0119    0.1908     493.6161     333.8797  3.080  3.256  762 
   56009.317200    1683.5440     275.4481    1878.4987     297.2343    0.4225     543.8211     378.5148  3.641  3.224  762 
   56090.357800   -2858.3339     307.3509   -3365.9955     318.0566    0.4385    -795.8115    -629.4534 -8.128 -7.174  762 
   56302.487100     411.4317     285.0006    1291.1615     299.7134    0.0675    -913.5659    -700.6999 -5.389 -5.120  762 
