   54533.479900   -4690.2002     236.6202   -5060.6662     239.6579    0.4708    -915.2912    -801.0371 -9.002 -7.715  762 
   54534.493900   -9479.7424     325.8846   -9772.5106     330.1324    0.7343     128.2825     114.3461  1.472  0.738  762 
   54535.485300   -8712.4285     321.1207   -9787.4142     330.0742    0.6223    3228.9868    2634.5880 23.940 23.765  762 
   54536.506300   -2602.7487     354.1586   -2981.8090     359.6351    0.0092    3347.9352    2912.3606 24.973 23.671  762 
   54538.443200    5066.5712     380.9973    4732.2215     384.7335    0.5615    3563.6484    3262.1280 19.222 17.477  762 
   54590.268200   -4649.9654     270.3664   -4931.7426     278.9975    0.5286     164.5337     129.5326  1.102  1.563  762 
   54591.392100   -9595.7343     370.0157   -9853.5206     374.4108    0.5543    4007.8057    3602.4995 22.384 21.362  762 
   54912.368600   -2401.2012     389.0162   -2603.0901     392.4213    0.2501     392.7134     361.2059  1.582  1.911  762 
   55536.490900   -3007.3454     372.5982   -3334.7077     373.8412    0.5849  -10029.2265   -9567.8261 -40.424 -44.032  762 
   55927.511900   -2987.0434     301.7326   -3368.3711     317.1771    0.4255     220.4978     159.3588  1.942  2.123  762 
   56008.327800    -208.9931     337.3317    -359.2066     346.5733    0.1415    -419.9094    -340.5738 -2.857 -3.287  762 
   56009.317200    -384.9126     346.6483    -686.5427     355.5532    0.1673    -253.7395    -208.8404 -1.578 -1.775  762 
   56090.357800    4600.1573     343.9300    5002.6100     349.1039    0.4931    -198.3540    -170.1140 -1.857 -1.872  762 
   56302.487100   -9363.2299     360.0866   -9583.2228     367.0190    0.5708    4551.1902    3899.3971 28.979 28.803  762 
