   54533.479900    5609.3644     297.5524    5317.9350     308.6274    0.3819    2780.6271    2165.6231 18.759 20.098  762 
   54534.493900    5797.6763     409.4466    5367.4561     424.6576    0.4624    2499.5512    2024.2241 13.460 12.818  762 
   54535.485300    5925.5056     423.4995    5486.4469     450.3373    0.5947    5742.5450    4066.6328 35.599 35.811  762 
   54536.506300   -4271.6222     455.4852   -5456.1962     476.2827    0.0783    5839.8679    4504.0747 36.082 35.382  762 
   54538.443200   -3864.0633     478.8855   -4475.7363     493.4213    0.0908    6899.6532    5840.4682 31.181 30.760  762 
   54590.268200   31977.2408     358.2959   34485.2834     382.2920    0.9458    1602.4153    1083.9063 11.812 12.534  762 
   54591.392100   30381.3315     456.4169   30992.4381     471.1788    0.9192    5600.6017    4638.5749 26.321 27.060  762 
   54912.368600    9912.2411     481.4431   10192.4072     493.4969    0.5815    -292.6329    -251.3273 -0.819 -1.304  762 
   55536.490900    6188.0916     428.6124    5610.5986     433.9983    0.1755  -10366.9233   -9426.4171 -43.607 -43.235  762 
   55927.511900   18793.0380     410.9761   20636.2290     449.9374    0.8590     882.6365     531.9905  7.031  6.857  762 
   56008.327800     999.6747     449.3796     965.9969     479.7419    0.1681     386.9651     268.9087  0.978  2.507  762 
   56009.317200    -859.2147     455.2480   -1208.8329     484.4189    0.1335     160.1981     114.0330  0.965  0.952  762 
   56090.357800  -18126.7486     436.3429  -18892.1732     454.9548    0.8795   -2231.3688   -1677.6739 -17.595 -17.807  762 
   56302.487100   -7174.5796     460.9125   -7767.2982     483.3508    0.1134    8387.1551    6405.5195 45.199 46.301  762 
