   54533.479900   -3803.6796     259.3056   -5371.4025     270.9236    0.3398   -2848.8023   -2214.2100 -18.090 -20.400  762 
   54534.493900   -4391.7423     341.5722   -5607.3957     356.5614    0.2847     365.4042     293.9990  1.366  1.845  762 
   54535.485300   -2686.9225     348.3221   -5286.3417     380.9257    0.1443    3950.2372    2677.0599 23.421 23.709  762 
   54536.506300   -3877.6979     383.1227   -3845.1394     404.3727    0.0451    4137.7666    3161.3144 25.038 24.792  762 
   54538.443200   -2196.1768     390.1803   -2674.8334     403.6806    0.0856    5122.1488    4306.4177 23.373 22.827  762 
   54590.268200   -3202.8774     304.1193   -6201.3833     337.1736    0.2754    -742.0710    -469.2239 -4.913 -5.513  762 
   54591.392100   -3558.3284     380.3511   -4761.2055     396.1998    0.0925    3815.6937    3103.8000 18.348 18.391  762 
   54912.368600    -274.0724     398.7055    -582.6493     409.4922    0.1214    -804.5004    -690.5316 -3.079 -3.542  762 
   55536.490900   -1298.0353     375.0333   -2126.6807     379.3825    0.5004  -10307.3587   -9437.6312 -41.763 -43.194  762 
   55927.511900   -2418.0889     342.5777   -4711.5937     400.0785    0.2673     358.9598     196.5361  3.454  2.549  762 
   56008.327800   -1606.6083     372.2098    -797.9934     408.0677    0.0926      12.9708       8.6317 -1.252  0.081  762 
   56009.317200     -14.5401     375.2176   -1127.6734     409.9286    0.1429     -63.1367     -43.2535  0.169 -0.364  762 
   56090.357800   -2389.1571     379.9950   -2269.1749     401.5795    0.1108    -590.4363    -437.3866 -6.329 -4.750  762 
   56302.487100    -539.4356     381.6171    -639.4986     405.7123    0.2841    5191.1552    3902.6276 27.891 28.055  762 
