   54533.479900   -3321.9311     238.9700   -3726.3705     243.3474    0.3348    -777.3339    -654.6438 -5.481 -6.374  762 
   54534.493900   -5015.7173     321.3505   -5074.5330     328.5147    0.5221    -269.0385    -228.2697 -1.575 -1.490  762 
   54535.485300   -5559.6244     324.4856   -6169.6335     337.2212    0.5568     320.0818     244.8322  2.439  2.197  762 
   54536.506300   -7058.5979     357.9145   -7395.9907     366.8264    0.6774     548.1438     452.5411  3.777  3.706  762 
   54538.443200   -6943.1481     375.4858   -7136.1873     382.7187    0.5548     563.8760     493.6660  1.658  2.637  762 
   54590.268200  -15450.9606     279.4119  -17085.0858     291.7354    0.8814    -207.9633    -153.6419 -1.280 -1.828  762 
   54591.392100  -16606.3252     367.6038  -17021.9148     375.1467    0.8350     -41.3310     -35.5970  0.952 -0.208  762 
   54912.368600    7503.7809     375.5020    7725.0706     381.6781    0.6537    -544.0441    -480.2515 -1.211 -2.579  762 
   55536.490900    2075.4724     363.9812    1869.9867     366.0548    0.0529   -3018.8559   -2830.3961 -14.518 -13.007  762 
   55927.511900   17726.8824     302.9291   18347.7546     321.2793    0.8062     -63.0623     -43.0504 -2.522 -0.567  762 
   56008.327800   -6430.1050     344.1932   -6788.5191     358.3888    0.6742    -332.9581    -251.8447 -2.324 -2.409  762 
   56009.317200   -6624.6773     350.1244   -7101.4887     363.6521    0.6684     157.3238     121.3685  1.456  1.021  762 
   56090.357800    2822.3117     349.5856    2417.2173     356.2011    0.1181     182.4830     152.3503  2.910  1.637  762 
   56302.487100   -1940.6281     356.2582   -1844.3132     366.4574    0.0976    1349.4675    1097.0621  8.254  8.139  762 
