   54533.479900   -2807.8891     282.3023   -2987.2995     290.0311    0.0991    1657.6814    1355.0404 13.417 12.574  762 
   54534.493900   -4328.8349     389.9358   -3994.5467     400.3617    0.2488    1684.6834    1422.9463  8.176  9.056  762 
   54535.485300    1878.2779     397.6681    2637.8080     416.3849    0.3370    1030.9262     781.5904  9.226  6.851  762 
   54536.506300    1710.8490     429.9060    2659.6345     443.6026    0.3780     663.6295     541.4597  4.328  4.244  762 
   54538.443200   -9629.7248     460.5861   -9245.8638     470.5233    0.5308    1907.2388    1672.8884  8.987  8.766  762 
   54590.268200      32.3452     339.1278    1263.9058     357.6233    0.1662     793.7275     572.3259  8.855  6.536  762 
   54591.392100    1150.9601     442.4497    1551.8068     452.6708    0.1808     365.4554     314.4020  2.081  1.815  762 
   54912.368600    1470.6751     462.0911    1526.7226     470.8444    0.0008   -1718.6761   -1518.5097 -8.614 -7.913  762 
   55536.490900   11168.7538     414.2786   10921.6513     417.8665    0.4818     469.3026     435.5739  3.324  1.996  762 
   55927.511900   -2431.3232     383.9399   -2170.8303     415.2559    0.2240      10.1851       6.5915 -1.292  0.085  762 
   56008.327800    2831.1326     420.1170    2301.5994     441.9198    0.3453     192.2589     143.3263  1.983  1.325  762 
   56009.317200   -1621.1936     427.5914   -1141.6179     448.0702    0.1481     108.4930      82.3545  1.024  0.684  762 
   56090.357800    2354.1428     410.7794    1948.2389     423.2594    0.1196    -927.3822    -739.3134 -8.775 -7.718  762 
   56302.487100    8521.2587     433.7505    8587.4723     448.8647    0.6592     229.6047     185.0643  1.997  1.336  762 
