   54533.479900   21356.5286     233.6026   21919.5988     235.9533    0.7901   -3504.1925   -3122.9354 -31.347 -28.216  762 
   54534.493900   21115.2912     314.2128   21468.3699     318.0621    0.9169    -850.9781    -768.3235 -5.674 -4.778  762 
   54535.485300   21908.0506     304.9851   22566.0998     312.6315    0.9356     -22.3621     -18.4377 -6.079 -0.163  762 
   54536.506300   23539.3160     346.4560   24070.0848     351.5770    0.9625     981.3670     863.1294  2.450  6.644  762 
   54538.443200   24097.6873     367.3032   24023.9540     371.7732    0.9019     174.6163     161.1378 -2.007  0.847  762 
   54590.268200    4974.7261     263.2173    5027.5373     271.1051    0.4994    -804.0956    -634.8368 -9.028 -7.367  762 
   54591.392100    8334.1113     354.8656    8417.5823     359.4079    0.7685     575.9787     520.6382  1.083  3.075  762 
   54912.368600    5336.8799     290.6063    9117.8994     385.1032    0.6662       0.0000       0.0000 -4.990  0.000  762 
   55536.490900    5285.7389     363.5277    5427.9638     365.1009    0.3092     151.1763     145.0314  4.357  0.667  762 
   55927.511900  -10153.9893     294.9971  -11630.1964     309.9259    0.7634      56.9048      40.5840  1.998  0.530  762 
   56008.327800   16656.6141     325.6868   17560.3855     334.1861    0.8778    -323.0518    -263.2087 -1.879 -2.460  762 
   56009.317200   17517.5339     330.7169   18430.6543     338.8852    0.8886    -186.2459    -153.6708 -1.579 -1.302  762 
   56090.357800  -24594.4326     343.7006  -25851.0605     349.1892    0.8708    -403.3352    -343.9551 -0.576 -3.708  762 
   56302.487100   -2963.7644     352.0441   -3202.4903     358.9034    0.3381     417.8484     360.6095  1.187  2.569  762 
