   54533.479900   14589.6604     216.6395   14673.7202     217.6222    0.7911   -1368.2518   -1266.3771 -12.349 -11.739  762 
   54534.493900   14260.2404     290.3337   14392.0934     291.8971    0.8970     370.3066     344.0268  1.957  2.178  762 
   54535.485300   13753.3660     276.6207   14052.4063     279.9796    0.9377    2919.3902    2556.4887 22.042 22.734  762 
   54536.506300   12817.2930     319.3708   13025.5762     321.4548    0.9496    2839.9087    2602.6958 21.363 20.428  762 
   54538.443200   11982.4266     342.1709   12026.6055     343.8000    0.8536    4427.6465    4166.7541 20.360 21.963  762 
   54590.268200   12808.3126     234.7855   13130.8407     238.2324    0.8831      95.8795      82.2091  2.593  0.960  762 
   54591.392100   12655.3794     329.8224   12794.6938     331.5352    0.9110    3604.6593    3356.4308 19.678 19.696  762 
   54912.368600    5789.6826     351.9709    5798.8962     353.3882    0.6146     304.5470     288.1544  2.111  1.485  762 
   55536.490900  -10071.8817     349.4093  -10400.9033     350.0347    0.6931   -5604.1083   -5415.9817 -27.542 -24.936  762 
   55927.511900   -4530.5446     260.1202   -4821.9042     268.2777    0.6252     348.4889     273.8343  4.110  3.602  762 
   56008.327800      25.0366     298.8565     -95.7660     303.2794    0.0039     134.0415     115.2756  1.407  1.084  762 
   56009.317200    -623.9101     305.3594    -512.3773     309.5951    0.0730     138.5641     120.1324  0.764  1.017  762 
   56090.357800    5432.4236     315.0045    5380.0625     317.0464    0.4394   -1203.8786   -1091.3582 -12.043 -11.714  762 
   56302.487100   11826.9308     316.8598   12119.9968     319.4073    0.9024    3459.5499    3134.9332 23.018 22.670  762 
