   54533.479900     252.5936     418.4454     202.2393     438.2773      -nan    -252.5936    -202.2393 -20.510 -1.840  762 
   54534.493900    3483.4662     629.0245    2847.8887     660.9156      -nan   -3483.4662   -2847.8887 -40.210 -17.759  762 
   54535.485300     317.1199     631.5851     240.0004     671.6121      -nan    -317.1199    -240.0004 -22.695 -2.123  762 
   54536.506300       0.0000     670.0216       0.0000     706.0242      -nan       0.0000       0.0000 -10.860  0.000  762 
   54538.443200    7541.5401     750.1399    6339.4901     787.7277      -nan   -7541.5401   -6339.4901 -78.025 -33.435  762 
   54590.268200       0.0000     510.0591       0.0000     543.3766      -nan       0.0000       0.0000 -1.559  0.000  762 
   54591.392100    9467.1586     706.2830    7774.4106     742.3408      -nan   -9467.1586   -7774.4106 -84.011 -45.977  762 
   54912.368600   15407.6863     759.0266   13015.5523     796.5020      -nan  -15407.6863  -13015.5523 -112.562 -66.081  762 
   55536.490900   29029.1942     614.3544   25594.5321     634.1711      -nan  -29029.1942  -25594.5321 -176.088 -117.588  762 
   55927.511900       0.0000       3.1958       0.0000       3.1958      -nan       0.0000       0.0000 -6.601  0.000  762 
   56008.327800    2754.0409     650.7629    2080.5769     691.4628      -nan   -2754.0409   -2080.5769 -31.220 -19.504  762 
   56009.317200    4492.2081     673.6441    3393.0152     715.3712      -nan   -4492.2081   -3393.0152 -44.819 -28.674  762 
   56090.357800       0.0000     586.1158       0.0000     615.6225      -nan       0.0000       0.0000 -11.928  0.000  762 
   56302.487100    5348.0841     704.8536    4177.2881     746.1929      -nan   -5348.0841   -4177.2881 -61.548 -29.873  762 
