   54533.479900   -3964.3793     250.3184   -4256.3904     253.7115    0.2636    1103.4155     968.9908 12.460  9.044  762 
   54534.493900   -2859.7322     348.8140   -2771.9100     353.4476    0.1710    1180.9243    1064.1154  7.390  6.751  762 
   54535.485300   -1445.9174     342.2084   -1794.1018     351.6897    0.2666    4965.6888    4100.9486 35.407 36.382  762 
   54536.506300   -2912.3859     378.8635   -2929.3098     384.9648    0.2101    5447.4247    4774.6542 37.910 37.769  762 
   54538.443200   -1584.2706     412.0818   -1913.7278     416.8084    0.2325    5618.0849    5183.5938 31.483 27.500  762 
   54590.268200   -9746.6424     289.0582  -10715.7940     299.1900    0.7192    1510.6064    1189.9386 14.635 13.991  762 
   54591.392100  -12268.0966     395.3009  -12281.1544     400.4979    0.6788    4516.0130    4091.4013 25.619 24.115  762 
   54912.368600   -7166.4774     421.2199   -7229.8807     425.4880    0.6137     -98.5637     -91.6116  0.131 -0.476  762 
   55536.490900  -11458.2916     391.9408  -11195.6977     393.5061    0.5998   -6309.0738   -6045.1848 -25.007 -27.724  762 
   55927.511900   15611.0867     317.3880   16852.7455     333.0090    0.9095     633.2593     467.6523  6.290  6.099  762 
   56008.327800   -3124.0288     362.3399   -2819.2598     372.3998    0.3829     152.9051     124.9201  1.648  1.179  762 
   56009.317200   -5191.5324     371.6845   -5281.6267     381.6382    0.5303     531.8646     440.6061  2.570  3.709  762 
   56090.357800   -4170.2155     361.5369   -4769.1280     367.6964    0.4404   -1798.1822   -1538.0240 -18.511 -16.661  762 
   56302.487100   -5082.7010     384.3070   -5119.2256     391.5610    0.1670    4112.9858    3568.1353 24.678 25.872  762 
