   54533.479900    8666.5103     220.9744    8528.5611     221.7121    0.4793   -1698.8181   -1608.0983 -15.056 -14.929  762 
   54534.493900    7134.5885     308.4070    7138.8954     309.3383    0.6292     -25.7028     -24.7000  0.505 -0.155  762 
   54535.485300    8476.9316     288.2869    8416.1895     290.5933    0.7832     290.7245     266.2289  2.327  2.377  762 
   54536.506300    8046.0906     330.6424    8121.0472     331.8786    0.8112     873.9966     828.0061  6.320  6.546  762 
   54538.443200    9503.7324     366.0381    9465.3303     366.9533    0.7014    1373.0159    1334.5567  6.375  7.109  762 
   54590.268200    7075.7362     238.4124    6940.7513     241.0273    0.6628     -50.0086     -44.4348 -1.530 -0.529  762 
   54591.392100    8821.1674     346.6122    8861.6625     347.5964    0.7317     648.1680     624.9305  3.178  3.727  762 
   54912.368600    -311.6939     380.5419    -267.1235     381.4693    0.0741    -362.5188    -352.6353 -2.878 -1.812  762 
   55536.490900    3529.1909     365.1680    3299.5080     365.5015    0.0042   -3429.3414   -3372.4289 -15.643 -15.474  762 
   55927.511900     254.5206     263.4739     306.3972     268.5820    0.0727     219.9285     184.8425  2.378  2.423  762 
   56008.327800   -1351.7055     306.9368   -1355.4815     309.6194    0.2716    -259.3639    -233.9536 -1.859 -2.231  762 
   56009.317200   -2048.0036     317.7430   -2192.7223     320.4714    0.3752    -227.2458    -206.6150 -0.536 -1.752  762 
   56090.357800    4564.3845     316.4069    4668.5627     317.8996    0.4468     -17.3232     -16.0698 -2.599 -0.177  762 
   56302.487100    9033.9949     334.4576    8816.0770     336.0853    0.7110     135.9732     128.0328  1.524  0.925  762 
