   54533.479900  -20414.4999     204.8681  -20807.8798     205.5173    0.8773     424.1082     399.3796  4.749  3.764  762 
   54534.493900  -19601.6599     273.1987  -19852.0953     274.0621    0.9307     685.4845     649.3693  2.202  4.150  762 
   54535.485300  -19507.7813     256.5643  -19992.9975     258.7180    0.8889    3754.8458    3390.7512 29.921 30.015  762 
   54536.506300  -19584.8964     299.5773  -20061.0397     300.8406    0.8748    3024.0316    2828.6083 23.316 22.552  762 
   54538.443200  -20228.5172     322.6746  -20506.1524     323.5081    0.7914    5328.8436    5103.2874 26.382 27.038  762 
   54590.268200  -14673.9857     215.5024  -15285.9843     217.7012    0.9069    -209.2078    -186.3916 -1.697 -2.179  762 
   54591.392100  -13810.7829     310.2689  -13999.3603     311.0623    0.7826    3786.6880    3614.9592 20.494 21.131  762 
   54912.368600  -19441.2687     329.7682  -19546.1163     330.4651    0.9488    -414.4466    -398.9042 -0.295 -2.093  762 
   55536.490900   -7538.4867     336.2864   -7568.4144     336.4290    0.7234   -9165.8642   -9022.0059 -41.373 -41.368  762 
   55927.511900   -1526.5472     225.0385   -1633.5957     228.4480    0.2048     535.8402     461.6516  5.932  5.981  762 
   56008.327800     472.4420     265.8939     492.9525     267.4464    0.1490     277.7298     254.7795  1.131  2.398  762 
   56009.317200    -421.3960     274.0497    -358.5511     275.4831    0.0609     743.6150     686.3122  6.499  5.736  762 
   56090.357800    -849.7704     293.3097   -1004.2935     294.0521    0.2364   -1506.1201   -1422.9680 -16.244 -15.200  762 
   56302.487100  -12167.6265     292.7992  -12397.5491     294.1344    0.5962    5825.6210    5435.6181 41.094 39.606  762 
