   54533.479900    2448.1101     209.1043    2124.8234     211.1993    0.0596   -1686.3957   -1514.6978 -16.002 -14.268  762 
   54534.493900    1710.5309     273.2907    1560.0085     276.0186    0.2466     383.7413     348.5860  0.711  2.217  762 
   54535.485300    3155.3645     262.8455    2824.4104     269.9601    0.6036    2316.9081    1927.4625 14.529 17.083  762 
   54536.506300    2164.6070     302.9029    2106.9692     306.9138    0.6002    2681.6541    2380.9808 15.728 19.088  762 
   54538.443200    3563.8339     315.6026    3457.2677     318.0084    0.5665    2725.0163    2525.6626 13.945 13.495  762 
   54590.268200    9991.7260     224.2118   10137.0231     231.3012    0.8752      41.6170      33.6782  1.209  0.398  762 
   54591.392100    8626.3784     306.0694    8728.6926     308.6128    0.8219    2556.0628    2346.8776 14.115 13.879  762 
   54912.368600    2110.5189     324.3264    2112.4703     326.2727    0.2839    -202.3908    -189.1433 -1.227 -0.989  762 
   55536.490900   15396.0357     332.1809   15207.8420     332.7089    0.4310   -6989.4405   -6776.3139 -32.569 -30.976  762 
   55927.511900    5393.5477     247.2889    5387.2307     261.9527    0.6357     195.8328     144.0091  1.513  1.853  762 
   56008.327800   -4864.2232     283.8127   -5334.7465     292.4216    0.7263     -94.3067     -77.1321 -0.401 -0.732  762 
   56009.317200   -4405.4791     289.5694   -4632.6011     297.2897    0.6931     323.8919     269.9304  2.739  2.255  762 
   56090.357800    5023.9779     305.6713    5336.2354     309.4312    0.4671    -661.0019    -582.8516 -5.483 -6.313  762 
   56302.487100    8382.9002     297.2838    8626.4105     301.8810    0.8577    2534.2148    2230.4815 15.660 16.211  762 
