   54533.479900   67782.9817     214.5990   68943.9849     215.8688    0.9709   -1622.8747   -1493.2373 -14.137 -13.654  762 
   54534.493900   61762.4390     287.2601   62760.6342     289.7026    0.9838    -268.5968    -247.2567 -1.185 -1.541  762 
   54535.485300   67962.4266     271.4060   70170.0783     275.7906    0.9857    1202.1111    1036.7084  8.464  9.176  762 
   54536.506300   64849.1242     315.6649   66365.1485     318.6300    0.9860    1197.5900    1083.0257  8.548  8.460  762 
   54538.443200   63828.5408     333.0576   64541.4857     336.2400    0.9877     917.1735     853.0176  6.004  4.530  762 
   54590.268200   63071.4356     231.0968   65649.3874     235.8098    0.9774    -206.9801    -173.6113 -1.855 -2.045  762 
   54591.392100   60139.7085     320.0672   60850.2578     322.7367    0.9916    1755.6732    1617.0895  7.588  9.643  762 
   54912.368600   48842.7183     347.7354   49404.4126     350.6041    0.9849     873.4192     819.6532  4.543  4.174  762 
   55536.490900   37449.9521     345.3148   37700.6927     346.3317    0.8767   -2703.8746   -2605.0255 -12.489 -11.905  762 
   55927.511900   14147.7234     269.5422   15379.8770     283.6685    0.8774     301.1082     222.4370  2.536  2.874  762 
   56008.327800   -7625.4686     311.6690   -7624.7002     321.1318    0.7912      92.3508      74.5911  0.872  0.705  762 
   56009.317200   -4563.6882     316.8051   -4709.4845     325.6540    0.6144     318.1964     261.2414  2.272  2.201  762 
   56090.357800    3455.6384     323.2581    2789.3893     328.0548    0.1570    -831.0638    -721.0791 -7.258 -7.885  762 
   56302.487100  -23788.1500     336.5484  -24063.6917     343.3327    0.9484    1575.1342    1351.9150  9.088  9.671  762 
