   54533.479900   10969.2917     227.7271   10525.6762     229.4952    0.6595       0.0000       0.0000 -2.518  0.000  762 
   54534.493900    7780.9448     316.6815    7581.6626     318.4827    0.5785       0.0000       0.0000 -37.422  0.000  762 
   54535.485300   10161.8936     305.6496    9895.6725     310.5101    0.7289       0.0000       0.0000 -8.023  0.000  762 
   54536.506300    7409.1987     343.0252    7008.5174     346.0869    0.5732     424.5400     386.6543 -20.403  3.127  762 
   54538.443200    2295.7608     379.5787    2143.4756     380.9427    0.1085       0.0000       0.0000 -51.107  0.000  762 
   54590.268200   -5009.1278     258.8546   -6204.2718     265.1954    0.5356       0.0000       0.0000  3.077  0.000  762 
   54591.392100   -9850.7839     366.4771   -9985.5294     368.4243    0.4607       0.0000       0.0000 -39.729  0.000  762 
   54912.368600    3917.1266     384.0767    4294.1994     385.0811    0.1622    -926.1607    -890.2718 -67.332 -4.715  762 
   55536.490900   10856.2235     371.3324   10832.1109     371.6823    0.1997   -4876.0374   -4774.9514 -90.912 -21.872  762 
   55927.511900   25287.3138     277.2556   25935.3604     286.2352    0.8344       0.0000       0.0000  1.610  0.000  762 
   56008.327800   -7990.4549     328.0727   -8302.6607     334.5980    0.6946    -155.8868    -133.2040 -21.564 -1.267  762 
   56009.317200   -9153.7224     338.2359   -9088.9577     343.8412    0.6822    -439.2688    -383.0262 -30.125 -3.211  762 
   56090.357800   -4034.4652     334.4647   -4549.2673     337.7953    0.1939       0.0000       0.0000 -4.801  0.000  762 
   56302.487100   20183.1617     343.0304   20537.4984     345.7882    0.8645       0.0000       0.0000 -26.688  0.000  762 
