   54533.479900   -2904.9343     210.0051   -2952.8754     210.7943    0.2416     374.4082     352.5517  4.263  3.388  762 
   54534.493900    -989.9960     286.7170   -1071.0818     287.6369    0.0554     682.9654     650.9225  3.743  4.204  762 
   54535.485300    -394.1979     271.3728    -472.6171     273.7853    0.0763    1019.7065     927.5832  8.021  8.265  762 
   54536.506300   -1137.5292     311.1594   -1126.5015     312.5862    0.0319    1023.5164     960.6589  7.781  7.784  762 
   54538.443200    -978.0307     342.3711   -1130.8961     343.2408    0.0187    1375.8740    1326.0691  7.371  7.068  762 
   54590.268200   -2215.6749     226.7677   -2414.9601     229.7478    0.3088     277.6647     245.9895  2.195  2.912  762 
   54591.392100   -2370.6213     330.5669   -2382.9612     331.4658    0.2514     299.9821     287.2922  1.198  1.684  762 
   54912.368600    3676.9540     346.0648    3616.3635     346.6877    0.4086      46.3124      44.8717  0.974  0.239  762 
   55536.490900    5184.5667     349.4843    4955.7332     349.7201    0.0277   -5543.4472   -5448.6128 -22.394 -24.933  762 
   55927.511900   -1128.1667     246.3379   -1564.8800     252.8930    0.1885     336.1984     280.4834  4.272  3.648  762 
   56008.327800      35.9315     286.9264      16.1644     289.8380    0.0380    -257.0883    -232.0153 -1.927 -2.207  762 
   56009.317200     -24.2573     296.6882     -83.0639     299.1335    0.0003      89.3420      81.6890  0.338  0.683  762 
   56090.357800    2049.4839     305.7585    2035.1022     307.1283    0.1326    -621.3143    -580.9986 -6.756 -6.244  762 
   56302.487100   -1027.1452     311.1631   -1062.4665     312.8025    0.0444    1508.9418    1410.9191  9.507 10.380  762 
