   54533.479900     861.9150     192.8966     710.7408     193.3524    0.0767      41.8772      40.9002 -1.951  0.388  762 
   54534.493900     347.0777     257.5109     230.4360     258.1441    0.1674     984.8826     956.5745  5.187  6.115  762 
   54535.485300    2336.7798     233.5807    2189.0618     235.1900    0.6236    2487.7987    2387.6489 21.232 21.109  762 
   54536.506300    2357.3505     278.8781    2255.6905     279.7384    0.5733    2504.4201    2438.5088 19.201 19.550  762 
   54538.443200    1142.7360     304.9077     863.4968     305.5267    0.3612    3346.5971    3253.0971 18.455 17.302  762 
   54590.268200     416.0302     194.9940     160.2817     196.6994    0.0029    -147.3656    -141.1478 -0.738 -1.658  762 
   54591.392100    2399.3613     294.3021    2340.1314     294.8791    0.5301    2749.5486    2678.7947 15.612 15.714  762 
   54912.368600     720.6014     312.2727     791.2195     312.6519    0.1991     663.1722     647.4375  3.943  3.416  762 
   55536.490900   -1816.3593     330.0894   -1979.1838     330.2298    0.4756   -6959.5042   -6864.0894 -32.776 -31.369  762 
   55927.511900   -1998.1784     203.2335   -2070.3105     206.0729    0.2427       7.5378       7.1159  0.588  0.091  762 
   56008.327800    -385.5995     248.4637    -405.1670     250.1042    0.0972     -42.6487     -40.9147 -0.756 -0.386  762 
   56009.317200     246.8943     258.9813     203.1134     260.4716    0.0369      -9.6103      -9.1928  0.548 -0.076  762 
   56090.357800    8275.8214     278.5868    8389.6131     279.1523    0.4002    -242.5773    -238.3795 -1.227 -2.554  762 
   56302.487100     342.9339     276.7256     434.2641     277.6870    0.4145    2411.2064    2318.3529 17.501 16.926  762 
