   54533.479900    2394.9165     217.6994    2227.5752     220.1358    0.1762    -216.4761    -207.1684 -2.074 -1.974  762 
   54534.493900    1024.4730     307.3299     913.3726     310.6688    0.1901     718.8847     688.9502  2.921  4.422  762 
   54535.485300     127.6438     285.4307     -22.1760     292.2784    0.3058    2473.2563    2302.5808 21.441 20.621  762 
   54536.506300   -1907.4184     328.5566   -1984.0567     332.7819    0.1664    3243.7433    3080.4672 25.479 24.811  762 
   54538.443200   -2031.8965     370.6542   -2487.3812     373.8858    0.1659    4496.1509    4330.1155 20.989 23.090  762 
   54590.268200     721.7161     232.2850     765.2265     239.3098    0.1435     254.8404     234.9961  1.798  2.801  762 
   54591.392100   -1103.9726     352.5341   -1020.1553     355.9341    0.2763    3224.5806    3092.5977 17.921 18.255  762 
   54912.368600    1788.3590     377.7439    1854.3362     380.3999    0.1847     -62.7154     -60.7039 -2.299 -0.319  762 
   55536.490900     451.8067     367.7867     151.2611     368.7038    0.3357   -6352.2244   -6227.2934 -30.547 -28.585  762 
   55927.511900    3749.1892     246.3775    4295.6703     257.5438    0.5441     241.6125     218.4147  2.560  2.875  762 
   56008.327800    1478.6685     298.3582    1328.4981     305.4780    0.1728    -275.5486    -256.7942 -3.161 -2.455  762 
   56009.317200    1311.1249     312.1326    1136.5332     318.9350    0.2073      73.8425      68.9742 -0.510  0.583  762 
   56090.357800   -7604.3587     317.2459   -7522.3493     321.4384    0.6367    -297.6232    -280.0309 -3.506 -3.046  762 
   56302.487100    2180.9137     332.9608    2299.4359     337.9814    0.5008    2054.4729    1938.9700 14.454 14.218  762 
