   54533.479900    4776.5565     380.2713    4177.7493     398.2296    0.1389   -1615.9275   -1238.2080 -7.460 -11.462  762 
   54534.493900    1402.4359     551.1520    1054.8489     577.9291    0.0459    -114.0961     -90.7946  2.234 -0.572  762 
   54535.485300   -4602.5374     569.3449   -6254.6445     606.9711    0.3103    1749.4476    1248.5969 14.858 11.107  762 
   54536.506300  -17785.8079     601.6177  -16279.8284     632.6711    0.5646    2871.2357    2187.7110 16.963 17.196  762 
   54538.443200   -5041.9150     650.6245   -5934.2744     679.3262    0.1745     925.0843     763.0317  2.643  4.045  762 
   54590.268200   -9180.5710     474.4976  -10078.4069     507.0753    0.5146     -37.9837     -25.8776  0.044 -0.305  762 
   54591.392100   -7295.6968     619.9074   -8435.2218     648.6540    0.3456     555.0422     445.3925  2.024  2.636  762 
   54912.368600    5196.2013     655.4892    2135.2879     682.9226    0.0080   -2743.1874   -2286.5015 -9.987 -11.767  762 
   55536.490900    2794.7975     542.6837     998.3710     556.6268    0.1781   -9639.8957   -8444.6793 -34.245 -38.897  762 
   55927.511900    9707.8092     539.2987    9452.4642     582.7171    0.6034    1092.9615     693.0242 12.750  9.104  762 
   56008.327800   -1084.0863     594.0486   -1005.7502     632.2736    0.1587   -1151.9267    -812.0824 -5.737 -7.675  762 
   56009.317200    1532.3252     607.0888     564.0688     646.8304    0.0038    -861.7333    -614.0833 -3.802 -5.202  762 
   56090.357800   -9927.2377     549.0978   -9715.2234     578.2200    0.4922   -1971.3405   -1439.4367 -19.442 -15.692  762 
   56302.487100    4683.6968     621.8190    4601.0716     658.2259    0.3481    1486.7652    1116.6581  6.555  8.078  762 
