   54533.479900   -2115.6551     219.9107   -1453.2295     225.1256    0.0246    1324.2911    1165.0781 11.049 11.275  762 
   54534.493900   -1248.4305     293.0066    -750.0612     299.7625    0.0924     114.1151     100.6186  1.805  0.656  762 
   54535.485300   -4613.7547     287.2638   -4479.5254     302.7085    0.6735   -1029.3376    -836.0034 -7.766 -7.442  762 
   54536.506300   -2292.7280     326.4394   -1814.1153     336.0768    0.4078   -1112.8263    -961.0693 -7.284 -7.803  762 
   54538.443200    -586.5371     345.3483    -351.5743     351.4074    0.2666   -2458.5988   -2224.2575 -11.078 -11.799  762 
   54590.268200    -702.5939     240.1591     489.1501     255.9182    0.1645     834.6940     674.8964  7.782  7.909  762 
   54591.392100   -4204.4479     336.3537   -3795.0917     342.9990    0.5393   -2325.8367   -2087.8453 -12.291 -12.082  762 
   54912.368600    1132.8136     347.5900    1036.3730     353.2873    0.0754   -1742.3319   -1579.5299 -10.458 -8.481  762 
   55536.490900    -942.1850     346.8867   -1068.0093     348.5855    0.2473    5318.8872    5074.5194 22.057 23.302  762 
   55927.511900    -150.2106     254.3391    -302.6363     283.4181    0.0824    -274.7588    -208.7790 -3.746 -2.731  762 
   56008.327800     809.2370     300.9355     883.4829     318.6449    0.0651    -601.2250    -490.4866 -5.461 -4.633  762 
   56009.317200     232.8833     308.4632     373.5739     324.1130    0.0086    -396.4528    -327.5841 -2.354 -2.736  762 
   56090.357800    -864.0476     319.9763    -977.9173     328.7587    0.0118    1213.8106    1074.3056 14.111 11.368  762 
   56302.487100     413.4950     320.9698     -93.0423     332.7108    0.2154   -1930.8071   -1647.3758 -13.121 -12.184  762 
