   54533.479900    -373.8519     209.2336   -1020.8110     210.7724    0.0580     270.1827     273.2009  0.889  2.532  762 
   54534.493900    1240.5926     296.5425    1387.3143     301.0159    0.1640     273.0205     274.2947  0.930  1.741  762 
   54535.485300   -1245.5255     265.2300   -1299.8805     269.9061    0.0107    1358.5621    1369.9804 11.958 12.046  762 
   54536.506300  -10615.3461     316.3758  -10107.7445     319.9428    0.5938     350.0539     355.4510 -5.444  2.781  762 
   54538.443200     895.4585     364.1891     362.1972     370.3759    0.1762    1586.8031    1581.9458  8.273  8.301  762 
   54590.268200     886.8226     213.8085     905.4193     216.7047    0.1611     299.1785     300.9724  3.309  3.450  762 
   54591.392100    6258.3997     343.1435    6331.3648     348.3439    0.6229    1340.4048    1340.1878  6.396  7.774  762 
   54912.368600    8747.1555     368.7112    9089.0975     374.0378    0.6760    -234.5165    -233.7579 -2.209 -1.215  762 
   55536.490900   11852.5593     362.2365   11350.2317     364.1734    0.3985   -3430.0108   -3430.7983 -12.611 -15.778  762 
   55927.511900    4800.8235     219.3955    5882.1922     222.8593    0.4397     229.3797     229.1874  4.263  2.955  762 
   56008.327800   -5010.1927     279.2290   -5490.0366     283.5649    0.5522     377.4681     380.6067  3.116  3.527  762 
   56009.317200   -4946.3162     292.2502   -5363.2208     296.8124    0.6195      89.6646      89.8861  0.059  0.750  762 
   56090.357800    6388.0288     298.3190    6412.0039     300.0438    0.5036    -549.9353    -555.3842 -8.227 -5.837  762 
   56302.487100    -427.7788     316.1791    -494.6590     320.7601    0.0632    1062.7261    1063.8116  7.637  7.696  762 
