   54533.479900    -315.9761     213.7640    -300.5188     217.0930    0.0667    -539.3777    -496.4450 -6.651 -4.766  762 
   54534.493900    2661.8055     290.8016    2721.6201     295.9528    0.3764     581.3033     532.1672  2.108  3.432  762 
   54535.485300     434.9340     274.4182    -132.6304     284.8311    0.3507    3244.0942    2822.9542 24.150 25.359  762 
   54536.506300      27.6338     318.1953    -394.7331     325.0701    0.3815    3307.0453    2978.9171 24.104 24.192  762 
   54538.443200    -129.1547     342.4587    -523.9798     347.5662    0.3261    4243.3680    3945.4453 20.194 21.118  762 
   54590.268200   -1554.5417     226.6496   -1935.3987     235.5108    0.3110    -496.1991    -433.0284 -3.589 -5.187  762 
   54591.392100   -1463.7101     329.4086   -1779.5617     334.7735    0.2021    3650.8798    3380.1172 19.589 19.979  762 
   54912.368600   -1741.8417     349.6892   -2056.4906     354.5200    0.2293     130.3091     121.7212  1.206  0.644  762 
   55536.490900   -2440.9327     348.9523   -2684.7821     350.2951    0.4580   -7405.1877   -7165.2624 -31.627 -32.920  762 
   55927.511900     857.7453     240.3449     825.0068     253.1346    0.2139     565.7465     474.6872  7.508  6.267  762 
   56008.327800     829.3151     290.0551     836.1972     300.0728    0.0316    -764.4797    -664.2036 -3.936 -6.382  762 
   56009.317200    -134.3290     298.5033    -431.1146     308.1386    0.1320    -256.8690    -225.9819 -1.086 -1.911  762 
   56090.357800   -1902.9647     304.7439   -1794.3787     309.1513    0.2540    -472.5871    -440.9116 -6.507 -4.809  762 
   56302.487100    2238.9737     313.4213    2361.3962     321.0902    0.6488    4445.7831    4006.7851 29.187 29.495  762 
