   54533.479900   10056.3050     292.9013    9459.0592     302.8831    0.5284    1585.7406    1292.9766  9.772 12.044  762 
   54534.493900   11431.3520     412.9450   10299.5286     427.5798    0.6118    1028.8643     858.0636  4.920  5.432  762 
   54535.485300    5493.0962     418.3243    4656.3115     442.3171    0.5858    4458.0346    3352.9581 29.410 29.738  762 
   54536.506300     201.0990     451.9036     100.7518     469.8833    0.4424    5229.9203    4211.4519 33.322 33.262  762 
   54538.443200    2450.2778     486.2775    2833.5758     500.4494    0.5651    7074.6308    6098.4263 29.437 32.285  762 
   54590.268200    3397.6780     350.4643    3372.7754     372.0927    0.3666    1437.6485    1043.9114 10.374 12.240  762 
   54591.392100    1105.4330     466.9025    1294.7251     482.2495    0.2274    3978.3319    3343.4855 19.374 19.677  762 
   54912.368600    6449.0852     491.8038    5428.9820     504.3881    0.3154   -1201.0361   -1048.9068 -5.175 -5.432  762 
   55536.490900    5816.4149     436.0827    4749.8674     441.6953    0.2787  -11475.0450  -10498.9970 -49.076 -48.146  762 
   55927.511900   -1476.0554     393.6247   -1536.3704     424.5005    0.0854     674.4832     456.6009  6.311  5.938  762 
   56008.327800   -2526.7692     441.5929   -2739.2590     467.6818    0.3174     238.6614     176.9733  2.875  1.669  762 
   56009.317200    1137.0187     451.0237     657.9610     476.1876    0.1527     597.4144     449.3021  2.769  3.777  762 
   56090.357800    4237.3604     422.9779    4754.2853     438.3377    0.1756   -2425.6613   -1933.0110 -24.612 -20.815  762 
   56302.487100   -4324.2551     462.3834   -4546.6885     482.6513    0.0618    6496.2771    5162.6195 36.016 37.371  762 
