   54533.479900    -278.6553     239.3884    -207.5444     240.3665    0.0104       0.0000       0.0000 -4.421  0.000  762 
   54534.493900   -2107.0680     348.5858   -1959.6055     350.5249    0.1379       0.0000       0.0000 -26.221  0.000  762 
   54535.485300   -3332.6923     325.7090   -3095.7735     328.4860    0.2460       0.0000       0.0000 -11.760  0.000  762 
   54536.506300    1298.9066     367.7579    1355.4706     369.7482    0.1175       0.0000       0.0000 -12.333  0.000  762 
   54538.443200     219.0597     418.9106     408.1572     421.4882    0.0224       0.0000       0.0000 -55.302  0.000  762 
   54590.268200   -5715.0130     265.4084   -5952.1079     268.8800    0.4637       0.0000       0.0000  7.034  0.000  762 
   54591.392100   -8350.3057     393.4970   -8434.5805     395.6895    0.5857       0.0000       0.0000 -45.185  0.000  762 
   54912.368600  -10120.9616     431.9444  -10264.3531     434.2291    0.6258   -2304.2777   -2259.1925 -69.643 -11.627  762 
   55536.490900   14193.0463     396.3900   13860.3966     397.4800    0.4802    -542.2358    -537.3491 -74.843 -2.467  762 
   55927.511900    3696.8480     291.7253    3633.9621     298.1578    0.4492       0.0000       0.0000 -7.645  0.000  762 
   56008.327800   -2185.6571     341.1509   -2116.3042     344.5909    0.2324       0.0000       0.0000 -15.281  0.000  762 
   56009.317200   -1203.2556     354.5592   -1267.9527     357.6767    0.2011   -1005.4797    -934.0695 -30.027 -7.920  762 
   56090.357800   -2827.0835     340.2831   -2833.2268     342.3709    0.1367       0.0000       0.0000  4.542  0.000  762 
   56302.487100   -3397.5464     376.1561   -3445.6654     378.3778    0.3984   -1890.9494   -1803.8957 -48.397 -13.041  762 
