   54533.479900   -7153.4275     237.4338   -7091.6819     242.0225    0.4696       0.0000       0.0000 -17.092  0.000  762 
   54534.493900   -6899.6653     318.6129   -7284.9669     325.2322    0.7459   -1178.3084   -1025.7164 -5.514 -6.419  762 
   54535.485300   -7915.6192     312.3067   -8398.9326     326.2912    0.7107    1473.4044    1168.3254 10.269 10.378  762 
   54536.506300   -7793.5628     353.4340   -5719.0325     361.5427    0.2584    1537.1961    1313.2262  9.867 10.163  762 
   54538.443200   -5874.0358     368.7702   -5654.6810     375.2643    0.3314    1430.6437    1274.0990  7.804  6.707  762 
   54590.268200   -2694.6485     264.9184   -2149.7121     278.8775    0.3293    -994.7561    -770.4207 -10.304 -8.992  762 
   54591.392100    1320.0769     353.9573    1276.9556     360.6069    0.3519    2053.8099    1802.5520  9.927 10.647  762 
   54912.368600      -0.0471       5.4531    -152.1413      47.8131    0.0523       0.0000       0.0000 -1.863  0.000  762 
   55536.490900   -4041.2081     358.8480   -4523.9072     360.8500    0.5443   -7277.8923   -6862.8853 -32.356 -31.652  762 
   55927.511900   -3241.1089     289.9621   -2349.1055     315.4978    0.2154     238.2543     168.2706  2.037  2.223  762 
   56008.327800   -2877.7469     330.0117   -3227.0145     345.5928    0.5581    -406.1085    -320.3382 -2.459 -3.007  762 
   56009.317200   -4345.3096     335.3833   -4593.2939     350.2987    0.6168    -104.6339     -83.0890 -0.522 -0.707  762 
   56090.357800   19145.0216     335.9473   19916.9899     343.7703    0.9105     159.7497     136.2272  0.580  1.478  762 
   56302.487100    4460.0544     347.5012    5208.2572     356.9380    0.6640    2198.6720    1854.0112 12.393 13.299  762 
