   54533.479900     595.2469     252.0797     412.2365     254.0739    0.0289    -899.5390    -803.5529 -11.076 -7.510  762 
   54534.493900   -1392.9869     355.5750   -1373.6053     359.2639    0.1829    -265.4890    -237.7908 -1.012 -1.507  762 
   54535.485300   -2138.1616     348.2899   -2540.7260     354.0156    0.0811    2212.3256    1861.5841 16.494 16.571  762 
   54536.506300   -5437.6874     384.9391   -5545.3984     389.0911    0.3282    3021.1980    2665.5861 21.159 21.192  762 
   54538.443200   -5198.2413     420.2651   -5426.7397     424.5748    0.1565    3668.2867    3335.8723 16.914 17.752  762 
   54590.268200     298.2207     288.1031     219.9803     292.9218    0.0100    -363.6760    -301.8828 -4.245 -3.567  762 
   54591.392100   -5849.1919     402.1991   -5782.3717     406.3837    0.3384    2985.2127    2681.5740 16.004 15.868  762 
   54912.368600    2346.5067     426.6536    2382.5841     430.5308    0.2320      59.5508      54.7028 -0.528  0.283  762 
   55536.490900    4147.5036     393.8967    3900.1312     395.3735    0.2673   -9811.8862   -9319.2561 -40.474 -42.752  762 
   55927.511900    4310.8057     319.5828    4416.0190     327.4330    0.5548    -228.3316    -179.2783 -1.740 -2.338  762 
   56008.327800    -707.6046     365.7790    -794.3945     371.8349    0.1363     -79.4741     -66.5191  0.088 -0.632  762 
   56009.317200   -3274.4018     377.0096   -3499.0086     383.1830    0.5041    -495.5094    -417.1358 -4.154 -3.518  762 
   56090.357800     649.6452     360.4074     825.9513     363.2855    0.1094     169.2204     149.6093  1.331  1.624  762 
   56302.487100    -733.8639     390.8761    -739.3514     395.7784    0.2313    3300.7005    2877.7912 20.539 20.858  762 
