   54533.479900   -2815.4027     209.0421   -2989.4080     210.4636    0.3949   -2272.9772   -2080.0769 -19.625 -19.834  762 
   54534.493900   -2075.7451     279.0662   -2083.6185     281.3821    0.2214     139.2870     128.2688  0.700  0.819  762 
   54535.485300    -167.7982     264.2176    -134.3444     269.0324    0.1967    1655.3502    1421.5849 13.678 12.883  762 
   54536.506300   -1770.9095     306.1308   -1692.6996     309.2198    0.0319    1670.1148    1507.3947 13.525 12.200  762 
   54538.443200   -2940.9691     324.6367   -2919.6020     327.2574    0.0219    2879.7559    2685.8461 13.578 14.468  762 
   54590.268200   -4466.4594     224.5803   -4792.8154     229.8050    0.6022    -169.3722    -140.6678 -2.615 -1.720  762 
   54591.392100   -3630.6960     313.2132   -3703.5883     315.7619    0.2827    1559.5621    1440.6781  9.351  8.671  762 
   54912.368600   -3913.2716     334.7739   -3966.9121     336.8879    0.5213    -652.7414    -614.9810 -2.392 -3.212  762 
   55536.490900    -305.7549     337.2885    -534.8418     338.0261    0.2895   -4365.5041   -4230.6057 -20.621 -19.478  762 
   55927.511900    -738.3750     244.8282    -863.7301     254.6799    0.2152    -220.0759    -169.4652 -4.131 -2.273  762 
   56008.327800    -385.3988     280.8384    -538.5818     286.7015    0.0497     315.4590     267.5827  2.712  2.607  762 
   56009.317200     340.8464     288.0330     345.9626     293.1324    0.0849     114.0504      98.3222  2.279  0.843  762 
   56090.357800    1200.1874     300.7375    1214.5557     303.3060    0.0990    -440.0500    -395.9335 -4.131 -4.463  762 
   56302.487100   -6383.5191     305.1481   -6320.4168     308.8625    0.5665    1780.4821    1591.4651 11.059 11.695  762 
