   54533.479900   -2547.3730     217.7599   -2651.2003     222.0477    0.3758   -2363.1893   -2152.3382 -19.852 -20.338  762 
   54534.493900   -5858.1132     296.9087   -6068.1971     303.1271    0.5775     124.0948     113.7534 -1.453  0.723  762 
   54535.485300   -3905.9141     278.7052   -4065.3757     291.8571    0.4786     344.6834     295.9741  2.730  2.678  762 
   54536.506300   -1150.3909     320.0434   -1118.3590     328.1585    0.0416     936.7509     848.5610  7.819  6.812  762 
   54538.443200    -591.0993     347.8688    -688.1372     354.1489    0.0113     866.4489     805.9784  2.057  4.331  762 
   54590.268200    2446.5831     230.6639    2700.1428     243.7905    0.2452    -773.7015    -652.2482 -5.661 -7.943  762 
   54591.392100    1853.0420     333.7582    2603.5204     339.8007    0.1952     563.1929     518.0330  2.096  3.118  762 
   54912.368600    -233.6776     360.0704    -494.2539     365.6657    0.1042    -291.1516    -272.8707 -2.882 -1.415  762 
   55536.490900    3505.3195     352.0896    3166.5670     354.0021    0.0165   -2964.0665   -2865.1743 -14.288 -13.203  762 
   55927.511900    2539.6340     247.5775    2304.1808     269.6909    0.3532    -134.4930    -107.4189 -0.754 -1.442  762 
   56008.327800     949.6371     291.5258     803.8327     305.8007    0.0627    -480.4046    -413.9606 -3.914 -4.018  762 
   56009.317200    2824.5637     303.1676    2971.5260     316.1605    0.4365    -237.5040    -204.8850 -2.197 -1.760  762 
   56090.357800   -9470.1878     316.3327   -9586.1974     324.1991    0.6295     323.3526     285.4348  3.995  3.217  762 
   56302.487100    4423.2805     322.8172    4632.0327     332.2192    0.5425     210.6226     187.6965 -0.500  1.373  762 
