   54533.479900   -8831.8377     276.1714   -8789.6573     278.6671    0.5099     562.6012     500.8097  5.646  4.709  762 
   54534.493900  -11009.3179     398.6328  -10856.9397     403.1949    0.6800    -289.8247    -260.6107 -1.197 -1.667  762 
   54535.485300  -13550.4259     396.6043  -13113.6249     402.9946    0.7822     210.9367     179.5305  4.212  1.578  762 
   54536.506300  -14053.3474     429.2868  -13842.6258     434.1140    0.7939     511.7021     453.8602  3.831  3.598  762 
   54538.443200  -10125.7060     479.5001  -10229.8026     484.7558    0.5735     170.2399     155.9027  0.775  0.821  762 
   54590.268200     582.5999     323.9034     438.1910     328.9431    0.0127    -641.8112    -539.0230 -5.866 -6.208  762 
   54591.392100    4427.6849     454.8970    4173.2033     460.0298    0.2869   -1427.4164   -1294.1848 -9.414 -7.488  762 
   54912.368600    4617.3862     479.7654    4322.2542     484.8120    0.3638    -842.8405    -775.6867 -4.287 -4.082  762 
   55536.490900     237.9101     431.2661    -341.4578     433.5127    0.2014   -3362.1905   -3185.4259 -15.640 -14.587  762 
   55927.511900     -34.6693     360.3491    -321.6584     367.7078    0.0303      -7.1290      -5.7146  0.917 -0.073  762 
   56008.327800    1193.3841     411.8017     779.1607     418.2248    0.0753    -297.2674    -251.9332 -2.197 -2.343  762 
   56009.317200    2121.3343     424.3261    1919.1965     430.8818    0.1724    -758.9557    -648.6262 -5.948 -5.374  762 
   56090.357800   -3205.3122     397.2106   -3019.3900     400.5131    0.2302     154.3825     136.6997  1.675  1.434  762 
   56302.487100   -5269.1094     439.7467   -5080.5045     445.5318    0.4030     878.9645     772.0027  6.776  5.617  762 
