   54533.479900   -4492.0981     228.3539   -4800.0959     230.3346    0.5155   -2689.2501   -2446.4676 -21.908 -22.075  762 
   54534.493900   -4474.3004     307.7633   -4655.5733     311.1121    0.5877   -1012.6277    -927.5475 -6.987 -5.779  762 
   54535.485300   -3779.7189     295.5410   -4007.3661     302.0963    0.5484     167.2519     142.3124  2.097  1.251  762 
   54536.506300   -4760.0371     338.3839   -4657.9018     342.2168    0.4575     938.5997     847.4785  6.235  6.526  762 
   54538.443200   -3580.2217     360.7132   -3434.8459     364.3904    0.2319    1124.8193    1047.2851  4.289  5.496  762 
   54590.268200   -4611.0520     250.8172   -4689.1003     257.3620    0.5647    -277.2968    -228.8141 -0.244 -2.629  762 
   54591.392100   -2554.1329     344.4874   -2589.2555     348.0105    0.2793     366.2776     337.0021  1.981  1.979  762 
   54912.368600   -2102.7073     371.6772   -2198.7173     375.1731    0.2948    -920.3002    -861.6089 -3.678 -4.365  762 
   55536.490900     192.6353     356.1693     -46.3769     357.2813    0.2246   -3840.2339   -3705.7804 -16.079 -17.014  762 
   55927.511900    -473.3175     274.0660    -333.8473     286.1498    0.0375     154.5877     117.6491  2.785  1.520  762 
   56008.327800   -1528.3020     312.7364   -1633.2004     319.6717    0.2772     -62.2680     -52.6771 -0.809 -0.489  762 
   56009.317200   -1109.4637     318.8928   -1172.6443     325.7954    0.2493    -205.6602    -175.1800 -1.757 -1.474  762 
   56090.357800    3678.9084     326.2688    3714.0610     329.9124    0.3736    -156.3182    -139.1868 -2.667 -1.481  762 
   56302.487100   -2117.6897     336.8083   -2172.1453     341.8490    0.1809     868.8198     773.0551  4.106  5.497  762 
