   54533.479900  -14040.5463     297.6410  -17314.0437     307.1189    0.6005     297.4812     234.4278  3.280  2.202  762 
   54534.493900   -7494.5812     413.6189  -10163.0172     427.7276    0.4781     395.1518     321.3054  1.611  2.044  762 
   54535.485300   -7126.0185     424.3586  -10978.2341     447.0060    0.3646    4475.1231    3220.1929 27.992 28.789  762 
   54536.506300  -12481.7459     455.2701  -15446.6754     472.5921    0.4413    5561.2404    4332.2948 34.372 34.486  762 
   54538.443200   -4396.0225     482.0252   -6015.1092     496.6991    0.0281    6259.9469    5287.1279 28.638 28.100  762 
   54590.268200  -10864.8087     360.2370  -13594.3865     381.3176    0.5027      -0.1719      -0.1180 -0.137 -0.001  762 
   54591.392100   -8669.5129     464.4118  -11241.3093     479.7212    0.3979    4230.5627    3478.0070 21.262 20.564  762 
   54912.368600   -1530.5641     488.8466   -2094.5050     501.5301    0.2341   -2012.8201   -1721.7910 -9.884 -8.946  762 
   55536.490900    2285.7156     431.0431    2605.3283     436.5648    0.2221  -11284.1009  -10249.7429 -48.185 -47.088  762 
   55927.511900   10298.1790     404.9195   13549.6647     435.7298    0.5936     874.0397     550.3720  7.769  7.237  762 
   56008.327800     665.9314     444.5692    1413.8572     467.2661    0.1227    -347.9790    -249.0305 -1.972 -2.371  762 
   56009.317200    1300.7445     453.7066    1024.9086     477.4097    0.1011    -244.9386    -177.8610 -1.476 -1.506  762 
   56090.357800    2187.5090     433.2358   -1505.6922     450.9119    0.0727   -1518.7989   -1146.7367 -12.804 -12.447  762 
   56302.487100   21261.2691     460.0050   22648.3637     479.1660    0.8989    5453.7317    4220.1131 30.081 30.703  762 
