   54533.479900    8481.0900     211.1080    8175.2706     221.0672    0.2462   -1369.6550   -1223.7016 -9.167 -11.842  762 
   54534.493900    1868.3741     281.7991     864.6624     297.3281    0.0093    -826.2060    -719.2190 -4.750 -4.681  762 
   54535.485300    3701.8266     264.5933    4041.9102     293.1064    0.1959     456.1134     371.8711  3.192  3.349  762 
   54536.506300   -2587.7779     312.7918   -3927.0507     331.0619    0.1769     528.6687     455.7650  2.745  3.697  762 
   54538.443200    3765.3113     332.4878    2784.8645     347.3938    0.2172     924.2504     816.0984  3.681  4.342  762 
   54590.268200   10142.7925     220.8084   11005.4435     247.6635    0.3667    -811.4714    -666.6252 -6.695 -7.946  762 
   54591.392100     908.9154     325.1819    1542.7031     339.7179    0.0866    -148.0755    -129.8187  0.529 -0.760  762 
   54912.368600    5821.7604     337.2443    7088.6481     350.7993    0.5272     -70.3355     -62.5612 -2.091 -0.334  762 
   55536.490900    5123.1635     341.7240    4495.9470     345.6218    0.1067   -2175.4254   -2058.3573 -9.131 -9.506  762 
   55927.511900    9308.3318     226.7364   14432.6960     267.0981    0.5224     123.0759      95.7008  2.722  1.283  762 
   56008.327800    2923.4397     279.1916    2919.3130     307.9915    0.3233    -124.6599    -102.5725 -0.344 -0.981  762 
   56009.317200    4990.3654     289.1875    5785.4785     317.1957    0.6163    -299.1986    -245.3286 -2.025 -2.083  762 
   56090.357800  -28141.4367     324.0830  -29798.8257     341.4618    0.4833    -256.5713    -216.5057 -4.066 -2.344  762 
   56302.487100    6681.9828     308.3589    7293.2566     330.8478    0.7829    2707.0475    2264.7091 16.921 16.808  762 
