   54533.479900  -13983.6393     222.9331  -14279.3699     223.8698    0.7399     682.4428     645.0461 12.378  6.222  762 
   54534.493900  -14266.6055     316.2778  -14305.8264     318.1234    0.8373     748.8407     713.5028  8.457  4.615  762 
   54535.485300  -11819.5525     298.6701  -11902.9512     301.3294    0.8034    -108.3416     -99.7674  1.110 -0.891  762 
   54536.506300  -13475.7687     339.1353  -13500.2177     341.0960    0.8041     244.8809     230.2748  0.789  1.869  762 
   54538.443200   -9782.9614     381.1560   -9955.5935     383.3150    0.7009   -1208.1872   -1165.6157 -6.343 -6.224  762 
   54590.268200   -3780.5533     241.0816   -4043.0308     243.4637    0.4358     169.7259     154.9669  0.387  1.846  762 
   54591.392100   -4006.4463     360.4533   -3923.8362     362.1599    0.4878   -2864.7026   -2762.7267 -20.835 -16.228  762 
   54912.368600   -4719.8987     383.6443   -4757.6888     385.4624    0.5612   -1094.1924   -1060.5991 -4.962 -5.659  762 
   55536.490900   -1631.2535     372.9916   -1778.3115     373.6652    0.2585   -4817.2644   -4745.2129 -15.853 -21.792  762 
   55927.511900    4684.9912     258.2500    4498.7105     261.6764    0.4901     -45.5820     -40.6884 -3.826 -0.534  762 
   56008.327800    -454.8476     308.5246    -652.4213     311.1048    0.0595     250.5592     232.2667  4.116  2.215  762 
   56009.317200      87.8264     321.4843     -79.8162     324.0367    0.0055      48.5439      45.3117  1.139  0.380  762 
   56090.357800    5541.2730     317.5700    6020.9318     318.5479    0.2802    -279.7339    -265.4976 -7.039 -2.880  762 
   56302.487100    4202.5949     337.4511    4276.0229     339.5292    0.3567    -977.2957    -926.9985 -5.234 -6.853  762 
