   54533.479900   10434.7635     314.3381    8764.9442     318.5911    0.3289    -605.8513    -552.9584  7.779 -5.198  762 
   54534.493900    6964.7481     492.8836    5981.5389     504.9769    0.2261   -1560.0372   -1407.3838 -7.090 -8.929  762 
   54535.485300    3513.7875     468.5751    2934.1664     478.4986    0.1249    -609.7771    -537.9405 -3.126 -4.773  762 
   54536.506300    3892.4087     514.7145    4407.1909     524.6389    0.2173    -299.8843    -267.6187 -4.265 -2.136  762 
   54538.443200    2410.5371     592.9509    2424.2620     608.7253    0.0260   -2019.7741   -1854.6584 -14.367 -9.896  762 
   54590.268200    4316.2337     364.3796    3808.4830     370.9971    0.1943    -214.1338    -187.4755 -6.648 -2.220  762 
   54591.392100    1819.2217     547.9795    1549.3395     560.4549    0.0351   -2511.8881   -2310.8047 -17.998 -13.693  762 
   54912.368600    3054.8327     591.1787    1785.6327     605.2645    0.0249   -2376.6793   -2211.8301 -8.053 -11.544  762 
   55536.490900   40377.4666     507.4962   40920.5009     515.1178    0.7276    1811.6104    1725.1644 22.905  7.895  762 
   55927.511900    3211.0735     412.3208    3219.6318     422.0013    0.1270     218.4036     183.1937  6.717  2.365  762 
   56008.327800   -1727.9836     487.1560   -2016.3315     496.9628    0.2264    -871.5736    -760.9709 -8.035 -7.225  762 
   56009.317200    1414.0199     503.8872    1080.7129     513.5357    0.0349   -1673.5862   -1481.1501 -16.397 -12.401  762 
   56090.357800    3387.4725     430.9774    3882.3139     435.6494    0.1262    1937.9411    1767.2647 19.732 19.214  762 
   56302.487100   -3694.3439     522.1077   -2349.6485     531.4397    0.2290   -3076.1368   -2797.5351 -26.963 -20.343  762 
