   54533.479900   -7443.3459     177.6799   -7628.6870     178.1803    0.5598   -1560.7324   -1495.8359 -18.056 -13.989  762 
   54534.493900   -4522.4699     212.0215   -4546.9213     212.8302    0.4407    -258.7133    -246.6574 -1.901 -1.580  762 
   54535.485300   -4165.1866     191.2438   -4311.5404     193.6189    0.3663    -316.4478    -288.3892 -2.973 -2.549  762 
   54536.506300   -4392.9198     243.8099   -4565.2274     244.9190    0.4588    -850.2587    -807.1802 -6.836 -6.368  762 
   54538.443200   -1470.0935     243.2339   -1517.4957     243.9643    0.2432    -959.1912    -923.5687 -4.526 -4.843  762 
   54590.268200   -5082.9892     169.4361   -5633.4500     171.9672    0.3952    -577.4301    -527.4560 -5.205 -6.060  762 
   54591.392100   -2708.9670     242.9339   -2654.2890     243.6386    0.2562      92.6271      88.8416 -0.086  0.513  762 
   54912.368600   -2492.9539     250.3675   -2352.0412     250.8951    0.2009     758.0113     734.3989  3.452  3.839  762 
   55536.490900    1084.9108     290.6588     972.4202     290.7866    0.2413    2459.9860    2435.1344  8.123 11.212  762 
   55927.511900    2000.0895     159.5603    2234.6295     164.2593    0.2961      41.1664      37.5750  0.367  0.490  762 
   56008.327800       4.6185     204.5640    -196.3262     207.1993    0.0171     121.3182     112.8297  0.493  1.050  762 
   56009.317200     497.7161     207.0160     464.5496     209.3280    0.1357      66.8280      62.2859  0.406  0.522  762 
   56090.357800   -2887.9398     258.7967   -3193.3222     259.6193    0.1594     289.5359     279.9634  2.820  2.929  762 
   56302.487100    3120.1918     222.6902    3176.3022     223.9847    0.5967     455.0548     434.7321  2.645  3.158  762 
