   54533.479900    -596.2367     239.5957    -571.3523     242.3271    0.0673    1555.5911    1385.6240 14.233 13.177  762 
   54534.493900       2.1139     331.9290      28.9217     335.5239    0.0719     743.6711     674.8755  4.504  4.352  762 
   54535.485300     -62.7088     327.4067     174.1375     334.7213    0.0467    -685.4166    -579.5198 -4.993 -5.091  762 
   54536.506300    -455.2522     363.4799    -513.5793     368.4140    0.1264    -479.7909    -425.2995 -2.731 -3.401  762 
   54538.443200   -1552.1152     396.8053   -1769.8118     400.3375    0.1675    -151.5731    -140.6381 -2.256 -0.742  762 
   54590.268200   -2148.1316     275.1172   -2143.8516     283.3742    0.1578     898.7416     730.8898  8.687  8.433  762 
   54591.392100     275.3363     379.2247     312.5910     382.5964    0.1071   -1652.9380   -1523.2216 -9.523 -8.787  762 
   54912.368600    -318.0828     399.0988    -413.9208     402.3419    0.1050    -594.8407    -552.7297 -2.913 -2.943  762 
   55536.490900    2994.1973     378.5389    2822.9763     379.6141    0.2376    1875.2488    1806.4322  6.640  8.247  762 
   55927.511900    8588.7926     302.8093    8883.5535     317.9704    0.6063    -490.9068    -371.3149 -2.284 -4.747  762 
   56008.327800    -390.4536     344.9509    -546.4152     353.5857    0.1607    -814.3320    -679.6597 -6.424 -6.328  762 
   56009.317200    -440.3680     354.1873    -746.4580     362.1909    0.1314    -132.2811    -112.1526 -1.154 -0.926  762 
   56090.357800   -4138.7957     351.5713   -4442.5057     356.5423    0.1964     599.5097     525.1727  5.265  5.498  762 
   56302.487100   -1424.0386     365.7332   -1234.4710     371.4985    0.1361    -136.7494    -120.2605 -1.831 -0.879  762 
