   54533.479900   -4511.5920     296.5291   -4963.0803     301.6918    0.1151    3343.8693    2855.5654 25.624 27.111  762 
   54534.493900   -2132.7948     429.9215   -1854.1826     436.0011    0.0406    2724.1247    2415.8713 14.275 15.473  762 
   54535.485300   -1456.4203     429.9042   -1743.3348     441.5264    0.0994    3658.9906    2988.3843 22.636 26.817  762 
   54536.506300   -3948.5444     462.9366   -3668.1704     471.3594    0.0638    3576.8572    3069.4957 20.493 24.618  762 
   54538.443200   -2649.2736     514.6004   -2735.4378     520.3050    0.0225    2671.2332    2436.0938 10.165 12.979  762 
   54590.268200   -2646.8594     356.1370   -3331.6661     368.3563    0.1419    2200.0320    1710.3002 19.700 20.416  762 
   54591.392100   -7116.3514     486.4891   -6797.5596     493.0899    0.2547    3806.7560    3403.9525 19.909 20.125  762 
   54912.368600   -4939.2076     521.5560   -5549.9623     527.2325    0.4019   -1379.4994   -1262.0365 -11.897 -6.612  762 
   55536.490900   14258.9107     455.0953   13919.9266     457.4146    0.2548   -7707.5941   -7286.5684 -34.018 -33.556  762 
   55927.511900    2711.8322     404.3898    2504.2538     424.4496    0.2570     494.0923     357.6510  1.755  4.749  762 
   56008.327800    -474.7235     450.4212    -182.6631     463.2041    0.0064     295.5980     237.8292  3.415  2.275  762 
   56009.317200     414.5109     463.2459    -266.1244     475.7922    0.0389     -76.6592     -62.6272 -0.837 -0.532  762 
   56090.357800   -1000.7903     426.4040    -686.7190     435.1167    0.1508   -1742.4848   -1448.9311 -17.938 -15.850  762 
   56302.487100   -5045.2776     477.8304   -5000.7227     487.3758    0.2250    2821.6020    2406.8999 14.890 17.649  762 
