   54533.479900   -4067.8270     253.9878   -4154.4669     258.8511    0.0566    3907.3576    3376.1215 34.393 32.188  762 
   54534.493900    -742.6601     354.1441    -908.3226     360.8859    0.2485    3724.9233    3268.8846 24.514 21.027  762 
   54535.485300   -4806.1947     351.0887   -5183.6014     364.0010    0.0188    6648.8811    5372.5283 48.388 48.242  762 
   54536.506300     393.5737     386.5067     810.1506     395.4339    0.5626    6935.8492    5925.3088 47.789 47.610  762 
   54538.443200   -4993.3475     418.5508   -4998.8587     425.0925    0.3443   10673.6957    9617.9565 51.253 51.179  762 
   54590.268200    3317.2599     291.1762    2599.3919     303.4629    0.4390    1879.9798    1484.0901 20.451 17.684  762 
   54591.392100    9510.9852     398.7512    9510.5347     405.4058    0.8180    6786.8365    6052.3599 36.591 35.648  762 
   54912.368600   -2074.9087     423.5286   -2700.0257     429.4415    0.1488    1249.7695    1136.5032 10.555  5.980  762 
   55536.490900   -1599.6427     392.5821   -1469.2167     394.7392    0.3067   -4960.0568   -4693.5581 -23.126 -21.649  762 
   55927.511900     422.7029     323.9924     844.6055     342.8427    0.1567     591.5934     433.6859 11.859  5.779  762 
   56008.327800    1397.4983     368.9191    1183.1789     382.5704    0.2459     252.3612     202.6377  3.462  1.936  762 
   56009.317200   -1320.5114     377.9517   -1908.9403     391.2335    0.2229     572.4372     466.1219  4.873  3.959  762 
   56090.357800   -1910.3629     364.3238   -1289.6847     371.7248    0.2287   -1567.5382   -1343.5021 -21.101 -14.642  762 
   56302.487100    3715.7978     387.9169    3284.5545     398.2437    0.6855   10198.2762    8663.9752 65.694 63.737  762 
