   54533.479900   -1328.0932     223.4339    -794.7962     227.8885    0.0776    1838.5238    1634.2464 14.808 15.793  762 
   54534.493900    -214.1166     301.1893      20.6945     307.1491    0.0660     523.6660     468.0458  3.301  3.048  762 
   54535.485300    -892.8179     295.2971    -311.8032     307.8436    0.2053   -1264.2941   -1049.3257 -9.423 -9.326  762 
   54536.506300    2886.9216     330.8381    3700.5171     338.4581    0.3837   -1078.4863    -952.2310 -7.917 -7.709  762 
   54538.443200    3249.3032     357.6150    3484.7875     362.6060    0.1337   -2279.3901   -2088.4747 -10.784 -11.057  762 
   54590.268200    4662.2805     247.8629    6221.6594     260.2805    0.6746    1077.1552     877.6984 11.332 10.264  762 
   54591.392100    3952.4089     348.6861    4371.4582     353.9853    0.2521   -1948.3917   -1761.4751 -9.245 -10.179  762 
   54912.368600    2113.0030     359.7434    2347.6941     364.4539    0.1997    -833.3699    -764.2628 -4.613 -4.102  762 
   55536.490900   -5328.7018     356.3639   -5663.4777     357.8874    0.0320    5351.2571    5113.3872 23.277 23.474  762 
   55927.511900    -706.9487     269.0267   -1130.3149     291.5206    0.1978    -369.2168    -278.4956 -5.909 -3.635  762 
   56008.327800    1699.0798     312.0994    1709.0653     326.2333    0.2021    -638.2680    -525.5541 -4.131 -4.951  762 
   56009.317200     627.5841     320.6625    1027.2330     333.5014    0.1572    -128.1280    -106.7205  0.165 -0.890  762 
   56090.357800   -2546.5557     330.5953   -3013.8112     338.1640    0.1675    1295.7532    1134.6987 12.382 11.984  762 
   56302.487100     454.5960     332.4324     712.5520     341.8964    0.1920   -2772.4951   -2393.1224 -18.144 -17.693  762 
