   54533.479900   12010.1963     254.8557   12377.0907     261.4353    0.6687     347.4291     284.9995  7.696  2.735  762 
   54534.493900    7915.3979     345.7644    7948.4718     356.4952    0.5912    -138.3730    -114.6044  3.870 -0.741  762 
   54535.485300    6519.9888     351.6069    7387.4891     369.5979    0.7807    1410.1559    1043.0623 13.085  9.297  762 
   54536.506300    7133.9097     385.7216    7610.3696     399.1577    0.8180    1185.6271     948.6008 10.495  7.643  762 
   54538.443200   10563.0898     403.0454   10643.5113     413.4652    0.7692    1828.2085    1573.6138 11.118  8.350  762 
   54590.268200  -14338.9826     303.0825  -15834.0798     320.1437    0.8989      61.2777      43.6215  6.202  0.514  762 
   54591.392100  -16734.2702     395.3137  -17206.6278     406.4191    0.8685     936.2142     789.6980  6.490  4.604  762 
   54912.368600   -7127.7718     410.1504   -7480.0013     420.2869    0.6670     306.1891     263.6786  1.568  1.403  762 
   55536.490900    2128.3643     382.5190    1310.9136     386.0491    0.1501   -4524.1069   -4183.7730 -18.445 -19.255  762 
   55927.511900    6895.2379     332.3436    6300.5896     358.2685    0.5753      88.3943      57.5467  7.225  0.757  762 
   56008.327800   -4242.7104     373.8872   -4221.0778     393.2406    0.6618    -362.2392    -264.8104 -2.577 -2.507  762 
   56009.317200    1824.2436     378.5663    1996.0629     397.2077    0.1914    -882.3495    -658.9850 -5.135 -5.533  762 
   56090.357800   -2923.7116     372.3341   -3135.0636     382.3711    0.3410     242.2592     196.6354 -4.014  2.110  762 
   56302.487100    7376.8409     384.9477    7608.4638     400.2279    0.7886    4556.9805    3590.9890 28.991 26.500  762 
