   54533.479900   -3705.9580     288.4221   -3994.1935     318.2200    0.2527   -1353.7386   -1136.8927 -10.739 -10.707  762 
   54534.493900     136.7424     421.5749   -2449.3568     468.5809    0.1583    -344.9211    -282.7512 -3.400 -1.812  762 
   54535.485300  -10216.0909     405.3541   -9441.2761     471.2108    0.4631     463.5718     356.1779  2.219  3.186  762 
   54536.506300  -14273.4715     446.0990  -13981.8727     499.8060    0.5554    -242.8351    -200.6708 -2.031 -1.591  762 
   54538.443200    -902.6523     512.3855     229.9493     562.1606    0.0284   -1181.9635    -987.1974 -5.878 -5.205  762 
   54590.268200   -1736.6317     327.1243   -1437.6244     384.7321    0.1164    -599.0228    -459.0196 -6.348 -5.383  762 
   54591.392100  -15095.4270     492.5107  -14118.2250     541.3886    0.5665   -1808.1673   -1479.1574 -7.917 -8.637  762 
   54912.368600   11072.0567     519.1883   12302.3667     565.5429    0.5712   -2767.6994   -2312.6113 -13.076 -12.073  762 
   55536.490900   30840.6547     455.2410   28703.3785     476.1881    0.5341   -4844.5837   -4332.4669 -18.610 -20.026  762 
   55927.511900    4608.7430     350.6017    3934.2226     423.4640    0.2309      73.6517      53.2946 -0.119  0.711  762 
   56008.327800    9290.2708     416.7705    7277.5512     484.3357    0.5119    -596.7321    -462.8346 -4.602 -4.370  762 
   56009.317200    5464.8569     438.0247    6614.6537     503.2052    0.4909    -559.4227    -430.8150 -4.634 -3.661  762 
   56090.357800  -17553.1451     425.0220  -15886.4683     469.3598    0.5096    -152.5858    -123.6535 -0.072 -1.326  762 
   56302.487100    3919.0427     468.0140    1654.3261     528.1796    0.0402   -1064.6845    -836.8885 -8.517 -6.119  762 
