   54533.479900   15177.1971     208.5595   15278.3787     210.2410    0.8252    -103.8598     -97.7882  1.836 -0.932  762 
   54534.493900   13536.5468     282.7384   13507.9935     285.8181    0.8606    -321.4755    -298.9658 -2.254 -1.929  762 
   54535.485300   13797.7466     265.8773   13730.6035     271.4340    0.9120     928.6090     836.4747 10.008  7.410  762 
   54536.506300   11382.0238     310.9003   11186.6083     314.7919    0.8792     902.1929     831.6493 11.021  6.679  762 
   54538.443200   11615.2424     335.5916   11309.3729     338.7240    0.7912    1304.5593    1229.6166  9.230  6.510  762 
   54590.268200   10033.5320     221.5393    9923.8177     226.0080    0.7818    -648.6548    -584.7405 -12.710 -6.816  762 
   54591.392100   13076.1121     323.5864   13179.2306     326.4467    0.8197    -463.6106    -436.1897 -9.214 -2.532  762 
   54912.368600    9319.2533     340.4283    9449.5010     343.2983    0.7835    -571.5000    -540.2539 -3.417 -2.865  762 
   55536.490900   -2439.4662     345.4590   -2647.0569     346.2994    0.3177   -2866.3123   -2786.2461 -12.080 -12.772  762 
   55927.511900    9513.4618     233.3895    9866.0350     239.6824    0.6640     -45.5456     -39.7104  0.087 -0.515  762 
   56008.327800   -4733.5672     288.1543   -5330.1168     294.1988    0.6063    -482.7900    -425.8681 -4.313 -4.004  762 
   56009.317200   -4920.4499     295.5225   -5343.1442     300.9942    0.6699    -460.1148    -410.5970 -1.901 -3.424  762 
   56090.357800    2334.3076     303.2473    1936.1055     305.2936    0.1395     791.6776     748.5967  5.100  7.921  762 
   56302.487100    8350.5966     305.0549    8382.1253     309.2454    0.7880    3425.3797    3155.0322 26.297 23.111  762 
