   54533.479900     513.4308     183.0887      73.4473     185.0746    0.1315   -1679.5396   -1610.4800 -17.065 -15.444  762 
   54534.493900    -564.9627     232.3284    -889.1438     235.7314    0.2221    -693.9583    -653.8760 -3.081 -4.218  762 
   54535.485300     809.0625     209.7676     810.6565     217.1633    0.2190     729.1553     670.8603  5.596  5.933  762 
   54536.506300     972.7631     256.9589     502.0700     261.1342    0.2079     866.4383     824.1138  7.134  6.658  762 
   54538.443200   -1122.5498     271.3050   -1363.4630     274.7328    0.0584     836.2872     788.3297  5.028  4.191  762 
   54590.268200   -3043.1263     181.4118   -3654.4867     188.6559    0.2922    -563.6669    -516.8466 -5.017 -6.061  762 
   54591.392100    4410.3250     265.5776    4365.9967     268.7139    0.5738    1195.3966    1135.3792  5.802  6.617  762 
   54912.368600     616.2492     277.3786    1341.4457     279.8470    0.2132     868.0914     822.5990  3.752  4.392  762 
   55536.490900   -6442.5561     310.8416   -6524.2100     311.4912    0.4094   -3248.7554   -3165.5739 -14.179 -14.471  762 
   55927.511900   -2307.1965     182.1484   -2087.5845     194.1650    0.1379     240.5316     214.7421  3.351  2.760  762 
   56008.327800    -645.6901     223.7421    -613.0824     231.0028    0.0966     -20.3559     -18.9162  0.425 -0.178  762 
   56009.317200       4.0656     232.9063      67.0558     239.9381    0.0674     263.4002     242.4301  1.629  2.010  762 
   56090.357800   19034.1447     266.0337   19074.5758     268.6803    0.4597    -567.3484    -551.5138 -4.707 -5.869  762 
   56302.487100     960.1859     250.2071    1299.5561     255.4211    0.3416     889.8793     823.6082  5.544  6.053  762 
