   54533.479900  -12966.0042     356.7800  -14424.2417     365.4459    0.4520    4379.4377    3572.5169 29.140 33.016  762 
   54534.493900   -9351.5556     521.1331   -9342.8382     532.9408    0.5099    1255.9521    1066.7704  7.082  6.742  762 
   54535.485300   -6477.3563     532.2651   -6309.4975     550.1589    0.3554    1678.0858    1309.4260 10.669 11.502  762 
   54536.506300   -8181.4866     562.5157   -8249.3898     576.3508    0.4627    2029.6562    1669.1917  6.609 13.059  762 
   54538.443200   -3982.2883     620.4810   -4927.5960     633.0495    0.2020    1020.7867     895.7200  1.678  4.706  762 
   54590.268200  -12927.8980     443.3034  -13046.2192     461.0295    0.5570    1056.6734     785.5132  8.421  9.036  762 
   54591.392100  -15686.8737     591.6667  -14971.3334     604.5415    0.7444    -419.4854    -360.4591  0.402 -2.098  762 
   54912.368600     392.3184     622.8963     647.0901     634.3059    0.0245   -2035.6028   -1800.3896 -3.486 -9.316  762 
   55536.490900   10646.3149     523.0736    8979.3769     529.1792    0.1372   -3175.5409   -2902.7101 -7.745 -13.299  762 
   55927.511900   -3708.9795     506.3240   -4195.0592     534.1954    0.2049     873.5106     604.2439  9.835  7.758  762 
   56008.327800     -33.2472     556.6146   -1604.0145     576.4021    0.1117     111.2807      85.4519 -1.130  0.794  762 
   56009.317200    2917.5929     569.2164    1582.7253     589.1148    0.0588    -981.0169    -763.5732 -10.456 -6.360  762 
   56090.357800    2555.8856     510.8095    4725.0024     525.7681    0.1514   -1074.7538    -852.8303 -11.728 -8.999  762 
   56302.487100   -4520.4637     580.4929   -4087.5249     597.1968    0.1873    1094.7664     894.4514 11.589  6.445  762 
