   54533.479900    2549.4209     217.8228    2371.6400     219.1597    0.1727    -380.3039    -354.2900 -3.120 -3.380  762 
   54534.493900    4878.5682     300.7930    4765.1623     302.6023    0.5651     715.2431     674.0157  4.723  4.321  762 
   54535.485300    3804.5830     284.3627    3779.8941     288.3356    0.6566    2519.0653    2258.8650 20.265 20.282  762 
   54536.506300    3002.1977     324.6879    2925.8468     327.2113    0.5798    2888.3879    2675.8691 21.087 21.611  762 
   54538.443200    4881.5833     357.5690    4666.8896     359.3149    0.5711    2856.8433    2728.1507 13.495 14.594  762 
   54590.268200   11690.9417     233.4187   11961.2332     237.3677    0.8828     436.4101     386.1251  5.393  4.631  762 
   54591.392100   10875.4524     340.7797   11013.1087     342.4075    0.8665    2961.9791    2814.6148 16.355 16.703  762 
   54912.368600    4366.1775     365.8508    4388.2613     367.2748    0.3888    -771.7281    -740.7966 -4.505 -3.893  762 
   55536.490900    3000.8818     359.4531    2778.6254     359.9840    0.0833   -4292.9137   -4198.4977 -18.704 -19.266  762 
   55927.511900   12871.7466     252.8783   13162.5887     259.9946    0.8433     -18.3120     -15.5593 -0.112 -0.205  762 
   56008.327800   -4049.3411     301.9432   -4224.6228     306.7867    0.5539     232.2919     206.3334  0.233  1.984  762 
   56009.317200   -2836.5985     312.7564   -3128.5010     317.1737    0.4670      80.9849      72.6661 -0.376  0.615  762 
   56090.357800   -1782.9434     316.6063   -1503.8104     318.8802    0.1414    -420.2492    -385.5852 -5.531 -4.223  762 
   56302.487100    6516.1829     326.7208    6398.4248     329.6075    0.7221    1567.3858    1449.3511  9.613 10.630  762 
