   54533.479900   -7568.5418     286.5988   -8001.5590     292.9705    0.2575    3559.1657    3139.2946 27.626 29.414  762 
   54534.493900   -4889.5224     420.0498   -4590.1520     427.3791    0.1722    2472.6008    2230.7895 12.596 14.176  762 
   54535.485300   -4175.0863     411.1574   -4039.2501     425.1823    0.0668    3816.7960    3246.0032 23.349 28.765  762 
   54536.506300   -3819.1638     446.6169   -3953.5874     456.8589    0.0879    3456.3663    3063.6359 18.640 24.299  762 
   54538.443200   -1880.4510     505.3931   -2162.4227     512.2654    0.0096    2479.2026    2288.6145  8.542 12.131  762 
   54590.268200   -3372.3800     334.6005   -4004.4870     349.9668    0.2060    2111.1722    1747.1963 19.283 20.496  762 
   54591.392100   -9101.5744     476.8736   -8769.9272     484.7156    0.4116    3770.9798    3420.0315 19.819 20.096  762 
   54912.368600   -6405.9127     513.1698   -6808.6915     519.8450    0.4587   -1107.2011   -1024.6467 -10.765 -5.341  762 
   55536.490900   18062.7721     450.6991   17558.6073     453.4060    0.3884   -7895.3234   -7524.1187 -33.966 -34.525  762 
   55927.511900    3525.5689     370.3157    4215.1199     393.9032    0.4249     621.1999     496.8247  2.378  6.454  762 
   56008.327800   -1151.1990     427.9874    -746.0440     443.3008    0.0608     287.6903     243.5230  4.277  2.295  762 
   56009.317200     429.4865     443.9268    -207.7239     458.5769    0.0256     -17.5206     -14.9153 -0.520 -0.125  762 
   56090.357800   -1887.3052     410.7004   -1880.2935     421.4785    0.2429   -1600.9294   -1383.8802 -16.241 -14.906  762 
   56302.487100   -4172.8049     462.9999   -4212.3085     474.3260    0.2025    2222.4338    1948.8303 10.369 14.167  762 
