   54533.485600       0.0000       2.8615       0.0000       2.8615      -nan       0.0000       0.0000  0.000  0.000  762 
   54534.499900       0.0000       3.8073       0.0000       3.8073      -nan       0.0000       0.0000  0.000  0.000  762 
   54535.491300       0.0000       3.2585       0.0000       3.2585      -nan       0.0000       0.0000  0.000  0.000  762 
   54536.508100    5666.1713      75.1494     975.6658     490.4112    0.0234   -5716.9299    -622.4646 -14.617 -7.950  762 
   54538.449200    3647.5477     565.4983    4085.0289     573.7492    0.2248    -588.5589    -523.4404 -15.669 -3.637  762 
   54590.274300       0.0000       2.8489       0.0000       2.8489      -nan       0.0000       0.0000 -9.789  0.000  762 
   54591.398100      -0.3418      10.3428    1661.5035     475.4892    0.0808       0.0000       0.0000 -14.936  0.000  762 
   54912.375400       0.0000       4.0265       0.0000       4.0265      -nan       0.0000       0.0000  0.000  0.000  762 
   55536.496700      -1.4209       5.4354  -30105.1376     154.8810    0.1092       0.0000       0.0000 -106.792  0.000  762 
   55927.517400    3359.7216     218.4842   -1696.5808     448.3008    0.1669   -4077.7123    -190.4294 -11.546 -2.939  762 
   56008.332400   -5667.8960     453.8727   -7613.2485     470.6165    0.5070    -649.7341    -548.0194 -16.775 -6.880  762 
   56009.322600     542.4389     439.4795    1049.6286     457.5045    0.0220   -1020.7206    -835.3960 -16.582 -10.677  762 
   56090.363100    4908.3986     430.7978    6337.7554     446.3993    0.4042    3052.0273    2614.4254 45.456 40.736  762 
   56302.492900   -4987.8186     490.8273   -4461.7443     502.5676    0.3892       0.0000       0.0000 -0.886  0.000  762 
