   54533.485600  -38243.1844     363.9021  -39134.4975     364.8603    0.8266    -558.1829    -534.2543 -6.341 -8.458  762 
   54534.499900  -39475.9135     476.9252  -40332.1642     479.8090    0.9275    2714.9525    2519.8109 24.659 24.568  762 
   54535.491300  -40512.0922     459.6888  -43112.1547     467.6342    0.8950   -1016.8247    -890.4120 -9.483 -9.779  762 
   54536.508100  -39461.3026     453.4140  -41732.8082     463.0365    0.9203   -1029.3190    -888.8807 -11.903 -10.778  762 
   54538.449200  -36962.1953     541.4325  -37333.8838     545.8384    0.9785   -1315.3987   -1209.3779 -7.768 -8.259  762 
   54590.274300  -43246.7578     376.9773  -48097.7310     385.2653    0.8110    1191.2289    1042.0548 16.812 16.534  762 
   54591.398100  -47051.2146     464.7234  -48703.7805     472.1821    0.9610    -282.5835    -249.0807 -2.186 -2.507  762 
   54912.375400   -7340.0552     471.3973   -8060.5315     476.3775    0.6461    -345.9905    -314.0335 -6.894 -2.471  762 
   55536.496700   19748.9965     703.0950   19449.2001     703.3643    0.5387    3657.0048    3599.6773 22.794 21.167  762 
   55927.517400   -4495.7986     392.2220   -7639.5975     402.4807    0.2854     683.9078     593.7566  9.035  9.396  762 
   56008.332400    6864.5917     448.3497    7559.4965     452.3178    0.4167     851.7338     785.2337  6.140  8.036  762 
   56009.322600    2184.9694     418.1609    1612.9093     425.0100    0.2162      79.9968      70.8266  1.797  0.811  762 
   56090.363100   -4637.9642     403.8647   -5054.7973     410.2408    0.3955    -901.2402    -805.1719 -15.877 -12.606  762 
   56302.492900  -25868.5857     470.5370  -28625.1447     476.5455    0.7717    1059.4881     954.4443 10.592 10.852  762 
