   54533.485600  -10085.6434     357.8834  -10206.7255     358.4824    0.4980   -3478.1405   -3378.9748 -54.866 -53.250  762 
   54534.499900  -12748.9632     470.5058  -13022.5744     471.9941    0.7668   -8854.2104   -8453.7536 -79.331 -79.950  762 
   54535.491300  -11513.2848     428.9549  -11948.8811     433.7694    0.7314    1149.5745    1048.7350  6.101 12.041  762 
   54536.508100  -11144.2452     424.5488  -11170.0166     430.6571    0.7051     500.6537     453.1633 -0.383  5.637  762 
   54538.449200  -12078.8410     525.3286  -12201.8997     527.5302    0.7903     569.2749     540.1842  0.704  3.671  762 
   54590.274300   -2271.4074     353.0267   -1787.0695     357.7272    0.3296   -2608.0605   -2393.4051 -37.249 -38.456  762 
   54591.398100   -1884.8274     441.4323   -1844.2321     445.0673    0.1622     366.0000     339.7313  2.886  3.365  762 
   54912.375400   -6395.6999     443.0307   -6475.1622     446.2108    0.6756   -1756.8245   -1636.6015 -13.961 -13.841  762 
   55536.496700    1035.7629     736.3516     969.4975     736.4565    0.3355  -10489.6361  -10403.7664 -59.249 -55.642  762 
   55927.517400    1654.5619     379.5048    2112.3587     385.4436    0.1879    -700.4676    -635.7108 -16.619 -9.717  762 
   56008.332400   -7209.2010     416.7058   -7837.8871     420.8101    0.6939   -1743.7855   -1619.7743 -16.078 -18.787  762 
   56009.322600   -5402.0050     397.1933   -5607.6600     402.2813    0.6883   -1611.6232   -1465.6581 -15.929 -17.607  762 
   56090.363100   14979.1327     385.1190   15949.6279     389.3677    0.8023    3843.4341    3566.5994 55.388 55.475  762 
   56302.492900    5767.0259     451.5406    6189.9717     454.3382    0.5416    -408.0111    -382.0119 -4.122 -4.316  762 
