   54533.485600    4649.0495     349.3302    4941.4479     349.7205    0.1375   -2007.2302   -1950.5944 -34.230 -32.184  762 
   54534.499900    3084.3769     463.4728    3231.7136     464.6781    0.3110   -8393.9416   -7988.6639 -76.296 -77.430  762 
   54535.491300    2875.9400     424.1377    3324.4791     427.9089    0.4784     285.1533     258.3699  2.102  3.039  762 
   54536.508100    2145.9211     417.3305    2806.1991     421.8027    0.1649   -1358.5032   -1222.7858 -47.756 -15.779  762 
   54538.449200     568.0391     518.8721     727.9104     520.9903    0.0141    -878.9511    -827.8246 -5.474 -5.707  762 
   54590.274300  -10366.9375     349.2673  -10226.1383     352.9775    0.7185   -2953.6368   -2689.2448 -46.598 -45.325  762 
   54591.398100  -11301.6122     439.9265  -11330.5475     443.3670    0.7536    -428.8851    -392.8785 -3.636 -3.994  762 
   54912.375400     379.2824     437.6855     575.7519     440.5098    0.1052   -1527.8671   -1410.7416 -12.567 -12.203  762 
   55536.496700   11889.6399     729.5906   11874.6279     729.6969    0.0516  -13777.8036  -13646.9790 -70.362 -73.751  762 
   55927.517400    7479.6734     372.9471    8340.1080     377.1787    0.6077    -404.1211    -365.4496 -9.732 -5.845  762 
   56008.332400   -5179.2525     412.8886   -5570.2184     416.3279    0.6131   -1450.6656   -1338.8036 -16.886 -15.949  762 
   56009.322600   -4201.3517     392.9567   -4644.3605     397.1986    0.6205   -1418.8477   -1279.0856 -17.423 -15.866  762 
   56090.363100    2658.4808     380.6142    2929.9012     384.0829    0.4770    3611.1343    3321.9313 55.360 54.259  762 
   56302.492900   -2500.4467     448.4246   -2268.2471     450.8992    0.3593    -838.8232    -778.4773 -9.666 -9.058  762 
