   54533.485600    3270.2165     359.0524    3398.3554     359.2895    0.0415   -2612.2233   -2562.3954 -29.329 -40.533  762 
   54534.499900    1228.3673     482.2145    1292.4450     482.7768    0.3501   -6326.1439   -6142.2420 -56.827 -58.683  762 
   54535.491300   -1167.9022     449.1144   -1027.1334     450.8490    0.1058    1822.8260    1723.5496 21.148 19.627  762 
   54536.508100   -4755.9643     443.4191   -4742.5598     445.9148    0.4043    1629.5150    1527.2429 20.893 18.882  762 
   54538.449200   -3512.9319     561.3678   -3504.9887     562.1238    0.0176    3471.6218    3363.9946 21.579 22.915  762 
   54590.274300    -840.6383     363.5072    -630.9922     365.5568    0.2091   -1395.5047   -1317.1842 -20.391 -21.097  762 
   54591.398100   -2549.9906     464.5640   -2457.7429     466.0464    0.0658    2029.1133    1932.1688 19.257 19.248  762 
   54912.375400    2780.5732     475.8772    2827.6316     476.9746    0.1019   -2238.2830   -2146.2744 -19.857 -17.769  762 
   55536.496700   -3143.5437     743.1659   -3148.5545     743.2109    0.4253  -10583.5846  -10523.6697 -63.032 -57.853  762 
   55927.517400    2772.1394     390.4977    2852.6048     393.1917    0.3880     -12.3133     -11.5406 -1.124 -0.178  762 
   56008.332400   -1732.9801     441.4131   -1918.4071     442.9189    0.2566    -512.3787    -489.3934 -3.564 -5.480  762 
   56009.322600   -3305.2672     417.3205   -3387.3749     419.3711    0.5685    -780.2772    -734.0311 -8.169 -8.720  762 
   56090.363100    3823.9552     398.1172    4021.5839     400.1156    0.4215     866.6678     822.0202 14.935 12.817  762 
   56302.492900    6426.9803     467.1414    6539.6695     468.3498    0.6339    2344.8426    2243.9005 25.623 25.471  762 
