   54533.485600  -15376.4383     367.1632  -16123.9017     368.3182    0.5497    -128.7216    -123.2513 -2.933 -1.955  762 
   54534.499900  -12125.4036     489.1241  -12658.8688     492.0733    0.7247   -2601.4459   -2428.6264 -21.769 -23.539  762 
   54535.491300  -13166.7089     471.9814  -14326.3839     479.6865    0.6890     393.5354     348.3701  3.948  3.874  762 
   54536.508100  -11327.7936     465.4646  -12256.3724     475.3873    0.7270     103.3405      90.3360  0.519  1.102  762 
   54538.449200  -10159.1303     563.3582  -10198.1195     567.4638    0.7612     361.1932     335.1410  1.022  2.285  762 
   54590.274300   -4679.8003     382.4396   -5541.4883     390.5507    0.3373    1079.9162     957.5459 13.097 15.256  762 
   54591.398100   -2014.2677     476.4607   -2143.4982     483.2324    0.1053    1450.8273    1300.9557 13.069 13.052  762 
   54912.375400  -56367.0722     500.6939  -58769.3483     507.2867    0.9243    -714.6395    -643.6160 -3.470 -5.138  762 
   55536.496700  -18806.0809     724.7614  -18956.0555     725.0798    0.7148   -7895.3744   -7766.3121 -45.640 -44.658  762 
   55927.517400  -20428.5291     412.1631  -24222.3662     424.4129    0.7044     814.2256     705.1109 11.250 11.088  762 
   56008.332400   18475.1089     460.8408   19047.6695     465.5781    0.8425     593.2432     546.4344  6.033  5.755  762 
   56009.322600   13374.5663     433.3704   13955.1931     440.6096    0.8204     319.7015     283.9438  3.562  3.288  762 
   56090.363100  -12338.5384     418.9931  -14289.8812     427.4118    0.6045   -1346.3222   -1199.9821 -20.196 -18.763  762 
   56302.492900  -21355.5649     486.0377  -22798.0050     492.3195    0.7639    1931.0024    1745.8469 19.533 19.834  762 
