   54533.485600    2118.3529     362.3121    2084.0157     367.2761      -nan   -2118.3529   -2084.0157 -37.624 -33.786  762 
   54534.499900    6662.9518     507.9366    6149.1584     527.1959      -nan   -6662.9518   -6149.1584 -60.908 -60.000  762 
   54535.491300    -453.0873     483.5693    -397.8354     521.6197      -nan     453.0873     397.8354  4.798  4.466  762 
   54536.508100     570.4531       3.3002     570.4531       3.3002      -nan    -570.4531    -570.4531 -7.428 -7.125  762 
   54538.449200    1170.3257     603.9174    1036.7195     634.5670      -nan   -1170.3257   -1036.7195 -6.599 -7.103  762 
   54590.274300    1237.7973       2.8571    1237.7973       2.8571      -nan   -1237.7973   -1237.7973 -19.484 -20.306  762 
   54591.398100     833.7926     498.2337     733.8509     538.2901      -nan    -833.7926    -733.8509 -6.566 -7.438  762 
   54912.375400     272.8496     517.1847     238.7198     553.2922      -nan    -272.8496    -238.7198 -0.812 -1.955  762 
   55536.496700   17579.2410     752.2830   17028.2195     755.6380      -nan  -17579.2410  -17028.2195 -95.395 -96.848  762 
   55927.517400    -783.8112       2.8953    -783.8112       2.8953      -nan     783.8112     783.8112 14.539 12.554  762 
   56008.332400     -33.5938     473.6815     -30.8319     516.4123      -nan      33.5938      30.8319  1.242  0.335  762 
   56009.322600     480.8302     453.7200     416.5258     494.5904      -nan    -480.8302    -416.5258 -6.175 -4.919  762 
   56090.363100     373.8815       2.8855     373.8815       2.8855      -nan    -373.8815    -373.8815 -7.798 -6.010  762 
   56302.492900   -1348.1912       3.4434   -1348.1912       3.4434      -nan    1348.1912    1348.1912 14.659 15.461  762 
