   54533.485600       0.0000     462.1178       0.0000     466.4789      -nan       0.0000       0.0000 -13.673  0.000  762 
   54534.499900     966.2882       3.8299     966.2882       3.8299      -nan    -966.2882    -966.2882 -33.766 -9.200  762 
   54535.491300       0.0000       3.4061       0.0000       3.4061      -nan       0.0000       0.0000  4.791  0.000  762 
   54536.508100       0.0000       3.2878       0.0000       3.2878      -nan       0.0000       0.0000 -19.499  0.000  762 
   54538.449200   10988.3709       4.5896   10988.3709       4.5896      -nan  -10988.3709  -10988.3709 -118.273 -74.983  762 
   54590.274300       0.0000       2.8656       0.0000       2.8656      -nan       0.0000       0.0000 -6.284  0.000  762 
   54591.398100     176.9022       3.7098     176.9022       3.7098      -nan    -176.9022    -176.9022 -33.437 -1.764  762 
   54912.375400    6534.8651       4.0761    6534.8651       4.0761      -nan   -6534.8651   -6534.8651 -79.612 -55.623  762 
   55536.496700   27070.9585     936.6818   25720.8182     941.8992      -nan  -27070.9585  -25720.8182 -192.270 -137.562  762 
   55927.517400     142.0370       2.9479     142.0370       2.9479      -nan    -142.0370    -142.0370 -21.165 -2.198  762 
   56008.332400     381.4232       3.3969     381.4232       3.3969      -nan    -381.4232    -381.4232 -34.545 -4.484  762 
   56009.322600    2338.6663       3.3581    2338.6663       3.3581      -nan   -2338.6663   -2338.6663 -42.158 -28.423  762 
   56090.363100   -3449.1832       2.9245   -3449.1832       2.9245      -nan    3449.1832    3449.1832 60.239 54.232  762 
   56302.492900    3337.2218       3.4522    3337.2218       3.4522      -nan   -3337.2218   -3337.2218 -49.694 -38.077  762 
