   54533.485600   11533.4885     388.2108   12036.5410     389.2868    0.3337   -3108.0562   -2962.3438 -49.818 -47.204  762 
   54534.499900   11631.1088     560.1413   11757.8532     563.1225    0.4001   -4543.8428   -4245.2653 -41.336 -40.464  762 
   54535.491300    4653.8573     553.7342    6018.0411     561.2317    0.6096    3120.4386    2774.2141 31.013 33.093  762 
   54536.508100    4558.6702     551.2872    6196.7517     559.0725    0.4828    1700.1269    1504.0173 18.823 18.757  762 
   54538.449200    4512.9760     686.0175    5092.0432     690.4534    0.5030    2207.5585    2055.1970 13.943 14.089  762 
   54590.274300    3811.9351     446.1299    5481.4647     452.5173    0.2476   -1139.9305   -1013.9917 -16.271 -16.239  762 
   54591.398100   10077.5275     573.6083   10800.1883     579.4611    0.7109    1785.7039    1619.4775 15.634 16.140  762 
   54912.375400    6867.5288     587.7616    6631.0643     593.3042    0.5226   -1372.1639   -1250.3761 -8.159 -10.522  762 
   55536.496700   12713.7432     803.8763   12830.9554     804.3469    0.0771  -10343.0373  -10162.1274 -55.524 -54.702  762 
   55927.517400    3549.4644     489.9800    4496.1132     498.1475    0.3545    -151.4215    -133.1558 -1.304 -2.050  762 
   56008.332400   -4212.2104     535.1981   -4985.4704     541.4995    0.4818   -1510.9786   -1366.0090 -16.543 -16.003  762 
   56009.322600   -2324.4369     517.8070   -2214.5005     525.3176    0.4267   -1750.8997   -1543.6956 -20.441 -18.870  762 
   56090.363100    3371.5978     485.8230    3255.7453     492.5468    0.3050    2317.7408    2071.4800 34.986 32.044  762 
   56302.492900    1596.1913     560.5356    2526.1372     565.9048    0.3273    2910.7540    2635.2095 28.209 30.388  762 
