   54533.485600  -43399.8135     409.8765  -45263.6467     412.9442    0.6841   -3074.6413   -2858.5720 -51.630 -45.778  762 
   54534.499900  -45443.8744     609.9450  -46536.0954     617.4657    0.7652   -5484.5478   -4867.8312 -48.958 -46.663  762 
   54535.491300  -49029.0786     627.5660  -49057.6953     641.5499    0.7955    3336.1930    2779.4013 34.764 32.779  762 
   54536.508100   -2497.6721       3.2882   -2497.6721       3.2882      -nan    2497.6721    2497.6721 27.876 31.257  762 
   54538.449200  -48125.2712     752.4771  -48798.8420     763.1010    0.7363    4325.0964    3814.6784 22.395 26.167  762 
   54590.274300  -34950.4619     496.1832  -36865.6216     511.3798    0.7401    -478.2076    -404.2507 -9.621 -6.522  762 
   54591.398100  -36155.6315     640.4480  -38113.8923     654.7882    0.6117    3561.4307    3018.8158 28.342 30.241  762 
   54912.375400  -40186.6236     653.7961  -41511.2619     666.5164    0.7482   -2875.4806   -2459.4453 -22.177 -20.657  762 
   55536.496700  -12254.6190     824.9293  -12511.5609     826.2500    0.0286   14051.1707   13582.1195 89.815 73.863  762 
   55927.517400  -10918.7791     543.0413  -11190.9499     560.3379    0.5057     361.3579     302.1928  5.360  4.695  762 
   56008.332400  -12152.9325     594.8306  -12804.9386     608.7484    0.5557    -306.3616    -262.7888 -3.644 -3.047  762 
   56009.322600   -2969.6137     575.0433   -1914.0754     590.3057    0.1823    -822.1317    -685.3074 -8.514 -8.344  762 
   56090.363100   25298.7982     528.0239   26909.3642     543.4317    0.6688     399.7349     342.7424  4.922  5.359  762 
   56302.492900   50407.0243     608.2359   54023.8284     618.6383    0.8495    6630.2283    5732.4633 65.686 66.119  762 
