   54533.485600    2134.6897     381.8609    2089.9747     383.4540    0.1376    1398.6808    1318.2972 17.880 20.811  762 
   54534.499900    3259.8254     525.3580    3720.3358     529.7732    0.1329   -2251.0765   -2036.3488 -22.493 -19.645  762 
   54535.491300     314.0523     527.3568     140.8821     537.4902    0.0499     482.5084     408.7036  4.267  4.512  762 
   54536.508100    2371.9363     518.2987    3896.3489     530.5174    0.2515    -434.0923    -362.6175 -2.556 -4.412  762 
   54538.449200    2664.6662     618.1762    3252.1949     625.1783    0.2603    -237.1373    -211.4965 -0.074 -1.438  762 
   54590.274300  -15253.6146     426.1958  -16070.9931     436.4086    0.7551     456.0551     387.0768  3.433  6.156  762 
   54591.398100  -14468.6571     533.1236  -14373.1132     543.4098    0.7826     437.8989     373.6406  3.842  3.731  762 
   54912.375400    2506.6806     543.1394    2264.4803     551.3914    0.2928     723.2286     629.2372  4.275  5.036  762 
   55536.496700   -3349.8891     746.9958   -3594.1376     747.7151    0.3440   -9179.2482   -8926.2561 -55.913 -51.091  762 
   55927.517400   13402.8419     455.2249   13404.9883     468.1327    0.6449    1284.8430    1073.7727 15.535 16.798  762 
   56008.332400   -3975.2565     514.3472   -3441.9386     522.2720    0.1568     688.0341     605.6139  6.455  6.365  762 
   56009.322600   -7917.3960     489.2049   -8177.6625     499.8521    0.6463     483.6732     407.3865  4.559  4.695  762 
   56090.363100    9412.4131     457.8135   10265.6909     467.6526    0.4663   -1700.4629   -1463.9186 -22.876 -22.837  762 
   56302.492900   -6410.9119     531.1336   -6715.7962     539.3093    0.3086    2463.7340    2146.2983 25.544 24.210  762 
