   54533.485600   -5112.1604     373.1779   -4697.7902     374.6400    0.2057       0.0000       0.0000 -21.374  0.000  762 
   54534.499900    -224.1007     523.0071      43.0724     526.1599    0.1494   -1987.6411   -1856.5547 -34.976 -18.139  762 
   54535.491300   -4677.5202     515.9317   -4474.7494     524.1433    0.4502       0.0000       0.0000 -7.148  0.000  762 
   54536.508100   -4128.9276     507.2131   -3746.5033     517.9868    0.3258       0.0000       0.0000 -5.975  0.000  762 
   54538.449200   -8743.1081     630.1237   -8254.0433     633.9044    0.4483    -477.5220    -446.9597 -43.795 -3.077  762 
   54590.274300  -14444.6994     412.3247  -14642.9326     421.9937    0.7377       0.0000       0.0000  5.589  0.000  762 
   54591.398100  -16078.4458     529.1284  -16349.9559     536.5258    0.8157       0.0000       0.0000 -7.956  0.000  762 
   54912.375400   -1619.5172     540.9204    -969.0428     546.2714    0.2085   -2209.4890   -2024.5985 -41.310 -16.895  762 
   55536.496700   14825.1782     762.2675   15095.2591     762.5168    0.1024  -10844.5389  -10699.5842 -113.506 -59.842  762 
   55927.517400   18567.7677     441.7232   20136.0183     452.9992    0.8048       0.0000       0.0000 -0.638  0.000  762 
   56008.332400   -7528.1649     500.3101   -8993.0319     507.1055    0.5201       0.0000       0.0000 -8.827  0.000  762 
   56009.322600   -7105.0407     477.9107   -7553.5096     487.0673    0.6674       0.0000       0.0000 -9.274  0.000  762 
   56090.363100   -2026.4700     446.6182   -2333.5889     456.2397    0.1644       0.0000       0.0000  6.005  0.000  762 
   56302.492900    6085.1571     520.2484    7156.5547     526.3370    0.4000   -1206.7336   -1097.5893 -27.942 -12.740  762 
