   54533.485600    5667.7837     359.1898    5245.2445     359.8431    0.1719    -957.7510    -928.0573 -11.463 -14.526  762 
   54534.499900    6178.5486     463.7458    5992.3851     465.5099    0.3768   -1746.4475   -1654.7111 -14.555 -15.956  762 
   54535.491300    4587.8738     435.7196    3495.4779     440.9098    0.2061    -824.0531    -746.6312 -8.007 -8.129  762 
   54536.508100    5006.7998     429.1812    4748.4705     435.8021    0.3215   -1410.2216   -1263.0966 -15.278 -15.231  762 
   54538.449200    6243.0029     520.1185    6463.0713     522.6423    0.4932   -1138.0558   -1070.8518 -7.847 -7.254  762 
   54590.274300    1431.5817     358.1195       8.2188     363.9589    0.0340     617.4221     558.6456  7.337  8.800  762 
   54591.398100    3283.6652     441.6801    3216.1029     446.4006    0.2978    -822.4681    -750.0657 -6.645 -7.475  762 
   54912.375400    9614.5760     453.0308    9431.4552     456.4796    0.7503     252.0121     233.3403  1.923  1.841  762 
   55536.496700     780.2271     705.9094     424.4259     706.1071    0.3529  -10769.0862  -10630.4368 -61.571 -61.386  762 
   55927.517400   -4499.2368     380.8382   -6846.0619     389.3468    0.3139    1126.9065     999.4610 15.427 15.578  762 
   56008.332400   -5678.1409     436.7882   -5807.9532     440.2600    0.3854     -99.8637     -92.9778 -0.566 -0.959  762 
   56009.322600   -7086.6019     406.8509   -8048.0545     412.6719    0.6219      14.0134      12.6169  0.621  0.144  762 
   56090.363100   18019.8959     389.2318   18433.0556     394.1545    0.7977    -904.6188    -828.3946 -12.713 -12.849  762 
   56302.492900   -3797.4557     456.3202   -4877.9020     460.4739    0.2268    1651.2345    1522.3637 17.060 17.091  762 
