   54533.485600     854.8463     391.5918     852.6361     395.6384      -nan    -854.8463    -852.6361 -58.948 -14.047  762 
   54534.499900    3915.3587     609.7653    3769.7422     627.3868      -nan   -3915.3587   -3769.7422 -52.834 -36.465  762 
   54535.491300       0.0000       3.2758       0.0000       3.2758      -nan       0.0000       0.0000 -15.107  0.000  762 
   54536.508100       0.0000       3.2364       0.0000       3.2364      -nan       0.0000       0.0000 -22.891  0.000  762 
   54538.449200    6045.6438     794.4793    5614.3154     826.8034      -nan   -6045.6438   -5614.3154 -80.315 -39.010  762 
   54590.274300     346.9405       2.8308     346.9405       2.8308      -nan    -346.9405    -346.9405 -24.214 -5.716  762 
   54591.398100    1884.6835       3.6550    1884.6835       3.6550      -nan   -1884.6835   -1884.6835 -39.535 -19.111  762 
   54912.375400    1826.6879     661.1145    1700.1106     691.4838      -nan   -1826.6879   -1700.1106 -39.612 -14.659  762 
   55536.496700   23627.8027     871.7464   23106.6946     878.8217      -nan  -23627.8027  -23106.6946 -165.012 -123.674  762 
   55927.517400       0.0000       2.9129       0.0000       2.9129      -nan       0.0000       0.0000 -9.219  0.000  762 
   56008.332400      57.2881       3.3139      57.2881       3.3139      -nan     -57.2881     -57.2881 -21.046 -0.705  762 
   56009.322600    1516.9603       3.2791    1516.9603       3.2791      -nan   -1516.9603   -1516.9603 -29.631 -19.289  762 
   56090.363100   -3451.3633       2.9045   -3451.3633       2.9045      -nan    3451.3633    3451.3633 58.348 54.686  762 
   56302.492900     128.8769       3.3714     128.8769       3.3714      -nan    -128.8769    -128.8769 -27.906 -1.530  762 
