   54533.485600   -9202.3965     369.4861   -9208.6965     370.4712    0.3814   -1377.1770   -1322.5935 -55.682 -21.481  762 
   54534.499900     664.4743     515.1549     400.7082     517.4943    0.2409   -5722.8984   -5365.3825 -55.662 -51.619  762 
   54535.491300    -441.2205     147.3417   -4739.5729     494.8230    0.2871       0.0000       0.0000 -3.806  0.000  762 
   54536.508100    -516.0180     146.0015   -5518.7469     496.5167    0.3106       0.0000       0.0000 -10.795  0.000  762 
   54538.449200   -6279.7740     607.3983   -5822.5881     611.0718    0.2268   -1017.6023    -946.8211 -28.838 -6.557  762 
   54590.274300   32467.3397     162.0194  -11598.2107     408.2711    0.6397  -34610.6390   -1339.0385 -33.004 -21.780  762 
   54591.398100    3475.8292     283.8977   -7028.2269     516.4689    0.3784   -5691.9430    -475.0671 -17.601 -4.792  762 
   54912.375400   -4054.5421     518.8604   -4493.5657     523.6624    0.2741       0.0000       0.0000 -13.980  0.000  762 
   55536.496700   -4235.8604     771.9602   -3950.8538     772.2250    0.3440  -15084.9238  -14877.1435 -103.714 -79.668  762 
   55927.517400    1329.5193     159.2658    -193.9746     444.3918    0.0256   -1417.9792     -63.4539 -17.159 -0.988  762 
   56008.332400    1017.4893     137.4155   -4183.7651     479.0272    0.3647   -1364.8532     -88.4156 -13.252 -1.077  762 
   56009.322600   10337.0101     153.1795    1568.0779     461.8615    0.1005  -10302.8657    -585.2855 -17.170 -7.368  762 
   56090.363100  -63745.6528     166.8088    1464.0694     443.6115    0.2403   64490.9369    2740.3652 51.124 42.963  762 
   56302.492900    -354.7340     136.6193   -4232.0648     509.4529    0.3092       0.0000       0.0000 -11.509  0.000  762 
