   54533.485600    9771.7098     348.7660   10113.3466     349.3069    0.3916    -490.0205    -475.7461 -8.554 -7.824  762 
   54534.499900   12141.2237     462.0482   12205.2567     463.4069    0.6549   -3292.7734   -3144.6145 -38.829 -30.161  762 
   54535.491300   10455.8639     413.0115   10752.7217     417.8582    0.8092    1539.0677    1395.5811  9.074 16.995  762 
   54536.508100   12716.5338     410.4208   13245.0636     416.3887    0.8075    1013.0716     915.1037 -0.094 11.836  762 
   54538.449200   13947.1499     512.6915   13913.9885     514.7436    0.9132    2291.0977    2177.8330 11.430 15.027  762 
   54590.274300   -2795.0147     346.1848   -3169.8960     351.4445    0.2717    -286.9339    -260.9786 -5.640 -4.366  762 
   54591.398100   -4806.5766     435.4310   -5108.6090     439.4603    0.2671    1925.5534    1774.4172 14.768 17.909  762 
   54912.375400   13462.5845     429.0968   13643.5023     432.3211    0.8759     102.0564      94.7796 -18.939  0.833  762 
   55536.496700   -6166.6146     740.1644   -6162.4407     740.2561    0.1019    3460.4579    3435.8716 23.887 18.045  762 
   55927.517400   -1788.0891     375.0310   -1675.8509     381.3464    0.2413    -105.8554     -95.1389  2.932 -1.498  762 
   56008.332400   -1416.8820     402.3578   -1402.1913     407.0038    0.2833   -1409.1464   -1294.9576 -15.652 -16.140  762 
   56009.322600   -1013.8909     387.1538    -911.0227     392.6467    0.2831   -1116.9776   -1004.7005 -13.781 -12.714  762 
   56090.363100    8765.6402     380.5121    8755.4179     385.4064    0.6515    2384.7089    2192.2213 36.636 35.229  762 
   56302.492900   -2841.9852     444.8356   -2574.2802     448.0590    0.0509    2296.4859    2129.7318 30.989 24.875  762 
