   54533.485600   24817.2152     360.3957   25487.3355     361.2387    0.7340   -1432.1344   -1381.1868 -19.345 -22.228  762 
   54534.499900   20771.7713     486.0847   21152.9678     488.1253    0.7486   -6744.8894   -6364.2688 -58.554 -60.610  762 
   54535.491300   18631.1314     447.9020   19801.3461     454.4949    0.9021    3601.7105    3209.3981 37.982 38.502  762 
   54536.508100   22611.9658     445.6791   24853.7041     453.2488    0.8760    2390.5059    2124.6802 27.247 26.910  762 
   54538.449200   17138.1230     552.0606   17649.4312     555.0170    0.9433    4643.0583    4345.7926 30.234 29.802  762 
   54590.274300    7696.2587     372.7218    9337.9238     379.3663    0.5543    -790.6982    -708.4592 -13.137 -11.550  762 
   54591.398100    7407.3725     469.1460    7976.3976     474.4000    0.7388    2405.3313    2184.0590 22.136 21.835  762 
   54912.375400   10200.5454     469.1797   10536.0944     473.8602    0.8678    2129.7902    1939.6081 16.165 16.697  762 
   55536.496700   14041.2964     752.4546   14192.3127     752.6114    0.0905  -11437.3811  -11311.2855 -62.563 -59.829  762 
   55927.517400   -7329.5826     408.0274   -7786.9761     417.3761    0.7359    -224.4907    -197.2823 -4.020 -3.052  762 
   56008.332400    2034.6809     437.1424    1960.2256     443.5714    0.1482    -667.4844    -603.3994 -9.230 -7.308  762 
   56009.322600    3185.8809     421.6072    3459.2856     429.1497    0.2769   -1433.5823   -1265.1992 -16.238 -15.681  762 
   56090.363100    3514.2005     410.8530    3608.9298     417.9705    0.3995    2274.8774    2050.8660 31.349 32.185  762 
   56302.492900   -3654.2651     475.9216   -3300.0763     480.7452    0.0238    3365.5070    3062.6691 33.471 35.353  762 
