   54533.485600    3299.1573     376.8450    3123.7115     377.9071    0.1681     750.2917     716.1314 36.084 11.358  762 
   54534.499900    2773.8055     519.2970    2613.5882     522.7912    0.0312   -3280.3249   -3019.3669  1.406 -29.234  762 
   54535.491300    3483.9974     515.0017    3565.5556     523.3168    0.4728    2428.4009    2114.2516 53.385 23.680  762 
   54536.508100    3065.3010     507.0092    3383.6402     516.1020    0.4521    1889.9580    1632.9142 51.203 19.915  762 
   54538.449200    5275.2025     613.2114    5579.0106     619.2286    0.6809    3016.2111    2737.8031 41.782 18.687  762 
   54590.274300  -15409.8179     416.7876  -16660.9966     424.5797    0.6925     839.7471     734.8876 31.834 11.687  762 
   54591.398100  -22155.5270     525.8480  -23165.2823     534.1747    0.8518    2212.3058    1935.5617 37.715 19.398  762 
   54912.375400   -6324.5617     539.7320   -6286.9748     546.6734    0.5624     978.7022     870.4396 16.659  6.959  762 
   55536.496700  -13268.0726     745.9478  -13467.2974     746.6055    0.5418   -6509.1040   -6354.6518 -38.684 -36.465  762 
   55927.517400    3134.5912     445.9210    2748.8642     455.4388    0.3231     969.0797     836.2287 28.822 13.134  762 
   56008.332400     858.4584     506.1090     780.1467     512.5421    0.1639     992.7835     894.2352  0.520  9.449  762 
   56009.322600    3434.0316     477.7938    3121.3499     486.0228    0.3599     281.1469     244.1206 -7.290  2.837  762 
   56090.363100   -8841.4450     451.3160   -9850.4609     458.5877    0.5120   -1845.3438   -1630.9804 -25.108 -25.429  762 
   56302.492900    6549.1557     519.4790    6860.6754     525.4962    0.6407    2343.8015    2093.5125 39.811 23.834  762 
