   54533.485600   -9883.1314     362.7723   -9718.8847     363.1698    0.4599   -2277.8866   -2217.9443 -32.817 -36.009  762 
   54534.499900  -12198.2865     502.1520  -12137.2340     503.2119    0.7706   -7549.5457   -7219.5111 -72.908 -69.839  762 
   54535.491300  -13577.1837     479.1243  -13583.1046     481.8665    0.8272    1962.5760    1818.5318 21.604 21.092  762 
   54536.508100   -7639.5071     470.2831   -7552.5589     473.9725    0.6592    1454.9358    1338.5645 17.543 16.878  762 
   54538.449200   -1787.3815     593.6780   -1640.6757     595.1292    0.1683    3178.8471    3028.7111 20.570 20.789  762 
   54590.274300  -10088.1928     382.5787   -9920.0702     385.6638    0.6930    -794.1305    -737.4014 -13.394 -12.116  762 
   54591.398100  -15041.7862     495.2631  -14937.5309     497.7920    0.8185    2074.2003    1933.0535 20.264 19.510  762 
   54912.375400   -5009.1105     506.4920   -4926.0007     508.5050    0.6745   -2544.7497   -2389.1578 -18.098 -20.040  762 
   55536.496700   -4911.0148     755.3656   -5025.0037     755.5071    0.5858  -15309.7663  -15138.6942 -83.760 -83.423  762 
   55927.517400   -1482.3544     412.7065   -1527.1668     416.6265    0.1724     -73.8250     -68.0777 -1.241 -1.079  762 
   56008.332400   -1293.5461     465.3174   -1527.3826     467.6501    0.1768      17.5353      16.4825 -0.945  0.188  762 
   56009.322600     348.7645     441.5785     370.1154     444.5672    0.0538    -796.6106    -736.2574 -9.408 -8.914  762 
   56090.363100    4499.1962     415.9163    4814.9375     418.8499    0.4128    1017.7125     951.1291 13.052 15.198  762 
   56302.492900  -10238.2464     492.4644  -10210.3014     494.6163    0.6894    2350.7367    2206.6207 23.114 25.468  762 
