   54533.485600      -0.0010       2.8854     -13.8714       3.3057    0.0047       0.0000       0.0000 -44.592  0.000  762 
   54534.499900    -549.5937     467.2543    -531.2267     468.5689    0.5158   -9567.6205   -9134.3264 -86.694 -88.033  762 
   54535.491300   -1391.0224     423.0984   -1349.4184     427.7520    0.1183     535.2618     487.0430  6.696  5.863  762 
   54536.508100   -2621.5421     426.4549   -3019.7414     432.0763    0.2588    1180.3610    1069.9980 13.749 13.256  762 
   54538.449200   -2507.2856     524.0808   -2503.9914     526.1431    0.0149    2534.4415    2398.2887 15.509 16.509  762 
   54590.274300   -7679.5030     358.2462   -8360.1458     362.9785    0.7051   -1997.0317   -1829.5442 -29.650 -29.025  762 
   54591.398100   -7081.1705     443.7775   -7594.1302     447.4340    0.6461    1206.8991    1114.0522 10.527 11.178  762 
   54912.375400   -8323.3731     453.9794   -8552.2279     456.9221    0.8351   -1716.2810   -1595.6827 -12.565 -13.134  762 
   55536.496700    4485.7546     724.2667    4452.9432     724.3787    0.0335   -3610.6917   -3576.4902 -18.072 -19.763  762 
   55927.517400   -3532.8351     381.3839   -3950.2335     387.7054    0.4234      91.0735      82.5481  0.659  1.281  762 
   56008.332400     502.9290     422.7485     778.7955     426.0616    0.0496    -427.8941    -397.7630 -5.027 -4.549  762 
   56009.322600    1734.2417     397.8086    1917.9392     402.5857    0.1828    -704.6559    -641.0548 -9.062 -7.807  762 
   56090.363100    1379.7409     392.7400    1238.9377     397.1852    0.2028     636.8558     589.9036  7.253  9.077  762 
   56302.492900    1120.2819     448.7327    1141.8459     451.8589    0.2358     987.4157     920.1317  8.341 10.732  762 
