   54533.485600  -16851.0212     383.6288  -17003.6445     384.2442    0.5846     201.1620     192.5641  7.032  3.054  762 
   54534.499900  -22344.5998     541.9781  -22235.3281     544.0557    0.8314   -2874.7910   -2700.3726 -26.895 -26.195  762 
   54535.491300  -26119.2400     546.0206  -25682.5178     551.1735    0.8700     707.7882     636.4913 11.507  7.189  762 
   54536.508100  -26325.9908     537.8515  -25964.6176     543.0764    0.8858    1223.6698    1091.2930 17.892 13.367  762 
   54538.449200  -23928.9403     663.4340  -23632.2661     667.1901    0.9106    1885.4456    1762.4431 15.090 12.083  762 
   54590.274300   11603.0276     428.4980   12009.3196     431.8677    0.6719     592.1074     535.0990  8.141  8.504  762 
   54591.398100   11728.3188     547.9884   12226.5804     551.7454    0.7519    1736.2744    1595.3030 13.997 16.042  762 
   54912.375400    8684.6541     573.1182    9475.4697     576.6800    0.5632      60.2555      55.8242  0.930  0.449  762 
   55536.496700   -9591.7317     768.7265   -9585.3707     769.2137    0.2519    1073.9551    1055.4058  8.510  6.060  762 
   55927.517400    1264.6970     466.4572     967.2039     471.2261    0.1343     841.8715     747.7043 19.334 11.739  762 
   56008.332400    2841.8286     528.5076    2940.1186     531.4440    0.3258    1097.3146    1023.4066 11.035 10.910  762 
   56009.322600    1607.8863     501.4062    1542.8414     505.7161    0.3328    1173.4709    1058.2511 11.297 12.403  762 
   56090.363100   -1505.4545     467.0777   -1177.5117     470.5783    0.2391   -2793.5307   -2529.2183 -38.296 -39.482  762 
   56302.492900   -4518.7648     542.4405   -4321.1565     545.6937    0.2473    1264.6764    1160.8196 13.965 13.306  762 
