   54533.485600  -55801.1163     366.7370  -56831.3400     367.4010    0.8709   -2022.1801   -1958.4493 -32.847 -31.134  762 
   54534.499900  -54957.9581     500.2348  -55970.7718     501.7995    0.9193   -6175.1768   -5887.9992 -55.208 -56.084  762 
   54535.491300  -54342.4925     473.4967  -55937.8524     477.9079    0.9205    1973.3508    1807.4875 23.144 20.880  762 
   54536.508100  -55427.3821     468.1082  -57988.7990     474.0241    0.9060    1112.3934    1010.2787 14.983 12.587  762 
   54538.449200  -57853.4528     585.1647  -58610.5672     587.3259    0.9380    1284.2384    1220.3326  8.619  8.308  762 
   54590.274300  -40031.2971     381.3345  -42259.4831     385.9126    0.8833   -1244.4244   -1143.8091 -18.212 -18.441  762 
   54591.398100  -41114.1672     486.5604  -42414.3859     490.0055    0.9032    1495.4504    1391.1830 14.542 13.849  762 
   54912.375400  -65457.9739     498.7314  -67061.2843     502.0048    0.9338    -985.8974    -918.5981 -6.762 -7.712  762 
   55536.496700  -72812.4776     758.9252  -73046.8224     759.0833    0.9251  -19391.3244  -19192.0044 -95.389 -103.651  762 
   55927.517400  -15032.9425     408.1853  -15863.8261     413.1330    0.8401    -293.9362    -269.9396 -7.846 -4.171  762 
   56008.332400   14397.5468     446.1244   14550.5016     448.5888    0.7969    -941.2375    -891.4492 -10.821 -10.266  762 
   56009.322600   16815.1060     424.6935   17487.7335     427.7230    0.8382   -1406.7995   -1311.3245 -16.642 -15.768  762 
   56090.363100  -13704.7640     412.9466  -14416.0612     416.8394    0.7144    2464.5714    2292.2720 36.398 35.825  762 
   56302.492900 -104957.2059     499.1232 -108851.6246     503.4912    0.9152     690.8827     636.5050  5.999  7.242  762 
