   54533.485600    3043.2350     358.4686    2774.4057     359.4989    0.2772    3957.0712    3802.6039 55.469 59.923  762 
   54534.499900    3693.3911     460.3471    3234.1423     463.3384    0.3863    1751.8394    1630.5185 14.009 15.851  762 
   54535.491300    3364.0117     429.8874    2188.8318     438.5934    0.3015    2462.5504    2152.4013 22.237 24.055  762 
   54536.508100    4087.5405     427.7203    2060.7864     438.9881    0.1959    1405.2295    1215.9128 17.167 14.658  762 
   54538.449200    3984.8131     508.2660    3695.3719     513.1394    0.5819    1738.6275    1593.1469 11.021 10.886  762 
   54590.274300   15435.9977     357.1492   14253.4198     365.7310    0.6767     917.2757     813.6671 14.871 12.752  762 
   54591.398100   17457.7974     434.0188   17287.2999     441.5288    0.9059    1650.5840    1464.3876 14.591 14.688  762 
   54912.375400   18157.0271     446.2400   18996.8611     451.5735    0.9104    1434.2481    1296.5144 10.268 10.148  762 
   55536.496700   -9977.1130     696.0878  -10315.0368     696.4431    0.1463    5936.2425    5830.5125 31.403 34.174  762 
   55927.517400   14794.7431     377.2821   15210.0716     389.0609    0.7192     733.9844     634.4525 10.777  9.960  762 
   56008.332400    2191.4468     433.8986    3960.5125     438.7112    0.2157     772.0273     703.3682  7.954  7.236  762 
   56009.322600   -3246.1176     404.1122   -3650.5919     413.2198    0.3372     531.8347     462.5898  4.882  5.323  762 
   56090.363100   -2958.5886     395.9042   -4319.0805     404.5419    0.2747   -1953.7073   -1735.9033 -28.269 -26.786  762 
   56302.492900     593.3347     451.9611    -254.6351     458.5765    0.0489    1004.7573     902.0378 12.515 10.303  762 
