   54533.485600   -1666.5676     357.0281   -1790.5686     357.5391    0.1242    -979.2333    -954.3281 -20.033 -15.431  762 
   54534.499900    1008.7980     483.8041     845.0232     484.9972    0.0092    -757.8375    -729.1944 -9.240 -6.939  762 
   54535.491300   -1085.1002     437.1850   -1081.5566     441.4908    0.1617    -124.6995    -115.0390 -1.509 -1.434  762 
   54536.508100    -941.7152     439.7608   -1005.1907     444.4151    0.2921   -1345.0240   -1240.5933 -18.068 -15.806  762 
   54538.449200   -1414.4343     555.0905   -1484.2152     557.1042    0.1097     601.9868     576.1497  3.166  3.969  762 
   54590.274300  -26226.7179     369.2719  -27925.6430     373.8645    0.8584    -937.5988    -863.6544 -15.833 -14.049  762 
   54591.398100  -25463.1019     469.3760  -26543.8906     472.8314    0.8893   -2470.2291   -2304.6776 -26.284 -23.068  762 
   54912.375400  -17380.1903     468.7176  -18525.5630     471.9379    0.7240    1141.2088    1068.6666  8.348  9.299  762 
   55536.496700  -13508.7718     761.9153  -13449.5810     762.0444    0.6252  -11356.9911  -11274.4247 -60.082 -58.746  762 
   55927.517400     -25.6599     396.4938     135.5151     401.4354    0.0876    -830.5095    -767.1568 -13.290 -11.808  762 
   56008.332400   -3098.5136     424.8373   -3397.7086     428.7088    0.4823   -1638.8506   -1529.0930 -22.010 -19.221  762 
   56009.322600   -1660.8718     409.4342   -1559.7806     413.6821    0.3750   -1508.9592   -1389.5007 -19.173 -17.615  762 
   56090.363100    4419.7203     401.6773    4558.3162     405.3211    0.4667    4363.8479    4086.7244 66.807 63.643  762 
   56302.492900    -575.3215     464.9890    -367.7125     467.5520    0.1298   -1064.6813   -1002.1944 -14.146 -11.722  762 
