   54533.485600    2938.4505     350.9017    2924.1003     354.7583      -nan   -2938.4505   -2924.1003 -55.920 -49.857  762 
   54534.499900   11901.7933     502.1353   11286.6889     516.2372      -nan  -11901.7933  -11286.6889 -108.977 -111.435  762 
   54535.491300   -1741.8816     452.6967   -1601.1755     483.5463      -nan    1741.8816    1601.1755 19.021 20.341  762 
   54536.508100    -805.1386       3.1977    -805.1386       3.1977      -nan     805.1386     805.1386 10.154 10.621  762 
   54538.449200   -1005.6636     597.5856    -925.2687     619.6348      -nan    1005.6636     925.2687  5.129  6.499  762 
   54590.274300    2084.9922     358.1960    2008.9891     381.1553      -nan   -2084.9922   -2008.9891 -34.602 -34.294  762 
   54591.398100    -407.8730     486.0761    -377.1290     514.0430      -nan     407.8730     377.1290  3.090  3.905  762 
   54912.375400     704.4900     497.3309     646.3916     524.0689      -nan    -704.4900    -646.3916 -7.343 -5.664  762 
   55536.496700   23144.0920     770.2106   22708.4635     772.3533      -nan  -23144.0920  -22708.4635 -129.242 -122.918  762 
   55927.517400     225.0554       2.8663     225.0554       2.8663      -nan    -225.0554    -225.0554 -6.713 -3.680  762 
   56008.332400    1148.6591     432.4152    1105.5374     464.7995      -nan   -1148.6591   -1105.5374 -13.174 -13.875  762 
   56009.322600    1859.5270     421.8052    1713.6462     450.5869      -nan   -1859.5270   -1713.6462 -21.129 -22.292  762 
   56090.363100   -2503.9829     390.0167   -2454.0807     411.7946      -nan    2503.9829    2454.0807 40.585 40.369  762 
   56302.492900   -2432.2733     476.8441   -2286.7279     497.5436      -nan    2432.2733    2286.7279 28.569 27.754  762 
