   54533.485600  -63919.4836     381.3991  -66503.4040     383.6045    0.8476   -1719.3239   -1617.0697 -30.974 -26.264  762 
   54534.499900  -63378.4739     535.0564  -65098.2122     539.9805    0.9059   -3230.6639   -2949.7731 -28.688 -28.755  762 
   54535.491300  -65959.8619     538.0352  -69263.2911     549.4647    0.9049   -3583.5262   -3086.1863 -43.642 -35.000  762 
   54536.508100  -62530.8100     526.8648  -66031.9979     541.9346    0.9099   -3408.4673   -2884.9849 -42.199 -36.201  762 
   54538.449200  -66529.0454     642.7333  -67328.4102     649.0262    0.9533   -5893.9427   -5368.9796 -38.975 -36.837  762 
   54590.274300  -27516.9841     421.7413  -29787.0889     433.7486    0.8391   -1889.3322   -1630.9143 -40.858 -26.820  762 
   54591.398100  -27900.2806     537.6386  -28769.8428     547.4041    0.8802   -4141.9977   -3635.1804 -48.696 -36.864  762 
   54912.375400  -47048.8071     554.0533  -48793.3528     562.1962    0.9033   -2905.6718   -2587.4190 -23.434 -21.358  762 
   55536.496700  -51552.8025     762.4185  -51526.6389     762.9370    0.8813  -11443.2975  -11200.5333 -61.782 -63.208  762 
   55927.517400   -2595.7160     452.6320   -3914.8672     467.3346    0.2488     291.6218     249.3668  1.616  3.993  762 
   56008.332400   -9218.6911     510.0286  -10910.3316     518.4233    0.5208    1073.6377     963.1308 13.247 10.609  762 
   56009.322600  -10742.9054     485.8831  -11692.8614     496.9214    0.7167     585.3627     506.3518  9.188  6.037  762 
   56090.363100   25085.7998     448.6875   27504.9445     458.8782    0.7421   -1169.6136   -1029.2049 -20.949 -16.569  762 
   56302.492900    4397.9485     527.3340    4973.7573     535.0745    0.1023   -3792.0210   -3391.0908 -45.273 -39.070  762 
