   54533.485600   12804.6028     404.1923   13220.6930     405.2197    0.4572    -140.2331    -132.4865 -4.770 -2.098  762 
   54534.499900   14328.2991     597.1691   14531.3297     600.2879    0.6459    -635.7223    -582.2741 -5.569 -5.550  762 
   54535.491300    9952.2318     609.7327   10522.2206     616.0328    0.7158    2832.4466    2467.6670 29.882 28.868  762 
   54536.508100    2225.1271     604.8798    2450.8582     612.2145    0.3625    2145.7136    1851.2616 23.361 22.930  762 
   54538.449200    4625.2781     742.5903    4525.0864     747.6167    0.4815    3294.6324    3007.5632 19.977 20.520  762 
   54590.274300    3002.2935     484.8380    3516.9836     490.2372    0.2643     539.8505     472.3706  8.163  7.529  762 
   54591.398100    1742.8728     627.0430    2050.1886     633.0533    0.3318    3347.9020    2956.5814 27.069 29.418  762 
   54912.375400    4261.6019     642.2574    3912.9581     647.8070    0.0284   -3976.8357   -3547.0481 -29.501 -29.523  762 
   55536.496700   14521.3790     823.9455   14629.1126     824.5837    0.2705   -4426.6519   -4319.7560 -22.725 -23.443  762 
   55927.517400     584.8444     534.5269     435.0733     541.5071    0.0830     597.4647     516.2076  9.005  7.939  762 
   56008.332400   -5066.3721     587.2314   -5679.3137     593.2739    0.4826    -841.9025    -745.6589 -7.867 -8.558  762 
   56009.322600    2081.1026     566.9764    2004.3690     573.4687    0.0869   -1350.7968   -1168.7347 -13.068 -14.083  762 
   56090.363100    3464.5304     524.1953    3863.1173     529.7788    0.2087     676.5706     596.6164  9.705  9.221  762 
   56302.492900    2092.6894     605.8627    2023.2120     610.9813    0.4858    5908.3955    5240.0939 57.222 59.967  762 
