   54533.485600   12907.3416     348.8682   12959.3436     348.9559    0.5623    1687.6012    1671.6746 21.817 27.079  762 
   54534.499900   11997.9050     470.6169   12090.6166     470.8258    0.7490     521.9881     516.2349  6.071  4.928  762 
   54535.491300    9850.5042     418.2022   10014.6408     419.0770    0.8207    3094.3676    3009.0977 37.246 36.553  762 
   54536.508100   10947.4838     416.3973   11118.2711     417.3758    0.7892     948.2232     920.8814 12.594 11.751  762 
   54538.449200    9071.5951     544.8133    9145.5746     545.1168    0.8285    3791.9713    3754.9120 26.079 25.866  762 
   54590.274300    9394.6965     343.6958    9537.7421     344.5432    0.7175    -496.6106    -481.7121 -4.319 -7.906  762 
   54591.398100   10269.7667     445.1558   10383.4101     445.7308    0.8238     922.2405     905.0700  9.933  9.082  762 
   54912.375400     530.7747     452.1248     525.0464     452.7275    0.3661    3224.6825    3158.3975 28.508 27.426  762 
   55536.496700   -1073.3437     756.8819   -1115.8302     756.9002    0.1463   -3170.7628   -3165.0535 -17.166 -16.688  762 
   55927.517400    1482.4831     375.0804    1553.0576     376.2255    0.0997    -369.8249    -356.3569 -7.364 -5.531  762 
   56008.332400   -3516.1239     410.3621   -3576.8898     411.1548    0.3917    -883.0023    -859.5906 -8.310 -10.561  762 
   56009.322600   -3857.2191     393.3332   -3940.5703     394.3985    0.4820    -723.0349    -696.6701 -8.060 -8.739  762 
   56090.363100    7934.7487     381.7720    7847.9041     382.6664    0.7106    1727.1465    1677.1699 23.859 26.469  762 
   56302.492900    7037.5715     448.5333    7163.9866     449.0533    0.6385     840.7465     822.4703  9.486  9.566  762 
