   54533.485600  -20875.9533     373.0350  -21851.4900     374.9466    0.6349    -419.3524    -396.9203 -5.853 -6.337  762 
   54534.499900  -18462.7942     509.2144  -19335.2138     513.6254    0.8165      18.9813      17.4885  2.795  0.165  762 
   54535.491300  -21482.7741     485.1953  -22762.2606     498.1111    0.8545    1539.0684    1317.6856 18.882 15.538  762 
   54536.508100  -17106.8641     479.6781  -18566.7838     495.1859    0.6883     724.8451     616.6677 10.866  7.804  762 
   54538.449200  -18605.1653     584.6166  -19058.7524     590.9945    0.8093    1120.1926    1025.5487  7.705  6.993  762 
   54590.274300   -2449.3409     394.0794   -3182.1162     406.2437    0.2358   -1389.0873   -1203.9854 -16.850 -19.656  762 
   54591.398100   -2055.5660     495.8953   -3008.2422     505.7255    0.1862     440.8388     389.6707  6.212  3.872  762 
   54912.375400    -842.5590     492.4550    -371.6652     501.0361    0.0183     186.7330     166.0170  2.157  1.441  762 
   55536.496700  -22704.8426     767.3782  -22963.3200     767.7753    0.5497    1366.7805    1345.4475  9.422  7.032  762 
   55927.517400  -27116.6448     435.7186  -30315.7429     451.6584    0.8728    -426.6368    -361.6432 -7.357 -5.547  762 
   56008.332400    5760.6641     456.9035    6821.3234     467.3686    0.3564   -1714.0753   -1518.1534 -20.612 -18.455  762 
   56009.322600    6626.9186     444.5279    7094.9546     456.8186    0.4714   -1902.0144   -1632.7197 -19.905 -20.109  762 
   56090.363100    7672.2153     430.2412    6580.6476     442.2575    0.4525    4661.3797    4076.3726 59.408 64.014  762 
   56302.492900  -44152.1290     506.7174  -45770.9034     515.9504    0.9415   -1731.9684   -1529.3941 -13.970 -17.434  762 
