   54533.485600   -1010.4582     396.3244    -924.8034     403.7156      -nan    1010.4582     924.8034 20.388 14.448  762 
   54534.499900    4024.1518     547.8677    3463.8220     565.2829      -nan   -4024.1518   -3463.8220 -31.603 -33.312  762 
   54535.491300   -4178.6792     552.9526   -3253.9005     590.2615      -nan    4178.6792    3253.9005 39.893 36.204  762 
   54536.508100   -2624.1666       3.3523   -2624.1666       3.3523      -nan    2624.1666    2624.1666 36.950 31.618  762 
   54538.449200   -5528.2677     638.6932   -4671.4463     662.4468      -nan    5528.2677    4671.4463 34.043 31.764  762 
   54590.274300   -1942.9020     443.0532   -1553.1330     482.1059      -nan    1942.9020    1553.1330 25.204 24.290  762 
   54591.398100   -4350.5717     553.8173   -3471.6029     589.9853      -nan    4350.5717    3471.6029 37.179 34.531  762 
   54912.375400    -706.7975     565.6551    -579.6604     593.6322      -nan     706.7975     579.6604  4.568  4.592  762 
   55536.496700    1924.8597     754.9775    1848.4552     757.4074      -nan   -1924.8597   -1848.4552 -9.216 -10.607  762 
   55927.517400    -921.7608       2.9422    -921.7608       2.9422      -nan     921.7608     921.7608 17.767 14.277  762 
   56008.332400   -1260.9340     534.9249   -1049.4612     565.4564      -nan    1260.9340    1049.4612 13.883 10.970  762 
   56009.322600    -604.5874     508.4256    -474.3202     548.3717      -nan     604.5874     474.3202  4.728  5.459  762 
   56090.363100    2044.5377     478.8882    1663.1178     518.3153      -nan   -2044.5377   -1663.1178 -25.686 -25.531  762 
   56302.492900   -4061.5254     550.3076   -3340.7781     581.6686      -nan    4061.5254    3340.7781 35.405 37.763  762 
