   54533.485600  101502.1277     350.4328  102866.7641     350.6073    0.8201    -598.3592    -588.7290 -4.650 -9.430  762 
   54534.499900  104459.1629     465.8534  105756.3208     466.3357    0.9170    -186.1392    -181.5640  0.007 -1.713  762 
   54535.491300  103968.4124     409.5046  107158.6797     411.1737    0.8966    3663.4471    3469.3414 43.982 42.322  762 
   54536.508100  100885.4158     410.5864  104667.4048     412.4545    0.8734    2322.3684    2196.4352 27.131 27.890  762 
   54538.449200  103828.9149     524.1520  105293.8135     525.4331    0.9597    5494.0664    5322.5605 37.665 36.473  762 
   54590.274300   98736.2193     342.5317  102856.5808     343.9736    0.8334      58.9999      56.1268  1.700  0.913  762 
   54591.398100   99645.9057     436.8225  101992.2424     438.0910    0.9170    1888.5571    1810.4370 16.600 17.991  762 
   54912.375400   78172.8352     439.0808   80291.1256     440.7226    0.9134    3535.6379    3368.7831 30.156 29.434  762 
   55536.496700   58455.6141     755.3925   58548.3091     755.5672    0.8612   -8729.2315   -8669.3450 -38.739 -44.782  762 
   55927.517400   19359.6027     390.0897   20627.5617     394.5904    0.7383    -425.2990    -389.9447 -7.890 -5.952  762 
   56008.332400   -8134.5273     420.5673   -8498.8733     425.0120    0.7079    -417.1675    -384.9394 -6.090 -4.811  762 
   56009.322600   -7173.6847     407.5480   -7258.9490     412.3651    0.6178    -365.3276    -330.7537 -5.076 -4.152  762 
   56090.363100    -863.6753     399.5795   -1155.6798     403.8311    0.0011    1264.2433    1173.0417 19.889 18.264  762 
   56302.492900  -42344.0938     470.5720  -43543.4652     474.2887    0.8813    1612.6202    1489.9927 14.435 17.194  762 
