   54533.485600 -270454.3507     376.2460 -278374.1953     377.3744    0.8420     638.7599     607.7735  8.333  9.817  762 
   54534.499900 -281409.1496     524.9345 -285468.1948     527.7993    0.9291   -2630.0993   -2416.8990 -25.040 -23.690  762 
   54535.491300 -278710.8972     518.3968 -286129.5226     524.9386    0.9039     477.3630     415.2954  3.589  4.861  762 
   54536.508100 -272184.5052     515.9999 -284774.4068     524.6279    0.8862    1414.2674    1217.2079 13.411 15.096  762 
   54538.449200 -283635.1416     624.9007 -285553.2911     629.4318    0.9562    2332.1548    2122.1615 13.737 14.685  762 
   54590.274300 -230320.7919     414.5273 -242497.9484     420.0731    0.8530     571.7959     505.6843  5.953  8.109  762 
   54591.398100 -244298.2233     524.5293 -249140.9275     529.8844    0.9216    1979.6622    1754.6054 17.218 17.831  762 
   54912.375400 -160816.1666     529.4312 -161683.9093     532.6391    0.9300   -2606.7241   -2378.3648 -20.356 -19.257  762 
   55536.496700  -50954.8327     735.1391  -51024.8209     735.3304    0.7755   14382.3874   14178.3301 79.482 81.605  762 
   55927.517400  -10774.7050     401.8872  -11353.0431     403.7943    0.6530     242.4695     225.1140  2.493  3.582  762 
   56008.332400    4506.3376     462.0258    4559.2307     463.3089    0.5607    1703.3189    1612.8108 16.116 17.577  762 
   56009.322600    1502.9698     430.5737    1335.8538     432.1819    0.3807    1587.0312    1480.1937 17.344 17.752  762 
   56090.363100    2556.8597     409.6266    2575.0973     410.8451    0.0162   -2515.0615   -2374.7522 -38.288 -37.335  762 
   56302.492900   -3101.9116     476.4332   -3427.1016     477.6093    0.1783     513.0618     485.2844  5.805  5.684  762 
