   54533.485600     945.5932     379.7436    1517.4204     380.7839    0.0440    -500.7802    -481.1566 -10.526 -7.783  762 
   54534.499900    4205.6921     544.3374    4401.0393     546.6735    0.2208   -1358.6012   -1288.1172 -11.613 -12.449  762 
   54535.491300    3570.6757     534.8612    4215.8756     541.0168    0.4988    1698.2016    1546.4550 18.637 18.324  762 
   54536.508100     786.1481     528.9682    1046.2134     536.5289    0.2067    1261.2524    1139.9914 12.934 14.406  762 
   54538.449200    1554.9693     668.1441    1632.5879     671.1921    0.3473    2766.1187    2630.0686 16.650 18.151  762 
   54590.274300  -12413.6719     428.7396  -12789.2118     435.6822    0.7418     311.9521     281.6061  6.388  4.594  762 
   54591.398100  -11156.5366     555.2569  -11426.5622     560.4887    0.5729    2419.9719    2235.0068 22.730 22.584  762 
   54912.375400  -11804.4237     572.3241  -11787.0803     576.6621    0.7785   -2165.4303   -2016.3609 -16.347 -17.036  762 
   55536.496700   -4958.7120     790.9408   -4851.1044     791.2461    0.6312   30592.5782   30256.3704 174.843 165.817  762 
   55927.517400   12952.0467     464.7153   14294.0895     472.5111    0.6774     543.7104     490.0744  9.690  7.700  762 
   56008.332400   -6268.3570     517.7940   -7067.4457     523.1842    0.5842   -1019.3123    -943.9825 -8.546 -10.982  762 
   56009.322600   -4300.6761     497.6845   -4558.0156     504.4404    0.5144    -524.1714    -473.7075 -7.056 -5.820  762 
   56090.363100     -54.7907     464.3356    -338.1817     471.1918    0.0083     217.4158     198.1121  2.294  3.141  762 
   56302.492900   -2767.5353     541.1639   -2566.2837     545.9216    0.2300    5598.6055    5170.7513 58.798 60.217  762 
