   54533.485600   23428.1412     352.5366   23705.0158     352.6581    0.6348   -3904.5586   -3844.1212 -62.319 -61.931  762 
   54534.499900   21851.9677     473.5393   22088.0525     473.8683    0.5009  -10197.8190   -9928.3676 -94.080 -96.009  762 
   54535.491300   19012.3898     430.4134   19502.8123     431.4922    0.8993    2438.3774    2314.7749 31.290 27.733  762 
   54536.508100   18652.5726     430.8199   19188.6668     432.1933    0.9030    2846.2109    2693.1518 36.450 33.592  762 
   54538.449200   18352.4839     546.4364   18557.4012     547.0464    0.9285    5132.6747    4968.7320 36.873 34.312  762 
   54590.274300   19220.5165     355.3056   19832.9524     356.3918    0.8193    -276.0701    -263.0189 -2.328 -4.221  762 
   54591.398100   19144.7270     452.7039   19418.4025     453.6132    0.9186    3377.7104    3228.7390 37.037 32.524  762 
   54912.375400   13954.3088     468.3802   14142.4297     469.2084    0.8728    -281.2311    -269.5518  1.459 -2.234  762 
   55536.496700  -13234.3039     737.5614  -13345.8439     737.6395    0.4985   -2735.0645   -2713.5453 -15.755 -15.040  762 
   55927.517400   -6368.7174     386.7672   -6725.0214     388.9592    0.6592     385.9883     360.9984  2.549  5.655  762 
   56008.332400   -2066.7538     434.4286   -2030.0975     435.5184    0.2539     118.2676     112.6474  4.818  1.288  762 
   56009.322600    -828.2255     408.6128    -884.5691     410.2400    0.1477      65.4231      61.4827 -0.257  0.750  762 
   56090.363100    8532.9496     394.3679    8643.3492     395.7566    0.6432    -594.9179    -566.8039 -12.254 -8.824  762 
   56302.492900   21947.8352     453.5718   22342.4933     454.3244    0.9005    3019.7610    2902.7615 34.280 33.905  762 
