   54533.485600  117451.3760     350.9595  118959.5200     351.1586    0.8391   -1152.0761   -1130.4224 -22.029 -17.597  762 
   54534.499900  124133.7440     440.7524  125567.2093     441.3829    0.9205   -2259.0348   -2181.8093 -21.097 -20.982  762 
   54535.491300  118683.5659     400.2768  121319.7977     402.3484    0.9232    -307.6159    -287.6071 -5.120 -3.110  762 
   54536.508100  119566.8810     393.3058  123801.5041     395.8578    0.8906   -1096.2710   -1017.3730 -11.317 -12.221  762 
   54538.449200  123313.7379     481.3423  124416.7333     482.3614    0.9438    -836.7049    -801.0611 -4.456 -5.414  762 
   54590.274300  117399.2778     330.7357  122692.6535     332.7797    0.8526     453.8619     426.1226  3.626  6.685  762 
   54591.398100  127417.3943     404.9177  130334.0993     406.5952    0.9125    -675.4170    -635.3256 -8.022 -6.313  762 
   54912.375400   89605.3580     424.5843   91049.5943     426.6539    0.9364    1812.8014    1697.9662 13.468 13.365  762 
   55536.496700   78056.1839     694.8850   78114.0896     694.9891    0.8648  -11791.6685  -11673.5842 -71.532 -67.371  762 
   55927.517400    2601.3822     373.9296     968.1017     382.5676    0.1265    1122.1115     989.6997 16.781 15.358  762 
   56008.332400     886.6087     428.2325    1206.6043     431.8316    0.0571    -315.0208    -291.4736 -2.358 -2.994  762 
   56009.322600   -6656.8798     399.4568   -7186.9114     405.5841    0.6287     212.4886     189.4970  1.444  2.147  762 
   56090.363100    6808.6275     387.0018    6973.6436     392.3262    0.3956    -853.0393    -774.1553 -13.545 -11.968  762 
   56302.492900    6034.4707     448.3274    5733.5901     452.3681    0.5573    3005.8706    2760.6393 30.547 30.846  762 
