   54533.485600  -53100.1777     368.7788  -54005.5476     369.3291    0.8533     417.3403     405.1161  9.246  6.450  762 
   54534.499900  -52831.5825     508.5516  -53816.5666     509.8216    0.9074   -4572.5176   -4373.8388 -42.023 -42.112  762 
   54535.491300  -53565.4886     490.0512  -55080.1208     493.4297    0.9142    2344.8812    2167.4823 23.729 24.832  762 
   54536.508100  -53232.0734     483.3722  -55405.4229     487.8801    0.8926    2845.2369    2609.8680 30.198 32.232  762 
   54538.449200  -53995.5149     606.3866  -54666.2172     608.0286    0.9171    5413.1399    5168.3292 34.038 35.329  762 
   54590.274300  -39946.5409     391.0201  -41961.0145     394.6739    0.8668    1403.2663    1298.9532 19.595 20.798  762 
   54591.398100  -41740.6824     501.6338  -42754.7628     504.2923    0.8853    4586.7641    4294.1398 42.307 43.005  762 
   54912.375400  -53833.2138     521.7654  -54701.2838     523.9575    0.9423   -3316.4945   -3124.2495 -26.397 -25.590  762 
   55536.496700  -12480.3978     752.9008  -12538.4674     752.9948    0.4831   -4924.6070   -4882.5724 -29.789 -27.253  762 
   55927.517400   -2127.1245     414.3349   -2043.4180     417.8877    0.2112     580.9051     540.0522  7.435  8.430  762 
   56008.332400    1975.1867     470.5840    1680.8205     472.3515    0.2030     685.7669     652.6978  7.447  7.215  762 
   56009.322600     860.8004     444.2656     831.9401     446.7895    0.1515      64.3618      60.2191  1.223  0.715  762 
   56090.363100    -744.8049     420.2465    -520.8873     422.8849    0.1788   -1274.4132   -1198.6645 -20.730 -18.713  762 
   56302.492900  -20782.0874     495.1273  -21437.6341     497.2521    0.7613    2892.2414    2732.6863 32.620 31.263  762 
