   54533.485600  -15746.2143     365.7032  -16809.7687     366.6261    0.4976    -369.5340    -354.3252  1.131 -5.742  762 
   54534.499900  -17272.3970     493.5263  -17998.3678     496.2893    0.7276    2798.4163    2609.1288 26.837 25.758  762 
   54535.491300  -17266.1590     485.0169  -18633.1182     492.3272    0.7807    -402.7858    -356.8165 -5.826 -3.995  762 
   54536.508100  -16256.5119     475.6098  -17999.8420     483.8744    0.7617    -557.8516    -489.3815 -4.834 -6.045  762 
   54538.449200  -15598.2468     577.7855  -15693.1300     582.3647    0.8847   -1617.8969   -1493.9145 -10.413 -10.285  762 
   54590.274300  -16381.3295     389.9766  -19252.4790     396.8902    0.6295    1365.9379    1210.2664 16.806 19.631  762 
   54591.398100  -13719.1731     487.8917  -14694.0339     494.2323    0.8100     -59.8738     -53.6332  0.551 -0.547  762 
   54912.375400  -14464.8104     507.2392  -15496.4065     512.6430    0.7665     312.1850     283.5801  1.646  2.258  762 
   55536.496700  -11612.9005     720.8801  -12075.9046     721.3356    0.4530   -4233.5606   -4155.6343 -23.659 -24.512  762 
   55927.517400  -10982.3537     415.6493  -13657.0342     424.6333    0.5296     927.9487     807.8213 17.442 13.071  762 
   56008.332400    4752.8218     476.1890    5607.1796     480.1129    0.3272     448.0991     414.6259  3.703  4.321  762 
   56009.322600    -484.9448     445.1974    -888.9499     451.6730    0.0992     103.4194      91.9465  1.328  1.074  762 
   56090.363100    9034.9224     418.8251    9089.6701     424.3296    0.4658   -1347.4279   -1214.2780 -23.190 -19.425  762 
   56302.492900   -9142.2868     490.2081  -10168.0482     495.3053    0.5861     -49.6630     -45.0308 -1.012 -0.521  762 
