   54533.485600     425.9088     441.5182     402.0742     448.9179      -nan    -425.9088    -402.0742 16.179 -6.531  762 
   54534.499900    6106.4284       3.7991    6106.4284       3.7991      -nan   -6106.4284   -6106.4284 -29.003 -58.945  762 
   54535.491300   -1660.6324       3.4213   -1660.6324       3.4213      -nan    1660.6324    1660.6324 43.107 19.155  762 
   54536.508100    -578.6332       3.2777    -578.6332       3.2777      -nan     578.6332     578.6332 24.127  7.317  762 
   54538.449200    6853.8261       4.5782    6853.8261       4.5782      -nan   -6853.8261   -6853.8261 -29.315 -46.933  762 
   54590.274300     544.5182       2.8459     544.5182       2.8459      -nan    -544.5182    -544.5182 20.962 -8.988  762 
   54591.398100     760.7072       3.6906     760.7072       3.6906      -nan    -760.7072    -760.7072 27.543 -7.670  762 
   54912.375400    3930.8360       4.0940    3930.8360       4.0940      -nan   -3930.8360   -3930.8360  8.348 -33.166  762 
   55536.496700   14984.4814     922.1696   14094.2207     931.5281      -nan  -14984.4814  -14094.2207 -63.011 -77.133  762 
   55927.517400     121.1641       2.9127     121.1641       2.9127      -nan    -121.1641    -121.1641 -13.568 -1.919  762 
   56008.332400     790.6265       3.4358     790.6265       3.4358      -nan    -790.6265    -790.6265  0.443 -9.076  762 
   56009.322600    1864.5436       3.3638    1864.5436       3.3638      -nan   -1864.5436   -1864.5436 -11.847 -22.564  762 
   56090.363100   -1985.0978       2.8922   -1985.0978       2.8922      -nan    1985.0978    1985.0978 31.193 31.845  762 
   56302.492900    1922.1356       3.4387    1922.1356       3.4387      -nan   -1922.1356   -1922.1356 -7.570 -22.089  762 
