   54533.485600    -371.5822     434.5475    -356.8546     440.6402      -nan     371.5822     356.8546  3.985  5.822  762 
   54534.499900    2065.0605       3.7921    2065.0605       3.7921      -nan   -2065.0605   -2065.0605 -10.740 -19.928  762 
   54535.491300   -2572.7295       3.3205   -2572.7295       3.3205      -nan    2572.7295    2572.7295 32.181 31.334  762 
   54536.508100   -1013.8085       3.2587   -1013.8085       3.2587      -nan    1013.8085    1013.8085 11.849 12.855  762 
   54538.449200    5174.0414       4.5460    5174.0414       4.5460      -nan   -5174.0414   -5174.0414 -49.947 -35.800  762 
   54590.274300    -208.6980       2.8444    -208.6980       2.8444      -nan     208.6980     208.6980 -1.790  3.412  762 
   54591.398100    -110.5405       3.6698    -110.5405       3.6698      -nan     110.5405     110.5405  2.338  1.116  762 
   54912.375400    5616.4706       4.0727    5616.4706       4.0727      -nan   -5616.4706   -5616.4706 -49.470 -47.747  762 
   55536.496700   26584.4184     927.2474   25486.8988     934.8420      -nan  -26584.4184  -25486.8988 -147.576 -138.029  762 
   55927.517400    -144.8847       2.9156    -144.8847       2.9156      -nan     144.8847     144.8847 -0.816  2.282  762 
   56008.332400    1484.8362       3.3684    1484.8362       3.3684      -nan   -1484.8362   -1484.8362 -19.243 -17.677  762 
   56009.322600    2644.9227       3.3151    2644.9227       3.3151      -nan   -2644.9227   -2644.9227 -34.903 -32.921  762 
   56090.363100   -2644.5843       2.9111   -2644.5843       2.9111      -nan    2644.5843    2644.5843 44.180 41.677  762 
   56302.492900     539.6733       3.3942     539.6733       3.3942      -nan    -539.6733    -539.6733 -8.618 -6.331  762 
