   54533.485600     -77.1885     446.3265     -68.6214     449.6694      -nan      77.1885      68.6214  3.076  1.099  762 
   54534.499900    3209.0972     676.8437    2656.8732     690.0427      -nan   -3209.0972   -2656.8732 -28.144 -25.875  762 
   54535.491300   -1588.8767       3.3870   -1588.8767       3.3870      -nan    1588.8767    1588.8767 18.916 18.568  762 
   54536.508100   -1648.7058       3.3098   -1648.7058       3.3098      -nan    1648.7058    1648.7058 18.580 20.296  762 
   54538.449200    1191.7137     841.2056     973.0687     865.2528      -nan   -1191.7137    -973.0687 -9.359 -6.702  762 
   54590.274300   -1645.3888     585.1892   -1267.1144     599.4128      -nan    1645.3888    1267.1144 16.585 20.132  762 
   54591.398100   -1835.4712       3.6735   -1835.4712       3.6735      -nan    1835.4712    1835.4712 19.175 18.528  762 
   54912.375400    5847.9835     748.0854    4645.9778     770.1891      -nan   -5847.9835   -4645.9778 -38.464 -37.425  762 
   55536.496700   -6543.3435     848.7121   -6127.6470     853.3984      -nan    6543.3435    6127.6470 34.049 35.024  762 
   55927.517400    -514.4691       2.9172    -514.4691       2.9172      -nan     514.4691     514.4691  8.550  8.108  762 
   56008.332400    -601.6314     700.2246    -483.5987     717.6535      -nan     601.6314     483.5987  7.551  5.263  762 
   56009.322600     309.6757     678.0925     233.4080     698.4175      -nan    -309.6757    -233.4080 -1.735 -2.785  762 
   56090.363100    1312.5403       2.9276    1312.5403       2.9276      -nan   -1312.5403   -1312.5403 -21.931 -20.412  762 
   56302.492900     234.2368       3.4079     234.2368       3.4079      -nan    -234.2368    -234.2368 -2.900 -2.727  762 
