   54533.485600     947.1316     403.4254    1258.1758     405.2881    0.1221    1709.7466    1582.0181 20.476 24.920  762 
   54534.499900    3220.9525     577.9931    3502.0655     582.4010    0.1919    -582.1133    -528.6480 -3.806 -5.064  762 
   54535.491300    1952.6605     589.7253    2728.6468     600.1734    0.3977    3611.3344    3075.5767 34.202 35.573  762 
   54536.508100   -3739.9710     587.6671   -3607.1933     600.0179    0.0239    3880.6922    3251.4778 40.612 39.870  762 
   54538.449200   -2711.3101     707.2967   -2467.3226     713.3804    0.1869    6021.7410    5492.5562 35.665 37.561  762 
   54590.274300   35387.5211     473.6309   37358.7565     482.5627    0.9045    1113.9771     938.5320 15.022 14.805  762 
   54591.398100   31538.5956     596.1865   32443.6840     604.3316    0.9158    4843.6122    4238.6665 40.221 42.250  762 
   54912.375400   10186.7659     616.0491   11185.2816     623.0706    0.4776   -3958.0235   -3523.6008 -28.606 -28.795  762 
   55536.496700    -385.7081     799.4261    -407.6808     800.1095    0.3015   11497.6016   11229.0411 60.868 62.454  762 
   55927.517400   20231.3997     521.9108   21023.5628     534.0939    0.8174     812.4770     668.6636 11.966 10.296  762 
   56008.332400   -3204.7856     571.7245   -3813.1243     579.6660    0.2199    1012.1151     884.4970 12.520  9.820  762 
   56009.322600   -2946.3014     551.0018   -3406.6317     561.9666    0.2676     414.7619     349.3988  5.312  4.154  762 
   56090.363100  -17795.3233     520.6485  -18989.1969     531.4135    0.6604   -2656.7725   -2231.2334 -34.503 -34.285  762 
   56302.492900   -9711.1614     589.9953  -10128.7395     598.5722    0.3919    4614.4318    3996.9121 47.672 45.722  762 
