   54533.485600    3618.0319     356.7252    3350.9974     357.1062    0.0177   -3055.0969   -2986.4775 -40.871 -48.313  762 
   54534.499900    3484.9787     482.0828    3522.8317     483.0338    0.1367   -5458.6666   -5255.9704 -50.556 -51.238  762 
   54535.491300    1743.1769     449.3803    1870.9681     452.1905    0.3091     659.7899     614.8139  6.740  7.293  762 
   54536.508100    3699.1106     448.1145    3432.4164     451.6022    0.4920    1337.5725    1242.4381 15.386 15.420  762 
   54538.449200    5616.0079     562.5187    5575.3167     564.0246    0.6275    2244.0855    2147.5767 14.466 14.841  762 
   54590.274300     343.0564     368.8251      73.1998     371.7607    0.0159      87.8372      82.1210  3.114  1.318  762 
   54591.398100     326.4723     468.1641     112.2366     470.6331    0.2833    2546.4473    2393.3510 24.854 24.215  762 
   54912.375400    4710.0053     487.1834    4741.3329     489.0255    0.2109   -2423.4945   -2295.2723 -20.646 -18.694  762 
   55536.496700   -4692.1894     732.7003   -4760.2703     732.8297    0.0450    6200.8810    6139.6281 31.898 34.795  762 
   55927.517400   -3381.3909     395.1048   -3713.8391     399.2189    0.4074     517.7763     478.8093  8.636  7.587  762 
   56008.332400    2144.4356     450.0201    2428.1255     452.0501    0.2809     261.0358     247.4840  1.196  2.745  762 
   56009.322600     659.3484     421.4825     701.7118     424.5106    0.1864     495.9246     461.1451  4.536  5.567  762 
   56090.363100     808.4011     404.9226     294.4086     407.9305    0.0824   -1416.0116   -1332.3821 -20.541 -20.814  762 
   56302.492900   -2558.3217     469.4331   -2915.7026     471.6845    0.1341     880.5864     830.0859 10.001  9.718  762 
