   54533.485600     123.7694     337.6455     423.8045     362.1417    0.0175       0.0000       0.0000 -35.918  0.000  762 
   54534.499900    7626.4125     490.7248    7542.9301     492.2689    0.1577   -6033.5575   -5749.2930 -54.669 -54.637  762 
   54535.491300    4707.1152     458.0345    5007.5801     462.6688    0.5947    1505.7497    1372.6147 15.332 16.073  762 
   54536.508100    4756.4868     452.2538    5314.9531     457.3311    0.5192    1032.7977     938.0835 12.008 11.846  762 
   54538.449200    3588.1599     566.6357    3640.5790     569.3849    0.5899    1791.2429    1690.4796 10.375 11.551  762 
   54590.274300    -279.7057     373.8187      76.4984     377.8729    0.1624   -2429.1385   -2225.1255 -36.365 -36.379  762 
   54591.398100     137.2438     476.0601     123.4805     479.8595    0.0931     875.4976     809.5729  6.610  8.070  762 
   54912.375400   -3673.3361     478.7044   -3640.9919     482.2375    0.4128    -396.6301    -367.1995 -3.360 -3.155  762 
   55536.496700    2665.2232     756.4426    2600.9974     756.6530    0.0398   -3720.2515   -3678.2236 -21.697 -19.532  762 
   55927.517400   -4301.0397     407.4788   -4311.4152     412.8877    0.4866    -611.4175    -553.1844 -15.017 -8.563  762 
   56008.332400   -1326.6210     441.7880   -1263.2694     445.6517    0.2133   -1583.9286   -1471.0057 -17.860 -17.487  762 
   56009.322600    -131.5127     425.3859    -127.0153     430.0253    0.1311   -1740.7823   -1581.7410 -19.795 -19.348  762 
   56090.363100    4342.0129     409.0242    4428.4484     412.9118    0.5384    4217.9087    3889.7935 61.212 61.353  762 
   56302.492900   -9945.5241     481.9065   -9985.5338     485.0735    0.7425   -1242.5621   -1153.5215 -13.511 -13.176  762 
