   54533.485600       0.0000       2.8921       0.0000       2.8921      -nan       0.0000       0.0000  0.000  0.000  762 
   54534.499900     -97.9713      30.1563  -24373.1173     483.2173    0.4041       0.0000       0.0000 -25.253  0.000  762 
   54535.491300    -826.6939     437.1370      69.6166     449.8423    0.0025       0.0000       0.0000  2.154  0.000  762 
   54536.508100      -0.1710       4.8005   -1036.2752     300.5201    0.0879       0.0000       0.0000  4.468  0.000  762 
   54538.449200  -30835.3796     547.8406  -31313.9934     554.0653    0.8036       0.0000       0.0000 -1.160  0.000  762 
   54590.274300   21186.2013     361.8827   24089.8139     371.5042    0.4729       0.0000       0.0000 -2.179  0.000  762 
   54591.398100  -14626.4842     463.5631  -15571.7362     473.4661    0.3724       0.0000       0.0000  6.476  0.000  762 
   54912.375400  -24153.5597     475.9647  -24504.2704     484.1211    0.7668       0.0000       0.0000 -16.304  0.000  762 
   55536.496700  -56946.5277     733.0727  -57283.6925     733.4865    0.7545       0.0000       0.0000 -7.079  0.000  762 
   55927.517400       0.8178      11.9956    1992.9752     388.5129    0.1676       0.0000       0.0000  3.316  0.000  762 
   56008.332400  -18432.6566     442.2880  -22411.5102     452.0718    0.3862       0.0000       0.0000 -6.805  0.000  762 
   56009.322600   -6614.6682     415.6947   -4107.0020     427.8683    0.1740       0.0000       0.0000 -10.000  0.000  762 
   56090.363100    -994.1377     407.2617    -962.8814     418.4135    0.0317       0.0000       0.0000  9.103  0.000  762 
   56302.492900      -3.0904       7.1226  -12509.1965     403.6253    0.6120       0.0000       0.0000  5.177  0.000  762 
