   54533.485600    5942.4478     394.0485    7121.4080     398.3951    0.0653   -4295.6008   -3939.2986 -61.276 -61.737  762 
   54534.499900    3601.9774     543.6235    3778.3510     553.0672    0.1800  -10536.4364   -9302.6276 -84.833 -88.475  762 
   54535.491300    -359.3127     543.0215    1004.8407     566.2927    0.0257    -384.4299    -311.5724 -2.891 -3.497  762 
   54536.508100    1867.0596     536.4978    3363.8726     565.6931    0.0866    -960.2749    -763.8124 -10.091 -9.378  762 
   54538.449200   -3955.3949     636.4647   -5086.5874     649.5400    0.2360    -944.3358    -824.6710 -6.330 -5.595  762 
   54590.274300   -6939.2551     446.5213   -3633.8536     471.4809    0.1393   -2853.9487   -2272.7281 -34.833 -36.162  762 
   54591.398100    4832.4806     549.2250    3786.3953     570.0945    0.1436     -22.1343     -18.2935 -1.437 -0.181  762 
   54912.375400   -6210.3822     556.7885   -5878.1765     573.5329    0.3176   -2752.6353   -2305.8304 -18.258 -19.004  762 
   55536.496700    9056.7113     767.4061    9976.1286     768.2910    0.1869  -20148.4838  -19605.8391 -106.038 -107.788  762 
   55927.517400   -6939.4529     484.9459   -4819.7773     516.0215    0.1937     -59.7714     -46.5865 -1.133 -0.715  762 
   56008.332400   -3775.9139     526.7400   -8845.4093     546.2457    0.2980   -1258.3141   -1045.7353 -12.051 -11.583  762 
   56009.322600     -74.8735     505.4144    -100.4334     530.3653    0.0582   -1349.7219   -1076.5041 -13.136 -12.652  762 
   56090.363100   41707.6618     471.9035   44209.0789     495.6321    0.4729    1979.1884    1638.1703 26.942 25.399  762 
   56302.492900    -831.6121     551.7224    1350.1446     569.5507    0.0317    -844.9171    -705.4136 -6.953 -7.933  762 
