   54533.485600   -8770.8523     380.2715   -9389.4074     381.2584    0.2446    2692.6490    2570.9675 37.032 41.828  762 
   54534.499900   -6058.8974     540.8678   -6594.1541     543.6306    0.4510   -1592.3312   -1477.4184 -15.483 -14.519  762 
   54535.491300   -6537.1814     541.7167   -7130.0943     547.7589    0.4881    -153.1560    -135.6895  0.800 -1.581  762 
   54536.508100   -4775.2724     535.6469   -6050.6833     543.0060    0.2846    1356.9568    1193.0876 14.613 14.881  762 
   54538.449200   -6803.3751     659.1447   -7387.3317     663.3769    0.4255     488.5472     451.4193 -0.216  3.120  762 
   54590.274300   -6580.6425     432.2213   -7703.7754     437.8860    0.3895    1049.1858     934.4256 15.960 15.144  762 
   54591.398100   -2408.7137     552.9000   -2701.3498     558.4310    0.0275    2652.2810    2380.2506 22.745 24.259  762 
   54912.375400  -13741.3080     578.0005  -13750.2061     582.7102    0.6266   -3442.8271   -3126.3016 -28.148 -25.380  762 
   55536.496700   10074.5498     764.7451    9610.1717     765.2430    0.4589    9382.0837    9189.9638 53.233 52.830  762 
   55927.517400    2231.9975     466.9631    2247.2277     473.8429    0.2203     968.6810     851.1992 14.702 13.667  762 
   56008.332400   -2701.3473     531.5503   -2418.5237     536.1542    0.0708    1661.2592    1513.0277 15.630 16.515  762 
   56009.322600     158.2996     503.0589    -227.0095     509.0755    0.1291    1602.0777    1416.1473 18.450 17.003  762 
   56090.363100   -6140.0390     468.4588   -7405.1956     474.2995    0.4089   -3546.1736   -3183.3600 -50.677 -50.595  762 
   56302.492900  -25428.1770     545.5397  -26608.2987     550.6772    0.8149     188.2390     169.2794 -0.007  1.984  762 
