   54533.485600     362.7659     378.9945    -130.8224     380.0816    0.1881    4921.1409    4698.5790 95.882 74.654  762 
   54534.499900   -3140.5879     527.3819   -3379.3992     530.1593    0.1612    1442.7110    1337.2737 46.134 12.977  762 
   54535.491300    1508.8180     521.4412    1303.1482     528.1855    0.3424    2443.1465    2154.8448 58.826 24.757  762 
   54536.508100   -1520.1587     517.9115   -2176.0660     525.9246    0.0105    2637.4746    2306.2567 61.673 28.184  762 
   54538.449200   -9311.4051     632.3518   -9244.4298     636.4009    0.6219    3461.6848    3181.3765 48.701 21.806  762 
   54590.274300    2057.0965     421.0708    1295.6752     427.7055    0.2781    2561.6368    2271.3515 60.868 35.889  762 
   54591.398100     373.2168     532.9127      54.6320     538.7828    0.2842    3435.4917    3066.9095 52.814 30.823  762 
   54912.375400    8297.7032     552.8067    8607.0337     557.1300    0.4337   -3428.3938   -3108.0210 -75.688 -24.849  762 
   55536.496700   21636.2733     751.0284   21260.3978     751.4266    0.7548   34634.6836   33920.0233 206.282 194.296  762 
   55927.517400   -2660.5335     455.9385   -3605.8198     464.6904    0.2166     512.7181     445.2784 -6.201  6.983  762 
   56008.332400    5219.0484     514.7467    6216.0483     519.2535    0.4143    1953.0821    1770.9716 22.589 18.999  762 
   56009.322600   -1379.6400     486.8238   -1516.4164     493.5124    0.0104    1839.0283    1615.2532 25.073 19.030  762 
   56090.363100    5852.8028     457.0988    5187.4444     463.4201    0.1026   -3346.6269   -2991.8108 -48.779 -46.335  762 
   56302.492900    5425.1013     526.3906    5159.8127     531.4487    0.2725     -43.4919     -39.1418 -7.438 -0.451  762 
