   54533.485600       0.0000       2.8723       0.0000       2.8723      -nan       0.0000       0.0000  0.000  0.000  762 
   54534.499900       0.0000       3.7986       0.0000       3.7986      -nan       0.0000       0.0000  0.000  0.000  762 
   54535.491300       0.0000       3.2978       0.0000       3.2978      -nan       0.0000       0.0000  0.000  0.000  762 
   54536.508100   -7016.1358     459.9694   -6526.7209     467.9975    0.5557    -722.5166    -639.3961 -7.730 -8.032  762 
   54538.449200    1560.0747     563.0569    2122.9751     565.9975    0.0075   -2396.0183   -2231.6970 -16.065 -15.415  762 
   54590.274300   -1748.4683     380.8600   -1324.6344     387.4835    0.2475   -1881.0654   -1687.1730 -34.234 -27.070  762 
   54591.398100   -1962.2469     477.3759   -1564.6163     482.1820    0.3046   -1768.8297   -1605.7797 -16.521 -16.144  762 
   54912.375400       0.0000       4.0903       0.0000       4.0903      -nan       0.0000       0.0000  0.000  0.000  762 
   55536.496700   -4455.1966     747.7994   -4433.2324     748.0007    0.0022    4411.6703    4349.5701 -64.057 23.521  762 
   55927.517400   -2464.5214     411.2551   -2776.2269     420.1565    0.3317    -365.6676    -323.6905 -6.396 -5.025  762 
   56008.332400   -7009.8547     449.4829   -7637.7937     455.4890    0.6568   -1491.9569   -1347.2581 -14.812 -16.080  762 
   56009.322600   -4507.1068     428.7043   -4846.7853     436.2109    0.6402   -1571.1609   -1387.9535 -17.586 -17.286  762 
   56090.363100   15159.3941     414.9291   16203.1510     421.1682    0.7478    2317.8382    2108.7310 36.019 32.625  762 
   56302.492900     596.5348     476.7013    1335.8482     481.2857    0.1203     -15.1661     -13.8540 -0.321 -0.163  762 
