   54533.485600    2012.8441     358.3054    1470.6537     358.8155    0.0440    -399.4209    -386.7169 -7.987 -6.207  762 
   54534.499900    4681.1637     470.7403    4099.2082     472.4147    0.4065    2932.9168    2770.7830 28.596 27.189  762 
   54535.491300    2659.0726     450.4289    1163.7057     455.1877    0.0282   -1717.8827   -1551.6336 -17.089 -17.160  762 
   54536.508100    4872.1503     441.8317    3602.4984     447.4246    0.1920   -1372.6077   -1232.0489 -17.346 -15.040  762 
   54538.449200   11132.3981     537.8130   10895.1408     540.5182    0.6889   -1326.6527   -1244.9462 -7.248 -8.516  762 
   54590.274300    4783.4963     365.0515    2618.0569     369.6091    0.2296    2108.2037    1911.6015 33.579 30.685  762 
   54591.398100    6124.2624     454.5236    5659.1154     458.6175    0.5245      -4.5861      -4.1791  2.743 -0.042  762 
   54912.375400   10911.2202     471.9534   10063.2547     475.2868    0.6138     670.5052     619.6018  3.545  4.873  762 
   55536.496700  -14735.2849     707.7800  -15234.7314     708.0600    0.5674   -4876.4750   -4801.4783 -27.171 -28.287  762 
   55927.517400    -324.4758     388.4281   -2557.7125     394.7436    0.1010     610.3373     543.0009  6.029  8.683  762 
   56008.332400    6316.5197     450.1526    7501.4977     452.3660    0.4053     835.6863     781.1390  7.005  8.036  762 
   56009.322600     299.8715     418.4143     330.6810     422.6044    0.0798     261.4874     236.3219  3.179  2.718  762 
   56090.363100   -1104.3376     399.6126   -1862.2504     403.6228    0.1829    -745.3300    -680.6823 -12.387 -10.747  762 
   56302.492900    5721.3371     464.4976    4298.7772     467.9580    0.2244     405.6979     373.7910  4.352  4.270  762 
