   54533.485600       0.0000       2.8984       0.0000       2.8984      -nan       0.0000       0.0000  0.000  0.000  762 
   54534.499900       0.0000       3.7791       0.0000       3.7791      -nan       0.0000       0.0000  0.000  0.000  762 
   54535.491300       0.0000       3.3842       0.0000       3.3842      -nan       0.0000       0.0000  1.352  0.000  762 
   54536.508100  -10923.9029     432.9733  -13237.8391     439.3551    0.4626    1512.8498    1358.0475 11.661 16.493  762 
   54538.449200   -8048.3968     523.8148   -8380.9874     526.4727    0.3210    2190.3112    2042.8578 12.306 14.032  762 
   54590.274300    -867.1721     359.7163   -2794.5197     364.6874    0.0491    1780.2606    1630.9357 21.206 25.451  762 
   54591.398100    -560.4695     443.6035   -1473.3466     447.6214    0.0484    2634.9580    2407.9530 17.171 24.161  762 
   54912.375400      -0.0813       4.2469    -885.7903      43.3898    0.0322       0.0000       0.0000 -1.874  0.000  762 
   55536.496700    6680.4889     708.0267    6350.2483     708.2229    0.4948   20171.1292   19894.4864 108.839 114.218  762 
   55927.517400   -1438.9139     381.5840   -1978.7578     388.1062    0.1152     637.3272     574.0746 11.015  8.939  762 
   56008.332400    4418.6364     433.0739    5805.2697     435.5108    0.2919     686.8741     638.3754 11.848  6.867  762 
   56009.322600    -575.5804     403.6223    -360.8107     408.2248    0.0360     675.3862     610.2287  8.492  7.215  762 
   56090.363100   11420.7436     394.2159   10658.6415     398.6017    0.5282   -1324.1729   -1225.0107 -40.597 -18.678  762 
   56302.492900   -7617.0022     452.7662   -7951.2475     456.2564    0.4939    -937.4840    -866.0605 -14.053 -10.045  762 
