   54533.485600       0.0000       2.8475       0.0000       2.8475      -nan       0.0000       0.0000  0.000  0.000  762 
   54534.499900       0.0000       3.7852       0.0000       3.7852      -nan       0.0000       0.0000  0.000  0.000  762 
   54535.491300       0.0000       3.2670       0.0000       3.2670      -nan       0.0000       0.0000 -6.988  0.000  762 
   54536.508100   23585.3202     435.3462   25040.0550     438.9996    0.7257   -2613.5040   -2395.3492 -41.425 -30.674  762 
   54538.449200   21054.5273     546.2858   21912.9868     548.3386    0.7042   -3744.4601   -3582.6010 -32.972 -24.984  762 
   54590.274300      51.5456     366.3880     518.6145     369.7472    0.2166   -3721.6919   -3416.2876 -57.007 -55.799  762 
   54591.398100    4784.4691     460.5421    5208.0950     463.6695    0.0919   -4273.3014   -3979.2678 -39.319 -40.429  762 
   54912.375400      -0.0258       4.0670    -332.2659      46.5756    0.0247       0.0000       0.0000 -13.887  0.000  762 
   55536.496700   -6248.7435     749.3738   -6077.8895     749.5425    0.4949  -15744.6764  -15640.8111 -77.299 -84.248  762 
   55927.517400   -6727.0752     398.1689   -7178.2040     403.0608    0.6507    -718.7315    -650.9608 -14.595 -10.193  762 
   56008.332400   12286.7511     426.7087   12867.6186     429.9059    0.6325   -1296.1737   -1202.2660 -17.995 -14.791  762 
   56009.322600   16721.6290     407.4746   17670.4410     411.2184    0.7474   -1366.4230   -1245.8616 -15.925 -15.876  762 
   56090.363100  -20913.8384     406.2105  -23037.4200     410.2994    0.6221    2906.0930    2680.3146 43.394 42.244  762 
   56302.492900   -5913.7665     463.9233   -5741.1706     466.7835    0.5082   -2931.1060   -2725.2675 -45.801 -32.444  762 
