   54533.485600    2447.9921     366.4387    2542.3382     366.6432    0.0413   -1507.7677   -1480.1784 -27.671 -23.888  762 
   54534.499900   -5203.5693     518.4867   -5430.4845     519.2431    0.3377   -5080.4667   -4910.1211 -50.044 -47.166  762 
   54535.491300    -310.5568     492.9351    -198.1890     494.7342    0.3285    3030.0736    2856.1537 28.991 33.964  762 
   54536.508100   -2886.7706     486.1839   -2697.2412     488.1702    0.1227    1445.7352    1362.6303 15.389 17.253  762 
   54538.449200   -7099.4996     626.8320   -7066.3629     628.2843    0.3617    2251.8210    2154.7582 12.642 14.835  762 
   54590.274300     207.3062     392.1343     544.8545     393.5103    0.0136    -772.5510    -734.4424 -9.700 -11.993  762 
   54591.398100   -3412.4485     515.4774   -3319.6578     517.0190    0.1525    1718.5167    1633.0500 16.956 16.435  762 
   54912.375400    4116.0463     526.6304    4177.3503     528.0618    0.5055     263.6965     250.5486  2.668  2.136  762 
   55536.496700    1557.5389     778.4042    1660.2716     778.5681    0.3253    8565.5086    8472.5847 50.716 45.738  762 
   55927.517400    1244.6932     428.6442    1422.3498     430.4657    0.1303    -415.6020    -392.1746 -7.036 -6.120  762 
   56008.332400   -3016.5592     476.6038   -3326.8270     478.1453    0.3516    -539.0543    -514.4500 -6.137 -6.089  762 
   56009.322600   -2848.7890     456.4882   -2919.3721     458.2913    0.4638    -476.4445    -448.2336 -4.740 -5.531  762 
   56090.363100    4068.9398     428.3059    4270.3481     429.6804    0.4203    1487.8578    1420.4477 18.368 22.463  762 
   56302.492900   -1586.8735     506.3069   -1596.5618     507.5452    0.0954    2712.4665    2584.5557 32.780 29.988  762 
