   54533.485600  -60903.6961     352.2107  -70584.9648     354.8181    0.3524    2464.8776    2442.7167 40.618 38.570  762 
   54534.499900  -59533.9783     463.2298  -68068.7995     473.0556    0.5016   -1454.0560   -1383.7763 -14.959 -13.436  762 
   54535.491300  -53956.3233     424.9183  -67137.3466     448.2880    0.4531    2821.9204    2538.2252 28.598 29.103  762 
   54536.508100  -52156.3298     409.9051  -72520.3906     435.8994    0.4241    1444.3691    1347.5638 16.198 16.302  762 
   54538.449200  -48996.1473     523.4941  -54675.7974     540.0880    0.4851    2974.8223    2740.5758 19.257 18.831  762 
   54590.274300  -46878.4280     337.6385  -67283.4383     355.0422    0.3772    1129.1744    1087.6644 19.830 17.001  762 
   54591.398100  -54136.5788     431.0476  -68731.5831     454.1471    0.4863    2293.1487    2129.7308 22.406 21.365  762 
   54912.375400  -43998.9977     452.1412  -49095.5378     468.8430    0.5408       8.5412       7.9120  1.295  0.063  762 
   55536.496700   -5911.1232     704.0840   -6466.9267     705.4260    0.2444   17067.3640   16861.9922 95.895 98.002  762 
   55927.517400    3039.4043     336.9345    3007.1883     352.8298    0.0751     567.8287     562.3311  9.691  8.782  762 
   56008.332400     981.8498     413.7960    3842.7156     432.0960    0.1233     284.9908     275.6215  2.614  2.896  762 
   56009.322600    1519.7408     372.4768     314.4483     389.5771    0.0245     353.2661     339.6358  2.333  3.966  762 
   56090.363100   -1192.8975     359.6446   -2726.8609     370.9295    0.0464   -1326.4970   -1324.6378 -18.684 -20.285  762 
   56302.492900   14276.8162     422.0934   14478.0763     433.0928    0.2868      20.8116      20.4439  1.420  0.235  762 
