   54533.485600   -4478.6208     383.6503   -4364.0227     384.7175    0.3024   -3079.3541   -2964.2870 -50.189 -48.819  762 
   54534.499900    -577.7111     567.1577    -220.2782     568.7826    0.0095     472.8016     452.2461 11.263  4.402  762 
   54535.491300   -8033.0208     561.3424   -7138.9265     566.0260    0.5175   -1595.1632   -1476.3057 -25.941 -18.041  762 
   54536.508100  -12851.8927     558.2011  -12764.6853     564.4165    0.7491   -2214.0827   -2030.5738 -45.070 -25.893  762 
   54538.449200  -11742.9483     717.0985  -11555.3541     718.7579    0.7792   -5942.5248   -5702.5769 -48.916 -39.593  762 
   54590.274300   -1364.4756     443.1769    -810.8801     448.9478    0.2073   -2389.5983   -2193.0621 -38.298 -36.112  762 
   54591.398100   -1726.1930     585.6852   -1376.5234     589.0565    0.2404   -2028.8031   -1905.1808 -25.938 -19.375  762 
   54912.375400  -11925.1495     610.0186  -12343.6803     612.8483    0.8442   -6036.4677   -5703.2852 -56.012 -48.370  762 
   55536.496700   13335.7928     815.9678   13256.4464     816.1156    0.2692   -3468.9123   -3434.5456 -18.447 -18.804  762 
   55927.517400   -5007.0103     487.2718   -4935.1172     494.6240    0.4121    -198.7989    -181.1771 -5.207 -2.886  762 
   56008.332400    3102.7150     542.3531    2571.8996     546.2466    0.0671   -1817.9989   -1700.6595 -22.721 -20.161  762 
   56009.322600    6951.6771     519.4944    7147.8077     524.7430    0.4897   -1601.1948   -1475.1377 -20.014 -18.439  762 
   56090.363100   -3518.9578     482.1265   -4131.5431     488.3891    0.1184    2031.8152    1873.3619 40.382 29.829  762 
   56302.492900  -13711.2081     564.8433  -13383.9405     568.7788    0.6300    -482.4068    -450.7531 -25.468 -5.333  762 
