   54533.485600   -3439.2435     359.2422   -3187.7724     359.6265    0.2549   -2480.0365   -2391.0847 -35.805 -39.617  762 
   54534.499900   -4179.3988     491.3008   -3942.4655     492.4794    0.5895   -7268.0107   -6892.7315 -65.543 -67.483  762 
   54535.491300   -5210.0984     468.1741   -4803.7176     471.5978    0.3533    2441.9835    2211.9098 23.651 25.940  762 
   54536.508100   -7056.1221     461.6249   -6861.3612     465.6644    0.5909    2246.9237    2011.4804 24.530 25.761  762 
   54538.449200   -7255.2705     575.1348   -7219.6332     577.1960    0.4961    3019.1233    2846.8780 19.139 19.677  762 
   54590.274300   -4506.2614     379.0125   -4275.6381     382.1108    0.5289    -899.7102    -809.5083 -13.122 -13.570  762 
   54591.398100   -5672.9535     481.0169   -5324.8947     483.8842    0.3150    2872.5993    2634.1173 25.918 26.918  762 
   54912.375400   -5750.6098     491.9676   -5820.8973     494.6111    0.7664   -2024.2785   -1871.2490 -16.695 -15.824  762 
   55536.496700   -8559.4466     744.0102   -8526.6310     744.1697    0.5375  -14113.6480  -13952.0080 -77.075 -77.431  762 
   55927.517400    4023.9860     408.3555    3914.6580     412.4093    0.5089     -65.4884     -58.2914 -1.785 -0.943  762 
   56008.332400   -1154.7940     456.5620   -1561.1464     459.1849    0.2589   -1014.7186    -936.5453 -10.850 -10.785  762 
   56009.322600    1361.6095     432.8350    1199.5549     436.2976    0.0160   -1219.4822   -1100.1550 -13.268 -13.502  762 
   56090.363100   -2022.9756     412.9599   -1607.8646     415.8660    0.0154    1615.4076    1465.2290 23.778 23.905  762 
   56302.492900    2927.2948     481.3258    3047.5440     483.6273    0.4765    2233.8097    2064.3826 26.124 24.158  762 
