   54533.485600  -18831.4596     346.7540  -19773.2699     347.6431    0.3959     -91.0662     -90.4923  1.175 -1.451  762 
   54534.499900  -15235.7740     448.1623  -15850.7610     451.9483    0.4754    -236.2500    -229.0384 -3.965 -2.242  762 
   54535.491300  -11846.2823     414.2436  -13208.9650     423.5080    0.4223    -508.6612    -474.4894 -5.825 -5.236  762 
   54536.508100  -14833.5605     395.7521  -16592.9461     406.7139    0.4400   -1026.2475    -983.4189 -12.387 -12.020  762 
   54538.449200  -10187.8497     503.2087   -9729.0682     509.6563    0.4056    -601.8597    -572.2779 -4.844 -3.908  762 
   54590.274300  -14941.5858     325.9500  -17968.4950     333.0316    0.3906     658.3023     643.5970 13.367 10.346  762 
   54591.398100  -15036.4701     414.8715  -16099.1990     424.5665    0.4724    -214.4685    -204.7870 -1.257 -2.069  762 
   54912.375400  -10059.4452     434.1383  -10928.2823     441.4802    0.4030    1633.6161    1552.2132 11.056 12.266  762 
   55536.496700    -527.3122     695.8447    -837.1733     696.3814    0.4401  -12623.6290  -12501.1153 -72.374 -73.167  762 
   55927.517400     545.0674     333.9265    -930.6834     343.0071    0.0127     609.1149     601.9119  9.855  9.605  762 
   56008.332400    3110.5941     410.7212    5312.4407     418.7831    0.2022     469.9565     458.6497  3.706  4.744  762 
   56009.322600    1745.6878     370.5477    1978.1401     378.8811    0.2762     106.5346     103.2197  0.741  1.188  762 
   56090.363100     862.8323     354.5738     830.9836     360.7923    0.0045    -912.7403    -905.3794 -12.516 -14.312  762 
   56302.492900     404.6348     423.1470      12.3399     428.7686    0.1419    2463.6546    2415.0106 24.970 27.512  762 
