   54533.485600    3592.2960     375.3373    3935.9305     376.0067    0.0144   -4476.9690   -4299.2855 -67.728 -67.965  762 
   54534.499900    5160.1095     518.5403    5507.2279     521.0736    0.2138  -10302.2229   -9635.8520 -93.773 -91.581  762 
   54535.491300   -2747.1000     506.6369   -2395.1833     513.5589    0.0825    1457.1045    1289.1041 15.065 14.698  762 
   54536.508100   -3332.4589     497.6127   -2421.1432     504.4335    0.1246     785.0945     691.3250  8.737  8.572  762 
   54538.449200   -4200.5812     610.7142   -4078.8182     615.8333    0.3176     366.2225     338.4003  1.872  2.300  762 
   54590.274300   -1897.1244     407.5407   -1186.5959     412.4715    0.1718   -1933.6175   -1722.9651 -30.274 -27.696  762 
   54591.398100   -1134.2205     516.0574    -683.2940     521.7766    0.0078     882.2807     794.9611  6.948  7.890  762 
   54912.375400     654.9414     522.3425     855.0895     527.9363    0.0170   -1140.8092   -1032.4673 -9.760 -8.637  762 
   55536.496700    2482.4453     764.3375    2229.7235     764.8353    0.4092  -17982.4760  -17687.8026 -96.917 -95.901  762 
   55927.517400    -812.4131     443.9463    -605.6444     450.3150    0.0868    -207.3250    -182.0954 -3.555 -2.806  762 
   56008.332400   -4562.8206     487.2990   -5179.4699     492.5007    0.4733    -947.3947    -861.3025 -10.053 -9.782  762 
   56009.322600    -341.5709     467.2554    -379.4960     473.5180    0.1949   -1296.9963   -1142.6299 -14.665 -13.625  762 
   56090.363100    8467.4866     441.7058    9002.2733     446.3813    0.5604    2292.8590    2062.5909 32.251 32.201  762 
   56302.492900   -2996.7765     515.6352   -2489.5567     520.0630    0.1454    1208.9938    1096.9454 11.705 12.409  762 
