   54533.485600   -2983.7423     364.4977   -3077.4170     364.7357    0.1315       0.0000       0.0000 26.107  0.000  762 
   54534.499900    -216.4680     511.3308    -336.5241     511.7262    0.0773    1631.9395    1591.3293 26.567 15.082  762 
   54535.491300   -4177.4025     476.1243   -4193.4404     477.3893    0.2868     532.0441     508.1133 16.977  6.098  762 
   54536.508100   -4997.9233     473.3156   -4750.1325     474.9974    0.3289       0.0000       0.0000 -14.001  0.000  762 
   54538.449200   -9343.1349     617.3693   -9121.0372     617.9552    0.4899     -19.5286     -19.0111 -37.568 -0.130  762 
   54590.274300   -8860.4615     383.6435   -8658.7970     385.2853    0.4757       0.0000       0.0000 -6.491  0.000  762 
   54591.398100   -9905.2225     504.9886   -9741.1309     505.9169    0.5742       0.0000       0.0000 -9.287  0.000  762 
   54912.375400   -3372.1096     513.4678   -3479.3686     514.2661    0.2317     851.9590     820.6801  4.172  7.050  762 
   55536.496700    2565.6297     785.7844    2635.0216     785.8944    0.0764    -259.1573    -257.5447 -67.663 -1.360  762 
   55927.517400     368.5128     418.7023     610.5126     420.5554    0.0631     -68.4619     -65.0969 -14.883 -0.997  762 
   56008.332400     284.4292     458.8310     263.9558     460.0489    0.0134    -111.7910    -107.2710 -17.381 -1.294  762 
   56009.322600    2062.3337     441.3520    2050.3087     442.8026    0.0672   -1380.5938   -1315.7891 -24.469 -16.267  762 
   56090.363100   -4013.6521     421.8153   -4065.3751     423.5101    0.0575    2720.2974    2602.2915 57.916 40.408  762 
   56302.492900   -4995.6377     495.8872   -4761.4197     496.7324    0.3655       0.0000       0.0000 -10.480  0.000  762 
