   54533.485600   -5859.8815     338.5683   -5885.8509     338.6079    0.3471   -1173.8493   -1164.8310 -15.072 -18.773  762 
   54534.499900   -3893.7299     431.6715   -3940.9075     431.7835    0.5895   -3697.3782   -3648.4593 -34.848 -34.592  762 
   54535.491300   -3501.1676     358.5983   -3574.6296     359.0857    0.0118    3780.5559    3664.7559 45.149 44.509  762 
   54536.508100   -3454.1771     359.3653   -3507.1032     359.9249    0.0234    3447.3597    3339.1868 42.837 42.559  762 
   54538.449200   -3628.5795     460.0836   -3653.1491     460.2738    0.3192    6654.6663    6539.3042 44.119 44.810  762 
   54590.274300     320.7220     305.4650     314.0306     305.8517    0.0923     222.7550     217.1978  2.262  3.556  762 
   54591.398100     461.6517     382.6620     473.1015     382.9366    0.4938    3035.5579    2968.2707 29.128 29.622  762 
   54912.375400   -1691.1239     378.6818   -1727.1925     378.9734    0.1543    2704.0657    2640.4359 22.982 23.048  762 
   55536.496700  -22148.8390     726.7483  -22220.2259     726.7628    0.7033   -5776.4544   -5759.0953 -31.273 -29.924  762 
   55927.517400    4852.9802     325.5351    4944.4265     325.9537    0.6988       2.9533       2.8743 -1.227  0.044  762 
   56008.332400   -2236.3701     353.7368   -2227.1228     354.0918    0.3686    -507.9653    -495.4461 -5.800 -6.167  762 
   56009.322600   -1135.6406     335.4283   -1138.0603     335.8720    0.3440    -601.0100    -582.6136 -6.716 -7.306  762 
   56090.363100    -371.2957     342.8142    -406.4688     343.1857    0.0950    1117.4667    1092.0629 17.250 17.150  762 
   56302.492900    8520.8767     397.8488    8596.8588     398.0113    0.8368    3447.6006    3389.8140 39.655 39.178  762 
