   54533.485600       0.0000       2.8802       0.0000       2.8802      -nan       0.0000       0.0000  0.000  0.000  762 
   54534.499900      -6.8897       9.7732  -17332.1385     455.9292    0.4070       0.0000       0.0000 -48.729  0.000  762 
   54535.491300   -6467.5177     449.0183   -6539.9027     453.3603    0.6100   -1089.5780   -1003.0629 -23.328 -12.340  762 
   54536.508100   -4794.4764     452.4954   -4658.6879     457.2342    0.6259   -1903.1824   -1749.7694 -24.263 -21.931  762 
   54538.449200   -2465.4147     567.0863   -2542.5727     569.1786    0.6663   -5229.2171   -4984.6212 -33.969 -34.366  762 
   54590.274300    4374.4615     372.4841    7021.7299     375.3718    0.0999   -3810.1673   -3551.9219 -56.097 -56.830  762 
   54591.398100   -2634.0059     473.7904   -2601.5194     476.8907    0.5747   -4275.8660   -4001.4729 -38.837 -40.124  762 
   54912.375400   -2801.0579     483.2527   -2871.0190     486.0765    0.5588   -1855.8257   -1741.2499 -15.993 -14.669  762 
   55536.496700    6987.5084     752.8252    6814.8509     752.9932    0.2544  -15355.9169  -15221.6555 -83.711 -82.019  762 
   55927.517400    1674.6897     402.8681    1809.4056     407.8637    0.1678    -741.7434    -683.2157 -13.905 -10.558  762 
   56008.332400   -2690.4670     441.6137   -2947.1888     445.2281    0.4374   -1117.3589   -1044.9393 -12.576 -12.481  762 
   56009.322600    -648.9133     421.0457    -513.2327     425.3096    0.2110   -1197.1061   -1100.8437 -13.700 -13.674  762 
   56090.363100     643.2055     410.7164     819.8429     414.5135    0.2976    2799.8804    2617.3100 39.513 40.358  762 
   56302.492900   -1847.8194     472.1557   -1635.9297     474.9344    0.2635   -1577.8220   -1482.4638 -17.101 -17.359  762 
