   54533.485600  -11198.8283     426.4086  -11904.8690     428.6675    0.3575    1611.9799    1485.9223 22.473 23.244  762 
   54534.499900   -2288.2787     636.7313   -2512.3086     645.3159    0.1101     608.2488     529.5981  2.788  5.096  762 
   54535.491300    -975.2454     679.0694    -177.5179     694.7622    0.0014     247.8947     203.1555 -0.421  2.239  762 
   54536.508100    1994.8765     666.9963    3100.9322     682.8043    0.1991     148.6433     120.1066 -0.358  1.455  762 
   54538.449200   10602.0235     795.3846   10802.9757     811.3990    0.6244   -1791.6291   -1540.1053 -9.304 -10.478  762 
   54590.274300  -18882.2213     535.3852  -19537.6554     547.0539    0.7519    1237.8246    1019.3258 19.227 16.060  762 
   54591.398100  -19192.3971     685.1219  -17089.6877     700.8408    0.7063     913.7282     752.5554  6.698  7.499  762 
   54912.375400  -10469.7336     706.6684  -10674.3157     723.1789    0.6749     241.9682     201.7096  3.061  1.611  762 
   55536.496700    7537.9173     829.0221    5534.4550     832.1179    0.0859   -9307.0917   -8848.7122 -56.409 -50.731  762 
   55927.517400   -5975.0466     585.5075   -8197.4217     600.1326    0.3543     989.5980     798.4417 10.871 12.399  762 
   56008.332400    8949.4174     653.1450    9504.3475     666.8282    0.5270    1597.9029    1359.3661 15.932 14.235  762 
   56009.322600   -1616.6106     629.1329   -2420.1404     644.4683    0.0895    1567.7644    1272.5783 16.142 14.644  762 
   56090.363100   -4740.5301     573.2618   -4526.2162     584.7381    0.2450   -2778.4649   -2305.8434 -39.862 -35.706  762 
   56302.492900  -24452.4789     665.0148  -25575.0050     677.9202    0.8334     677.9312     565.8105  3.363  6.378  762 
