   54533.485600    6621.5886     352.8145    6689.6603     352.9769    0.1434   -3317.1625   -3310.3663 -57.785 -53.439  762 
   54534.499900    9920.1770     484.5583   10032.3976     485.3314    0.3151   -5988.3156   -5908.2301 -56.001 -56.894  762 
   54535.491300    8137.0554     444.3318    8233.1280     446.1524    0.7867     891.7955     876.0489 10.466 10.208  762 
   54536.508100    7734.5785     435.9788    7757.2754     438.1156    0.6698       0.8997       0.8825  0.808  0.011  762 
   54538.449200    9126.4707     575.2331    9033.8434     576.6071    0.7353    -835.0764    -817.7177 -6.830 -5.621  762 
   54590.274300   11801.2329     351.2375   12314.4885     352.5182    0.5633   -1623.8821   -1610.4455 -24.052 -26.442  762 
   54591.398100   17039.4522     465.8930   17470.3555     467.5722    0.8556     210.6402     206.4740  3.236  2.081  762 
   54912.375400   10515.1541     479.8434   10552.1870     481.4744    0.6841   -2447.3880   -2392.3443 -27.243 -20.326  762 
   55536.496700    7307.6416     755.9583    7378.1941     756.0755    0.2673  -15789.7430  -15701.9723 -87.277 -85.537  762 
   55927.517400    3058.1290     381.1503    3406.1012     382.7796    0.3058    -655.8488    -648.4846 -15.094 -10.185  762 
   56008.332400   -5332.8117     436.7253   -5619.7087     438.6625    0.5773   -1092.0889   -1074.0155 -15.459 -12.485  762 
   56009.322600   -5455.6780     414.6516   -5629.9652     416.5834    0.6896   -1344.5798   -1309.6487 -16.443 -16.003  762 
   56090.363100    8906.6164     387.2372    8935.2127     388.6925    0.7666    3094.5531    3072.7197 50.115 49.027  762 
   56302.492900    9322.1632     466.1290    9461.5791     467.3851    0.6554   -1193.5997   -1174.1317 -18.535 -13.558  762 
