   54533.485600       0.0000       2.8773       0.0000       2.8773      -nan       0.0000       0.0000  0.000  0.000  762 
   54534.499900       0.0000       3.8099       0.0000       3.8099      -nan       0.0000       0.0000  0.000  0.000  762 
   54535.491300       0.0000       3.2911       0.0000       3.2911      -nan       0.0000       0.0000 -8.450  0.000  762 
   54536.508100   -3170.7509     476.4373   -2094.1255     487.6733    0.2795   -2473.9839   -2177.6609 -32.762 -27.335  762 
   54538.449200   -3573.7666     586.2308   -3487.3983     591.3662    0.4593   -3625.8406   -3403.7483 -29.145 -23.486  762 
   54590.274300   -2755.8180     394.5168   -1189.4771     403.6071    0.2711   -3659.5105   -3245.8814 -48.229 -51.923  762 
   54591.398100   -3378.0072     494.8878   -2236.5557     502.1347    0.3514   -4481.3317   -4075.3524 -26.133 -40.749  762 
   54912.375400       1.0912      15.5183    1639.5909     494.0477    0.1080       0.0000       0.0000 -11.180  0.000  762 
   55536.496700    5072.6774     763.2922    5369.8107     763.6310    0.3059  -17947.5921  -17779.9096 -87.813 -94.826  762 
   55927.517400     -88.4062     427.6684     -63.2954     439.9073    0.0581    -547.5985    -480.3540 -8.925 -7.380  762 
   56008.332400   -6318.7625     461.3152   -7344.8891     470.4681    0.5590   -1605.7520   -1442.5780 -17.990 -17.439  762 
   56009.322600   -1392.4030     444.1394   -1490.0021     454.9919    0.2916   -1145.7492   -1005.3172 -14.695 -12.558  762 
   56090.363100    6664.8037     431.2737    7944.2594     440.2770    0.5354    2559.5301    2297.8560 42.822 35.342  762 
   56302.492900   -3800.4034     493.4770   -3439.0360     500.5750    0.3674   -3506.2686   -3181.6430 -50.956 -37.223  762 
