   54533.485600     560.5862     355.0455     480.6542     355.6188    0.1632   -3947.8795   -3816.2619 -60.954 -62.965  762 
   54534.499900   -3656.3645     477.3842   -3605.7544     479.0589    0.5908  -11042.5553  -10425.9610 -102.742 -102.572  762 
   54535.491300   -4575.6379     444.6141   -4496.0869     449.5800    0.0871    4250.7819    3804.8518 44.340 45.901  762 
   54536.508100   -6452.5814     444.2739   -7077.4051     450.4025    0.2940    4309.0503    3833.4608 47.896 48.597  762 
   54538.449200   -6138.2358     544.9281   -6106.9639     547.8028    0.1276    7795.3893    7274.9535 51.032 50.596  762 
   54590.274300     746.7384     367.3674     440.3303     371.8186    0.0726     254.6168     230.2106  4.154  3.778  762 
   54591.398100     443.2207     459.1042     262.2128     463.1772    0.4580    5239.4163    4769.5711 48.326 48.827  762 
   54912.375400    -396.9516     471.3689     523.4494     474.5570    0.0656     546.4993     502.9159  2.312  4.177  762 
   55536.496700  -23962.7715     726.6123  -24007.5593     726.8318    0.6240    1736.5388    1712.6758 12.588  9.652  762 
   55927.517400   -2615.8361     394.0997   -2643.9873     400.0227    0.2027     553.5106     492.9867 10.118  7.942  762 
   56008.332400    1948.5476     441.1988    1977.7399     444.7631    0.2251     186.2118     171.1937  2.987  1.955  762 
   56009.322600    2092.7274     415.2690    1952.3946     420.2646    0.2925     309.4058     276.4173  4.102  3.413  762 
   56090.363100     352.3268     402.6178    -163.9164     407.1052    0.0988   -1436.4950   -1310.7933 -21.206 -20.962  762 
   56302.492900   -5108.8024     463.5957   -4915.5172     467.0328    0.0642    4380.1224    4017.6364 49.080 47.738  762 
