   54533.485600   -2195.9852     355.4849   -2232.0264     355.7133    0.1820   -1742.9431   -1713.1448 -31.219 -27.146  762 
   54534.499900   -2425.4487     471.3239   -2427.5098     471.8457    0.5066   -5307.0610   -5173.6817 -52.129 -49.664  762 
   54535.491300   -2522.3538     438.6649   -2610.5349     440.2878    0.4781   -1130.3491   -1076.9209 -13.003 -12.051  762 
   54536.508100   -1766.8463     429.8389   -1743.2268     432.0681    0.3923   -1243.4159   -1176.2480 -17.068 -14.460  762 
   54538.449200    -900.7638     544.6923    -929.6742     545.3832    0.3698   -1844.2827   -1796.9979 -14.561 -12.223  762 
   54590.274300   -1069.9801     353.4962   -1035.7391     355.3922    0.2602   -1341.8628   -1273.9944 -21.062 -20.425  762 
   54591.398100    -113.7513     449.9618    -107.7634     451.3025    0.1377    -824.1280    -790.3739 -8.413 -7.883  762 
   54912.375400     459.9051     463.6086     433.0950     464.5957    0.1742   -1686.8356   -1628.9317 -12.452 -13.305  762 
   55536.496700     -32.7864     729.0463     -60.3209     729.0879    0.5093  -15610.7307  -15540.0302 -86.090 -86.937  762 
   55927.517400   -5513.8966     378.7895   -5632.2944     381.4320    0.5114     162.2912     152.7057  1.661  2.381  762 
   56008.332400     268.8456     432.7132     231.1362     433.8773    0.0611     294.8384     284.4363  1.914  3.092  762 
   56009.322600      44.0652     405.2014      44.5628     406.9326    0.0467    -353.6816    -336.1919 -3.467 -3.935  762 
   56090.363100    4813.4404     386.7587    4846.3230     388.5895    0.4340    -220.6752    -210.6108 -0.589 -3.298  762 
   56302.492900   -1408.6323     457.9496   -1470.8267     459.1382    0.2934   -1495.0792   -1438.8256 -14.031 -16.264  762 
