   54533.485600       0.0000       2.8856       0.0000       2.8856      -nan       0.0000       0.0000  0.000  0.000  762 
   54534.499900    8456.6830     445.2432    8248.1578     446.4505    0.5539   -1942.1929   -1857.1874 -39.600 -18.073  762 
   54535.491300    7271.8699     397.8678    6526.3469     402.3190    0.6421    1887.2104    1722.0326 17.798 20.250  762 
   54536.508100    5810.7971     401.0987    4749.3338     406.4833    0.5042    1790.1332    1625.5870 17.781 19.862  762 
   54538.449200    4937.3963     487.5206    4813.4397     489.6049    0.6590    2963.8551    2798.2907 18.110 19.323  762 
   54590.274300    2505.7073     340.1862    1200.4408     344.4710    0.1754    1378.7014    1267.1685 16.901 19.880  762 
   54591.398100    3253.5660     414.0031    2561.8381     417.5788    0.4647    3117.0402    2877.5950 25.251 28.992  762 
   54912.375400   -1974.9986     427.7431   -2007.9305     430.4521    0.2279     439.9325     409.7518  2.200  3.280  762 
   55536.496700   -1097.6064     696.9289   -1259.7107     697.0608    0.3493   13090.5867   12949.8827 75.907 74.552  762 
   55927.517400     -92.2106     359.4691    -850.6268     365.4819    0.0783      58.8966      53.0502  4.114  0.829  762 
   56008.332400    3165.6445     407.1786    3972.7782     409.4472    0.2634       4.1698       3.9003  0.749  0.042  762 
   56009.322600    1102.7407     377.3236    1002.5291     381.7165    0.1725     159.3395     144.8142  2.495  1.724  762 
   56090.363100   -3143.4856     376.7549   -3192.6376     380.7428    0.2078   -1028.2180    -953.0467 -26.048 -14.631  762 
   56302.492900   -1123.0175     428.8709   -1693.8587     431.9970    0.2390    -630.3830    -586.6097 -8.724 -6.835  762 
