   54533.485600    4312.2638     361.2878    4519.0669     361.6210    0.0921   -2550.3488   -2516.2979 -42.027 -40.962  762 
   54534.499900    2895.1759     507.3704    2958.3726     508.4080    0.0880   -4207.0161   -4100.5868 -39.525 -39.782  762 
   54535.491300    2912.4067     482.0868    3184.4559     484.6672    0.3914     500.6071     480.7246  5.477  5.606  762 
   54536.508100    2243.7196     473.6147    2479.1526     476.7325    0.3748     854.2857     815.0275  8.699 10.307  762 
   54538.449200     627.7870     615.6322     523.1762     617.1958    0.1752    1213.7930    1180.1357  8.909  8.118  762 
   54590.274300    1091.3504     380.4158    1383.2796     382.9874    0.0800    -703.8340    -676.2517 -8.992 -11.132  762 
   54591.398100    4122.0940     501.9400    4183.2221     504.2450    0.5569    1521.4002    1462.7891 16.334 14.811  762 
   54912.375400    1282.2408     520.4360    1370.3824     522.3910    0.0344   -1812.5178   -1749.0471 -15.594 -14.688  762 
   55536.496700    2140.7994     765.2604    2161.5254     765.4014    0.1499    2272.4697    2257.9707 17.920 12.468  762 
   55927.517400    -836.6424     412.5202    -631.5648     415.8409    0.0310     413.3998     395.5604  4.962  6.288  762 
   56008.332400   -3305.7791     472.2370   -3576.8020     474.7319    0.3713    -155.4076    -150.0448 -1.545 -1.717  762 
   56009.322600    -933.3790     447.3912   -1033.0649     450.2223    0.2452    -574.1175    -547.5199 -8.092 -6.664  762 
   56090.363100    4988.9842     416.1846    5211.2680     418.7388    0.5080     466.1827     449.0924  4.610  7.198  762 
   56302.492900     521.8013     495.6851     657.5132     497.6364    0.3013    1894.0784    1826.4957 18.596 21.198  762 
