   54533.485600      27.1205     348.4691     133.1656     348.8046    0.0026     -82.7228     -80.8148 -2.230 -1.345  762 
   54534.499900    -120.6910     471.3860    -140.9134     472.2116    0.2220   -2405.0881   -2317.0455 -20.238 -22.396  762 
   54535.491300   -2116.1374     424.1629   -1815.4473     427.0521    0.0992    2623.7685    2433.7403 30.165 29.958  762 
   54536.508100   -1071.0017     421.6307    -698.5935     425.0597    0.0730    1428.2692    1322.5617 15.817 17.274  762 
   54538.449200   -1627.2720     538.2542   -1511.7393     539.4310    0.1244    2765.0352    2651.0428 15.795 18.371  762 
   54590.274300    1864.2495     347.7821    2459.7876     350.5187    0.1671    -411.3445    -385.0145 -7.635 -6.512  762 
   54591.398100   -2784.6041     447.8896   -2472.9431     449.9240    0.1281    1187.4046    1117.9829  8.180 11.375  762 
   54912.375400     584.8399     448.0727     571.9369     449.9302    0.2992    2423.2829    2282.4713 21.364 20.161  762 
   55536.496700  -10088.6648     750.5701  -10075.8494     750.6567    0.2450    1218.8286    1209.3330  5.713  6.374  762 
   55927.517400    3159.9864     378.6329    2970.5895     382.2641    0.1906    -498.5962    -460.6383 -7.011 -7.332  762 
   56008.332400     239.7389     410.1289     302.9938     412.8040    0.0872   -1135.5164   -1065.1920 -14.318 -13.401  762 
   56009.322600    3636.7189     393.9576    3793.5827     396.8763    0.3680   -1235.5671   -1144.3572 -14.396 -14.643  762 
   56090.363100   -6431.3621     385.9395   -6556.4911     388.8273    0.2277    2444.0068    2294.7205 40.530 37.321  762 
   56302.492900   -1375.1317     451.4269    -649.0163     453.0522    0.0246    1215.8390    1151.6168 15.136 13.594  762 
