   54533.486000   -1478.9905     104.0346   -1259.8341     104.7640    0.0420    2147.1571    1994.9492 21.962 24.339  762 
   54534.502200     825.4565     137.5556     925.3134     138.2973    0.5266    6140.7564    5777.7329 38.826 38.390  762 
   54535.493400    2195.1996     152.1739    2680.6033     159.2888    0.5663     -35.7607     -29.0481  0.146 -0.351  762 
   54536.510300    2533.0808     227.0055    2779.0437     228.7981    0.4281    -258.0174    -239.5454 -1.593 -1.755  762 
   54538.451500     720.1431     229.6938     766.0515     231.3506    0.1139     -64.6842     -61.0072  0.039 -0.275  762 
   54590.276400    3893.2326     128.9603    4553.6275     135.5725    0.6854     396.1373     324.5837  4.473  5.294  762 
   54591.400200    1706.7354     172.8169    1980.8306     176.6433    0.3681    -202.2022    -175.6609 -1.727 -1.614  762 
   54912.385500    -275.8592     190.8634    -697.2331     194.4051    0.1456      18.0610      16.0684 -0.189  0.117  762 
   55536.498700    -437.3273     168.2899    -500.8005     169.2745    0.1066    1505.1789    1411.3442 10.141  8.955  762 
   55927.519800     120.2838     147.8491    -301.1276     159.3441    0.1087      23.3248      17.7163  0.060  0.249  762 
   56008.335800     274.5978     172.8044     502.1673     179.9065    0.1720      -6.0739      -4.9676 -1.012 -0.055  762 
   56009.325100      41.6298     167.4239      34.9356     176.3686    0.0051     -20.4928     -16.1223 -0.312 -0.192  762 
   56090.365900     -50.9041     162.5800     -59.0285     166.1985    0.0049      99.5045      87.4409  0.664  1.261  762 
   56302.495200     778.9802     156.6737     352.7350     165.7542    0.1922     467.4150     371.7501  4.561  4.555  762 
