   54533.486000   -3710.8664     109.3821   -3903.5995     109.8644    0.2158    -346.4616    -326.7782 -11.833 -3.551  762 
   54534.502200   -1961.9219     144.5338   -1904.8207     145.0118    0.4200   -3560.3990   -3383.9582 -22.164 -21.066  762 
   54535.493400   -1754.9857     159.7122   -1679.7225     164.0432    0.3651      59.7127      49.9931  0.541  0.565  762 
   54536.510300   -1353.4036     234.6494   -1126.2902     236.0713    0.2271    -165.3821    -153.6401 -0.813 -1.099  762 
   54538.451500   -1335.3130     235.3979   -1570.8862     237.2853    0.2045     433.9067     408.4469  1.979  1.829  762 
   54590.276400     -81.1879     133.3040      44.8777     137.3630    0.0078    -105.1878     -88.4899 -1.037 -1.376  762 
   54591.400200     385.5058     175.0751     453.2706     177.5423    0.1679     444.5769     393.4448  3.609  3.611  762 
   54912.385500      -0.0377       4.4730     -53.2823       5.9555    0.0218       0.0000       0.0000 -0.946  0.000  762 
   55536.498700   -1014.6574     170.5717   -1270.8700     171.3521    0.3681   -1959.5547   -1847.3807 -11.563 -11.719  762 
   55927.519800   -1133.6502     150.6569   -1081.8914     157.5869    0.3941     -32.1628     -25.7996 -0.381 -0.357  762 
   56008.335800    -387.3540     174.6449    -611.7735     179.5911    0.1460      74.0729      62.0014  0.199  0.705  762 
   56009.325100    -515.5670     169.6082    -677.9193     175.3506    0.1725      23.5893      19.3727  0.079  0.229  762 
   56090.365900    4274.3307     163.4637    4655.0205     165.3145    0.5224      87.1150      79.3061  0.489  1.089  762 
   56302.495200    1418.4906     162.7202    1434.4388     167.6191    0.3632     136.2764     114.1384  1.227  1.305  762 
