   54533.486000     363.6689     126.0007     285.4655     127.5243    0.0219      87.1906      78.3233  0.869  0.907  762 
   54534.502200      66.5024     173.2616    -154.2745     174.8400    0.0604    1019.8675     926.4301  7.704  5.980  762 
   54535.493400    3174.9219     218.3568    3508.1197     226.9025    0.6005     680.0840     539.7020  6.682  6.290  762 
   54536.510300    3868.8809     288.0485    4239.5569     291.7176    0.5598     787.9394     702.5742  5.505  5.093  762 
   54538.451500   -3935.3569     311.7992   -4004.6239     315.3904    0.2740     974.3876     889.1178  4.723  3.977  762 
   54590.276400    4008.2105     179.9105    4868.9539     188.1507    0.6117     531.0521     421.9317  5.598  6.654  762 
   54591.400200     718.1160     235.4778     820.6980     241.0132    0.1590     963.3341     806.8583  7.654  7.315  762 
   54912.385500     552.2611     264.9227     -76.5719     269.6378    0.0744     643.8419     555.8969  3.670  3.868  762 
   55536.498700    5762.8457     208.0007    5515.5784     209.9166    0.4085    -887.4994    -803.6040 -3.793 -5.086  762 
   55927.519800   -1243.8972     216.3942   -1479.2873     228.1807    0.3665     -69.7553     -52.5218 -2.514 -0.724  762 
   56008.335800    1310.4798     241.3154    1274.5879     250.7205    0.2213    -107.9848     -85.3494  0.015 -0.949  762 
   56009.325100     -40.0033     236.4175    -112.3570     247.3032    0.0649    -182.0250    -139.2616 -1.515 -1.632  762 
   56090.365900     419.8402     208.3955     463.0427     213.6731    0.1172     246.0090     208.4679  2.534  2.876  762 
   56302.495200    4247.6138     224.5896    3961.0524     234.3174    0.5862     -39.8841     -31.0879 -1.193 -0.365  762 
