   54533.486000     104.3281      98.5551     -52.5625      98.6588    0.0282    -458.8597    -450.0763 -3.256 -5.016  762 
   54534.502200     590.2236     131.0847     429.0009     131.2273    0.0086    -346.3687    -339.8695 -1.391 -2.160  762 
   54535.493400    1327.0819     125.7213    1276.5050     127.0465    0.4360     364.3008     336.6792  4.143  3.939  762 
   54536.510300     602.9478     208.0942     571.8992     208.3650    0.2530     479.6711     468.3075  3.080  3.398  762 
   54538.451500    2767.2060     205.0996    2723.0473     205.4799    0.6985    1243.5036    1218.6134  5.642  5.648  762 
   54590.276400    -821.1872     107.6760    -921.0032     109.0423    0.2381      48.6834      44.5096  0.887  0.713  762 
   54591.400200    -355.8440     146.2092    -494.6209     147.0204    0.0374     702.8561     665.1270  6.541  6.395  762 
   54912.385500    -759.6536     169.1324    -867.7892     169.8461    0.2036     290.7347     279.1882  1.498  1.999  762 
   55536.498700    -396.7044     155.9818    -512.0939     156.1646    0.1414    -551.8975    -540.5835 -3.567 -3.455  762 
   55927.519800     235.3760     117.1747     218.6922     119.5194    0.0957      -5.3235      -4.7717 -0.240 -0.068  762 
   56008.335800     626.9387     140.6746     654.8461     141.9385    0.2280     -13.9554     -12.9689 -0.609 -0.150  762 
   56009.325100     466.9995     136.2288     422.2369     137.8793    0.1200    -133.5491    -121.6629 -1.240 -1.463  762 
   56090.365900   -2103.8809     141.0537   -2262.7471     141.7303    0.3723     101.6041      96.1636  1.311  1.448  762 
   56302.495200    -635.8312     130.4856    -800.7065     132.2417    0.1983     138.3578     126.4323  1.486  1.538  762 
