   54533.486000    -536.5974     105.8441    -782.6143     106.0149    0.0933    -855.7982    -837.3431 -10.765 -9.150  762 
   54534.502200     958.6914     144.3718     831.1857     144.6206    0.3144   -4254.7880   -4166.7559 -25.384 -26.046  762 
   54535.493400   -2495.5599     149.3112   -2540.4611     150.6577    0.4492     548.1191     514.7445  4.977  5.909  762 
   54536.510300   -2086.5372     231.5431   -2166.8869     232.3007    0.3297     382.3859     369.8116  2.248  2.674  762 
   54538.451500   -2114.7148     242.3558   -2152.9452     243.3594    0.3210     537.6385     520.5783  2.971  2.369  762 
   54590.276400     211.5580     120.2273     280.8750     121.0831    0.0795     151.3436     143.6540  2.271  2.284  762 
   54591.400200    1067.6836     167.0646    1133.1742     167.9112    0.3328     693.3918     664.2559  7.584  6.267  762 
   54912.385500   -1963.7135     199.7291   -1968.9753     200.6923    0.4593     243.1951     233.6503  1.521  1.592  762 
   55536.498700    1188.5899     169.7607    1037.3983     170.1418    0.0768   -1737.5129   -1694.1938 -10.274 -10.847  762 
   55927.519800     278.3534     136.0945     222.3674     137.5481    0.1142      52.3453      48.9765  0.318  0.694  762 
   56008.335800    -213.1166     161.7950    -274.8325     163.0612    0.1305    -115.0365    -109.1216 -1.571 -1.271  762 
   56009.325100    -712.8295     156.8563    -739.1973     158.1383    0.2227     -18.5033     -17.3687 -0.440 -0.209  762 
   56090.365900    1782.2259     152.7325    1836.8934     153.0655    0.3073      66.9873      65.2473  0.574  0.933  762 
   56302.495200    1292.0951     151.2585    1364.7397     152.2784    0.3969     307.7948     291.5414  3.167  3.418  762 
