   54533.486000    2053.4401      93.1804    1747.4910      93.2964    0.2551    3024.7415    2959.6746 27.267 32.272  762 
   54534.502200   -2197.0680     118.8293   -2328.6458     118.9614    0.4197    7416.0214    7233.9461 43.288 45.202  762 
   54535.493400   -1386.7256     105.3662   -1412.7299     107.3064    0.4789     114.8753     100.6984  0.354  1.167  762 
   54536.510300   -1085.1694     187.2164   -1103.2334     187.5245    0.3199    -132.0252    -127.5866 -0.946 -0.923  762 
   54538.451500    -193.2642     163.3288    -250.1179     163.7166    0.1964    1154.3693    1117.9137  5.370  5.232  762 
   54590.276400    1392.9458      92.1332    1469.1237      93.5240    0.4347     364.9403     326.9376  5.437  5.225  762 
   54591.400200    1129.6701     123.2066    1108.0088     124.0232    0.2976     301.1955     279.8153  2.723  2.738  762 
   54912.385500   -1472.8824     140.6613   -1560.4424     141.3970    0.4020     479.2058     451.7622  3.050  3.216  762 
   55536.498700   -1293.5740     140.1439   -1465.7668     140.3321    0.0761    2118.1343    2065.7985 14.511 13.229  762 
   55927.519800     849.0836      93.5647     753.8092      97.1331    0.4353      11.5240       9.6632  0.518  0.138  762 
   56008.335800    -372.1693     117.7109    -427.5565     119.7143    0.1643      -7.5489      -6.6810  0.267 -0.079  762 
   56009.325100     -39.4115     112.6310     -62.1490     115.0063    0.0298     148.9416     129.6116  1.491  1.570  762 
   56090.365900     176.6329     128.3433     164.4310     128.9103    0.0025    -186.4731    -175.9577 -2.662 -2.692  762 
   56302.495200   -2662.5185     109.6726   -3187.3089     112.5771    0.6195     -72.9018     -63.2931 -0.877 -0.768  762 
