   54533.486000    2451.4486      95.0638    2140.1876      95.1856    0.1061    -504.0551    -493.3280 -2.975 -5.874  762 
   54534.502200    3829.6647     125.9740    3834.6955     126.0426    0.4843     759.5218     747.6950  4.087  4.898  762 
   54535.493400    4905.4467     118.3704    5020.8129     119.1434    0.8738     335.5816     313.2963  3.399  3.740  762 
   54536.510300    4454.6455     202.7279    4480.4600     202.9199    0.7856     232.9945     227.8735  2.121  1.650  762 
   54538.451500    4188.2458     200.5286    4165.8570     200.8006    0.7684     952.9638     934.2077  3.805  4.197  762 
   54590.276400    4470.9272     101.8012    4524.7892     102.4639    0.7779     140.6894     131.6977  2.433  2.129  762 
   54591.400200    4396.5600     142.9226    4423.5812     143.3416    0.7773     391.1438     373.5981  3.411  3.432  762 
   54912.385500    2248.4863     161.3418    2254.8856     161.7785    0.7413     465.4944     447.4404  3.335  3.214  762 
   55536.498700    1284.4065     153.0405    1212.7788     153.1792    0.2207     391.4140     383.7685  1.822  2.419  762 
   55927.519800   -1506.3261     114.7194   -1608.7171     116.4288    0.6210      35.0655      31.1331  0.153  0.436  762 
   56008.335800    2008.6392     137.4737    1977.4790     138.3815    0.5925     -25.2019     -23.5008 -0.321 -0.262  762 
   56009.325100    1716.2966     131.4946    1743.9858     132.5139    0.5694     -76.8879     -70.5059 -0.422 -0.835  762 
   56090.365900   -2015.4739     140.6077   -2044.1997     140.9738    0.4362      76.0865      72.7103  0.636  1.050  762 
   56302.495200   -5550.3357     128.6809   -5838.4755     130.3365    0.8125     180.0011     161.6080  1.714  1.965  762 
