   54533.486000   -1625.0735     105.0947   -1782.8629     105.4218    0.2352   -2452.4816   -2359.6729 -32.542 -26.381  762 
   54534.502200    2183.4392     142.0554    1898.3785     142.5794    0.5363  -11648.4184  -11328.8954 -71.481 -71.718  762 
   54535.493400    -233.9467     147.3535    -317.8591     150.7627    0.2546    1698.9653    1506.7688 17.805 17.399  762 
   54536.510300     121.1617     226.3867     105.3684     227.4868    0.4076    2151.0435    2074.3567 15.473 14.874  762 
   54538.451500    -203.3856     235.3420    -312.6812     237.2207    0.4014    2870.0627    2789.0147 13.456 12.586  762 
   54590.276400   -1141.1440     124.1798   -1243.1554     127.2796    0.1983     524.5914     461.3126  7.165  7.268  762 
   54591.400200   -1973.1784     167.5633   -2094.0982     169.8065    0.0084    2233.7308    2053.1658 18.581 19.032  762 
   54912.385500   -1352.2455     192.8162   -1275.1373     194.9023    0.1107    1716.9704    1617.8027 11.541 11.247  762 
   55536.498700   -1844.6451     168.9247   -1970.6956     169.6062    0.4084   -2314.8709   -2240.9593 -14.495 -14.137  762 
   55927.519800    3256.7169     138.5236    3637.3441     142.9148    0.7343    -186.7828    -160.9243 -2.296 -2.236  762 
   56008.335800     258.8911     163.7848     228.2545     167.0500    0.0088    -284.0292    -255.3785 -3.605 -2.886  762 
   56009.325100    -334.9954     159.3784    -501.5083     163.5203    0.0970     168.0518     146.9859  1.697  1.735  762 
   56090.365900   -2963.0858     157.7219   -3242.3151     159.3457    0.3825     168.1712     155.1269  3.878  2.212  762 
   56302.495200     118.9989     152.4472      36.1197     156.2319    0.1259     634.5125     559.0252  6.172  6.599  762 
