   54533.486000    -330.0179     103.6620    -352.2922     104.0236    0.1164    2242.7037    2121.9787 23.843 25.758  762 
   54534.502200    -866.2313     139.5577    -840.3741     140.0840    0.3659    5230.7088    4972.4075 33.353 32.767  762 
   54535.493400    1274.6399     153.7269    1476.7818     157.0352    0.4583      23.7584      20.2683  0.070  0.244  762 
   54536.510300    3312.3594     229.4260    3557.7424     230.6716    0.5445    -140.0441    -131.4515 -0.783 -0.961  762 
   54538.451500     795.5370     235.5871     966.7038     237.2121    0.1854     308.3715     292.3555  1.383  1.312  762 
   54590.276400    5367.2323     127.6090    5485.5039     129.9717    0.8347     292.5245     254.3899  4.900  4.133  762 
   54591.400200    2883.2844     173.9025    3161.7219     175.9456    0.4593    -140.2060    -125.8048 -1.314 -1.150  762 
   54912.385500   -1373.5095     194.9233   -1376.3512     197.2762    0.3047     358.7150     325.9688  2.109  2.348  762 
   55536.498700    1691.3346     169.7108    1459.9541     170.4839    0.3416    1839.8733    1741.3002  8.922 11.006  762 
   55927.519800     -55.1375     149.0895    -333.2489     153.4560    0.0861      73.9543      60.3888  1.079  0.844  762 
   56008.335800    1079.2973     172.6471    1044.2730     175.8807    0.3592      24.0532      20.7642  0.442  0.232  762 
   56009.325100    -627.6643     167.7404    -672.8686     171.5409    0.2089      30.0651      25.1903 -0.135  0.299  762 
   56090.365900     -73.8497     161.7344     -30.4332     162.9510    0.0780    -382.1296    -348.7672 -3.513 -4.980  762 
   56302.495200     236.9331     158.5484      58.1050     162.1674    0.0884     285.0121     239.5458  3.353  2.914  762 
