   54533.486000    1803.6900     100.0372    1688.1477     100.5371    0.1140     444.5095     419.3287  0.142  4.987  762 
   54534.502200     467.8598     131.4934     403.5764     131.9901    0.1309   -1892.0529   -1800.1463 -11.305 -11.815  762 
   54535.493400    1612.1524     136.3068    1716.1741     142.4816    0.3313     -93.1142     -76.0284 -0.146 -0.907  762 
   54536.510300    2004.4862     212.7604    2124.9790     214.1171    0.3971    -225.5139    -211.4963 -1.426 -1.545  762 
   54538.451500     873.7882     206.9003     930.7295     208.1929    0.2368     178.7388     169.8685  0.408  0.766  762 
   54590.276400    2083.4273     117.6804    2356.3588     123.1074    0.4054      67.1682      55.5324 -0.078  0.897  762 
   54591.400200    1517.6150     156.7588    1503.2851     159.9225    0.3745       3.6432       3.1999 -0.420  0.029  762 
   54912.385500      57.0876     173.1314     -82.8820     175.7801    0.0329     212.9981     192.3047  1.550  1.376  762 
   55536.498700     384.1950     158.2143     211.2922     158.9443    0.0124    -328.2556    -311.4816 -1.948 -1.979  762 
   55927.519800     767.9927     129.7580     603.4963     139.6310    0.2642     -34.3308     -26.3411 -0.592 -0.370  762 
   56008.335800     212.0283     154.6115     276.3202     160.5944    0.0942     -12.0877      -9.9929  0.610 -0.112  762 
   56009.325100     223.1825     149.1750     307.0870     156.5857    0.1061     -39.7518     -31.7199 -1.437 -0.377  762 
   56090.365900   -1319.5382     152.9553   -1435.7111     155.6632    0.2796     176.3621     157.2774  2.159  2.250  762 
   56302.495200     563.7002     140.4483     326.8782     147.8823    0.1211     132.5620     107.1053  1.222  1.295  762 
