   54533.486000    3723.6224      95.9101    3456.8040      95.9950    0.0769   -2063.8001   -2022.8368 -28.092 -22.731  762 
   54534.502200    3114.7081     126.6811    2949.3706     126.7708    0.2914   -6559.8763   -6448.6703 -42.261 -40.959  762 
   54535.493400    3254.6726     115.8961    3286.8689     117.0308    0.7028     430.5783     395.3652  4.448  4.608  762 
   54536.510300    3243.8034     198.9916    3253.2821     199.1682    0.6566     377.6212     369.1054  2.831  2.667  762 
   54538.451500    4413.8652     189.9441    4392.0795     190.1116    0.7924    1376.5626    1353.3704  6.099  6.201  762 
   54590.276400    4177.3247      99.8898    4258.1298     100.9022    0.7326     -38.5050     -35.4887 -1.555 -0.562  762 
   54591.400200    4207.8897     136.5088    4259.6580     136.9737    0.7650     887.2183     845.7537  8.557  7.964  762 
   54912.385500    2966.2967     156.0657    2939.3213     156.4632    0.7707     165.6216     159.7397  1.373  1.138  762 
   55536.498700    6617.0969     149.0620    6531.4812     149.1480    0.5207   -1669.8161   -1645.6504 -11.189 -10.407  762 
   55927.519800    1426.9695     107.9625    1455.9682     110.3293    0.5623     -10.7191      -9.5221 -0.628 -0.132  762 
   56008.335800    -447.4998     133.6760    -559.3866     135.1109    0.2779    -259.4155    -237.3660 -2.274 -2.698  762 
   56009.325100    -277.3617     128.1385    -373.0251     129.9046    0.1413     -13.1064     -11.8251 -0.455 -0.140  762 
   56090.365900     290.1841     136.7170     285.0626     137.2252    0.0830     215.7655     205.6501  2.726  3.014  762 
   56302.495200    2970.3377     119.2852    2987.0787     120.7754    0.7553     511.5602     468.8508  5.377  5.631  762 
