   54533.486000   -3457.6261     109.4103   -5012.8895     110.1802    0.2394   -1439.9686   -1347.1271 -19.304 -15.007  762 
   54534.502200    2812.3725     146.4977    2685.8841     147.2502    0.2216   -5225.3411   -4952.0168 -31.176 -31.297  762 
   54535.493400     278.6809     161.5816     367.6508     166.3357    0.1885     330.0516     278.6744  2.959  3.234  762 
   54536.510300     979.1998     236.0367     990.2736     237.8646    0.3044     343.9036     321.0514  2.452  2.307  762 
   54538.451500     484.0492     240.2283     387.7785     242.6135    0.3291    1443.0808    1359.9885  6.110  6.227  762 
   54590.276400   -3088.1785     136.2419   -3089.7560     140.1218    0.5892    -121.2224    -102.5822 -0.677 -1.622  762 
   54591.400200   -1784.5857     179.0233   -1871.1225     182.2794    0.2723     682.5303     604.5309  5.939  5.709  762 
   54912.385500   -1360.5044     204.5909   -1503.8445     207.8881    0.3635     294.7387     266.2813  1.830  1.889  762 
   55536.498700     916.7899     174.3001     752.0252     175.3074    0.0740   -1475.5746   -1393.5666 -7.949 -8.797  762 
   55927.519800   -1423.1055     156.5278   -1709.5928     163.0439    0.5266     -13.5117     -10.9099 -0.146 -0.152  762 
   56008.335800     467.2236     177.5187     436.5954     182.2046    0.0880    -165.6569    -141.4208 -1.446 -1.611  762 
   56009.325100     278.9433     173.4962     131.4351     178.8392    0.0059    -180.9766    -150.6297 -1.294 -1.785  762 
   56090.365900    1336.8942     163.8413    1431.8158     165.8289    0.3353     182.6828     165.7814  2.268  2.442  762 
   56302.495200   -2024.7533     167.3109   -2200.6783     172.7435    0.3697     892.7647     744.2720  8.917  8.931  762 
