   54533.486000    3207.2103     135.4819    2360.9045     137.7527    0.0568   -4212.1283   -3620.3896 -38.129 -40.328  762 
   54534.502200    3504.3067     183.0973    2765.6230     186.2729    0.4338  -13686.3951  -11994.5966 -75.730 -75.731  762 
   54535.493400    2163.9951     242.5553    1662.5772     255.0148    0.3991    1815.5291    1298.8945 14.458 14.940  762 
   54536.510300     502.8055     305.4955     336.0122     312.7515    0.3270    2145.9546    1813.1971 12.518 12.984  762 
   54538.451500   -1146.4173     318.9485   -1203.3387     325.9090    0.1433    2543.8301    2257.3936 10.057 10.168  762 
   54590.276400    -135.2684     203.7120    -515.4311     213.6385    0.0337     395.1325     283.6285  5.540  4.447  762 
   54591.400200    3516.2673     252.8456    3328.8291     262.6971    0.6009    2333.1604    1794.6075 16.337 16.575  762 
   54912.385500    4394.4859     280.2708    4643.9017     288.9610    0.8268    1666.5226    1364.3787  9.438  9.445  762 
   55536.498700     201.6481     218.9160     337.8092     222.8778    0.1840   -3088.2327   -2680.4034 -18.026 -16.885  762 
   55927.519800    -861.5117     242.8239    -756.7807     256.7422    0.2262    -142.4521     -95.6819 -2.182 -1.323  762 
   56008.335800   -2172.3222     266.5039   -2512.9926     280.1671    0.3458       0.6209       0.4429 -0.601  0.005  762 
   56009.325100    -458.6199     262.0379    -437.9898     276.3369    0.0819      57.9177      39.7924  0.007  0.468  762 
   56090.365900    5237.6957     225.1325    5341.3800     231.9818    0.3768     312.1022     247.1380  2.574  3.497  762 
   56302.495200    2554.0550     249.1742    3303.8166     261.7504    0.4951     868.3943     612.1487  7.480  7.185  762 
