   54533.486000     723.8003     122.9647      83.1122     124.9699    0.2124   -4615.7967   -4124.3243 -43.876 -45.905  762 
   54534.502200    2937.7814     166.2177    2155.1228     168.4995    0.5549  -13803.8417  -12508.3527 -79.611 -79.122  762 
   54535.493400     756.3694     203.4268    -115.0600     216.9557    0.1164    1041.3401     789.2577  8.187  9.075  762 
   54536.510300    1221.0341     272.2022     808.9212     277.8262    0.3244    1452.3254    1275.8486  8.996  9.132  762 
   54538.451500    1472.8006     282.2579    1367.7561     287.5235    0.4367    1789.3699    1623.0030  7.712  7.339  762 
   54590.276400     -10.8871     170.0111    -479.7827     182.4231    0.0926    -103.3879     -78.5453  0.067 -1.230  762 
   54591.400200    2032.0710     217.4809    1520.8345     226.3073    0.4816    1687.7085    1374.4031 13.464 12.735  762 
   54912.385500    4699.0469     244.2380    4857.0996     251.3801    0.8202     737.5679     628.5937  5.140  4.369  762 
   55536.498700    4202.7960     197.1372    4377.0091     199.8252    0.0940   -3654.1412   -3293.9574 -18.991 -20.802  762 
   55927.519800    2851.5483     198.4109    3649.9558     216.1101    0.5749    -112.0891     -81.0715 -0.788 -1.120  762 
   56008.335800   -2808.9034     223.8043   -3304.5879     237.9718    0.5181    -222.7520    -170.1295 -2.596 -1.917  762 
   56009.325100   -2517.7866     219.8612   -2602.9005     235.4599    0.4802     -78.1449     -57.6515 -0.518 -0.678  762 
   56090.365900    2747.5684     196.6095    2420.5002     204.6987    0.2965     389.4074     324.3273  4.300  4.600  762 
   56302.495200    3129.5663     208.7118    4002.3956     223.0427    0.5729     417.3820     314.5306  3.841  3.696  762 
