   54533.486000     312.0680      99.9113     113.5574      99.9800    0.1619   -2729.9451   -2681.7234 -32.374 -30.405  762 
   54534.502200    2327.8301     135.6810    2203.4931     135.7456    0.3965   -7558.6689   -7445.6870 -48.343 -47.768  762 
   54535.493400    1255.8346     131.7557    1267.8329     132.3078    0.5628    1113.4369    1044.7929 11.596 12.250  762 
   54536.510300    1048.0527     214.9447    1016.9068     215.1286    0.5080    1651.1679    1613.8335 11.863 11.715  762 
   54538.451500    1662.8471     220.7512    1623.0060     220.9980    0.6201    2055.0188    2022.5228  9.847  9.285  762 
   54590.276400    1494.9742     110.1668    1489.3581     110.6216    0.4712     361.1372     339.8584  5.409  5.418  762 
   54591.400200    2133.2823     152.4588    2125.2117     152.7282    0.6740    1704.9162    1641.3243 14.908 15.487  762 
   54912.385500    1197.7108     177.2474    1168.6650     177.5006    0.5708     954.7040     927.4119  6.635  6.632  762 
   55536.498700    -502.5517     161.6557    -570.9770     161.7474    0.2921   -1725.3779   -1695.7021 -10.558 -10.798  762 
   55927.519800    1330.8264     122.9546    1333.2810     123.7237    0.4531     -10.7395      -9.9597 -0.311 -0.140  762 
   56008.335800    -225.7633     149.0342    -243.8189     149.6652    0.1280    -145.5790    -136.7072 -2.184 -1.557  762 
   56009.325100    -583.9499     143.8313    -625.2018     144.5573    0.2565     -88.7276     -82.3911 -0.503 -0.981  762 
   56090.365900    -118.1241     144.2706    -150.5146     144.5108    0.0087     118.1386     114.0525  2.485  1.674  762 
   56302.495200    1114.6044     135.7941    1089.3412     136.4051    0.4054     432.9694     405.9753  5.410  4.900  762 
