   54533.486000    5226.3183     104.7625    5123.3404     104.9196    0.2602   -1209.9100   -1184.1910 -13.418 -12.962  762 
   54534.502200    4318.7318     143.9535    4184.4213     144.1338    0.0971   -3176.4857   -3125.4868 -19.535 -19.658  762 
   54535.493400    2952.2641     147.1024    2976.3186     148.8608    0.7013     797.3330     740.4869  8.033  8.509  762 
   54536.510300    3074.6761     228.6679    3068.5992     229.0128    0.6652     853.3646     837.7447  6.664  6.046  762 
   54538.451500    4643.3727     243.4113    4549.7339     243.9786    0.6966     697.8737     686.0030  3.333  3.147  762 
   54590.276400    2690.8209     121.9610    2668.2437     123.8852    0.5052      95.9894      87.4667  0.973  1.379  762 
   54591.400200    3883.2510     165.8569    3881.1990     166.7677    0.7171     869.5738     829.6131  7.274  7.862  762 
   54912.385500     917.7573     197.5756     937.9487     198.3608    0.3898     421.5028     408.4332  2.262  2.843  762 
   55536.498700    2110.2517     170.4536    2080.4154     170.6736    0.0324   -1834.0992   -1800.7994 -10.956 -11.495  762 
   55927.519800     719.6472     140.0588     772.7086     143.2536    0.3557      94.4551      83.9741  0.905  1.179  762 
   56008.335800    -814.1153     164.7099    -899.9258     166.6337    0.2417     107.8599      99.2856  0.952  1.144  762 
   56009.325100   -1285.5922     160.9526   -1381.6855     163.4154    0.4264    -118.6808    -107.0415 -1.086 -1.277  762 
   56090.365900    1935.7256     154.5506    1942.2132     155.5368    0.3378    -133.9006    -126.5782 -0.743 -1.837  762 
   56302.495200    4436.3042     151.4887    4577.1151     153.5024    0.7836     513.1818     473.2083  5.231  5.599  762 
