   54533.486000   -4579.9360     130.9011   -6183.7309     133.7018    0.2267   -2122.8659   -1824.5310 -20.879 -20.785  762 
   54534.502200    3511.0875     174.8288    2739.4506     177.7622    0.3937  -10958.2028   -9695.6092 -63.964 -62.244  762 
   54535.493400    4555.7273     225.8995    4472.2799     240.6093    0.7339    1582.7702    1136.3961 13.512 13.227  762 
   54536.510300   -1025.2350     291.9775   -1244.2390     299.3237    0.1163    2309.2968    1972.9173 13.484 14.299  762 
   54538.451500   -2949.5906     304.9324   -3129.5518     311.2437    0.1202    2475.5341    2210.6514 10.444 10.001  762 
   54590.276400   11850.5233     188.2673   13608.2270     200.1132    0.8237     564.8616     406.9798  7.248  6.441  762 
   54591.400200   14984.1817     235.6466   15429.3713     245.6170    0.9272    2065.9875    1619.7316 14.796 14.962  762 
   54912.385500    4903.6515     263.9884    5035.3043     272.6567    0.8018    1220.8324    1010.9196  7.085  7.070  762 
   55536.498700    1463.6238     209.6154    1043.8487     213.4850    0.1442   -2956.2136   -2590.0662 -16.331 -16.478  762 
   55927.519800    5382.3485     224.2060    6126.6535     241.3391    0.7471    -303.3805    -203.8690 -2.318 -2.837  762 
   56008.335800    -797.4086     249.7840   -1042.8182     265.9395    0.2189    -105.4010     -75.6043 -0.466 -0.853  762 
   56009.325100    -326.7391     245.3747    -334.6818     262.9892    0.0626     119.8335      82.3214  1.012  0.974  762 
   56090.365900   -4557.7562     216.5971   -5103.9799     225.4842    0.4688     109.1110      86.3783  0.703  1.219  762 
   56302.495200    1403.9424     233.0926    1893.9305     248.5792    0.4583    1222.4678     861.2340  9.818 10.181  762 
