   54533.486000   -1904.1238      94.0291   -2163.1519      94.0776    0.2908   -2886.6395   -2855.7641 -34.702 -33.020  762 
   54534.502200   -3088.7180     125.3104   -3238.2997     125.3528    0.6901  -10470.8608  -10371.7498 -68.549 -67.021  762 
   54535.493400   -2458.9338     110.2857   -2516.6245     110.6202    0.5823     681.5838     649.5295  7.950  7.659  762 
   54536.510300   -3173.0486     196.3859   -3211.1291     196.4493    0.4358    1326.4086    1308.2036  9.424  9.505  762 
   54538.451500   -2953.5552     190.7961   -3011.6964     190.8717    0.2280    2023.0082    1999.8465  9.832  9.067  762 
   54590.276400   -1512.9951      95.0046   -1615.9059      95.3375    0.4592      46.3515      44.3427  0.697  0.711  762 
   54591.400200   -1870.3742     133.8785   -1927.8499     134.0304    0.1974    1222.2631    1187.3337 10.931 11.031  762 
   54912.385500   -2948.1300     152.9675   -2994.4044     153.1028    0.5877     888.5668     868.7965  5.996  6.171  762 
   55536.498700    -107.7086     147.7590    -164.2146     147.7828    0.3217   -2391.0121   -2374.4923 -15.984 -15.074  762 
   55927.519800      14.2289      98.7287     -39.8583      99.2216    0.0574     -86.8646     -82.3875 -1.553 -1.155  762 
   56008.335800     202.8515     124.5583     184.9926     124.7693    0.0175    -149.1321    -143.7087 -2.056 -1.625  762 
   56009.325100     175.2761     118.1743     161.1874     118.4462    0.1156     103.0666      98.6127  0.895  1.173  762 
   56090.365900    -444.7555     132.2838    -480.9585     132.3770    0.0747     193.1604     189.3757  2.272  2.730  762 
   56302.495200   -2183.7247     113.6913   -2276.9172     114.1107    0.4557     750.5326     713.4695  8.661  8.584  762 
