   54533.486000    9245.9284     114.5014    9070.4016     114.8583    0.3597   -1682.5322   -1591.3517 -19.346 -18.053  762 
   54534.502200    9746.3372     159.6370    9623.2945     160.1396    0.1424   -8245.4929   -7820.0468 -48.452 -49.982  762 
   54535.493400    8746.0675     184.2199    8890.4302     186.7424    0.8479    1491.3054    1298.7229 14.835 15.193  762 
   54536.510300    9150.3973     259.0770    9199.5763     260.1764    0.8759    2010.4354    1884.9082 13.325 13.583  762 
   54538.451500    8317.3376     278.5053    8308.4745     279.8272    0.8513    1988.5240    1892.7391  8.415  8.625  762 
   54590.276400    4520.0671     152.6050    4655.1911     155.1734    0.6601     384.4044     333.4563  6.363  5.309  762 
   54591.400200    5794.3270     202.8761    5909.3228     204.6326    0.8249    1889.1660    1695.6721 15.840 15.890  762 
   54912.385500     418.6395     233.8382     456.0150     235.6080    0.3090     836.9399     766.1655  5.299  5.447  762 
   55536.498700    3936.0729     191.6123    3873.6831     192.2981    0.1852   -2273.9406   -2148.4953 -13.312 -13.595  762 
   55927.519800    4368.7480     180.6601    4483.6793     184.4059    0.7725     -24.9801     -21.0489 -0.993 -0.294  762 
   56008.335800   -5183.3053     209.0539   -5331.6383     212.5569    0.7953    -410.0461    -353.0180 -2.656 -4.003  762 
   56009.325100   -4602.3163     203.9077   -4857.2579     207.9217    0.7472      30.5774      25.7836  0.147  0.306  762 
   56090.365900    5010.1419     179.7809    5178.2044     181.2511    0.6889     272.9512     247.3479  2.254  3.611  762 
   56302.495200   -4835.1861     194.2720   -4942.0657     197.9526    0.6889     833.5931     708.4302  8.205  8.520  762 
