   54533.486000    2791.8089     124.8323    2593.3224     126.4642    0.1404    -125.8023    -112.0989 -4.550 -1.316  762 
   54534.502200    1976.9497     171.2904    1777.0794     173.4331    0.0228   -1636.4614   -1482.8547 -10.422 -9.635  762 
   54535.493400    3343.5791     216.0776    3209.8944     225.8401    0.6584     718.4228     555.9648  6.531  6.586  762 
   54536.510300    5300.9007     284.2705    5410.1306     289.0482    0.6915     973.2454     861.1129  6.132  6.246  762 
   54538.451500   -2359.6181     305.7560   -2234.9519     310.6450    0.1079    1288.4418    1184.3102  5.029  5.303  762 
   54590.276400    3129.0781     178.9638    3411.3490     187.1332    0.4718     358.3386     277.8616  5.202  4.498  762 
   54591.400200    4095.1041     231.7408    4022.0889     238.8839    0.4225     900.7580     743.7597  5.873  6.835  762 
   54912.385500   -2327.8061     261.2451   -2696.4469     267.9963    0.3212     565.8825     485.5376  3.410  3.408  762 
   55536.498700    1286.1541     206.4421    1034.3416     209.1856    0.0379   -1582.7978   -1426.0628 -8.313 -9.059  762 
   55927.519800    -655.0768     214.1912    -578.3598     226.2628    0.2017      12.4580       9.1239  0.908  0.129  762 
   56008.335800   -1015.8719     239.0744   -1215.9243     249.5260    0.3243    -308.3260    -239.6058 -2.335 -2.710  762 
   56009.325100    -736.4780     233.9644    -541.4475     245.1487    0.1070     102.0320      76.6297  0.357  0.917  762 
   56090.365900    2346.7702     205.6444    2260.1230     211.2786    0.3398     250.1381     209.4881  1.363  2.980  762 
   56302.495200   -1263.5251     223.9023   -1395.0033     234.6534    0.2782    -122.3029     -92.8587 -0.321 -1.115  762 
