   54533.486000    8090.7835     102.2562    7936.7368     102.4739    0.3480   -2700.5039   -2602.2774 -30.924 -29.647  762 
   54534.502200    7073.7780     137.3314    6997.4407     137.5960    0.0111   -7382.5024   -7133.2301 -46.148 -45.580  762 
   54535.493400    5408.3694     141.4057    5542.6908     143.7971    0.8832     511.5942     450.2600  4.968  5.266  762 
   54536.510300    5258.1651     219.7007    5252.3610     220.3624    0.7926     337.3002     321.4303  2.502  2.339  762 
   54538.451500    4702.0043     221.8427    4644.6706     222.5841    0.7943    1108.9494    1067.3019  4.773  4.820  762 
   54590.276400    4416.8784     119.7942    4580.4698     122.1110    0.7273    -170.0607    -149.3993  0.002 -2.405  762 
   54591.400200    5583.8574     161.1843    5602.7161     162.6064    0.8614     963.1732     881.3615  7.893  8.194  762 
   54912.385500    2756.6118     185.3875    2760.0645     186.6220    0.7590     593.5258     553.8209  4.151  3.825  762 
   55536.498700   -4111.3611     164.6640   -4305.4439     165.1541    0.6349   -1998.7117   -1907.9707 -13.603 -12.215  762 
   55927.519800   -2068.0712     138.0252   -2213.2841     142.7639    0.7547    -244.5160    -202.3667 -3.173 -2.869  762 
   56008.335800     638.8340     160.0298     688.8775     162.7628    0.3328     225.5275     196.7817  1.974  2.263  762 
   56009.325100     -80.3438     155.4437     -93.2404     158.9139    0.0345     -11.8695     -10.1042 -0.325 -0.122  762 
   56090.365900    1456.1896     154.6016    1416.8965     155.8791    0.3571     194.7397     180.1645  2.507  2.552  762 
   56302.495200    3961.8665     146.8956    4158.7890     149.8019    0.8038     399.1899     347.5160  3.452  4.118  762 
