   54533.486000     520.5059     110.1380     544.1630     110.6095    0.0864   -2156.4399   -2038.9787 -24.183 -22.574  762 
   54534.502200   -5056.1640     151.9144   -5337.6218     152.7171    0.4974   -1907.7428   -1799.0166 -12.194 -11.307  762 
   54535.493400   -2325.5761     167.6494   -2478.3258     172.5205    0.5006     287.1513     242.4563  2.826  2.819  762 
   54536.510300   -2263.9178     241.5049   -2350.6632     242.8776    0.3764     556.4499     521.2747  3.437  3.778  762 
   54538.451500     555.0826     251.7239     431.5212     253.7907    0.1930     496.7364     468.6117  2.128  2.153  762 
   54590.276400    -859.7532     138.4544   -1133.2443     143.5617    0.2028      28.8385      24.2578 -0.477  0.388  762 
   54591.400200    -875.1179     183.6663    -678.6728     186.2381    0.0168     870.3620     773.1593  6.313  7.383  762 
   54912.385500    -780.7340     213.5549    -712.0444     215.8502    0.2058     -27.2887     -24.8600  0.175 -0.174  762 
   55536.498700     193.4361     178.2011     -90.5572     178.9977    0.1226   -1093.9000   -1032.9917 -7.095 -6.588  762 
   55927.519800     572.9143     160.2260     545.6286     167.7540    0.2324      51.6556      41.6871  0.053  0.591  762 
   56008.335800     227.1151     182.8686     -70.8632     188.3064    0.0518    -147.5567    -124.5563 -1.112 -1.452  762 
   56009.325100    1155.2541     178.9111    1089.7904     184.9907    0.2486    -259.4325    -213.3388 -1.983 -2.574  762 
   56090.365900   -2752.2263     168.6557   -2544.2574     171.4287    0.3132     275.7087     247.2381  2.375  3.649  762 
   56302.495200    2130.4058     171.4181    2147.0597     177.0019    0.6088     663.0860     556.0924  7.392  6.666  762 
