   54533.486000    -347.6538     112.8044    -448.2765     113.2221    0.1181   -1539.7060   -1462.5202 -15.615 -15.977  762 
   54534.502200     538.4383     152.8466     447.8848     153.5396    0.1919   -2673.0321   -2548.7384 -8.077 -15.946  762 
   54535.493400    -840.7467     172.4114    -830.0325     175.8962    0.0998     472.5735     410.4580 10.133  4.690  762 
   54536.510300   -1081.4064     247.9809   -1216.6559     249.6820    0.1029     719.7406     675.4025  6.666  4.851  762 
   54538.451500   -1636.4162     262.3544   -1859.3119     264.9611    0.5051   -1365.3812   -1299.2007 -10.414 -5.878  762 
   54590.276400   -1866.2744     141.4404   -1982.9552     143.9001    0.3533      85.0846      74.5787  5.164  1.177  762 
   54591.400200    -113.0258     188.4396    -132.1542     190.9531    0.1154     828.5955     745.0844  9.438  6.964  762 
   54912.385500     -18.0900     219.9830       7.6201     222.7156    0.0095      31.1380      28.5622  3.311  0.194  762 
   55536.498700   -1312.2084     181.4219   -1304.8456     182.3751    0.3379   -2027.1106   -1920.0030 -10.699 -12.239  762 
   55927.519800    -938.9799     164.6355   -1014.8779     168.5368    0.2965     146.9420     123.8452  4.179  1.742  762 
   56008.335800     117.3648     186.7659     175.1506     190.0114    0.0273    -317.0208    -278.4224 -5.511 -3.208  762 
   56009.325100     806.0284     181.9790     796.5975     185.4697    0.1580    -265.6403    -229.0973 -2.328 -2.739  762 
   56090.365900     450.5540     171.4705     397.1739     172.7590    0.0878     359.0132     331.4720  5.592  4.690  762 
   56302.495200   -2144.0374     179.1654   -2139.0162     182.7342    0.4605      91.3503      78.5753 -0.315  0.916  762 
