   54533.486000    7541.5975     108.5056    7275.5715     109.0154    0.2320   -3431.7501   -3252.5338 -32.692 -36.029  762 
   54534.502200    7405.4899     146.0021    7176.9799     146.6801    0.0951   -8827.0875   -8421.0408 -54.078 -53.088  762 
   54535.493400    5868.1971     159.5229    6027.6481     164.1167    0.8222     366.8368     312.9886  3.753  3.618  762 
   54536.510300    5425.0596     235.0605    5473.8076     236.5291    0.7906     762.7771     716.6917  5.276  5.163  762 
   54538.451500    6054.1552     240.3021    5972.3046     242.2354    0.7850    1520.0380    1438.1317  7.001  6.549  762 
   54590.276400      22.0171     135.5327    -277.0967     140.3396    0.0602     -27.9618     -23.5149 -0.745 -0.374  762 
   54591.400200    1573.3196     177.8862    1556.7279     181.0344    0.4387     880.4229     781.0238  6.967  7.358  762 
   54912.385500     -38.1980     204.5657     -73.4813     207.4588    0.1386     596.0444     543.3493  3.745  3.774  762 
   55536.498700    1819.4355     173.5640    1633.9684     174.4970    0.0142   -1588.8560   -1503.9473 -10.346 -9.570  762 
   55927.519800   -2870.3046     156.4106   -3010.5141     164.3027    0.7478    -157.3393    -126.2415 -2.145 -1.778  762 
   56008.335800    3302.4522     176.5388    3244.3511     181.6239    0.6725     -13.4253     -11.4557 -0.042 -0.132  762 
   56009.325100    3554.6923     172.2104    3540.9113     178.1239    0.7058     141.3042     117.2918  1.057  1.404  762 
   56090.365900   -3279.4427     166.4956   -3357.6467     169.2141    0.4922      23.1398      20.7512  0.662  0.300  762 
   56302.495200   -2224.5813     167.7262   -2387.0347     173.7452    0.4329     621.9166     518.6794  6.959  6.154  762 
