   54533.486000    6949.2079     104.1303    6982.0401     104.5257    0.2989   -1986.1631   -1892.0192 -23.346 -21.806  762 
   54534.502200    2972.2390     139.6905    2810.4356     140.2737    0.0246   -2697.6912   -2573.5763 -17.046 -16.518  762 
   54535.493400    2699.2875     149.3840    2957.6962     154.2057    0.7131     111.0450      94.0744  1.944  1.099  762 
   54536.510300    2742.4307     225.9850    2771.3830     227.4339    0.5967     271.9825     254.9662  1.506  1.849  762 
   54538.451500    1894.4293     229.0969    1834.1324     230.7018    0.4854     965.6688     916.6240  3.725  4.108  762 
   54590.276400    1394.0776     126.6900    1673.9154     131.0863    0.4330      75.3919      63.9762  0.765  1.021  762 
   54591.400200    1147.4239     169.6204    1128.4228     172.5262    0.2806     360.8886     322.0403  3.075  2.948  762 
   54912.385500    2088.4866     191.9761    1994.4705     194.4812    0.5719     123.0338     112.5157  0.254  0.776  762 
   55536.498700    1422.8520     166.7090    1354.2431     167.4571    0.0435   -1081.2769   -1026.5122 -5.258 -6.538  762 
   55927.519800   -1156.8930     144.3695   -1411.4452     152.4876    0.5784     -38.9701     -31.2449 -0.688 -0.437  762 
   56008.335800    1300.1881     166.7468    1324.1604     171.6422    0.3686    -147.0166    -125.0568 -1.818 -1.416  762 
   56009.325100    1020.2289     161.6371    1057.7542     167.4949    0.3800      88.4435      73.3357  0.165  0.873  762 
   56090.365900    -906.2739     161.4757    -892.6251     163.8132    0.1510     230.1849     209.1394  2.364  2.904  762 
   56302.495200     -49.6049     156.1054    -211.6511     162.1157    0.0880    -117.6762     -98.3519 -1.123 -1.157  762 
