   54533.486000    4722.1456     103.7676    4892.0658     104.2823    0.3490     833.4608     784.0255  8.299  9.051  762 
   54534.502200    4954.9931     135.1349    4890.5158     135.7734    0.6676    4397.0006    4157.4338 24.467 26.768  762 
   54535.493400    5023.0541     145.4619    5536.9123     151.4247    0.8280    -535.3204    -436.5078 -4.293 -5.066  762 
   54536.510300    5162.0832     220.9072    5438.3467     222.5485    0.6218   -1140.2926   -1059.2969 -7.964 -7.689  762 
   54538.451500    2797.0197     216.5670    2726.3576     218.5432    0.3469    -343.5416    -322.4856 -1.923 -1.439  762 
   54590.276400    3048.6002     125.3746    3486.6725     131.1105    0.5715    -217.2395    -178.4283 -3.167 -2.822  762 
   54591.400200    2046.5855     165.9043    2156.1878     169.3868    0.2273    -523.0647    -455.8233 -4.244 -4.125  762 
   54912.385500   -1351.4313     186.2660   -1748.9455     189.4763    0.4245    -434.3696    -387.7426 -3.021 -2.654  762 
   55536.498700    2053.7030     162.2273    2120.6887     163.0924    0.3488     593.1427     558.0561  2.836  3.559  762 
   55927.519800     -45.0175     140.3015    -307.8788     151.0339    0.0771     160.3063     121.6652  0.952  1.689  762 
   56008.335800    -218.9288     164.8019    -125.6492     171.4066    0.0271      34.1178      27.6784  0.221  0.310  762 
   56009.325100     320.3515     159.0302      85.5240     167.3924    0.0014    -102.8892     -81.0648 -0.594 -0.957  762 
   56090.365900     241.0903     160.8668     301.1052     163.7608    0.0724     100.3952      89.7124  0.984  1.220  762 
   56302.495200     997.2406     152.2535     309.8696     160.4329    0.0239    -503.7782    -402.6176 -3.684 -4.676  762 
