   54533.486000   -4317.5219     146.7855   -5334.0497     148.7137    0.2331    -812.3512    -725.2272 -3.956 -8.205  762 
   54534.502200    2635.7000     209.8831    1590.0563     212.3726    0.1748   -6000.3649   -5406.1799 -30.628 -34.500  762 
   54535.493400     338.1601     276.5197     -61.1885     284.8916    0.2225    2123.2108    1735.9587 22.806 20.053  762 
   54536.510300   -1092.4042     350.5067   -1317.5113     354.7610    0.1834    3036.9815    2710.3564 20.807 19.585  762 
   54538.451500   -4152.9791     397.3619   -4450.8197     401.8310    0.2804    1092.5597    1000.4832  3.618  4.502  762 
   54590.276400     511.1739     223.5992     168.1127     231.7284    0.0842     725.0040     590.4341 10.218  9.253  762 
   54591.400200    2343.7899     293.1197    1921.8775     299.4840    0.3439    2191.8809    1849.0103 19.507 16.927  762 
   54912.385500    4549.8867     334.4710    3931.6663     340.1820    0.4126    1607.9606    1400.3468  9.590  9.704  762 
   55536.498700    3714.6170     251.6332    3086.1916     254.3250    0.0887   -2069.4262   -1859.8717 -11.643 -11.773  762 
   55927.519800     146.7409     273.8590     177.2834     285.0202    0.0693     253.9150     199.2354  1.696  2.744  762 
   56008.335800   -2358.4465     302.8866   -2747.9106     311.8241    0.4556    -302.0433    -246.0623 -4.819 -2.755  762 
   56009.325100     165.9208     296.9045     -77.0218     306.9342    0.0141      -8.0786      -6.3990 -2.195 -0.075  762 
   56090.365900     417.8023     249.1859     950.9509     255.4423    0.1483     542.4753     457.5849  6.883  6.366  762 
   56302.495200    4207.2789     283.9778    4155.5364     293.4902    0.6319    1366.1099    1093.5497 18.593 12.787  762 
