   54533.486000    -284.1348      91.0704    -404.4476      91.0982    0.0071     300.8993     297.6225  4.715  3.580  762 
   54534.502200     110.0302     119.6481      -2.7171     119.6844    0.3687    3359.3342    3328.1763 21.367 21.915  762 
   54535.493400    -977.5038     105.9436    -986.7176     106.3632    0.3999     -58.9039     -55.8717 -0.108 -0.670  762 
   54536.510300    -397.0934     192.0667    -404.8822     192.1132    0.1724    -202.2656    -199.7367 -1.610 -1.447  762 
   54538.451500    -973.1139     184.3787   -1028.0990     184.4445    0.0943     657.1418     649.6217  2.616  2.920  762 
   54590.276400     406.4969      91.9748     414.4086      92.2987    0.1392       6.6461       6.3510  1.124  0.103  762 
   54591.400200     189.1923     130.9348     162.4898     131.0816    0.0485      -5.7443      -5.5883  1.134 -0.051  762 
   54912.385500     673.4460     145.4050     647.7304     145.4990    0.3212     152.1342     149.0655  0.851  1.080  762 
   55536.498700     -81.7821     145.1693    -170.3293     145.1992    0.1697    1567.5301    1554.2361  8.083  9.782  762 
   55927.519800     447.0310      95.5222     401.7128      96.2439    0.2280      10.9400      10.2421  0.126  0.143  762 
   56008.335800    -196.8321     122.5403    -222.0083     122.9124    0.1334    -121.1204    -115.5567 -1.172 -1.285  762 
   56009.325100    -616.8057     116.2341    -659.3089     116.7558    0.2911     -63.8261     -60.1188 -0.265 -0.711  762 
   56090.365900    1047.8168     129.9713    1040.7478     130.0741    0.2550      85.5325      83.7298  0.774  1.212  762 
   56302.495200    1861.0346     106.9360    1867.8742     107.2927    0.5926     275.1889     263.3206  3.695  3.216  762 
