   54533.486000    1289.9887     102.6212     953.9841     103.1247    0.0839   -2537.1472   -2396.2470 -26.849 -27.437  762 
   54534.502200     492.3233     136.4274     282.5017     136.8933    0.5969  -10137.5199   -9702.1782 -62.536 -62.308  762 
   54535.493400    -229.9176     142.0563    -414.1072     147.6769    0.1091     895.9788     744.2108  8.609  8.739  762 
   54536.510300   -1170.9515     218.7233   -1211.6564     219.9728    0.0684     996.1658     936.1613  6.941  6.782  762 
   54538.451500    -943.0030     216.6872   -1082.2029     217.7873    0.1420    1875.7256    1795.8242  9.464  8.175  762 
   54590.276400    -901.8778     122.2375    -966.2447     127.4625    0.2203     149.4490     124.1702  0.618  1.977  762 
   54591.400200    -395.0815     160.6957    -332.8251     163.4684    0.2126    1288.3212    1143.1676 10.950 10.663  762 
   54912.385500    1015.1338     179.3275    1062.8049     181.2953    0.5701     985.4926     904.3057  6.322  6.449  762 
   55536.498700    -214.2335     162.5759    -377.4076     163.1827    0.2830   -2242.6661   -2136.8290 -13.724 -13.521  762 
   55927.519800     788.4143     135.3327     868.9587     143.8260    0.3523    -204.3172    -161.4618 -3.079 -2.249  762 
   56008.335800    -988.2035     159.9996   -1051.8355     165.5950    0.3800     -34.5407     -28.9520  0.039 -0.327  762 
   56009.325100   -1832.5226     155.5013   -2017.9173     162.4169    0.5253     153.7710     124.8774  0.616  1.478  762 
   56090.365900    1981.2284     153.2200    2055.9906     155.6968    0.4380     138.1659     124.4911  1.609  1.806  762 
   56302.495200    2898.4961     144.6497    3309.3618     150.5976    0.7306     506.3230     420.8359  4.956  5.063  762 
