   54533.486000    6899.1287     108.7931    7120.3708     109.5678    0.2995   -1160.3721   -1095.1838 -8.219 -12.710  762 
   54534.502200    4121.6094     148.7763    3665.6284     150.3280    0.3182      87.7672      82.3029  2.710  0.531  762 
   54535.493400    3212.0700     166.6227    3504.8974     173.7481    0.6667    -202.0879    -166.6440 -2.303 -1.956  762 
   54536.510300    2518.3284     241.6564    2810.4053     244.7351    0.2389   -1127.3064   -1044.5222 -7.443 -7.575  762 
   54538.451500    2106.6949     250.3614    1637.9428     255.0789    0.0703    -947.2868    -890.7497 -3.946 -3.973  762 
   54590.276400    5135.0607     138.7459    5987.1339     144.3323    0.6634    -187.2713    -155.2780 -2.086 -2.503  762 
   54591.400200    1748.9765     187.4451    1583.6353     192.7847    0.1134    -413.3444    -360.8690 -3.661 -3.300  762 
   54912.385500   -4041.9686     214.2914   -4915.1287     220.1721    0.6463    -704.1716    -627.8899 -4.049 -4.319  762 
   55536.498700    -112.5452     177.8092    -382.5727     179.7355    0.0957    -715.7466    -668.4079 -3.495 -4.264  762 
   55927.519800     -74.2349     162.2630     -98.3987     171.6515    0.0163      77.2423      59.9198  0.708  0.849  762 
   56008.335800   -1009.9047     186.5965   -1065.2152     194.1955    0.3314    -160.1735    -132.3174 -1.594 -1.504  762 
   56009.325100    1667.1318     180.2427    1770.2876     188.5067    0.4004     -62.4959     -50.2410 -0.422 -0.602  762 
   56090.365900     385.1231     173.1352     300.2617     176.3819    0.0964     167.0619     149.1278  2.258  2.081  762 
   56302.495200   -2363.7639     175.0438   -2746.5799     183.1169    0.5206     -98.5560     -79.8372 -0.764 -0.943  762 
