   54533.486000    -646.1322     113.0735    -887.2582     114.1170    0.0798    -472.8625    -433.3780 -10.043 -5.013  762 
   54534.502200    2061.6569     152.4541    1840.4698     153.6439    0.5266  -11146.7839  -10383.1513 -67.607 -66.875  762 
   54535.493400    -143.7580     177.5019    -290.2936     185.4573    0.2791    1938.8917    1538.3297 17.867 18.119  762 
   54536.510300    2491.9644     248.2301    2490.2638     251.2051    0.7111    2420.3093    2197.4423 15.995 15.951  762 
   54538.451500    -681.6259     256.4732    -764.1053     259.5232    0.3706    3423.7624    3186.1451 14.560 14.416  762 
   54590.276400     952.6750     149.2082     690.8135     155.9948    0.2672     610.5798     485.3207  8.117  7.786  762 
   54591.400200    5656.2521     192.1177    5737.3435     197.0378    0.8588    2216.7315    1889.8949 18.216 17.525  762 
   54912.385500    -300.0404     217.4257    -405.6852     222.0492    0.2783    1596.0071    1405.2812  9.719  9.917  762 
   55536.498700    2404.6073     182.0204    2286.5589     183.5797    0.0225   -2687.3934   -2485.5761 -15.950 -15.795  762 
   55927.519800     938.3889     173.1973    1068.1143     183.2229    0.4034     -85.2089     -64.1805 -1.705 -0.899  762 
   56008.335800     273.3327     196.6340     -37.6954     204.5595    0.0286     -80.1379     -64.2589 -1.004 -0.728  762 
   56009.325100   -1687.8748     192.7931   -1947.2441     201.9990    0.4891      61.0593      47.2459  0.767  0.563  762 
   56090.365900     790.3319     178.3672    1047.5882     182.0022    0.1713      35.9161      31.0987  0.583  0.445  762 
   56302.495200    1724.5994     182.2895    1704.6713     190.8371    0.5696     876.4258     688.5790  9.410  8.246  762 
