   54533.486000    2284.6698     104.2322    2204.6286     104.6421    0.1200     -79.6727     -74.7319 -0.482 -0.892  762 
   54534.502200    3295.1844     138.1664    3247.3876     138.7442    0.4568    2317.6219    2183.4270 13.619 14.333  762 
   54535.493400    2602.8868     153.2432    2821.1905     157.4481    0.6087    -177.7653    -146.2082 -1.264 -1.739  762 
   54536.510300    4489.1477     226.9501    4709.7483     228.2927    0.6112    -176.0159    -163.6060 -1.086 -1.191  762 
   54538.451500    2853.2456     228.0323    2775.8956     229.7463    0.3863      25.2983      23.7145  0.341  0.107  762 
   54590.276400    1209.1946     130.8240    1097.3518     134.5015    0.2812     132.1473     109.9187  1.886  1.760  762 
   54591.400200    -567.1779     173.8225    -518.0044     176.5893    0.0666      99.1075      86.1984  0.960  0.786  762 
   54912.385500     -95.1777     191.7692    -389.5235     194.4065    0.0957      -0.1231      -0.1097  0.250 -0.001  762 
   55536.498700    4404.5452     167.1976    4279.4537     167.9559    0.5135     992.0008     934.2942  5.447  5.900  762 
   55927.519800     327.7683     149.3818     241.9390     155.2428    0.0762      -6.6660      -5.1858 -0.239 -0.072  762 
   56008.335800    1365.9244     172.3239    1478.2269     176.6336    0.4542      79.9764      66.3411  0.343  0.736  762 
   56009.325100     528.1530     167.4362     509.0021     172.4951    0.1317    -197.5072    -158.5166 -1.376 -1.864  762 
   56090.365900   -4498.7439     164.5119   -4777.9384     166.6097    0.5571     156.9376     139.1129  1.853  1.971  762 
   56302.495200     138.0354     158.6367     -43.5518     163.5287    0.0022      62.5602      50.5736  0.004  0.609  762 
