   54533.486000    2173.2509     120.9764    1793.1962     122.0270    0.0994   -4101.2482   -3772.7215 -44.754 -41.686  762 
   54534.502200    1431.4370     166.6744    1037.4272     167.9167    0.5297  -10267.4668   -9588.6887 -58.316 -60.371  762 
   54535.493400     502.3659     199.5536     404.6633     206.4522    0.2235     839.6246     686.5923  7.908  7.870  762 
   54536.510300    1516.2844     271.5032    1517.8455     274.8169    0.4606    1380.9169    1257.1090  8.514  9.016  762 
   54538.451500     457.9440     290.6575     404.5273     293.9779    0.3371    1965.2591    1835.5118  8.025  8.304  762 
   54590.276400   -1009.3774     165.8180   -1333.3791     172.1438    0.2186     -23.1449     -18.6288  1.713 -0.292  762 
   54591.400200    1111.3744     214.4977     901.0441     219.3492    0.3919    1614.1439    1393.4963 12.443 12.947  762 
   54912.385500    1616.9098     245.8590    1698.7025     249.8468    0.5517     868.9298     780.8224  4.888  5.377  762 
   55536.498700     133.0497     197.7654     174.5759     199.3988    0.2111   -2402.2149   -2227.2996 -14.374 -14.122  762 
   55927.519800    -415.1801     195.6264    -260.6723     204.2405    0.1070     -34.3460     -26.7359 -1.058 -0.371  762 
   56008.335800    -352.4902     218.6637    -481.8510     225.7286    0.1309     -78.6039     -64.4329 -1.204 -0.732  762 
   56009.325100    -522.0267     214.7673    -675.7272     222.7472    0.1920    -124.6717     -99.3438 -0.566 -1.175  762 
   56090.365900    1230.4379     192.4667    1226.8494     196.0938    0.2615     223.7536     194.6641  2.473  2.749  762 
   56302.495200     605.6222     206.1294     695.9769     213.3713    0.2240     411.1879     333.0446  3.653  3.894  762 
