   54533.486000   -1067.6651      88.6988   -1246.8093      88.7228    0.0075    1142.0502    1136.4727 15.998 13.647  762 
   54534.502200    -477.0575     114.8049    -594.8364     114.8259    0.2838    3371.7774    3361.9964 21.698 22.088  762 
   54535.493400      51.8666      92.3169      38.9645      92.3653    0.1668    -418.7383    -411.8530 -5.522 -4.909  762 
   54536.510300    -136.0352     182.8134    -151.5688     182.8243    0.2164    -525.4188    -523.4031 -4.076 -3.795  762 
   54538.451500     304.5986     168.5207     245.8472     168.5537    0.0321    -121.9805    -121.3964 -0.226 -0.542  762 
   54590.276400     540.8889      82.4578     512.1648      82.5180    0.1938      37.3457      36.8075  0.705  0.593  762 
   54591.400200     -28.9090     120.3604     -46.4159     120.3832    0.1930    -456.1052    -451.6835 -4.431 -4.105  762 
   54912.385500    -223.0365     133.7271    -233.7588     133.7469    0.2508    -223.7936    -222.0474 -1.494 -1.582  762 
   55536.498700     326.5265     138.6477     246.6281     138.6650    0.2079    1347.4121    1342.4781  8.127  8.473  762 
   55927.519800      -3.7169      81.0582      -9.7863      81.1617    0.0079      21.7872      21.2139  0.159  0.296  762 
   56008.335800     -83.8001     108.4818     -99.0694     108.5341    0.0457      -2.3484      -2.3132 -0.604 -0.026  762 
   56009.325100     168.1819     101.1896     149.9852     101.2688    0.0863      22.2929      21.8419  0.172  0.258  762 
   56090.365900    -315.6001     125.0783    -331.1671     125.0976    0.0599     127.1742     126.1583  0.746  1.783  762 
   56302.495200     113.1367      95.7538      80.3388      95.8477    0.0766    -251.5531    -246.4249 -2.320 -2.968  762 
