   54533.486000     174.3713      90.5030     -99.4015      90.5486    0.0846   -1408.2016   -1392.1088 -18.480 -16.328  762 
   54534.502200    1610.0028     116.9288    1548.6138     116.9474    0.0229   -1388.2882   -1379.2864 -9.788 -8.976  762 
   54535.493400     399.0327      97.1073     369.7528      97.4176    0.1180     -83.1507     -79.6112 -0.855 -0.943  762 
   54536.510300     346.4671     185.3079     331.4282     185.3447    0.0413    -488.6974    -483.6785 -3.297 -3.509  762 
   54538.451500     767.1441     169.4079     721.8426     169.4616    0.1924       0.0000       0.0000  3.797  0.000  762 
   54590.276400     760.9994      86.6917     752.0604      86.9395    0.2313     -55.6447     -53.6892 -0.606 -0.854  762 
   54591.400200     593.9174     122.6106     569.5512     122.7152    0.2163     185.8688     181.5321  1.499  1.675  762 
   54912.385500     320.8911     136.0599     299.6387     136.1499    0.1918     196.9357     193.0584  1.620  1.399  762 
   55536.498700     533.8773     140.8117     456.8257     140.8374    0.0359    -196.5360    -195.0671 -2.501 -1.228  762 
   55927.519800     127.8870      87.4900      98.8084      88.1215    0.0013    -107.9548    -101.0105 -1.626 -1.392  762 
   56008.335800     209.1412     113.4667     192.9090     113.7389    0.0591     -69.5894     -66.8122 -1.424 -0.742  762 
   56009.325100     -18.6729     107.1681     -20.8662     107.5183    0.0003      21.3478      20.2628  0.466  0.237  762 
   56090.365900    -345.1230     126.7620    -369.2250     126.8534    0.0750     106.6193     104.2710  2.274  1.506  762 
   56302.495200    -301.2193     100.7540    -309.3806     101.1323    0.0114     296.2171     281.6305  3.520  3.408  762 
