   54533.486000   -1021.7490      93.4408   -1188.2976      93.4644    0.2081   -2123.4097   -2108.1789 -21.992 -24.265  762 
   54534.502200    -682.5003     124.1374    -787.8114     124.1638    0.6170   -6930.7648   -6879.1895 -43.640 -44.314  762 
   54535.493400     -21.8936     107.4364     -37.0388     107.5541    0.2886     829.3334     803.3224  9.595  9.462  762 
   54536.510300     185.7369     194.5443     163.3173     194.5821    0.2924    1006.6937     997.1169  6.988  7.197  762 
   54538.451500    -228.4867     187.9018    -274.8578     187.9584    0.4254    2349.9361    2333.0680 10.725 10.634  762 
   54590.276400     321.8473      92.8269     320.8922      92.8805    0.1513     123.6813     120.4458  1.367  1.922  762 
   54591.400200     328.0981     131.4765     304.6760     131.5465    0.3699    1114.4899    1093.7585 10.653 10.213  762 
   54912.385500     257.6355     149.6388     253.0761     149.6918    0.4577     938.4081     926.7949  6.463  6.660  762 
   55536.498700       6.8309     147.7250     -75.5004     147.7544    0.2645   -1743.2963   -1730.0827 -11.182 -10.930  762 
   55927.519800    -132.0667      97.8428    -136.0949      97.9834    0.1300     -73.5144     -70.3813 -1.447 -0.980  762 
   56008.335800      40.0311     123.7110      13.7867     123.8275    0.0688    -180.1172    -174.6865 -2.599 -1.967  762 
   56009.325100     114.7220     117.2408      97.1166     117.3572    0.0242     -46.4420     -44.9135 -0.436 -0.531  762 
   56090.365900     122.8312     130.2452     105.4399     130.2736    0.1096     262.5652     258.9216  4.389  3.785  762 
   56302.495200     496.2520     110.4829     464.2853     110.5930    0.3074     421.8886     408.7142  5.258  4.945  762 
