   54533.486000    -307.7525     113.4336    -592.8494     113.8400    0.1501   -2508.9122   -2375.4413 -27.576 -26.647  762 
   54534.502200    2666.5532     156.9570    2199.1981     157.7029    0.4660  -10179.8634   -9636.1732 -60.603 -60.971  762 
   54535.493400    -650.3193     178.8058    -892.9657     181.7541    0.0703     694.6078     600.3181  6.787  6.991  762 
   54536.510300   -1613.3840     253.6732   -1771.3831     255.0409    0.1276    1106.5236    1035.1171  6.564  7.499  762 
   54538.451500   -2011.6132     268.9374   -2211.4965     270.9787    0.0999    1730.6153    1626.0401  7.486  7.406  762 
   54590.276400    -971.2902     147.1586   -1068.8815     149.5893    0.2282      47.2287      40.9266  0.910  0.653  762 
   54591.400200   -1166.7159     195.9975   -1185.7202     198.2890    0.0536    1590.7728    1420.4597 12.525 13.350  762 
   54912.385500    2890.6731     224.6884    2974.9660     226.9872    0.7506     531.4662     485.3124  4.229  3.394  762 
   55536.498700    2003.0887     186.0217    1858.9532     186.8411    0.1045   -2976.4707   -2807.5204 -18.109 -17.838  762 
   55927.519800     968.0282     172.1815    1000.1186     175.7953    0.3339    -213.8222    -178.6213 -2.742 -2.508  762 
   56008.335800    -481.0418     196.3716    -682.9231     199.4450    0.1356     125.1327     108.3717  0.649  1.245  762 
   56009.325100   -1041.6749     192.2379   -1186.1460     195.7505    0.3652    -198.7823    -167.8525 -2.365 -2.008  762 
   56090.365900     796.6263     174.9418     899.5694     176.3379    0.1939     229.7509     209.3966  4.152  3.030  762 
   56302.495200    1092.1072     183.4375    1135.2952     186.4967    0.3460     722.8598     618.0156  7.368  7.367  762 
