   54533.486000   -2012.7994      96.3027   -2244.0170      96.3344    0.1989   -1351.3194   -1340.3111 -19.664 -15.121  762 
   54534.502200    -797.9880     129.6604    -940.2471     129.6911    0.6339   -9706.7701   -9649.4985 -58.057 -61.381  762 
   54535.493400    -125.6663     116.5171    -134.0301     116.6363    0.1942     708.5662     690.3904  7.378  8.046  762 
   54536.510300    -397.2561     203.1119    -423.8518     203.1488    0.1033     885.7531     877.3700  6.127  6.342  762 
   54538.451500   -1119.0570     202.7164   -1152.5463     202.7715    0.2151    2133.4680    2117.9371  9.894  9.657  762 
   54590.276400    -194.1095      98.7280    -211.8976      98.8442    0.0309     115.1438     112.3701  1.700  1.779  762 
   54591.400200    -583.1435     139.6779    -619.2484     139.7664    0.1509    1259.3971    1238.1752 12.374 11.587  762 
   54912.385500    -595.1309     162.0855    -620.0442     162.1601    0.0100     656.1326     647.7270  4.707  4.588  762 
   55536.498700    -601.6217     153.1543    -663.1996     153.1773    0.3245   -2055.5880   -2044.5751 -12.582 -12.925  762 
   55927.519800      57.6967     106.5009      41.9066     106.7126    0.0422      49.1541      47.3806  0.685  0.658  762 
   56008.335800      12.9754     131.9171      -5.1466     132.0401    0.0784    -201.1886    -196.5563 -2.977 -2.228  762 
   56009.325100      14.0518     125.9955     -19.2680     126.1671    0.0385     -80.6558     -78.4630 -1.109 -0.928  762 
   56090.365900    -126.1923     135.0039    -128.3381     135.0408    0.0362     252.4512     249.4926  2.899  3.619  762 
   56302.495200   -1046.1782     120.8193   -1082.4066     120.9858    0.2066     414.1930     401.6718  4.587  4.804  762 
