   54533.486000   -1954.3563     129.1261   -2418.1239     129.6073    0.1421    -810.3695    -778.3419 -13.167 -8.494  762 
   54534.502200    -133.5590     188.6137    -966.6918     189.9542    0.0692    2175.5032    2105.7208 20.232 13.168  762 
   54535.493400   -2044.5262     224.7195   -2418.4512     227.2692    0.1606     848.8523     773.4441  9.610  8.842  762 
   54536.510300   -1180.5163     315.3698   -2008.4783     319.2188    0.0170    1917.4353    1826.2200 15.339 13.053  762 
   54538.451500    -377.4047     369.2062   -1140.8442     376.8444    0.1653    -564.4139    -543.4212 -3.358 -2.468  762 
   54590.276400   -1961.2348     177.0542   -2079.5506     178.8061    0.2160      94.0076      84.7612 -2.141  1.329  762 
   54591.400200   -1612.4354     240.5824   -1602.7652     242.7203    0.0288    1479.4012    1388.4009 12.902 13.029  762 
   54912.385500    2758.1875     286.7119    2658.3340     289.3055    0.4801     639.5531     615.7105  4.902  4.253  762 
   55536.498700    2542.8199     225.7958    2325.0330     227.5650    0.1397    -604.1752    -585.5942 -4.148 -3.702  762 
   55927.519800    1083.1661     213.1160    1001.9547     215.3755    0.2507     -24.2099     -21.6888 -0.538 -0.302  762 
   56008.335800   -2594.3639     245.7950   -2480.7104     248.5879    0.3959    -247.7888    -224.2560 -0.768 -2.562  762 
   56009.325100    -684.9539     239.4818    -568.1952     241.9743    0.1008    -118.8865    -107.0318 -1.677 -1.269  762 
   56090.365900    1689.4110     200.6914    1644.6031     201.7898    0.1734     200.4480     186.4991  1.822  2.686  762 
   56302.495200    1085.1191     228.0649    1187.1459     230.1515    0.2184     269.3026     245.5155  4.788  2.887  762 
