   54533.486000   -1662.3849     100.4608   -1868.5826     100.5327    0.1778   -1174.7559   -1159.6186 -13.409 -12.734  762 
   54534.502200     121.0588     135.0191     -72.4984     135.1438    0.0392    -385.0090    -382.1756 -3.324 -2.401  762 
   54535.493400   -1159.4763     131.0217   -1209.0733     131.6932    0.3425      11.5016      11.0138  0.184  0.127  762 
   54536.510300   -1482.8215     215.4589   -1440.7442     215.6872    0.4125    -199.6300    -197.1421 -0.708 -1.420  762 
   54538.451500    -756.5628     220.0120    -784.1125     220.5106    0.0208     698.2219     692.9546  3.088  3.191  762 
   54590.276400    -772.4918     109.1147    -835.4526     109.6102    0.2412    -171.1635    -163.1016 -3.248 -2.556  762 
   54591.400200    -603.0321     150.9801    -623.0691     151.3935    0.1068     164.1217     159.6776  1.397  1.514  762 
   54912.385500    -224.6972     176.7160    -228.0981     177.1764    0.1170     -99.5706     -97.8986 -1.033 -0.692  762 
   55536.498700   -2039.4874     160.8620   -2132.8264     161.0227    0.3109    -609.5939    -604.3719 -4.093 -3.827  762 
   55927.519800   -1021.2173     121.0057   -1128.0215     121.9495    0.3807      85.6671      80.7131  0.743  1.119  762 
   56008.335800     701.3214     144.2743     678.6531     144.8782    0.2795     141.3034     136.7518  2.410  1.561  762 
   56009.325100     913.1936     139.2873     903.3281     139.9369    0.2709    -171.5206    -164.5602 -0.922 -1.943  762 
   56090.365900    -450.0284     142.1044    -446.4565     142.3030    0.1303    -119.2504    -116.3100 -4.204 -1.707  762 
   56302.495200   -1295.2744     134.4411   -1347.6915     135.1589    0.3202     200.7411     192.0042  1.849  2.287  762 
