   54533.486000   -2735.9506     124.9130   -3144.3622     126.9435    0.3262   -3130.0110   -2781.6412 -25.986 -31.490  762 
   54534.502200    3319.5448     167.8750    2540.8640     170.5361    0.4099   -9065.1584   -8244.7736 -51.910 -52.667  762 
   54535.493400      15.4312     210.6063    -112.6373     222.8078    0.0693     510.1890     386.8665  4.508  4.511  762 
   54536.510300    -761.6082     279.7022    -853.3932     285.9464    0.0989     379.4231     334.2858  2.120  2.403  762 
   54538.451500     669.5009     290.9036     442.4770     297.8690    0.1958     893.4691     814.9316  3.961  3.720  762 
   54590.276400   -1037.7929     176.8760   -1534.7755     187.1662    0.2498     -88.8016     -66.9415 -1.167 -1.057  762 
   54591.400200     509.8775     223.9652     319.4329     233.1902    0.2373    1086.4668     883.9023  9.235  8.264  762 
   54912.385500    1226.8268     249.2896    1306.7346     257.9772    0.3562     294.2470     250.9246  2.157  1.791  762 
   55536.498700    1138.0526     202.4009     977.4248     205.8339    0.1105   -2454.4979   -2208.9158 -13.885 -13.938  762 
   55927.519800    -617.3646     208.3709    -847.7679     222.8980    0.3110     -66.2607     -47.1354 -1.934 -0.652  762 
   56008.335800   -1406.1833     232.4795   -1642.7079     245.0371    0.3584     -76.5827     -58.5100 -0.786 -0.659  762 
   56009.325100    -527.3717     227.8352    -777.9753     241.8541    0.1870     -38.2700     -28.2028 -0.134 -0.332  762 
   56090.365900    4442.1455     199.5411    4707.9594     205.8534    0.4798     159.4330     132.3064  2.720  1.927  762 
   56302.495200     683.8441     215.5350     667.4563     228.2567    0.2622     730.1240     543.8497  6.358  6.524  762 
