   54533.486000   -1789.7084      99.0693   -2021.8822      99.1555    0.1449    -827.9815    -821.3973 -7.543 -9.847  762 
   54534.502200     224.9039     138.1570      77.5885     138.3854    0.0145    -219.7742    -216.9248 -0.467 -1.430  762 
   54535.493400    -460.3542     135.5973    -444.7672     136.2960    0.1406     944.4719     914.7965 12.642 11.119  762 
   54536.510300     195.9360     223.5008     250.2519     223.9497    0.2633    1070.3098    1049.0587  9.943  7.737  762 
   54538.451500    -239.5436     241.5648    -220.0650     242.6469    0.2013    1373.0541    1342.3346  6.761  6.185  762 
   54590.276400    -736.0816     110.7119    -734.8337     111.1437    0.0639     503.0880     491.2477  7.991  8.115  762 
   54591.400200    -616.1718     160.1524    -664.8453     160.7500    0.0468     852.2893     832.8016  8.128  7.899  762 
   54912.385500    -241.7192     186.3074    -197.5479     187.0990    0.2349     969.4356     947.7621  6.733  6.973  762 
   55536.498700    1658.5913     167.0841    1564.7029     167.3742    0.1593    -243.6606    -240.7610 -0.949 -1.547  762 
   55927.519800     413.5415     126.1960     443.2025     127.0561    0.2052      24.5899      23.7085 -0.431  0.339  762 
   56008.335800    -302.4603     153.4512    -313.4825     154.0664    0.1659    -169.9363    -165.0472 -2.715 -1.896  762 
   56009.325100    -134.9597     146.3173    -152.8398     146.9878    0.0347     255.6822     248.3670  2.484  3.018  762 
   56090.365900     359.6029     144.4043     333.9435     144.6685    0.0844       2.4453       2.4109 -0.069  0.036  762 
   56302.495200     299.1391     139.0969     297.4121     139.8413    0.1264     100.2601      97.0618 -1.480  1.210  762 
