   54533.486000    -396.4190     106.4862    -850.0594     106.8602    0.1723   -2560.5839   -2460.6847 -22.022 -27.219  762 
   54534.502200     -83.6957     142.6340    -302.4357     143.1359    0.2744   -2901.5495   -2804.6781 -20.910 -17.628  762 
   54535.493400    -896.4073     150.8548   -1000.0080     154.3094    0.2235     326.3736     288.8116  2.367  3.319  762 
   54536.510300    -747.2640     228.4891    -785.2272     229.5411    0.1802      38.9668      37.3923  0.453  0.271  762 
   54538.451500   -1643.0197     236.5791   -1728.6853     238.5103    0.1756     584.0745     560.3008  1.835  2.535  762 
   54590.276400    -368.8450     125.4553    -343.8086     128.4394    0.1234    -145.9013    -128.5866 -1.703 -2.044  762 
   54591.400200     -78.0583     168.9237    -175.4799     170.9990    0.0752     520.9196     477.6310  5.130  4.452  762 
   54912.385500      16.3954     197.0437     -20.1342     199.1142    0.1031     318.8070     298.7401  1.789  2.022  762 
   55536.498700   -1300.8390     168.4257   -1399.5460     169.0655    0.3127   -1689.7993   -1624.2259 -10.229 -10.425  762 
   55927.519800      21.9419     142.2021      56.2536     147.4750    0.0038     -54.9716     -46.5845 -1.338 -0.657  762 
   56008.335800    -506.9817     164.8766    -474.5881     168.2709    0.1417      93.8910      83.4257  0.591  0.966  762 
   56009.325100     195.7933     160.4094     113.7878     164.5358    0.0771     125.9140     109.0943  1.080  1.312  762 
   56090.365900     245.1611     159.4253     201.3876     161.0407    0.0240     -94.9416     -88.1407 -0.129 -1.231  762 
   56302.495200   -1000.9704     156.8653    -892.8479     160.6822    0.2453       3.6812       3.2242 -0.212  0.037  762 
