   54533.486000    3127.6080      98.9722    2942.0093      99.0205    0.1222    -902.3300    -889.2798 -7.948 -10.255  762 
   54534.502200    1941.9688     136.4249    1854.8408     136.4853    0.1316   -3204.6684   -3183.2507 -17.446 -20.530  762 
   54535.493400    2132.1121     131.7719    2167.2509     132.2640    0.7296    1419.4563    1354.8891 18.987 15.933  762 
   54536.510300    1680.2439     216.3450    1666.7149     216.4182    0.6299    1988.9933    1967.6750 15.031 14.175  762 
   54538.451500    1465.2493     229.7892    1404.6840     230.0587    0.5272    1781.8204    1775.4630  9.212  8.055  762 
   54590.276400     356.7109     111.5837     338.0519     112.2209    0.2096     399.0537     374.7805  5.141  5.965  762 
   54591.400200    -733.4270     156.4854    -742.1942     156.7387    0.1313    1280.9740    1243.1826 10.193 11.537  762 
   54912.385500     691.3284     179.7844     675.6560     179.9188    0.5048     999.2643     985.1246  8.210  7.052  762 
   55536.498700    1999.4563     163.3140    1972.9473     163.3619    0.2200     -23.3985     -23.2713  8.799 -0.147  762 
   55927.519800    3531.1759     122.9981    3580.6200     123.7190    0.8443     154.5794     145.5634  4.655  2.021  762 
   56008.335800    -775.0738     152.0138    -809.4956     152.6287    0.2721     -79.2321     -75.2400  0.525 -0.843  762 
   56009.325100   -1074.4491     146.5001   -1057.0774     147.2357    0.3624     -92.1778     -86.5634  0.534 -1.021  762 
   56090.365900    -540.2353     145.8581    -602.8033     146.1377    0.1427     -98.7473     -95.1127 -10.421 -1.379  762 
   56302.495200    3485.8783     135.3160    3505.4858     135.7974    0.7626     228.7247     218.7230  0.973  2.636  762 
