   54533.486000   -1087.2811     107.0040   -1223.1898     107.2911    0.0820    -247.3235    -237.4179 -0.776 -2.837  762 
   54534.502200    1103.7777     147.5288     961.9310     147.9690    0.1563     475.0463     458.1435  4.011  3.009  762 
   54535.493400    1558.7877     163.2900    1390.1049     165.7042    0.4057     367.5398     330.0480  4.374  3.955  762 
   54536.510300    1548.6502     242.7040    1521.4447     243.6666    0.3826     429.9663     412.4953  3.798  3.010  762 
   54538.451500    -441.3351     262.1864    -503.3730     263.8325    0.0052     468.3093     453.0821  1.758  2.049  762 
   54590.276400     -35.8982     135.3344     -52.0120     137.5820    0.0166     145.4084     130.2963  2.649  2.111  762 
   54591.400200    1474.4063     184.7350    1394.8297     186.2603    0.3589     324.8101     301.1949  2.344  2.781  762 
   54912.385500    -153.9451     210.2389    -134.5143     211.8206    0.0681     395.6875     371.2490  2.644  2.684  762 
   55536.498700     -83.6650     179.8118     -82.5877     180.3727    0.0396     427.4018     411.5894  1.222  2.607  762 
   55927.519800    1399.0614     156.8406    1279.6059     160.3892    0.4313      -5.3444      -4.6787 -1.042 -0.066  762 
   56008.335800    -672.0576     184.1892    -738.8107     186.6320    0.2252    -127.4058    -114.8926 -1.389 -1.288  762 
   56009.325100    -449.1426     178.0287    -445.2482     180.9201    0.0989      80.8170      71.4845  0.089  0.849  762 
   56090.365900    -553.0731     165.6295    -481.9109     166.8444    0.0692      97.1165      90.5493  0.018  1.311  762 
   56302.495200   -1185.9219     168.5687   -1377.6299     171.5689    0.3718    -204.8019    -181.9281 -1.694 -2.219  762 
