   54533.486000     856.3442     100.7845     761.5357     100.9036    0.0892     859.9922     842.9693  8.460  9.998  762 
   54534.502200    2042.3207     137.2326    1964.9779     137.4134    0.4279    3134.5805    3088.2680 20.040 20.200  762 
   54535.493400    1599.9680     141.4271    1684.1004     142.7283    0.4488     365.7709     343.5591  4.041  4.062  762 
   54536.510300    2607.1522     225.7606    2598.3184     226.2113    0.5053     516.2786     505.8829  4.408  3.651  762 
   54538.451500    2698.4946     241.2566    2614.3760     242.2060    0.4695     584.7848     572.0789  2.809  2.569  762 
   54590.276400    1445.7719     117.2866    1443.5455     118.6103    0.3854     415.9377     391.6819  6.088  6.220  762 
   54591.400200     911.3855     165.2176     950.2977     165.9475    0.2925     525.1458     504.0030  5.318  4.583  762 
   54912.385500    1377.1478     189.0870    1383.0585     189.8923    0.4594     543.1744     524.4924  4.431  3.762  762 
   55536.498700    1367.1679     168.1724    1299.2216     168.4403    0.2659    1173.1673    1153.0883  6.091  7.251  762 
   55927.519800    2224.2873     132.8735    2289.2883     134.9597    0.6373     122.5128     113.6952  0.991  1.561  762 
   56008.335800    -132.4506     160.4066    -156.0688     161.7656    0.0744     -83.5189     -78.8212 -1.291 -0.867  762 
   56009.325100     318.3961     154.2334     208.4587     155.9854    0.0472     -72.5418     -67.5966 -0.017 -0.789  762 
   56090.365900   -1752.3519     152.8827   -1774.4064     153.4823    0.2979     -38.4159     -36.8741 -0.554 -0.521  762 
   56302.495200    1323.4588     145.7021    1318.1499     147.3199    0.2981     117.6979     110.2913  1.509  1.322  762 
