   54533.486000    1714.7237     160.6903     210.0987     165.3591    0.0843   -2905.5509   -2432.6187 -28.099 -27.270  762 
   54534.502200   10822.7194     223.3591    8037.3526     229.7886    0.0327   -8512.5935   -7291.2981 -46.259 -46.256  762 
   54535.493400     598.3923     311.0492     138.8943     329.9496    0.1298    1253.1115     913.5791 11.595 10.652  762 
   54536.510300     771.8479     376.9174     383.6072     389.5717    0.2865    2114.9919    1760.5723 12.428 12.747  762 
   54538.451500    -160.8341     412.7550    -504.0796     425.4666    0.0952    -444.1000    -390.7252 -1.657 -1.773  762 
   54590.276400   -1358.6767     254.1724   -1553.4986     270.0229    0.1281     269.3893     195.2258  2.675  3.144  762 
   54591.400200    4365.1632     321.3841    4696.1007     336.9990    0.6023    1186.5368     911.6716 10.353  8.584  762 
   54912.385500    4916.0468     363.3852    5375.6128     379.1607    0.5923     656.9411     531.9469  6.055  3.685  762 
   55536.498700    2767.5614     268.0360    2870.6271     275.6623    0.0373   -2654.7123   -2250.2826 -12.827 -14.383  762 
   55927.519800    2844.6030     309.4176    3738.0734     330.9937    0.4467     167.0923     115.1996  1.548  1.645  762 
   56008.335800   -2492.0897     335.7219   -3242.8916     355.2852    0.4043    -359.8402    -262.8856 -4.631 -3.048  762 
   56009.325100   -1734.7310     331.9397   -1818.2283     352.8274    0.2677     -29.5139     -20.7047 -0.807 -0.250  762 
   56090.365900     407.7292     276.1710    -322.6270     289.4387    0.0027     358.3103     276.6803  3.935  4.008  762 
   56302.495200    5059.2055     319.9629    6395.5172     339.7824    0.6506     131.5762      93.5845  2.191  1.116  762 
