   54533.486000    -595.4673     153.0959    3203.0892     161.4553    0.1110    -334.3847    -278.1522 -0.712 -3.215  762 
   54534.502200   -5115.1034     212.3916   -3729.1222     224.6388    0.1420    1126.1382     929.3957  8.130  5.996  762 
   54535.493400   -2837.8413     286.7856    -134.1673     323.8151    0.0123      -7.2662      -4.8241  1.286 -0.056  762 
   54536.510300   -1745.9335     365.2342    1845.6298     389.5415    0.0658    -409.5508    -324.4330 -2.272 -2.355  762 
   54538.451500  -19676.8433     397.1670  -17396.1142     423.9813    0.6045   -1292.0809   -1063.7167 -3.385 -4.767  762 
   54590.276400   -3178.6922     231.7435    -111.5835     261.6624    0.0119    -139.2406     -95.9215 -2.257 -1.520  762 
   54591.400200  -11750.0587     305.0039  -10994.2655     337.2329    0.3252    -696.7843    -498.1694 -3.771 -4.537  762 
   54912.385500     731.6382     337.4716   -1092.9343     370.7906    0.1033    -386.2992    -292.2928 -1.809 -2.024  762 
   55536.498700  -13808.0109     258.7338  -12228.2889     274.1782    0.5423    -694.5612    -566.5804 -3.559 -3.606  762 
   55927.519800   -2816.3269     276.1107   -3866.3206     317.3770    0.5820     -62.2502     -39.3743 -0.961 -0.547  762 
   56008.335800    3952.2379     314.7630    4524.2183     354.2958    0.5655    -207.9626    -137.1092 -1.559 -1.538  762 
   56009.325100    1779.7154     304.9690    1088.1802     345.2228    0.1069    -275.6330    -177.0928 -1.147 -2.092  762 
   56090.365900   -1079.6820     254.8791    -978.3728     278.4894    0.0795     211.0050     162.1953  2.611  2.239  762 
   56302.495200   -1908.2298     289.9096   -2716.2164     328.4704    0.3388    -189.8252    -124.8012 -2.398 -1.463  762 
