   54533.486000    2217.1815     103.8142    2030.2606     104.0202    0.1826     950.0915     912.9267 13.378 10.589  762 
   54534.502200    1260.1666     139.1610    1070.3984     139.4823    0.4678    4756.8093    4548.2529 30.875 29.383  762 
   54535.493400    1744.5886     149.7674    1700.1327     151.6882    0.2804    -706.6026    -621.6672 -6.725 -7.249  762 
   54536.510300    3288.4916     226.4543    3263.3878     227.0931    0.4049   -1238.1992   -1176.3471 -7.221 -8.560  762 
   54538.451500    1884.0861     231.9903    1639.1569     233.0337    0.1114    -804.8520    -766.6314 -3.313 -3.422  762 
   54590.276400    1744.2390     124.8014    1709.7397     126.5478    0.3147    -118.8046    -105.9737 -0.928 -1.688  762 
   54591.400200    3306.2568     169.8201    3099.3554     170.9767    0.3389    -706.0096    -644.8589 -5.814 -5.847  762 
   54912.385500    1573.7452     193.6073    1380.1558     194.7962    0.2022    -647.6229    -599.2637 -5.301 -4.107  762 
   55536.498700    1070.5696     166.5481     963.2496     166.9196    0.2012     749.2337     715.6447  5.483  4.573  762 
   55927.519800     781.5466     141.8592     590.2528     144.9359    0.2402      91.1940      77.8721  1.593  1.090  762 
   56008.335800     -40.5448     166.9232      25.5774     168.8594    0.0209      50.8855      44.8616  2.024  0.505  762 
   56009.325100    -368.5020     161.2866    -403.4429     163.7307    0.0793     120.8685     104.4020  0.803  1.239  762 
   56090.365900     855.6275     160.0190     783.2474     160.8118    0.0867    -168.7800    -157.2775 -4.231 -2.153  762 
   56302.495200    -955.7993     155.8739   -1088.8494     158.3031    0.3490    -372.4305    -324.1951 -5.137 -3.785  762 
