   54533.486000   -1522.0220     100.5689   -1603.8406     100.8366    0.1176    -341.9848    -342.6712 -3.325 -4.004  762 
   54534.502200    4853.0872     140.4319    4929.1920     141.0939    0.2577   -2099.0206   -2090.3182 -12.103 -13.649  762 
   54535.493400     247.0732     134.4178     455.1912     137.3093    0.2103     537.2562     534.8201  5.834  6.309  762 
   54536.510300    1413.3843     224.0566    1518.5065     225.7231    0.2985     508.5391     512.4552  3.797  3.766  762 
   54538.451500    2591.4234     244.8296    2099.3387     247.7516    0.4086    1511.3704    1501.8941  6.314  6.816  762 
   54590.276400     711.3027     108.9820     767.7125     110.6223    0.1588     139.7753     139.9042  2.637  2.244  762 
   54591.400200    2903.3609     161.6144    3161.2739     163.8561    0.4001     547.4828     544.4257  5.169  5.036  762 
   54912.385500    2991.8054     190.8497    2972.4977     193.5568    0.6115     410.0151     404.4739  2.951  2.849  762 
   55536.498700    3024.5373     168.0636    2828.5923     169.0052    0.2203    -611.1823    -609.4424 -3.506 -3.925  762 
   55927.519800     837.8368     123.3534     936.4544     126.2456    0.3041      -5.7224      -5.6351 -0.608 -0.079  762 
   56008.335800    -658.0785     151.8306    -707.3902     154.5283    0.1853       1.2813       1.2837 -0.282  0.015  762 
   56009.325100    -712.9412     145.8628    -822.9081     148.3119    0.2086     -10.6236     -10.4913  0.836 -0.125  762 
   56090.365900     149.0806     148.5349     155.4372     149.4104    0.0515     158.5283     158.0513  0.647  2.220  762 
   56302.495200    -315.2990     140.3816    -211.4689     142.8010    0.0184     130.5961     128.4132  0.971  1.529  762 
