   54533.486000    -968.0352     142.2151   -2394.9336     144.4855    0.1258    -953.9255    -923.7493 -8.712 -10.339  762 
   54534.502200   -1321.3268     214.5178   -4432.7642     219.3318    0.2194    -795.3824    -754.0760 -5.296 -4.806  762 
   54535.493400    -275.2877     259.6776    -814.5240     267.0907    0.0486     423.1331     392.5598  2.932  4.563  762 
   54536.510300   -1689.4197     372.5460   -2025.8673     382.6371    0.1527     694.4697     634.5747  4.268  4.596  762 
   54538.451500   -5863.9023     437.0258   -6103.5455     452.4204    0.6333   -1934.2567   -1769.4528 -10.154 -8.155  762 
   54590.276400     361.5219     194.9082      -7.1392     198.9256    0.0536    -739.7958    -705.8553 -14.545 -11.131  762 
   54591.400200   -2163.6440     280.7497   -2879.0901     288.7950    0.2405     432.6001     406.1500 -0.320  3.838  762 
   54912.385500    -367.4335     334.6148    -922.5261     345.8818    0.1852    -498.0905    -468.1562 -2.850 -3.341  762 
   55536.498700    1042.1220     262.8373      29.4473     269.4543    0.1526   -2431.5130   -2282.0148 -14.417 -14.528  762 
   55927.519800     843.5044     238.8063     987.7161     243.2858    0.1312      18.2185      17.0222  0.346  0.237  762 
   56008.335800    -336.7693     289.0584    -607.5240     297.0951    0.1058    -249.1035    -227.3504  1.133 -2.584  762 
   56009.325100    1126.1163     274.5486     869.0510     280.9921    0.0852    -199.9931    -185.0533 -5.847 -2.190  762 
   56090.365900    -385.7967     215.9501    -406.3430     218.3128    0.0148     293.1473     282.9983  6.373  4.134  762 
   56302.495200     391.0672     256.9073     626.9373     262.1287    0.0484    -210.4829    -196.2857  0.068 -2.351  762 
