   54533.486000    -796.4349      95.6084   -1055.9067      95.7061    0.1174    -547.5293    -537.4009 -12.224 -5.986  762 
   54534.502200    -296.4501     123.5572    -459.5760     123.6287    0.2313   -1910.7124   -1881.7654 -12.121 -11.905  762 
   54535.493400      65.9032     109.9137      79.1288     110.9032    0.0502      43.9671      40.6213  0.102  0.463  762 
   54536.510300    -224.4397     194.8601    -241.2245     195.0093    0.1530    -353.0651    -345.7571 -2.694 -2.496  762 
   54538.451500    -250.1507     183.8901    -281.4723     184.0379    0.0614     482.5159     474.6896  2.133  2.127  762 
   54590.276400    -243.4012      96.6355    -165.4422      97.5166    0.0957    -139.4727    -129.0100 -1.478 -2.007  762 
   54591.400200     208.6271     132.8619     169.1387     133.3005    0.0878     141.4173     134.9835  1.030  1.228  762 
   54912.385500     396.7893     151.3195     378.2398     151.5986    0.2381     132.0994     128.0974  0.782  0.867  762 
   55536.498700     781.5467     145.2584     706.0593     145.3336    0.0520   -1080.2836   -1063.9497 -6.203 -6.768  762 
   55927.519800    -252.4732     100.1030    -212.9899     102.0547    0.1174      -0.0511      -0.0456 -0.446 -0.001  762 
   56008.335800    -257.4080     124.6209    -297.6868     125.7001    0.1029      40.5831      37.5731  0.760  0.422  762 
   56009.325100     628.4311     118.4634     546.4893     119.8675    0.1931     -28.7484     -26.2778  0.300 -0.308  762 
   56090.365900     549.8163     136.2768     568.1772     136.5843    0.1368     -76.9505     -74.4093 -0.491 -1.011  762 
   56302.495200    -320.8247     114.9669    -302.1674     116.1474    0.1759    -154.9961    -142.5596 -1.877 -1.635  762 
