   54533.486000     278.7566     106.6793      -2.7396     107.4321    0.1934   -3373.6253   -3128.3571 -39.803 -35.983  762 
   54534.502200    2013.5709     140.2070    1669.2610     141.1283    0.4706   -8971.7409   -8405.3508 -52.524 -53.932  762 
   54535.493400     130.3417     154.6548     -27.5279     162.1391    0.0812    -371.2488    -292.0826 -3.215 -3.426  762 
   54536.510300    -639.8032     227.4481    -747.6845     229.8787    0.2784    -666.1471    -608.6141 -4.482 -4.432  762 
   54538.451500    -393.6534     223.1944    -670.2543     225.8369    0.1732    -252.8740    -235.2672 -0.745 -1.060  762 
   54590.276400     892.9245     132.2846     960.3329     138.5025    0.1605    -394.3207    -312.5679 -5.777 -5.030  762 
   54591.400200    1325.5545     171.3777    1219.2188     175.8677    0.2455      36.1104      30.6771  0.461  0.284  762 
   54912.385500    2489.8960     190.3883    2394.2865     194.0561    0.6560     -63.2088     -55.9048 -0.843 -0.387  762 
   55536.498700   -4195.8476     167.1568   -4384.4962     168.4389    0.5246   -1656.1981   -1538.1784 -10.221 -9.835  762 
   55927.519800     -62.6841     149.1648    -105.0627     159.5123    0.1077    -172.6598    -126.3061 -2.354 -1.784  762 
   56008.335800     922.7779     171.1634     967.1218     178.6495    0.3317     -80.5903     -63.9309 -1.469 -0.731  762 
   56009.325100     717.4304     166.6173     819.0518     175.2853    0.2288      -0.0762      -0.0582  0.368 -0.001  762 
   56090.365900   -1963.5823     164.9331   -2206.8432     168.4128    0.3518     382.2420     333.2035  4.404  4.694  762 
   56302.495200    1490.9741     159.0935    1733.2268     166.9290    0.5395     133.7226     104.1377  1.770  1.234  762 
