   54533.486000   -1098.8915     127.1629   -2139.9266     128.9420    0.2373   -3507.8713   -3183.9938 -35.448 -36.860  762 
   54534.502200    3188.1200     178.0494    2209.8093     180.0638    0.3785  -10069.9791   -9355.3990 -65.039 -60.345  762 
   54535.493400    2210.3905     219.7493    1618.9925     229.4423    0.3957    1436.2147    1177.2998  9.774 14.020  762 
   54536.510300     361.2136     294.6959     -32.1518     298.6579    0.2701    2238.2426    2044.0296 10.847 14.937  762 
   54538.451500   -2312.1514     330.1687   -2411.2238     333.3763    0.2042     973.9784     917.5474  0.375  4.182  762 
   54590.276400   -1236.1681     180.4154   -1957.1345     190.0484    0.2072     599.8627     479.8428  7.199  7.851  762 
   54591.400200     153.9180     236.2815    -278.8953     243.1423    0.2179    2244.4807    1926.8553 17.977 18.199  762 
   54912.385500   -1244.9442     272.4652   -1390.2560     278.1460    0.0480    1314.1556    1173.8602  7.454  8.338  762 
   55536.498700    5623.2597     213.6262    5531.7961     215.7931    0.3116   -2183.5492   -2020.2883 -13.732 -12.926  762 
   55927.519800     -86.2199     216.4337     169.9030     229.0224    0.0040    -238.4496    -185.8111 -4.223 -2.666  762 
   56008.335800    -585.8688     241.3449    -940.7453     251.4189    0.1468     123.2407     101.4323  0.664  1.174  762 
   56009.325100   -1022.9114     237.7187   -1194.6716     249.1663    0.2088     158.1701     125.5025  2.511  1.525  762 
   56090.365900    1910.9728     205.1589    1980.4779     211.2867    0.2046     -50.6739     -43.4434 -3.245 -0.640  762 
   56302.495200     398.0067     227.1513     607.7249     237.6917    0.1526     339.5458     273.9426  4.261  3.341  762 
