   54533.486000   -4583.8333     112.3823   -4534.8172     113.0782    0.2319     102.3545      98.6827  1.427  1.160  762 
   54534.502200    1608.8907     158.1729    1494.9417     159.6542    0.0041   -1593.9800   -1545.8296 -10.924 -10.050  762 
   54535.493400     632.3484     175.9256     555.3263     181.1339    0.2460     686.0831     631.3047  7.231  7.462  762 
   54536.510300    1259.4853     260.4144    1140.0572     263.2935    0.2862     513.9716     495.4647  4.992  3.600  762 
   54538.451500    1696.6784     291.1706    1356.5916     295.5982    0.2897    1037.7235     999.4640  4.486  4.495  762 
   54590.276400    1085.3640     142.2413    1272.9556     146.0085    0.2945      33.0601      30.4043  1.060  0.486  762 
   54591.400200    2501.5734     199.5626    2653.5784     203.7177    0.3903     196.9261     184.8942  2.852  1.694  762 
   54912.385500     675.8208     231.2719     584.9863     236.0115    0.3195     946.6182     896.3410  6.729  6.361  762 
   55536.498700    1079.2352     192.3144    1120.7940     194.0631    0.1173       5.2296       5.0413 -0.305  0.032  762 
   55927.519800     330.4658     167.1428     383.9789     172.8265    0.1162     -57.1206     -51.7206 -0.941 -0.719  762 
   56008.335800     -58.8578     196.9998    -102.8108     202.4103    0.0370     -37.7438     -34.9247 -0.271 -0.390  762 
   56009.325100     499.8154     190.2392     427.7982     195.6095    0.1288      61.9251      56.3686  0.787  0.666  762 
   56090.365900    -989.4238     173.3889   -1010.9143     175.6883    0.1725    -104.3079     -99.3849 -1.200 -1.408  762 
   56302.495200    -494.5826     180.3808    -680.4146     185.4221    0.1786    -126.1507    -115.9664 -2.095 -1.389  762 
