   54533.486000    5406.8667     104.1193    5227.5389     104.5641    0.0840   -3860.6414   -3657.1623 -31.585 -40.110  762 
   54534.502200    2940.9836     137.7847    2781.9062     138.2399    0.3176   -7105.4168   -6777.5930 -42.931 -42.463  762 
   54535.493400    3327.8620     142.8607    3212.8009     148.2548    0.7256     649.2770     538.9343  6.463  6.181  762 
   54536.510300    5134.1094     217.7097    5184.8135     218.8678    0.8080     743.2448     699.7017  5.158  5.038  762 
   54538.451500    3068.1438     213.7447    2969.6039     214.8713    0.7452    1756.4342    1670.8809  7.862  7.625  762 
   54590.276400     428.5866     123.5235     202.9033     128.7645    0.0681      94.6670      78.2465  0.825  1.226  762 
   54591.400200     894.2697     161.2583     834.6220     164.2204    0.4389    1103.3658     970.6355  8.782  9.116  762 
   54912.385500     410.0167     182.8418     484.4216     184.8798    0.2647     378.8736     345.9709  2.105  2.403  762 
   55536.498700    2088.2023     162.2871    2067.5107     162.8730    0.0283   -2419.1968   -2300.7112 -14.222 -14.571  762 
   55927.519800   -1196.2241     138.4543   -1376.1213     147.4299    0.4274     -96.3525     -74.9288 -1.228 -1.040  762 
   56008.335800     854.2457     159.8415     851.2803     165.5616    0.3637     229.5031     190.9984  1.651  2.182  762 
   56009.325100     898.8880     155.7059    1000.3504     162.4002    0.3166       2.3383       1.8919  0.235  0.022  762 
   56090.365900    -538.7701     155.9949    -617.1428     158.7023    0.1439      70.0788      62.6774  0.481  0.901  762 
   56302.495200    -277.1219     149.2374    -344.9240     155.7905    0.0480     600.8404     492.1206  5.838  5.794  762 
