   54533.486000      80.7886      99.9009    -201.7860     100.0001    0.0629   -1009.4231   -1001.3996 -9.225 -10.868  762 
   54534.502200     385.2452     134.2149     225.3220     134.4516    0.2016   -2294.8668   -2290.1325 -13.662 -14.271  762 
   54535.493400      16.1540     125.4583     -36.0054     126.4004    0.0616     214.5499     208.9136  2.701  2.396  762 
   54536.510300     700.9433     211.1615     690.8761     211.5305    0.2052      58.7336      58.2672  0.774  0.420  762 
   54538.451500     226.7587     216.9216     217.8470     217.8570    0.2150     945.0568     936.9290  4.212  4.274  762 
   54590.276400   -1335.8079     103.7813   -1400.7649     104.4006    0.3749      12.0250      11.6894 -0.377  0.186  762 
   54591.400200    -757.7494     146.2413    -700.8129     146.8575    0.0319     586.8776     578.9457  6.064  5.506  762 
   54912.385500    -364.4606     176.4525    -350.9673     177.3994    0.0775     114.0762     112.7542  0.990  0.769  762 
   55536.498700   -1010.1222     157.4812   -1090.9389     157.7451    0.2329    -782.4963    -777.4438 -4.085 -4.982  762 
   55927.519800     480.4018     112.9195     461.9831     114.2058    0.1288    -138.2697    -133.7014 -2.420 -1.910  762 
   56008.335800   -1227.5060     137.8679   -1276.9727     138.6789    0.3750     111.9404     109.5469  1.017  1.286  762 
   56009.325100   -1466.2985     133.0536   -1508.1342     133.9415    0.4682     -79.4780     -77.4026 -0.722 -0.938  762 
   56090.365900    2247.4628     138.8445    2270.9220     139.1176    0.4561     196.5194     195.1198  2.752  2.826  762 
   56302.495200     411.9640     129.8033     347.9801     130.8691    0.1319      61.6534      60.1075  0.183  0.708  762 
