   54533.486000    5393.2192     173.1893    4264.8067     176.9057    0.1017   -1746.8317   -1497.7331 -18.598 -16.491  762 
   54534.502200   14113.2803     248.3198   12057.6259     255.4379    0.5443    -584.1231    -504.8799 -1.455 -3.167  762 
   54535.493400    7234.5186     343.2568    7066.2982     357.4849    0.6152     290.3303     225.2838  1.610  2.591  762 
   54536.510300    1637.4806     415.0782    1716.0355     425.4996    0.3357    1444.5474    1243.3993  7.975  9.002  762 
   54538.451500   -9424.0783     478.6086   -8771.3288     492.0394    0.6968   -2225.5574   -1977.8771 -9.358 -8.992  762 
   54590.276400    5155.2445     274.5180    4653.3574     287.2914    0.2852    -140.7142    -108.8398 -5.046 -1.731  762 
   54591.400200    5143.9452     356.3322    5993.7388     369.6266    0.5430     879.7209     703.3184  6.587  6.609  762 
   54912.385500    5351.3748     415.6651    5830.4600     431.2401    0.6240     368.3330     304.6746  4.025  2.077  762 
   55536.498700    7309.4372     296.8866    6913.3245     304.3021    0.2296   -2403.1887   -2072.1874 -9.432 -13.284  762 
   55927.519800    2675.5114     343.5424    1945.3679     362.1669    0.2152    -273.6521    -200.4919 -4.614 -2.831  762 
   56008.335800   -2582.6446     367.7899   -3275.8032     383.7158    0.4514    -725.7531    -559.3402 -7.788 -6.499  762 
   56009.325100     333.3459     365.1170    -149.1436     382.5531    0.0573    -385.1637    -285.6324 -3.775 -3.440  762 
   56090.365900    1447.9471     302.4496    2995.6433     314.1649    0.2643    1310.3859    1042.9626 16.160 14.779  762 
   56302.495200      96.2999     360.1035    1093.8933     376.6470    0.0766    -235.5649    -176.1423 -1.768 -2.061  762 
