   54533.494200   71210.3981     383.9095   71431.2391     384.0150    0.5139   -7730.4101   -7624.4940 -80.267 -76.453  762 
   54534.508600   64249.6958     485.5468   65592.6936     487.0932    0.8893   -5084.0155   -4836.3000 -33.975 -37.129  762 
   54535.499500   56416.0370     431.6874   59295.8976     436.8814    0.8683       5.1483       4.6854 -5.584  0.053  762 
   54536.510100   58550.8363     519.4361   59886.0326     521.9252    0.8799     947.3342     893.7936  2.414  6.766  762 
   54590.282500   46760.7415     370.2166   48797.4635     374.0727    0.8226   -1432.9586   -1318.6419 -15.621 -17.645  762 
   54591.406300   43739.4108     469.9502   44372.9390     472.8945    0.8368    1319.0055    1225.1425 12.104 11.606  762 
   54912.391600   27356.0333     633.3118   26917.3927     634.6981    0.7575     784.8644     761.0304  4.597  3.896  762 
   55536.504600   23465.6628     589.3599   22951.5935     589.7223    0.2258  -10319.9426  -10121.1561 -50.207 -64.989  762 
   55927.525800   16864.4460     440.9800   16970.5533     449.1307    0.6854    -607.9933    -543.7219 -5.368 -6.561  762 
   56008.341900   -6409.9251     492.5594   -6086.7498     498.3851    0.3398   -1845.8843   -1670.6229 -15.160 -17.635  762 
   56009.331100   -9069.8551     472.0597  -10425.9369     480.2865    0.4693    -464.8804    -415.1644 -4.165 -4.612  762 
   56090.371800    1400.6755     507.3853    1630.7216     510.8308    0.1695    2191.9054    2040.0561 18.074 22.764  762 
   56302.501200  -19132.6231     516.9762  -21468.7411     522.2522    0.5778    -193.7381    -177.9812 -6.827 -1.701  762 
