   54533.494200   41054.3785     393.3947   41066.7550     393.7106    0.1843  -22922.2069  -22481.8113 -202.998 -216.213  762 
   54534.508600   17131.0941     491.1052   18323.3604     496.6047    0.3925   -8538.6132   -7908.4717 -63.720 -58.962  762 
   54535.499500   12940.0227     440.0793   12460.3655     456.5387    0.5462    2200.0656    1896.9600 19.339 21.040  762 
   54536.510100   15516.7771     522.0002   18105.0136     529.6393    0.6155    3083.3101    2829.0793 18.549 20.800  762 
   54590.282500   -5506.8350     381.8492  -10810.9827     393.9997    0.3531   -4383.2215   -3839.9166 -50.017 -50.523  762 
   54591.406300  -18371.1352     468.5988  -28124.6404     482.2631    0.4479    1528.6453    1339.7102 11.305 13.215  762 
   54912.391600  -18671.3310     615.0936  -22640.2510     620.3587    0.4795   -3124.0032   -2967.3485 -15.141 -15.390  762 
   55536.504600    4335.6968     581.0050    3181.5506     582.0294    0.1277  -11037.2285  -10730.9642 -57.973 -70.204  762 
   55927.525800   -5766.2132     443.9279  -13613.5368     467.0622    0.3384     121.2488     102.1730 -0.479  1.231  762 
   56008.341900   24841.1218     490.6492   31456.1116     501.6597    0.5816    -859.5354    -762.0445 -7.069 -7.762  762 
   56009.331100   11046.9418     468.3085    9406.6668     487.2596    0.4476    -196.8039    -168.2246 -4.664 -1.858  762 
   56090.371800  -30717.4733     512.8642  -32187.1491     522.3870    0.8019    1463.7661    1317.8634 12.333 14.682  762 
   56302.501200  -14932.3959     529.9499  -17219.6005     540.5175    0.3677    5546.3987    4999.3891 43.331 43.534  762 
