   54533.494200   -3573.7132     383.4322   -4281.9443     384.0864    0.0552    9920.9815    9600.5057 112.036 92.128  762 
   54534.508600    2768.3914     420.6856    2643.6734     433.4035    0.0943     799.0099     688.3031  2.691  5.071  762 
   54535.499500    5349.5444     372.5442   12890.2869     410.1315    0.4362    -643.7426    -482.2074 -7.034 -5.315  762 
   54536.510100       0.0000       4.1824       0.0000       4.1824       nan       0.0000       0.0000  0.000  0.000  762 
   54590.282500   12413.8589     339.6680   20208.9001     363.0254    0.4701     999.3672     800.9017 32.846 10.815  762 
   54591.406300   22891.8227     390.6039   33799.8417     411.6982    0.4860    1859.9299    1493.3008 15.560 15.097  762 
   54912.391600   19439.0528     479.2716   22923.7954     486.2356    0.3014    -502.8787    -460.9791 -2.849 -2.418  762 
   55536.504600   15210.2768     547.4750   15547.4373     549.0146    0.2838    1674.1738    1608.3212  7.518 10.461  762 
   55927.525800   -9668.5950     378.7331    -253.9835     427.1892    0.0039      38.2737      27.2989 -0.306  0.328  762 
   56008.341900   -1065.1081     421.5815   -9834.6149     458.7486    0.2267      85.1496      65.8600 -0.018  0.680  762 
   56009.331100   10049.5271     395.5795   16070.0523     440.1448    0.4405     424.3970     316.1768  4.433  3.503  762 
   56090.371800    4847.2936     459.3994    3614.3590     479.8828    0.1091    -679.2475    -574.0585 -7.781 -6.560  762 
   56302.501200    -255.5308     445.3345   12912.7521     466.9117    0.1452    -880.7540    -718.3164 -4.239 -6.647  762 
