   54533.494200  -10394.9016     398.8450  -10818.9448     399.1097    0.1114       0.0000       0.0000 -129.612  0.000  762 
   54534.508600   -3919.0334     495.6035   -4361.4992     499.9879    0.2332   -1054.3790    -977.1957 -28.372 -7.177  762 
   54535.499500   -1416.4139     150.3097  -17795.1660     459.9913    0.5046       0.0000       0.0000 -3.575  0.000  762 
   54536.510100   -4542.2379     532.6805   -4490.6921     539.1491    0.1861       0.0000       0.0000 -15.104  0.000  762 
   54590.282500  -22273.9197     384.6982  -29711.4108     393.6184    0.5466       0.0000       0.0000 -15.704  0.000  762 
   54591.406300   -4344.7898     193.2800  -33968.6329     476.9600    0.5701       0.0000       0.0000  7.471  0.000  762 
   54912.391600  -14811.0250     616.1090  -16447.4472     619.7186    0.4075   -1805.8393   -1720.6675 -42.958 -8.970  762 
   55536.504600   -6195.3920     577.3245   -6730.3516     578.1299    0.1160       0.0000       0.0000 -57.415  0.000  762 
   55927.525800     -15.6853     157.1672   -3140.5984     458.9106    0.1144       0.0000       0.0000 -7.658  0.000  762 
   56008.341900    1758.3882     183.0345   15860.6533     503.4291    0.4026       0.0000       0.0000  3.623  0.000  762 
   56009.331100     580.2914     164.8555    5168.5120     482.1560    0.2557       0.0000       0.0000 -6.810  0.000  762 
   56090.371800   -9981.1648     511.5022  -11090.4237     517.7862    0.4724       0.0000       0.0000 13.784  0.000  762 
   56302.501200    -325.5443     128.1890   -7436.2850     551.2269    0.2359       0.0000       0.0000  5.542  0.000  762 
