   54533.494200  -14842.3283     394.0613  -15503.1673     394.2902    0.3581  -22641.3062  -22209.7544 -267.751 -206.581  762 
   54534.508600   -7069.7314     457.8545   -7907.6485     461.9897    0.4647   -3745.5954   -3445.7122 -24.414 -25.132  762 
   54535.499500   -7983.8585     405.2900  -11104.3514     419.5768    0.3989     786.4499     669.8410  8.541  7.301  762 
   54536.510100  -13142.3341     483.6974  -13375.6258     489.8588    0.5615     636.0546     577.2527  2.162  4.126  762 
   54590.282500   -9722.6823     360.8314  -12793.9063     369.8913    0.4671   -3154.2169   -2772.3522 -37.008 -35.338  762 
   54591.406300   -5354.0102     425.8197   -7537.7119     434.8319    0.2237    1610.1803    1408.3543 11.972 13.963  762 
   54912.391600      -0.1600       5.1926   -1606.9387      66.7248    0.1051       0.0000       0.0000 -5.006  0.000  762 
   55536.504600   -1901.9013     558.8024   -2857.3269     559.4644    0.2612  -11067.8502  -10768.5328 -66.691 -71.096  762 
   55927.525800   -4244.8259     404.5433   -6228.0152     422.6128    0.2379     274.2355     229.5462  1.891  2.741  762 
   56008.341900   -4513.8467     458.9853   -6137.5532     469.7056    0.1805     319.9758     279.3759  4.446  2.744  762 
   56009.331100   -7115.6998     430.7957   -7048.1084     446.1133    0.3381     425.5490     361.3842  3.413  3.945  762 
   56090.371800   10866.2233     480.0638   11996.3335     486.1369    0.4695    -726.1023    -660.5584 -9.400 -7.193  762 
   56302.501200   -1094.0801     502.3671   -1468.3992     507.8911    0.0861    3597.2159    3284.9551 27.155 25.977  762 
