   54533.494200    -904.6983     378.1270   -2215.4761     378.4722    0.2041  -16482.6845  -16125.2433 -164.409 -164.143  762 
   54534.508600    -292.1727     443.4856   -2592.1501     448.7119    0.2624   -4936.6775   -4544.5299 -32.681 -35.391  762 
   54535.499500    5595.6091     393.2979    1457.5741     410.3682    0.1017    2127.8059    1815.8789 19.105 20.631  762 
   54536.510100   -1365.3106     465.9428   -3954.0628     474.1692    0.0960    1947.5421    1767.1434 13.141 13.576  762 
   54590.282500   10301.0610     348.9403    5277.9044     360.0495    0.0609   -2581.3474   -2277.8942 -33.103 -30.430  762 
   54591.406300    1746.5269     430.8595    1623.6324     438.1877    0.1167     806.3197     724.9682  5.921  6.718  762 
   54912.391600    5472.9075     557.4339    5558.3694     559.2978    0.1870   -1664.6087   -1605.5284 -6.650 -8.180  762 
   55536.504600   14158.7521     569.8216   13771.5376     570.3706    0.0661  -10221.7450  -10013.0476 -59.280 -63.660  762 
   55927.525800    8212.7629     395.7625    8285.6500     415.4409    0.3373     141.7638     120.1520  3.141  1.443  762 
   56008.341900   -2558.3767     442.7886   -5801.0547     457.1717    0.2223    -355.5841    -306.7575 -3.424 -3.276  762 
   56009.331100    2328.7009     423.7006    1785.2442     441.4674    0.1003    -214.9208    -182.6265 -1.311 -2.018  762 
   56090.371800   -9411.3446     476.7893   -8899.0411     484.0391    0.1966      59.6609      54.0617  2.046  0.601  762 
   56302.501200    2942.7072     457.6093    1371.0602     468.9502    0.1918    3827.6914    3390.2915 35.429 33.674  762 
