   54533.494200  -33399.1924     412.9060  -35197.6364     413.8663    0.4728  -21615.2729  -20696.9050 -203.063 -200.730  762 
   54534.508600  -47997.4882     586.1187  -49590.0456     598.0795    0.7211   -7047.8407   -6120.7784 -39.599 -45.925  762 
   54535.499500  -50671.8933     555.5767  -67020.8583     584.1526    0.6645    2171.9795    1713.5728 18.128 18.974  762 
   54536.510100  -50736.6313     640.5631  -53397.7208     657.6842    0.6970    5883.1804    5002.2629 36.935 36.945  762 
   54590.282500  -35970.9351     457.6717  -53135.0653     478.6082    0.5247   -3642.4337   -2996.0855 -35.887 -39.021  762 
   54591.406300  -62804.2714     580.8589  -83041.6601     603.0212    0.6608    4533.4615    3713.3532 31.779 35.363  762 
   54912.391600  -77549.8145     734.4294  -90264.8650     744.7556    0.6409    -960.6457    -878.4815 -3.617 -4.484  762 
   55536.504600  -54786.9546     632.1677  -59429.0254     635.1094    0.6162  -10711.0787  -10110.4634 -58.631 -65.147  762 
   55927.525800   -8354.0306     552.4126  -18159.6205     586.7899    0.2601     491.5858     386.6934  4.969  4.604  762 
   56008.341900   11816.5134     600.2594   24041.9933     619.3475    0.2918   -1809.4351   -1495.6699 -11.518 -15.282  762 
   56009.331100   -6791.7930     580.3956  -11044.8200     608.6292    0.2420    -555.9817    -442.2411 -1.346 -4.836  762 
   56090.371800   12570.0638     598.3900   12494.9105     615.2252    0.3470     799.5927     679.2730  8.860  7.449  762 
   56302.501200   29262.7098     627.8863   25008.5700     646.7028    0.5282   11974.0719   10064.0780 86.967 89.643  762 
