   54533.494200    5509.3070     372.3606    4999.0697     372.6139    0.1338    7167.1929    7025.5351 86.086 72.774  762 
   54534.508600    8840.9428     426.7360    8675.9608     430.7247    0.4273     691.9572     639.5682  4.140  5.060  762 
   54535.499500   12150.7323     378.9864   12413.9576     392.3999    0.5030     318.8629     273.4500  3.300  3.129  762 
   54536.510100   14358.2116     446.9547   14817.8518     453.2796    0.6255     -96.1536     -87.7295  2.692 -0.681  762 
   54590.282500   22550.4160     341.2811   24609.8976     348.7352    0.6259   -1152.3702   -1027.2131 -12.470 -13.548  762 
   54591.406300   22198.1603     421.9453   24093.4642     426.7569    0.7243    -951.6923    -868.4567 -8.048 -7.718  762 
   54912.391600  -22957.0278     548.5286  -22861.0568     550.2826    0.8292   -2955.3935   -2849.3316 -12.634 -14.262  762 
   55536.504600    6025.6157     567.4102    5913.1498     567.8214    0.0357   -7873.5886   -7725.2938 -38.194 -48.571  762 
   55927.525800  -19399.4351     388.8004  -22254.8478     406.8850    0.7832    -106.4241     -89.8746 -1.531 -1.073  762 
   56008.341900   21216.6381     422.6582   20819.4977     433.5791    0.7819     357.2174     312.8651  2.238  3.362  762 
   56009.331100   21727.3922     406.6334   24463.3043     419.8133    0.7626     379.6562     327.6476  4.274  3.601  762 
   56090.371800  -20705.3698     470.1547  -21517.7427     476.4715    0.6899    -364.5829    -333.6722 -5.568 -3.638  762 
   56302.501200  -34572.5676     448.7971  -38562.8659     459.7579    0.7960     -19.3824     -17.0785 -1.837 -0.172  762 
