   54533.494200       0.0000     436.0086       0.0000     438.9435       nan       0.0000       0.0000 -107.597  0.000  762 
   54534.508600    2721.3600     677.0819    2464.3330     712.8465       nan   -2721.3600   -2464.3330 -44.425 -18.027  762 
   54535.499500       0.0000       3.3364       0.0000       3.3364       nan       0.0000       0.0000 -18.993  0.000  762 
   54536.510100    2840.8156     745.2894    2544.5318     790.7339       nan   -2840.8156   -2544.5318 -65.091 -18.309  762 
   54590.282500       0.0000      45.5748       0.0000     512.0437       nan       0.0000       0.0000 -18.359  0.000  762 
   54591.406300       0.0000       3.4962       0.0000       3.4962       nan       0.0000       0.0000 -17.749  0.000  762 
   54912.391600   11535.5802     870.0499   10604.3178     917.6090       nan  -11535.5802  -10604.3178 -132.649 -55.089  762 
   55536.504600     149.2533     675.0274     143.4798     686.0465       nan    -149.2533    -143.4798 -84.177 -0.948  762 
   55927.525800       0.0000       3.1913       0.0000       3.1913       nan       0.0000       0.0000 -2.943  0.000  762 
   56008.341900       0.0000       3.5344       0.0000       3.5344       nan       0.0000       0.0000  2.363  0.000  762 
   56009.331100       0.0000       3.3646       0.0000       3.3646       nan       0.0000       0.0000 -12.392  0.000  762 
   56090.371800       0.0000       3.3399       0.0000       3.5254       nan       0.0000       0.0000  1.033  0.000  762 
   56302.501200       0.0000       3.9158       0.0000       3.9158       nan       0.0000       0.0000 -27.607  0.000  762 
