   54533.494200    3512.4562     393.0442    3802.3174     393.3127    0.0044   -4297.6170   -4216.5142 -59.748 -41.157  762 
   54534.508600   -1176.3944     508.1262    -482.2499     511.9501    0.2151   -5384.8452   -5070.3274 -37.589 -38.199  762 
   54535.499500   -3384.1329     456.7968   -5632.7867     469.6451    0.1064    3217.4700    2835.0038 30.531 31.613  762 
   54536.510100   -3833.3720     547.3559   -2670.1602     552.6808    0.0831    4626.6888    4321.4419 29.596 32.036  762 
   54590.282500  -16358.7461     390.9349  -20996.3935     400.4493    0.5274   -1386.0684   -1232.3443 -21.547 -16.204  762 
   54591.406300  -26901.3428     489.7195  -31860.5347     498.4738    0.6231    2632.6590    2376.1539 17.823 22.703  762 
   54912.391600  -28563.5116     658.5139  -30407.7659     661.3299    0.6319   -4894.2807   -4740.4991 -29.361 -24.231  762 
   55536.504600  -28087.3817     595.4703  -29230.0417     596.2467    0.5139   -7650.1730   -7475.7789 -48.899 -48.311  762 
   55927.525800   20815.7032     455.2456   19908.7371     470.5950    0.7229     112.0282      97.7143 -3.354  1.176  762 
   56008.341900    5188.8951     507.2712    9748.5535     515.5665    0.2353    -822.4560    -741.7020 -1.825 -7.632  762 
   56009.331100   -6543.0857     487.7620   -9211.9252     502.4431    0.3805     142.7975     124.9645  1.909  1.378  762 
   56090.371800  -13831.8991     522.5460  -14405.6631     529.3168    0.5936     490.3455     448.9533  3.901  4.966  762 
   56302.501200  -13811.3022     541.8506  -16923.7787     550.5661    0.2291    9142.0048    8353.4319 68.634 75.095  762 
