   54533.494200  -18709.6397     379.9634  -20040.9431     380.4978    0.1974     862.6987     833.8062 -18.380  8.733  762 
   54534.508600   -7000.1771     471.6211   -7894.1119     479.5028    0.2435    1576.8787    1387.5556  5.638 11.052  762 
   54535.499500   -4505.2457     438.1018   -6983.4669     457.2843    0.2805    -730.2413    -583.4093 -7.921 -6.727  762 
   54536.510100   -6349.5926     503.2797   -7207.9412     514.6952    0.4425   -1972.6056   -1695.1962 -11.348 -13.242  762 
   54590.282500  -21965.0875     383.9283  -25063.0777     396.2406    0.6487   -1264.1942   -1058.8657 -12.786 -14.141  762 
   54591.406300  -24693.5139     479.6242  -25079.0936     489.2090    0.8099   -1631.5291   -1405.6521 -13.010 -12.511  762 
   54912.391600    9844.9577     590.5984   10428.7345     594.7220    0.3171   -3158.7750   -2961.6375 -14.167 -14.881  762 
   55536.504600    7665.5667     586.2653    7324.4728     587.2640    0.0350   -9550.3368   -9226.0441 -49.688 -58.068  762 
   55927.525800   24821.0332     439.0419   27957.9254     458.9958    0.8089     118.1137      94.4892  1.492  1.135  762 
   56008.341900  -14018.2132     483.7700  -19039.5374     502.5808    0.5654    -161.4508    -131.8681 -1.208 -1.434  762 
   56009.331100   -9311.0666     468.9192  -10119.9073     489.4722    0.4648     317.8061     254.6840  2.055  2.821  762 
   56090.371800    4091.4765     508.9280    5145.7664     517.5411    0.2119     -27.6569     -24.3341 -3.450 -0.268  762 
   56302.501200     174.0048     492.6835     680.3111     507.1092    0.0610    1272.5032    1067.7638 12.183 11.051  762 
