   54533.494200   13986.1515     378.3452   13457.0251     378.6728    0.1425       0.0000       0.0000 -34.893  0.000  762 
   54534.508600    1830.9094     474.9823    1302.0989     479.0088    0.0311    -684.0972    -636.2957 -40.293 -5.013  762 
   54535.499500    2405.6364     426.1938     611.0921     440.2891    0.0343       0.0000       0.0000 -1.101  0.000  762 
   54536.510100    -115.0861     507.3888   -1070.3410     513.4940    0.0508       0.0000       0.0000 -21.577  0.000  762 
   54590.282500  -12786.3036     370.2406  -17195.6056     380.7597    0.4889       0.0000       0.0000 -1.592  0.000  762 
   54591.406300  -18978.8770     468.8701  -20501.1803     475.3972    0.6857       0.0000       0.0000 -5.245  0.000  762 
   54912.391600    -898.5057     617.0804    -385.9229     618.2262    0.0300    -667.7230    -649.3083 -58.422 -3.307  762 
   55536.504600   22440.1914     583.3371   22704.5810     583.7984    0.3528       0.0000       0.0000 -63.228  0.000  762 
   55927.525800   38006.0159     422.7068   43126.3045     437.6293    0.8638       0.0000       0.0000  3.728  0.000  762 
   56008.341900   -8819.7369     476.6421  -10825.9455     488.7808    0.4013       0.0000       0.0000 -7.896  0.000  762 
   56009.331100   -6914.2877     458.2788   -7436.7507     473.9301    0.3857       0.0000       0.0000 -5.169  0.000  762 
   56090.371800  -10700.7700     499.0462  -11072.1880     506.0511    0.4843       0.0000       0.0000  1.495  0.000  762 
   56302.501200   23663.3030     487.7623   22871.6246     497.1535    0.6613       0.0000       0.0000 -2.652  0.000  762 
