   54533.494200    1172.6322     373.3273     523.0392     373.4281    0.0996    9518.5688    9404.4540 93.634 89.830  762 
   54534.508600     123.5530     365.6817    -235.5301     368.2444    0.0770   -1148.6482   -1075.3527 -5.279 -7.907  762 
   54535.499500    4587.6447     302.5547    5928.7017     312.4435    0.3595    -633.0520    -547.7262 -5.216 -6.043  762 
   54536.510100    3532.3465     362.6411    3285.9249     367.1742    0.2052    -109.7287    -101.0917 -2.087 -0.741  762 
   54590.282500   13817.0990     288.7386   16360.8699     293.5927    0.6322    2071.3132    1875.3853 24.708 25.304  762 
   54591.406300   18901.2822     321.3122   21432.7900     326.0489    0.6362     -96.2676     -87.1498  2.804 -0.895  762 
   54912.391600    5134.5892     418.3631    5679.5344     419.6489    0.1881    -660.8468    -636.3056 -4.513 -3.360  762 
   55536.504600   -8499.6825     523.3874   -8717.8559     523.6488    0.0880    4663.4472    4586.8585 34.326 30.111  762 
   55927.525800    -823.8131     305.2118    1482.4393     318.6030    0.0644     -77.6021     -64.8887 -1.550 -0.782  762 
   56008.341900   -5146.7849     351.0867   -7378.6920     360.2950    0.3579     504.8821     444.2991  4.459  4.565  762 
   56009.331100   -1256.4295     326.3801    -429.8468     338.6053    0.0328     943.0342     806.8162  7.491  8.969  762 
   56090.371800    7975.8966     401.8775    8056.5393     405.9086    0.4319   -1230.7441   -1143.1823 -12.458 -13.086  762 
   56302.501200   -8727.1097     382.7244   -7248.6908     387.6572    0.3157   -1194.5516   -1085.5581 -11.187 -9.781  762 
