   54533.494200    6871.0849     397.4817    5528.9042     397.7999    0.0700    1901.8889    1866.1503 19.917 17.200  762 
   54534.508600    -556.4355     472.6306   -1067.1712     477.7504    0.1169   -1865.7561   -1747.3921 -13.333 -12.641  762 
   54535.499500   -3407.1885     419.1946   -7254.9504     437.3947    0.2775    -974.9407    -837.6352 -22.446 -9.067  762 
   54536.510100   -3767.0283     502.6339   -3967.3550     510.4419    0.2175   -1190.9704   -1103.6835 -9.846 -7.828  762 
   54590.282500   -4165.9653     370.2130   -9385.6699     382.2202    0.2955   -2625.1770   -2297.6287 -39.167 -29.232  762 
   54591.406300   -8364.6765     439.2394  -13063.1092     452.2750    0.3625   -1316.6959   -1153.9359 -15.457 -11.585  762 
   54912.391600   -3345.0321     582.7880   -4867.6958     587.0762    0.1547     -50.2834     -48.5457 -13.644 -0.252  762 
   55536.504600    6501.9056     565.0883    5656.5182     565.9473    0.0870   -1032.6588   -1009.6080 -22.619 -6.681  762 
   55927.525800    2464.2108     419.0045    -827.5516     441.8599    0.0497    -626.7984    -526.3033 -10.807 -6.268  762 
   56008.341900   -1315.4220     473.9643    -711.1215     486.6711    0.0076     460.0169     406.7952 10.057  3.966  762 
   56009.331100    -813.5743     445.6818    -502.3863     464.7109    0.0322     -96.0889     -82.2105 -5.171 -0.896  762 
   56090.371800   -1822.2680     494.3282   -1969.9294     503.0905    0.0669     689.3127     624.3036  5.122  6.806  762 
   56302.501200  -10223.7674     523.4869  -12471.4444     531.4285    0.3799    -744.2209    -689.0601 -17.985 -5.400  762 
