   54533.494200 -303472.6996     389.7700 -307784.6865     390.0915    0.8571  -13614.8949  -13257.2964 -142.776 -132.129  762 
   54534.508600 -308748.5610     488.1140 -316487.3548     493.3320    0.9387   -2261.2610   -2040.1757 -19.358 -15.741  762 
   54535.499500 -296061.6803     448.5879 -321677.4611     462.1250    0.8645    -142.1927    -117.9340 -3.030 -1.335  762 
   54536.510100 -303541.2025     523.7386 -314708.6603     531.1591    0.9118    2289.8867    2034.4935 15.280 15.341  762 
   54590.282500 -253711.3010     384.8076 -274978.1753     392.4195    0.8392     628.0543     544.2855  6.440  7.086  762 
   54591.406300 -259771.0926     474.7313 -266415.9604     481.1394    0.9185    2762.9127    2432.6583 21.181 22.578  762 
   54912.391600 -171880.8036     598.2233 -171463.5736     599.9782    0.9588   -1295.9604   -1241.1422 -5.393 -6.296  762 
   55536.504600  -26817.5861     569.2855  -26818.3702     569.5099    0.4501    4206.5881    4131.0645 17.905 26.676  762 
   55927.525800  -12947.6622     402.1939  -13277.6601     407.1270    0.6298     128.5704     113.5368  3.832  1.372  762 
   56008.341900    4304.1749     445.1228    3676.1885     448.9803    0.2131    -651.3292    -593.2540 -7.184 -6.170  762 
   56009.331100    5627.5680     423.7741    5601.1660     427.8151    0.3857     395.5530     355.1075  5.604  3.922  762 
   56090.371800    2203.7285     477.4834    2124.4552     479.2324    0.0763    -498.3663    -467.4414 -6.355 -5.108  762 
   56302.501200    6779.0941     478.8961    6292.5174     481.3900    0.3506     843.9390     784.2749 10.275  7.052  762 
