   54533.494200   31583.3988     403.3478   31393.0715     403.7477    0.1513  -16887.2110  -16490.5162 -141.393 -157.200  762 
   54534.508600   11830.0954     540.2873   12656.5831     545.9062    0.2101   -7233.5673   -6670.5610 -48.857 -49.445  762 
   54535.499500    2414.5169     494.3785     379.1152     509.5361    0.0889    2260.2220    1941.9277 23.143 21.325  762 
   54536.510100   11335.8731     585.2043   12568.1437     593.2980    0.4681    2108.4662    1923.4609 12.990 14.027  762 
   54590.282500   -1155.9455     416.9941   -3271.3825     427.0488    0.2005   -3712.0691   -3243.9757 -41.177 -41.895  762 
   54591.406300  -12332.4317     520.0260  -19393.2442     531.7487    0.3816    1838.3831    1616.7148 16.007 15.630  762 
   54912.391600  -10776.0550     687.8912  -16205.4349     692.8367    0.3302   -2931.2690   -2781.8450 -13.129 -14.261  762 
   55536.504600   -5846.4216     606.5579   -7294.5701     607.7501    0.3054  -10693.2746  -10355.5472 -47.434 -67.226  762 
   55927.525800    4352.9768     496.9602    1122.7111     514.9742    0.0422      99.3363      84.1172 -1.656  0.999  762 
   56008.341900   19957.4400     546.4990   27799.4382     556.2075    0.4495   -1603.8468   -1419.3042 -14.087 -14.279  762 
   56009.331100    3634.1171     524.5673    2656.4616     540.5543    0.1120    -713.7610    -610.7400 -5.464 -6.660  762 
   56090.371800   -5427.4530     553.0324   -5541.2995     561.2243    0.1293    2504.9943    2253.0200 21.120 24.631  762 
   56302.501200   -5722.7766     586.8396   -7915.1791     596.4187    0.1067    4993.4688    4505.9628 39.419 38.519  762 
