   54533.494200   28658.0439     392.2685   28494.6057     392.3825    0.2808    2185.5531    2157.8508 18.063 19.803  762 
   54534.508600   32997.5689     443.5038   34220.1194     445.9842    0.7810   -3206.2028   -3036.9321 -23.157 -21.888  762 
   54535.499500   25785.9080     386.9262   27513.2729     394.9130    0.7204     206.2547     182.2749 -10.311  1.966  762 
   54536.510100   27927.1078     468.7404   29315.8896     472.7606    0.7131   -2073.9695   -1942.9465 -16.934 -13.733  762 
   54590.282500     695.0352     349.5202    -907.5732     354.8058    0.1166   -2165.9763   -1951.6799 -37.572 -24.769  762 
   54591.406300    1869.3036     409.2973     699.1685     415.7733    0.0045    -654.1995    -586.3634 -13.103 -5.874  762 
   54912.391600    7475.6636     547.0510    7582.2670     549.6623    0.2619       0.0000       0.0000 -3.572  0.000  762 
   55536.504600    1639.3177     553.3031    1311.9880     553.7288    0.0661    1898.7432    1863.3953  6.916 12.314  762 
   55927.525800   -7663.5605     391.5201  -10006.9085     403.0169    0.3969      -8.5251      -7.3501  0.036 -0.087  762 
   56008.341900   22767.8110     440.1856   24040.7680     446.4335    0.6547     -33.9568     -30.7300  0.297 -0.299  762 
   56009.331100   19195.9213     412.8166   21751.8833     421.2704    0.6799     317.7942     279.4941  0.361  3.037  762 
   56090.371800  -34465.7376     474.5422  -37362.9056     479.4371    0.7248     107.9136      99.3826 -3.447  1.082  762 
   56302.501200  -12272.8631     494.3486  -12960.7218     498.6199    0.4321    1486.0894    1389.3944 -0.362 10.848  762 
