   54533.494200  -32380.0232     386.4670  -33923.1021     386.8261    0.3475   -2211.7290   -2164.1821 -21.786 -21.001  762 
   54534.508600  -29934.2319     455.7769  -31823.8277     461.1221    0.8682   -4225.8851   -3902.7955 -28.057 -29.206  762 
   54535.499500  -29041.1297     405.1161  -32628.9174     422.8181    0.8556    -594.4155    -505.3855 -6.686 -5.588  762 
   54536.510100  -24702.4559     478.5613  -26768.1596     487.1492    0.8138    -688.9414    -628.3668 -4.377 -4.666  762 
   54590.282500  -15929.1840     354.4421  -18704.5693     365.8412    0.5922   -1725.5014   -1507.8867 -16.579 -19.963  762 
   54591.406300  -15501.4833     427.4265  -17910.4898     437.4369    0.5518    -675.2340    -596.9796 -3.735 -5.826  762 
   54912.391600    -941.3545     556.9969    -894.8326     559.6813    0.1120   -2055.8575   -1978.1751 -10.184 -10.250  762 
   55536.504600  -36949.9259     568.6044  -38071.2481     569.4057    0.6424   -2225.1443   -2169.3243 -19.106 -14.009  762 
   55927.525800  -30017.2850     407.1785  -34453.1772     430.0300    0.7841     361.0827     301.3393  5.109  3.585  762 
   56008.341900   10462.4856     445.6618    9095.7578     459.2106    0.3046    -688.7268    -605.3823 -7.328 -6.245  762 
   56009.331100   11450.1957     424.3806   13177.7569     442.2803    0.5534    -667.5386    -571.1811 -6.860 -6.264  762 
   56090.371800    8039.4102     475.2858    9424.1389     482.9819    0.3625     938.5615     852.7004  7.463  9.523  762 
   56302.501200  -36743.8791     479.1919  -35736.0922     489.4301    0.7775     551.8374     494.1659  5.361  4.549  762 
