   54533.494200  -12987.1716     389.4664  -13658.7895     389.5563    0.0740    6636.5012    6574.6780 37.356 60.887  762 
   54534.508600    3574.2364     442.3997    2997.4719     444.0253    0.0335   -3753.5907   -3622.8851 -21.470 -26.220  762 
   54535.499500    1403.1694     377.7934    -211.8296     383.7349    0.0830   -1185.3311   -1092.4531 -9.224 -11.907  762 
   54536.510100    1325.3011     466.7485    1182.9765     469.4370    0.0138   -1435.6795   -1373.3590 -12.573 -9.800  762 
   54590.282500  -27974.8488     338.7276  -32540.1566     343.0846    0.6949   -2212.6536   -2054.2609 -25.752 -26.700  762 
   54591.406300  -33488.0042     401.0693  -37894.0757     405.9157    0.7645   -1034.9843    -954.8195 -13.207 -9.776  762 
   54912.391600   -9788.7911     547.0690  -10466.7216     548.6730    0.5374   -1513.2357   -1481.1482 -9.121 -7.748  762 
   55536.504600   -4169.2773     550.1890   -4903.8568     550.4571    0.1460   -3534.1185   -3493.4382 -26.772 -23.234  762 
   55927.525800    3152.9018     372.8604    2424.2736     379.9572    0.1623    -148.1447    -135.7983 -4.869 -1.634  762 
   56008.341900   -2763.6740     430.4845   -2329.5256     434.0464    0.1643    -530.8025    -498.1042 -5.275 -4.914  762 
   56009.331100   -7724.8520     401.2422   -8778.7572     407.6106    0.5188      -9.2013      -8.4667 -4.097 -0.093  762 
   56090.371800    6642.0121     454.6449    6503.0845     456.9758    0.3688    1143.7023    1089.8726 10.954 12.124  762 
   56302.501200    7481.1694     480.2463    7069.6103     482.6456    0.3328    -387.4318    -372.3191 -3.333 -2.982  762 
