   54533.494200  -47621.7947     379.0713  -48227.9067     379.1431    0.6105  -24213.3710  -23962.2535 -212.752 -236.556  762 
   54534.508600  -57389.0046     440.5481  -58718.1805     441.9164    0.9333   -4802.7395   -4603.4571 -34.207 -34.958  762 
   54535.499500  -54774.7607     382.5686  -59260.7161     387.6629    0.8757    1023.7515     936.7549 13.345 10.445  762 
   54536.510100  -53073.8963     462.8456  -54996.0028     465.0450    0.9098     854.2690     812.3930  6.761  6.083  762 
   54590.282500  -41786.1027     336.5008  -45244.4186     339.4234    0.8202   -1883.7970   -1760.1876 -25.832 -23.193  762 
   54591.406300  -44547.9969     414.1313  -46186.3620     416.3894    0.8865    1970.1373    1859.6986 18.099 17.541  762 
   54912.391600  -59941.9696     562.1500  -60570.9528     562.8680    0.9355     321.9342     315.4324  0.413  1.612  762 
   55536.504600  -69622.8084     566.7406  -70420.9304     566.9431    0.8128   -7118.3576   -7029.8053 -48.676 -44.944  762 
   55927.525800  -14707.5785     375.1023  -16698.3721     379.8854    0.6045     613.9516     567.8355  6.775  6.757  762 
   56008.341900   14298.4811     415.3388   14723.4769     417.3299    0.6621   -1079.0985   -1024.1286 -15.799 -10.652  762 
   56009.331100   14914.3488     394.6238   15540.7178     397.4944    0.7635    -218.9289    -205.7839 -2.002 -2.256  762 
   56090.371800  -13960.4241     455.9402  -14169.0731     457.3242    0.5607    1270.4358    1217.3577  7.905 13.436  762 
   56302.501200  -99637.4097     463.0730 -105474.1833     467.4078    0.8789    3536.1471    3291.2752 34.338 30.974  762 
