   54533.494200   15645.9921     377.5641   15615.2106     377.6642    0.0547  -10779.5839  -10651.9004 -113.774 -103.410  762 
   54534.508600   12983.9732     411.0958   13069.5430     413.2602    0.3474   -7377.3852   -6992.1997 -54.442 -52.274  762 
   54535.499500   12460.9504     351.7724   13910.3375     360.7665    0.6336    -876.4414    -773.1042 -10.168 -8.641  762 
   54536.510100   14544.8554     423.9109   15714.8731     427.2379    0.6812    -332.1889    -311.9500 -7.797 -2.310  762 
   54590.282500  -10453.1691     322.7787  -10671.1602     328.9397    0.5467   -1658.0150   -1490.2466 -18.394 -20.019  762 
   54591.406300  -13462.4490     381.3777  -16781.4120     387.9579    0.5378    -239.6703    -215.4915 -0.667 -2.155  762 
   54912.391600   14492.6565     500.7293   14216.6940     501.7761    0.4110   -4755.3095   -4637.7614 -27.071 -24.198  762 
   55536.504600   -3865.4537     544.3498   -4034.1868     544.6361    0.0509    1696.2237    1669.7817  6.708 10.939  762 
   55927.525800   -1938.7163     354.2235   -2698.6035     367.7283    0.1994     262.7184     226.4147  6.307  2.751  762 
   56008.341900     798.4951     401.2257    1222.4702     408.6023    0.0269    -872.6654    -784.2331 -5.048 -8.105  762 
   56009.331100   -3148.2156     378.9731   -3540.6056     390.6515    0.2843     365.0888     318.5075  0.945  3.556  762 
   56090.371800    5761.5745     438.3393    6146.9369     442.5747    0.3243     110.2312     102.3549 -2.428  1.160  762 
   56302.501200   -5599.0850     433.7648   -4486.4668     438.5963    0.0784    3180.3010    2936.3950 32.499 26.399  762 
