   54533.494200  -14728.1320     368.1831  -15720.9008     368.5185    0.0139   17418.8334   17018.3731 153.756 178.705  762 
   54534.508600   -3194.8416     402.1707   -3768.2622     407.6052    0.0085    3874.4557    3514.5694 27.675 28.201  762 
   54535.499500   -7524.0849     358.4167   -6728.3579     376.5981    0.1642      17.6580      14.5296 -1.408  0.167  762 
   54536.510100   -3349.9996     416.9089   -3121.0191     425.7990    0.1882   -2408.7899   -2139.1983 -16.020 -16.799  762 
   54590.282500   -7539.0040     332.7949   -5040.3428     342.6741    0.0785     669.5680     580.8739  4.361  7.656  762 
   54591.406300   -2367.5356     402.7511    -135.1989     408.7637    0.0100    -173.3637    -155.4175 -0.575 -1.357  762 
   54912.391600    4740.2017     502.1138    5308.6311     504.0133    0.1152   -2921.4087   -2803.8199 -13.518 -14.016  762 
   55536.504600   17197.7250     558.0118   17017.4405     558.4713    0.3205    -604.4873    -592.8148 -10.280 -3.707  762 
   55927.525800    2698.1916     358.7700    5054.4047     380.7860    0.2351    -970.9387    -802.9202 -12.609 -9.564  762 
   56008.341900    -914.0148     400.3805   -5517.5788     417.3099    0.2157     109.0460      92.1763  0.312  1.001  762 
   56009.331100    2692.0645     383.8539    3823.8315     403.3620    0.2597     349.2779     292.0131  1.905  3.204  762 
   56090.371800    1738.3232     449.8613    2598.2069     457.0030    0.1002     778.0286     709.7352  8.943  7.724  762 
   56302.501200   11230.0611     410.7203   15055.3025     422.0402    0.4353   -1733.7316   -1520.2499 -16.873 -15.809  762 
