   54533.494200   21613.9588     397.7395   22162.9699     398.5656    0.0415  -27712.7157  -26737.3778 -250.407 -254.197  762 
   54534.508600    1868.4610     487.9926    3261.9436     500.5385    0.1033   -8834.5659   -7727.0823 -56.985 -57.023  762 
   54535.499500   -5012.7166     446.2273  -11175.8228     488.3345    0.2067    1688.0805    1293.3797 13.967 14.202  762 
   54536.510100    1308.8134     516.1781    5716.1667     534.3203    0.1395    1928.7108    1654.2667 12.918 12.035  762 
   54590.282500   -9949.6981     392.1252  -21086.9049     421.5170    0.3193   -4403.6722   -3508.2747 -45.988 -45.760  762 
   54591.406300  -19250.5240     471.6037  -49104.7836     504.2403    0.3775    4000.5403    3169.7686 30.308 31.220  762 
   54912.391600  -12904.2771     590.4745  -21711.9480     599.0093    0.3303   -2208.2327   -2036.4577 -10.703 -10.527  762 
   55536.504600   -9443.4305     579.6170  -12966.2546     582.0589    0.3241  -12133.6205  -11572.2986 -72.207 -75.462  762 
   55927.525800    9665.5962     445.0683   -4165.8149     499.1386    0.0681     227.5773     170.9930  2.337  2.042  762 
   56008.341900   10815.6659     497.2095   28428.3691     524.7778    0.3441   -1401.0510   -1127.5613 -7.941 -11.361  762 
   56009.331100     582.2196     473.5315   -3600.1589     520.2213    0.1335    -659.8093    -504.2135 -4.511 -5.529  762 
   56090.371800  -11272.9253     520.3078  -13539.1815     542.9634    0.4246    1159.3894     972.7228 11.732 10.757  762 
   56302.501200    3428.1571     526.4322     885.9298     549.9951    0.1777    7927.4070    6694.0260 55.898 57.495  762 
