   54533.494200   23566.0917     380.2111   22379.5605     380.7747    0.2791    5631.2004    5454.7720 84.377 56.336  762 
   54534.508600   18073.5049     453.1269   17633.8010     461.8833    0.5387    2005.2948    1770.5673 13.348 14.049  762 
   54535.499500   16588.8141     416.4218   16584.7102     440.6234    0.5433     280.7805     223.5263  2.411  2.551  762 
   54536.510100   23535.2210     478.1251   24266.5345     491.1898    0.6780      71.9534      62.2954  1.926  0.483  762 
   54590.282500     391.4449     373.3863    1763.7762     388.2033    0.1083    1780.4394    1491.7281 24.677 19.484  762 
   54591.406300    5536.8413     458.7069    7255.6783     469.9088    0.3368    1192.7201    1029.2369  7.845  9.094  762 
   54912.391600   19109.4608     566.6715   20210.9233     570.6344    0.6262      61.6241      58.0364 -1.843  0.291  762 
   55536.504600   35447.6673     577.9320   35762.3168     578.8650    0.5534    1231.9150    1194.0823  9.357  7.515  762 
   55927.525800    5987.3152     423.4516    9337.0509     451.4534    0.3996     141.5154     111.4863  1.932  1.325  762 
   56008.341900     188.3815     465.5637   -5371.3100     488.6146    0.1934    -309.6083    -251.5368 -5.113 -2.692  762 
   56009.331100    1636.2611     449.4092    2677.9591     475.3597    0.1358    -322.8721    -257.4123 -2.803 -2.815  762 
   56090.371800   -3091.6302     499.2668   -3286.3420     510.9566    0.1123     367.0384     322.6768  7.220  3.498  762 
   56302.501200   10509.7368     479.0202   11682.5674     496.0032    0.3669     212.7172     178.5587  2.528  1.787  762 
