   54533.494200  -16584.5593     376.2709  -16922.4265     376.2857    0.4569  -30229.4380  -30113.2530 -271.083 -282.227  762 
   54534.508600   -5807.4518     367.7856   -5974.5034     368.0304    0.6070   -5920.4995   -5825.7202 -40.371 -42.447  762 
   54535.499500   -6244.7609     293.8772   -6410.2221     294.9018    0.4903    1291.6730    1244.2912 13.685 13.494  762 
   54536.510100   -4967.4848     368.6689   -4960.3130     369.0105    0.3176    1462.0478    1430.4725 10.307 10.303  762 
   54590.282500     227.2482     281.9622      68.4245     282.4652    0.2171   -3115.4967   -3046.2971 -38.518 -39.553  762 
   54591.406300   -1193.2477     319.3469   -1520.9060     320.0251    0.1069     336.6308     328.2375  4.856  3.260  762 
   54912.391600   -6121.6941     440.9633   -6198.6262     441.1434    0.5802   -1088.3400   -1076.0789 -6.978 -5.581  762 
   55536.504600  -18045.2931     526.3805  -18389.1340     526.4297    0.4429   -4796.3465   -4770.4432 -24.537 -31.055  762 
   55927.525800    2863.1414     288.4041    2961.5570     289.6701    0.3529      64.0997      61.7584  2.196  0.731  762 
   56008.341900   -2828.8368     340.7906   -2818.0020     341.3807    0.2841    -258.3608    -251.8560 -2.357 -2.513  762 
   56009.331100   -1613.7156     313.9173   -1823.6996     315.0959    0.2543    -484.6142    -468.9126 -4.643 -5.103  762 
   56090.371800    1995.7825     395.5653    1905.3530     395.8961    0.1769     773.6982     760.6008  3.750  8.405  762 
   56302.501200    9791.7529     380.0421    9911.6727     380.3424    0.7318    5371.4765    5275.0607 45.328 45.074  762 
