   54533.494200    4877.3056     385.1360    4808.9368     385.2385    0.1435  -18223.6035  -17988.5633 -168.302 -177.926  762 
   54534.508600    2950.5020     479.1733    2869.2856     480.9501    0.0143   -3331.7025   -3175.5190 -25.747 -24.175  762 
   54535.499500    1971.7899     424.4688    1574.2601     430.0864    0.2867    3132.2080    2850.8793 31.308 31.751  762 
   54536.510100    -295.6277     511.6795    -531.5955     514.3716    0.1682    3256.0363    3083.0156 24.392 23.098  762 
   54590.282500    2839.2896     366.2230    1588.9269     370.0728    0.0068   -1878.6652   -1735.3887 -20.681 -22.693  762 
   54591.406300      83.6344     461.7759    -733.1567     464.9360    0.0419    1719.2706    1608.1958 16.309 14.908  762 
   54912.391600    -530.3445     623.0165   -1126.7080     624.0583    0.0989   -1143.4610   -1116.9397 -7.677 -5.663  762 
   55536.504600  -10409.9018     586.5510  -10814.0494     586.8259    0.2791   -4315.1170   -4249.8173 -16.848 -27.027  762 
   55927.525800    4562.1473     426.7409    4348.0694     433.5044    0.3198     364.1832     329.7003  5.169  3.909  762 
   56008.341900    3160.7286     474.1234    3690.7942     478.2902    0.1997     -14.3812     -13.2371 -1.195 -0.137  762 
   56009.331100     -43.2178     454.7798    -731.5303     460.8855    0.0536     -48.0211     -43.6480 -3.398 -0.476  762 
   56090.371800   -5288.2882     497.0507   -5494.1563     499.8520    0.2661     117.7332     110.8190 -5.055  1.213  762 
   56302.501200   -3193.4063     498.3645   -4365.6441     502.2444    0.0387    5596.8424    5229.4813 47.934 49.280  762 
