   54533.494200    8042.1044     400.1425    7244.8107     400.4743    0.2105   13907.7091   13626.3922 143.273 136.334  762 
   54534.508600    1895.4249     567.9564    2799.8378     571.0511    0.1684    1934.7417    1829.7276  6.967 14.056  762 
   54535.499500    -731.5061     516.9246   -2058.2171     526.6099    0.0035    2396.4910    2159.6484 13.491 24.541  762 
   54536.510100   -3743.0924     624.5402   -3546.8836     629.0540    0.0493    2665.0782    2501.8707 16.944 18.908  762 
   54590.282500   -2332.7903     426.0819   -3690.9388     433.3167    0.0671    1765.6759    1601.8211 13.271 21.407  762 
   54591.406300  -15658.1767     553.0577  -18631.4114     559.2573    0.3930    3730.1347    3436.8365 27.871 32.767  762 
   54912.391600  -21422.4893     756.1081  -23784.3392     758.4755    0.5028   -2322.9870   -2248.7992 -25.423 -11.527  762 
   55536.504600   -2048.4381     627.8356   -3082.3906     628.5684    0.0824   -2326.1239   -2270.4524 -22.051 -14.697  762 
   55927.525800    6259.1188     518.7365    4520.5441     530.7418    0.1752     -93.5825     -83.4326  1.214 -1.016  762 
   56008.341900   10909.9727     568.6205   14548.3354     575.1403    0.3436   -1308.1149   -1198.0309 -9.582 -12.598  762 
   56009.331100   -1660.4439     549.6300   -3990.1653     560.8769    0.1335     642.4174     574.8109  5.300  6.419  762 
   56090.371800   -7309.0773     569.5754   -7671.4098     575.2069    0.2500     206.0654     191.0129 -1.250  2.134  762 
   56302.501200  -13311.9556     604.2757  -16674.4759     611.6732    0.3056    5566.8406    5125.1522 43.780 47.654  762 
