   54533.494200     944.2565     405.1458   -1317.1492     406.3085    0.0971   11442.6553   10839.8465 105.610 113.886  762 
   54534.508600  -16158.4190     600.5533  -17806.8734     615.8375    0.4846      89.1781      75.1780 -0.836  0.599  762 
   54535.499500    7363.4780     579.2868    7591.9127     605.1730    0.1769   -1865.4017   -1423.2166 -16.128 -16.511  762 
   54536.510100   -5160.8153     660.3306   -5871.5790     681.7424    0.2651   -2724.0288   -2230.3479 -16.992 -17.446  762 
   54590.282500  -19254.8293     481.5111  -17433.4881     497.3552    0.4476     245.5612     194.7340 -1.198  2.618  762 
   54591.406300  -35544.0103     621.6791  -34682.6522     640.8029    0.8835     -76.9355     -63.2408 -5.425 -0.567  762 
   54912.391600    5125.9539     759.6065    4241.0130     772.2691    0.1011   -1440.7661   -1303.9993 -7.117 -6.548  762 
   55536.504600   20097.1174     649.7973   19827.2936     653.0666    0.1205  -10327.3097   -9683.2852 -56.383 -61.191  762 
   55927.525800    9941.5919     592.0887   11757.1273     621.5549    0.5136    -245.1460    -182.4534 -3.751 -2.211  762 
   56008.341900   -3878.8355     626.2109   -6104.2349     649.7789    0.2047    1036.1603     818.6272  5.710  8.927  762 
   56009.331100    3181.9130     616.0063    4064.1807     643.1044    0.2391    1114.0037     845.2796  7.045  9.430  762 
   56090.371800   -6825.2688     631.3783   -5484.6285     648.1688    0.2174   -1114.4458    -918.9597 -14.183 -10.160  762 
   56302.501200  -22281.9384     641.8519  -20306.7227     664.4881    0.4917   -2604.6231   -2075.0865 -23.865 -21.287  762 
