   54533.494200    6539.5075     380.4214    6277.1740     380.5301    0.0981  -14937.2518  -14762.8769 -158.284 -143.275  762 
   54534.508600   -8216.1447     434.5960   -7801.4046     436.4128    0.5232   -5954.0443   -5656.4579 -43.569 -42.266  762 
   54535.499500   -6317.9584     374.4013   -5625.7668     381.9681    0.4248    -973.4278    -872.1052 -8.091 -9.773  762 
   54536.510100   -3293.6601     454.0210   -2326.5023     456.6959    0.1826   -1077.8763   -1016.4435 -9.692 -7.518  762 
   54590.282500   -3544.2204     332.2996   -2815.2511     337.1154    0.2487   -2974.4971   -2717.0168 -36.649 -36.551  762 
   54591.406300  -14799.1724     400.9333  -17050.5647     405.9953    0.5315     127.9228     116.8631 -2.414  1.173  762 
   54912.391600   -9849.6775     542.4268  -10559.7146     544.0501    0.3817      43.0154      41.6058 -2.075  0.217  762 
   55536.504600  -10342.4389     554.0534  -10908.3356     554.3833    0.1959     546.8243     537.3404 -2.244  3.531  762 
   55927.525800    2103.2926     373.8205     510.3091     384.5561    0.0348      80.1779      70.4991 -1.433  0.860  762 
   56008.341900    2750.1895     421.6149    4571.1709     426.7996    0.1608   -1424.9374   -1302.6162 -14.012 -13.455  762 
   56009.331100    4764.8135     398.1532    4770.9642     406.9829    0.2895    -473.9357    -421.5933 -7.169 -4.723  762 
   56090.371800  -11701.5649     454.7104  -12643.7785     458.6926    0.4113    2325.3935    2171.3797 21.748 24.626  762 
   56302.501200   -3096.5172     459.1903   -1668.1020     462.7039    0.0160    1406.6990    1311.6952 10.794 11.667  762 
