   54533.494200  -12558.7173     376.8229  -12712.6147     376.9533    0.3921  -23765.2361  -23443.8455 -233.708 -231.905  762 
   54534.508600   -8992.8080     415.9662   -9465.6775     418.5532    0.6608   -7360.2479   -6933.6190 -54.978 -52.752  762 
   54535.499500  -11690.5682     361.0822  -13587.0842     371.3596    0.6505    1015.2034     892.2704  3.696  9.951  762 
   54536.510100  -10849.4696     430.9413  -11748.2475     435.4021    0.6057    1205.8751    1119.6391  4.184  8.431  762 
   54590.282500   -4553.6894     326.7775   -5970.3173     332.9028    0.3994   -3006.0010   -2720.1503 -33.198 -35.972  762 
   54591.406300   -3257.4422     391.3518   -4787.2010     396.3380    0.1527    1641.4452    1500.9480 12.948 14.241  762 
   54912.391600   -7739.7893     514.5931   -8264.2940     515.8965    0.5091   -2641.7434   -2561.6476 -14.928 -13.145  762 
   55536.504600    8437.1870     553.8306    8182.5259     554.1076    0.0608   -5409.8547   -5329.2818 -34.204 -34.075  762 
   55927.525800    3357.5054     359.7183    3143.7670     372.0048    0.2284     -17.5822     -15.3734 -2.207 -0.183  762 
   56008.341900   -7441.7267     406.5901   -7778.3083     414.3064    0.4086    -602.1538    -539.8491 -3.374 -5.640  762 
   56009.331100   -5031.9356     386.0070   -5908.1631     397.1282    0.3772      -8.7412      -7.6954 -0.799 -0.084  762 
   56090.371800   10945.5698     443.9570   11884.4127     447.6524    0.5786    1047.1497     979.4093  8.029 10.861  762 
   56302.501200    5183.4585     426.4979    4929.6941     432.3055    0.4091    3565.4374    3273.5713 31.807 31.144  762 
