   54533.494200  -12267.0521     378.6807  -12627.8469     379.0125    0.0761   20370.5226   19924.1568 206.478 204.926  762 
   54534.508600    -379.2923     461.2655   -1025.4339     465.9379    0.0995    3683.1723    3413.2117 24.346 26.890  762 
   54535.499500     297.8527     416.7890     295.5088     431.4631    0.0326   -1177.4582   -1021.0680 -9.864 -11.567  762 
   54536.510100     336.9302     493.2288      15.9354     500.5035    0.0943   -1795.7483   -1642.3881 -14.168 -12.662  762 
   54590.282500   -2907.0364     366.7751   -1911.1429     376.0965    0.0288    1333.6290    1188.0261 16.152 15.464  762 
   54591.406300    -105.3167     463.4855     496.1701     469.1990    0.0357   -1147.7416   -1051.2926 -6.302 -9.187  762 
   54912.391600   -4192.4080     602.2504   -4026.6365     604.6692    0.2922   -1850.1773   -1786.7384 -10.946 -8.901  762 
   55536.504600   10765.7802     585.6200   10426.2308     586.1790    0.1436   -2327.0947   -2279.6955 -14.569 -14.246  762 
   55927.525800    9699.8833     419.4140   12238.0725     436.5213    0.6102     210.6916     182.3987  1.076  2.152  762 
   56008.341900   -2530.8274     462.0138   -5931.2999     475.2892    0.2334     134.5070     118.0060  2.602  1.258  762 
   56009.331100   -2028.2511     448.0062   -1723.2862     463.7607    0.0781     485.4713     421.4444  0.892  4.582  762 
   56090.371800    -290.2534     495.5163    -172.0282     502.2441    0.0367    -628.2367    -578.1278 -7.908 -6.232  762 
   56302.501200   -1143.4979     478.5211    -907.2420     488.7087    0.1598   -3317.5974   -2972.5247 -31.154 -29.952  762 
