   54533.494200   19085.5165     393.4818   19086.2046     393.9209    0.0820  -11972.1436  -11630.5714 -105.156 -114.862  762 
   54534.508600     205.9467     505.1172    -472.8373     511.5137    0.0095     766.1759     687.6053 29.379  5.257  762 
   54535.499500    6752.7902     465.4135    9607.8435     481.8584    0.3975     639.6564     530.4502 30.984  5.913  762 
   54536.510100    4202.8462     542.9297    4100.5638     551.8697    0.3757    3176.4446    2813.8206 42.462 21.017  762 
   54590.282500    8284.8563     401.5090    9810.9866     412.4809    0.4706    1886.4976    1620.1166 49.734 20.727  762 
   54591.406300   10053.8737     500.3623   12202.2817     508.6969    0.4437    1688.2437    1478.2450 36.099 13.390  762 
   54912.391600   18511.9771     637.6684   19948.6239     640.4637    0.4909   -4646.7668   -4402.7108 -37.749 -22.040  762 
   55536.504600   23261.7528     594.5618   23946.7647     595.4209    0.4399    3907.6490    3779.9136 30.729 24.059  762 
   55927.525800   -1122.5286     472.5579    -842.8482     492.8503    0.0650    -395.2329    -321.7100 -10.580 -3.808  762 
   56008.341900   -1064.5117     517.6129   -2951.7668     532.6181    0.0667    1143.4921     967.7749 15.399  9.950  762 
   56009.331100   -3365.6307     499.3045   -2693.8580     517.9636    0.1544       4.7973       3.9553  7.507  0.043  762 
   56090.371800    8255.5015     533.2954    8056.3374     541.9097    0.2307   -1528.9308   -1360.1565 -17.798 -14.577  762 
   56302.501200    5178.5489     545.1042    4568.2237     555.8635    0.1556    -378.7725    -329.6040 -3.871 -2.970  762 
