   54533.494200    3687.4337     382.4196    3583.7836     382.4672    0.2416  -27675.7284  -27444.0379 -262.574 -261.556  762 
   54534.508600    9701.1147     419.2357    9784.5072     420.2432    0.2404   -5699.1210   -5486.5927 -40.918 -40.696  762 
   54535.499500    7867.7424     355.2447    7667.2215     360.3518    0.6001    1823.3730    1669.3784 17.908 18.573  762 
   54536.510100    7343.1460     437.9596    7556.7329     439.5573    0.4455    1410.1205    1345.8713  6.859  9.791  762 
   54590.282500    3685.4951     324.7121    3140.9537     327.8952    0.0097   -3546.9716   -3297.2561 -44.472 -43.086  762 
   54591.406300    4202.9606     382.1341    2978.6811     385.2721    0.2068    1191.4155    1108.9116  9.682 11.052  762 
   54912.391600   -2156.8243     522.0317   -2610.1835     522.5725    0.1725    -756.0929    -739.1099 -5.207 -3.829  762 
   55536.504600    6534.9513     543.7291    6153.2385     543.8863    0.0066   -6520.3305   -6440.9966 -35.188 -42.666  762 
   55927.525800   10645.8445     353.0278   11123.9501     359.6866    0.6976     500.1820     452.8750  3.088  5.512  762 
   56008.341900    3395.1880     407.9564    4126.9475     411.2583    0.2489     609.5707     566.9283  4.296  5.702  762 
   56009.331100    1605.3814     381.1924    1650.4841     387.0571    0.1249     -81.5531     -74.2224 -0.702 -0.825  762 
   56090.371800  -10011.0603     445.3426  -10541.1460     447.7222    0.5375    -759.7681    -718.8527 -8.513 -7.972  762 
   56302.501200    4868.7151     454.8993    4407.7736     456.8027    0.4264    4596.9903    4379.4970 37.341 35.991  762 
