   54533.494200    9517.2170     375.7727    9199.6456     375.8550    0.1280  -21382.6075  -21147.7510 -225.718 -212.826  762 
   54534.508600     981.9336     431.5811     919.9285     432.8725    0.2738   -6245.5774   -5979.2232 -45.618 -46.175  762 
   54535.499500   -1821.2118     374.5462   -2446.6319     379.9425    0.0614    1858.2149    1695.0694 16.338 19.147  762 
   54536.510100   -2860.3857     453.6456   -3268.4029     455.8290    0.0900    2152.9501    2040.9122 14.961 15.536  762 
   54590.282500    1195.8601     333.9849     256.3044     337.5051    0.0920   -2186.4651   -2032.0799 -29.673 -26.958  762 
   54591.406300   -4469.7270     413.0944   -5293.0390     415.5902    0.1555    2505.8543    2353.4113 19.343 21.934  762 
   54912.391600    1676.5145     554.0640    1319.1057     554.5705    0.0155   -1618.8782   -1585.4994 -10.046 -8.079  762 
   55536.504600   -1170.4590     565.0251   -1442.8425     565.1824    0.2580  -13566.5762  -13404.0823 -84.316 -85.513  762 
   55927.525800    8245.2198     374.5444    8509.5572     381.0572    0.6079     673.1076     611.7513  9.599  7.330  762 
   56008.341900   -1723.0115     421.9039   -1677.5875     426.0041    0.1465    -731.8326    -674.0895 -7.939 -7.121  762 
   56009.331100   -3967.0642     403.2899   -4781.7971     409.5013    0.3134    -125.5971    -114.1895 -1.824 -1.259  762 
   56090.371800     -81.7911     457.5721     -27.7703     459.8161    0.0027     -18.8468     -17.8711  0.206 -0.198  762 
   56302.501200    8612.5697     441.9046    7895.0388     445.2523    0.6020    5827.3575    5463.3118 49.622 52.752  762 
