   54533.494200    4124.1137     386.9422    4250.7620     387.1634    0.0454       0.0000       0.0000 -20.515  0.000  762 
   54534.508600    2961.1243     502.1346    3228.6351     505.4582    0.1307       0.0000       0.0000  4.033  0.000  762 
   54535.499500    -108.6752     454.0847   -1232.8700     463.5053    0.0723       0.0000       0.0000 23.282  0.000  762 
   54536.510100    6621.7084     541.9752    5783.2411     547.0792    0.3149       0.0000       0.0000 28.210  0.000  762 
   54590.282500    3338.7695     386.2782    4159.1370     391.9138    0.1958       0.0000       0.0000 -1.316  0.000  762 
   54591.406300   11556.8873     488.4486   11234.0034     493.6891    0.5263       0.0000       0.0000 21.667  0.000  762 
   54912.391600    -704.7918     653.8471   -2692.7807     656.0736    0.0773       0.0000       0.0000 -7.262  0.000  762 
   55536.504600   -5524.1520     594.1185   -5481.3520     594.6444    0.1108       0.0000       0.0000 -17.381  0.000  762 
   55927.525800    1870.2457     456.8475     674.6123     467.9528    0.0465       0.0000       0.0000 13.635  0.000  762 
   56008.341900    4310.6687     503.2364    6151.3940     510.1346    0.2842       0.0000       0.0000 -4.217  0.000  762 
   56009.331100   -3228.4748     485.3199   -4534.3732     495.5749    0.2549       0.0000       0.0000 -3.500  0.000  762 
   56090.371800    -903.0099     518.7359   -1108.2548     523.4988    0.0452       0.0000       0.0000 -2.965  0.000  762 
   56302.501200    4335.6121     530.0002    1508.8495     536.7744    0.3012    8121.2904    7395.1334 91.693 69.614  762 
