   54533.494200   11731.5931     363.1684   11135.6507     363.3485    0.2934   17010.1013   16743.9943 169.790 177.916  762 
   54534.508600    6834.5058     397.1211    6541.8233     400.0882    0.4514    3273.5732    3064.2467 24.942 24.708  762 
   54535.499500    6860.7825     348.4739    6835.8231     359.4831    0.3942    -468.8962    -406.7598 -3.456 -4.745  762 
   54536.510100    7211.0937     414.3263    7116.0490     419.3453    0.3797   -1542.3976   -1413.3387 -9.656 -11.174  762 
   54590.282500    6341.3574     321.3217    7495.1331     327.2196    0.2655    -789.4359    -711.8191 -4.692 -9.591  762 
   54591.406300    8499.1181     394.8343    8901.5856     398.6011    0.3951   -1798.0789   -1665.8277 -12.513 -14.762  762 
   54912.391600   17992.1594     506.7632   18269.9032     507.6327    0.7582   -1671.5421   -1624.9235 -5.922 -8.154  762 
   55536.504600   24307.3248     555.2799   24247.0319     555.4920    0.4582     718.5276     708.3879  6.417  4.458  762 
   55927.525800    3395.3188     352.8781    4958.2760     365.3796    0.3210    -534.8285    -460.8871 -4.121 -5.595  762 
   56008.341900   -9347.1394     390.5785  -12244.1391     400.5793    0.5359     232.3575     206.5316  1.617  2.276  762 
   56009.331100   -6028.2501     379.4791   -6031.3166     390.8740    0.4799     -47.1888     -40.9221 -0.505 -0.457  762 
   56090.371800   29433.8372     437.4308   31194.3163     440.8749    0.8258     393.6704     368.8157  1.895  4.089  762 
   56302.501200    8715.2977     405.7958   10468.0643     412.4275    0.3598   -2065.4389   -1859.3839 -17.544 -19.590  762 
