   54533.494200    9196.6282     387.8173    8702.7601     387.9218    0.0840  -17634.7479  -17436.7058 -191.436 -170.956  762 
   54534.508600    -791.9238     485.7188    -534.3545     487.6818    0.4025   -8747.1320   -8317.7288 -60.010 -62.927  762 
   54535.499500   -4360.6452     426.9188   -5372.0491     431.3729    0.2532     558.4421     513.4490  7.955  5.770  762 
   54536.510100   -6986.7986     518.3628   -6814.9657     520.9391    0.2604    1790.1447    1689.5680 10.754 12.611  762 
   54590.282500   -4030.2798     364.8304   -4482.7676     367.4595    0.3331   -3988.4274   -3734.4810 -48.524 -49.778  762 
   54591.406300  -19887.6593     458.9272  -22021.3800     462.7189    0.5384    2486.6366    2308.6172 17.046 22.566  762 
   54912.391600  -13550.0052     621.6554  -15067.4457     623.8777    0.4654   -2061.8242   -1985.8157 -11.629 -10.282  762 
   55536.504600   -3913.5809     580.8804   -4432.7963     581.2267    0.3348  -11886.7417  -11675.0424 -77.484 -76.186  762 
   55927.525800    2211.2923     424.8567    1521.1194     429.9239    0.1013     196.8404     180.1620 -0.376  2.190  762 
   56008.341900    4414.1087     476.6262    6172.2825     480.0865    0.2237    -291.7871    -272.3322  0.522 -2.824  762 
   56009.331100   -5087.7707     454.0605   -6059.6776     459.0939    0.3366     -82.6695     -75.6380 -1.163 -0.842  762 
   56090.371800     236.3037     492.8989     -82.2781     495.0281    0.0148     420.2366     398.9241  4.945  4.481  762 
   56302.501200  -10171.5562     513.5507  -11225.9512     516.9821    0.2937    3874.4797    3624.8313 27.672 32.730  762 
