   54533.494200  -10467.2252     391.8340  -10724.1685     391.9318    0.2847  -20138.2079  -19908.5680 -222.129 -184.803  762 
   54534.508600   -4301.1810     450.0834   -4348.8323     452.1230    0.3891   -3083.4649   -2938.6392 -22.810 -21.408  762 
   54535.499500   -8142.5520     391.3852   -9641.2673     398.9977    0.4910     142.0560     127.9265  1.707  1.390  762 
   54536.510100   -4220.2496     477.4640   -4211.6902     480.7986    0.3723   -2391.5145   -2255.1540 -12.557 -16.110  762 
   54590.282500   -3884.7377     347.6827   -5577.2742     352.3053    0.2950   -1840.6046   -1691.0834 -22.044 -21.498  762 
   54591.406300   -7194.2554     412.3306   -8778.4642     417.3948    0.3465     597.7369     547.7832  2.158  5.419  762 
   54912.391600   -1367.3044     558.0760   -2205.1976     560.1081    0.1910   -2136.5956   -2070.3742 -11.479 -10.680  762 
   55536.504600   -8997.0537     556.6344   -9247.7732     556.9577    0.1932   -5083.7596   -5006.6402 -29.483 -33.000  762 
   55927.525800    4239.8078     387.3873    3650.8519     396.8415    0.2473     202.1235     180.0299 -0.238  2.141  762 
   56008.341900    1987.4221     441.5890    2325.6850     446.5620    0.1009      49.1056      45.2909 -1.696  0.444  762 
   56009.331100     697.8322     414.1526     786.1512     422.0048    0.1093     689.9860     620.6325  4.601  6.752  762 
   56090.371800   -3071.2571     469.7876   -3283.6843     473.2362    0.1864     191.6644     179.9840 -3.719  1.955  762 
   56302.501200   -4892.5242     495.0991   -5779.6068     498.7636    0.2034    2042.4767    1924.6643 12.989 15.238  762 
