   54533.494200   -1721.1362     375.7954   -1871.7805     375.8604    0.0602   -3847.5045   -3813.2421 -35.529 -37.447  762 
   54534.508600    2746.7191     411.7801    2755.2066     413.1284    0.0292   -2373.6402   -2280.9022 -16.442 -17.212  762 
   54535.499500    5259.7310     349.8576    5881.4522     355.2525    0.4214    -581.1214    -531.7828 -8.856 -5.953  762 
   54536.510100    4150.2601     425.7417    4181.5679     428.0676    0.3174     155.0160     147.7073 -0.224  1.106  762 
   54590.282500   -4920.4574     317.8993   -5022.9394     321.5000    0.3424    -893.4523    -827.5366 -12.854 -11.140  762 
   54591.406300   -4838.2458     379.8269   -5799.6873     383.2231    0.3656    -537.4639    -501.5544 -4.283 -4.943  762 
   54912.391600   -3564.6163     511.6978   -3794.5700     512.5286    0.2419    -438.4235    -428.8981 -0.989 -2.234  762 
   55536.504600    4499.4182     548.4644    4299.7781     548.6259    0.0657    -843.0635    -833.4882 -11.233 -5.413  762 
   55927.525800    1122.2228     350.9511    1750.6182     358.4892    0.1773     130.3605     117.3475  0.819  1.419  762 
   56008.341900    2139.3448     396.6931    1896.1062     401.1215    0.1149    -379.4896    -351.7486 -4.466 -3.674  762 
   56009.331100    4496.8740     374.9940    4642.1737     381.6371    0.3067   -1010.0823    -918.1355 -7.179 -10.206  762 
   56090.371800   -7712.2762     437.1264   -7939.8453     439.8050    0.4477     803.4204     760.3358 10.019  8.617  762 
   56302.501200   -3037.0964     425.9807   -2271.9138     429.0914    0.1362    -198.2428    -186.4420  0.946 -1.745  762 
