   54533.494200   -4833.0299     378.4142   -5205.9444     378.5512    0.2700  -20450.9202  -20132.9250 -210.956 -204.566  762 
   54534.508600  -13222.1268     458.8394  -13352.0552     461.1168    0.7639   -7195.9291   -6751.2604 -48.304 -52.382  762 
   54535.499500  -14855.6258     406.7411  -16807.0623     414.3520    0.6272    2030.6548    1802.7326 19.082 20.588  762 
   54536.510100   -6434.5553     485.4258   -7297.0697     488.9621    0.2718    2647.1652    2457.4232 16.195 18.787  762 
   54590.282500   -9365.4686     353.8564  -10809.0781     358.7865    0.5194   -1885.5842   -1715.8159 -30.935 -23.102  762 
   54591.406300  -18858.9353     444.4446  -20619.6551     448.6467    0.6021    2888.7661    2647.5063 26.366 24.903  762 
   54912.391600   -7770.8096     587.3656   -8651.1302     588.7085    0.4769   -2735.5617   -2642.2095 -11.774 -13.505  762 
   55536.504600  -11996.8793     575.4296  -12487.5095     575.7798    0.4549  -14954.0236  -14659.3323 -92.731 -94.037  762 
   55927.525800    -259.3924     407.5608   -1039.2263     416.9924    0.0328     531.8384     469.1010  7.202  5.692  762 
   56008.341900     870.4614     450.9502    1638.9333     456.3792    0.0972     214.0032     193.6095  0.354  2.066  762 
   56009.331100     248.7010     432.7276    -393.1667     440.7738    0.0308       3.6981       3.2863 -2.245  0.037  762 
   56090.371800    1705.2635     480.3915    1739.0562     483.8584    0.0633    -692.0737    -643.7004 -5.512 -7.203  762 
   56302.501200  -16394.2771     476.1131  -18461.9859     481.5951    0.4093    7547.8395    6881.7823 65.626 67.026  762 
