   54533.494200    4071.9001     369.1319    3562.4358     369.3719    0.2571   21785.9455   21403.1853 240.240 224.836  762 
   54534.508600    4778.2854     418.7514    4316.7853     423.0155    0.3551    9287.9609    8645.6112 69.035 69.358  762 
   54535.499500    2771.5303     370.3561    3345.8196     382.3918    0.1771    -636.7356    -556.5707 -4.336 -6.413  762 
   54536.510100    9997.1049     437.9166   10688.6609     443.9347    0.4642    -904.8935    -834.6252 -2.979 -6.550  762 
   54590.282500   10177.9649     336.0176   12857.2789     341.9769    0.4989    3037.5219    2753.9547 41.423 36.259  762 
   54591.406300    6458.6011     420.5567    7485.0673     426.0697    0.3367      -9.4203      -8.7032 -1.025 -0.076  762 
   54912.391600   13364.5225     540.3674   13201.6525     542.5294    0.5481    -330.7949    -319.1922 -1.465 -1.590  762 
   55536.504600   -3789.0431     567.9614   -3963.2685     568.3729    0.0110    3424.5163    3364.2787 18.806 21.043  762 
   55927.525800    5374.6025     372.9166    5965.4986     386.3618    0.4452     -37.8509     -33.0704 -0.462 -0.395  762 
   56008.341900   -1474.6671     417.7774   -3597.2757     428.9804    0.1966     182.3079     160.4488 -1.324  1.742  762 
   56009.331100    4248.7753     400.5956    5391.3934     412.5009    0.3633    -438.2722    -384.2265 -2.324 -4.220  762 
   56090.371800   -8559.2118     461.5780   -8421.9204     466.6300    0.3580     246.1186     228.8289 -0.238  2.487  762 
   56302.501200   12070.3827     428.7241   14990.4573     436.4410    0.3870   -3889.0286   -3527.1675 -36.494 -36.329  762 
