   54533.494200    8917.4202     382.3849    8716.7134     382.4162    0.0445   -4819.1545   -4799.0160 -60.563 -45.955  762 
   54534.508600   13706.0659     436.3209   13831.7919     436.7977    0.3514   -5923.9916   -5842.3706 -40.345 -43.325  762 
   54535.499500   10170.4742     367.6882   10542.9022     369.8635    0.5720    -379.1992    -362.3375 -5.841 -4.015  762 
   54536.510100   10533.1102     459.1799   10814.2304     459.9313    0.4739   -1723.8109   -1696.1411 -14.099 -12.425  762 
   54590.282500   11114.6911     325.9047   11187.3208     327.3719    0.4546   -2001.2083   -1917.8486 -27.622 -25.374  762 
   54591.406300    7854.8100     392.8473    7250.6081     394.4851    0.3813    1037.3411     999.6313  6.108  9.998  762 
   54912.391600   -2112.0110     557.1686   -2332.8524     557.5600    0.0070    2216.2278    2199.3519  8.652 11.459  762 
   55536.504600     611.2786     555.4924     367.1590     555.5771    0.0181   -1158.8502   -1152.2238 -6.339 -7.566  762 
   55927.525800    -996.4843     368.3938   -1688.1417     372.0667    0.0720     520.0312     488.4238  5.566  5.897  762 
   56008.341900    1832.9054     419.4763    2348.3778     420.9324    0.0522   -1387.8260   -1337.2192 -13.997 -13.605  762 
   56009.331100   -4203.0897     395.9446   -4855.3905     399.0085    0.3492    -220.4540    -207.7585 -0.536 -2.303  762 
   56090.371800    2273.7213     449.0374    2229.7429     450.1589    0.2006    1471.4059    1426.5189 12.943 15.991  762 
   56302.501200    8555.8526     460.9105    8643.8384     461.9767    0.5004     839.8295     820.4774  8.464  7.113  762 
