   54533.494200    7303.8617     382.3417    7210.0524     382.4508    0.0905  -15501.4269  -15304.6377 -157.727 -150.127  762 
   54534.508600    9405.2838     441.1709    9728.4615     443.3192    0.4223   -1514.5573   -1431.1377 -13.268 -10.888  762 
   54535.499500   11367.9255     385.1397   13248.4291     392.1467    0.7015    1900.3492    1705.8291 20.679 19.118  762 
   54536.510100    6812.8561     467.8797    6558.9911     471.7201    0.4568      30.3440      28.2979  0.377  0.210  762 
   54590.282500    6861.8349     346.0358    7234.1514     350.5227    0.2877   -1464.5760   -1345.5746 -18.438 -17.382  762 
   54591.406300    8195.4961     421.0863    9477.3511     424.6298    0.4970    1715.0409    1586.5538 13.001 14.890  762 
   54912.391600   14639.5813     559.9120   14938.2550     561.0608    0.5791    -799.9762    -775.1514 -4.324 -3.940  762 
   55536.504600     169.1456     562.8483      67.1264     563.1354    0.0279   -1406.4531   -1382.0164 -10.988 -8.954  762 
   55927.525800   -2875.3984     389.4806   -3291.3734     399.6853    0.2911     271.5656     240.0463  4.086  2.881  762 
   56008.341900    1599.5204     436.7411    1483.2418     442.6022    0.1597     657.3404     598.8896  4.462  6.129  762 
   56009.331100    1599.3758     414.8141    1881.9662     423.0673    0.1402     -56.8457     -50.7840 -3.428 -0.558  762 
   56090.371800   -1163.1659     471.5244   -1648.1800     475.2509    0.1129    -296.3182    -277.3147 -2.666 -3.010  762 
   56302.501200   -1505.3100     476.6394   -2241.6490     480.7231    0.0434    3578.9657    3318.3555 31.430 28.910  762 
