   54533.494200   -2175.8363     386.1081   -2029.2029     386.4181    0.2212  -16851.1265  -16459.1900 -157.247 -163.283  762 
   54534.508600      78.9471     475.3384    -619.4140     481.5928    0.3179   -7832.5345   -7154.5503 -48.669 -54.508  762 
   54535.499500   -1513.4029     431.6285   -2714.7123     446.4976    0.0547    2027.0299    1705.9765 17.746 18.997  762 
   54536.510100   -4888.8817     503.9301   -5344.2633     513.1638    0.1864    2526.6698    2269.4025 14.158 17.057  762 
   54590.282500   -4095.7626     375.8695   -6028.5337     384.7406    0.3714   -3350.4759   -2902.8382 -38.332 -38.180  762 
   54591.406300   -7925.3133     463.1791   -9840.1103     472.9220    0.3028    2327.5927    2052.9681 19.062 19.076  762 
   54912.391600    -869.5791     593.3062   -2343.2777     598.3137    0.1269    -478.1567    -455.1106 -1.945 -2.314  762 
   55536.504600  -12482.4631     583.6671  -13377.5076     584.5879    0.4036  -11585.7267  -11269.5211 -80.716 -71.471  762 
   55927.525800    4780.0520     435.6724    4092.4859     451.8856    0.2224     -10.6670      -8.8501  2.207 -0.105  762 
   56008.341900   -4395.6571     479.9033   -4346.3407     492.5364    0.1780     132.0858     113.4724 -0.929  1.185  762 
   56009.331100    -396.4563     461.7660    -929.2928     477.2965    0.0779    -291.9017    -244.3989 -4.235 -2.667  762 
   56090.371800    4306.2626     501.3045    4480.6147     508.1344    0.1978     250.6827     225.8074 -0.100  2.483  762 
   56302.501200  -13736.4557     498.9155  -15147.3100     510.3846    0.4325    5191.6703    4543.2993 43.407 43.739  762 
