   54533.494200   30575.7607     391.7305   30392.3642     391.7952    0.2498   -6562.7943   -6510.9054 -60.545 -60.641  762 
   54534.508600   22753.7582     462.2698   23188.3120     463.8564    0.6130   -5418.6534   -5223.8644 -33.166 -38.073  762 
   54535.499500   13205.9979     399.1061   13348.8267     403.2324    0.5002    -804.6928    -747.4357 -10.710 -8.154  762 
   54536.510100   18191.5875     489.5738   18746.8689     491.6690    0.6070    -969.4696    -929.0985 -4.681 -6.669  762 
   54590.282500   17042.0129     348.0379   16851.5440     350.5579    0.4814   -3428.1667   -3232.8149 -35.592 -41.748  762 
   54591.406300   14885.1596     417.4981   14046.0729     420.7994    0.4567    -870.4294    -817.8677 -9.457 -8.246  762 
   54912.391600   24422.0281     575.3772   24420.1680     576.9222    0.7877   -3687.9039   -3597.2155 -19.368 -18.751  762 
   55536.504600   15609.5663     561.0027   15331.3637     561.2464    0.1830   -5628.0110   -5562.3304 -39.907 -36.826  762 
   55927.525800    1775.6511     397.7676      93.0925     403.7556    0.0190    -606.6301    -556.1596 -7.809 -6.657  762 
   56008.341900     396.6812     454.6444    1106.4537     457.8031    0.0321    -440.1117    -414.2991 -4.202 -4.097  762 
   56009.331100   -4388.0841     426.1795   -4933.6733     431.2463    0.3144     154.0339     141.8526 -0.389  1.555  762 
   56090.371800    2043.8267     473.2454    1944.1881     475.2664    0.1472    1166.3274    1112.9462 12.829 12.290  762 
   56302.501200    1210.9098     504.3554    1343.3419     506.5311    0.0574     -63.6006     -60.7851 -0.862 -0.491  762 
