   54533.494200  -43732.6516     375.8628  -46806.0194     376.9564    0.3819   -5451.0130   -5219.7104 -57.305 -55.652  762 
   54534.508600  -14911.3323     449.6130  -20473.0306     464.8380    0.4265   -2123.5403   -1816.6990 -20.478 -14.602  762 
   54535.499500  -15322.0234     413.3489  -26011.8873     456.0107    0.2453     142.9535     106.2976  4.064  1.249  762 
   54536.510100   -4384.3065     474.2328   -9977.5536     497.9414    0.2769   -1209.8267    -997.2430 -6.217 -7.887  762 
   54590.282500  -23571.6136     366.7273  -32626.3506     393.6332    0.2555   -2276.6152   -1819.2067 -23.871 -25.046  762 
   54591.406300   -8500.8543     448.8545   -4671.7433     466.5991    0.0987      42.3109      35.3702 -3.036  0.321  762 
   54912.391600   14579.5495     549.8643   17701.7784     555.3449    0.3983   -2722.0230   -2531.2857 -13.600 -12.810  762 
   55536.504600   18899.2198     573.0754   18434.4205     574.6627    0.1151  -11153.7417  -10738.9912 -78.813 -68.135  762 
   55927.525800    1991.7151     409.4758    8790.6053     454.5797    0.2134     129.3624      97.8578 -1.034  1.204  762 
   56008.341900   -8861.0937     447.1852  -20182.6586     484.7944    0.4086     350.2171     278.3707 -0.347  3.093  762 
   56009.331100   -5345.7045     437.3432   -3058.7900     478.4000    0.0872      49.0086      37.3903 -0.759  0.423  762 
   56090.371800   14879.9193     484.8791   14585.8811     503.6998    0.1599     563.8143     486.3243  4.174  5.489  762 
   56302.501200    7153.7089     464.8918    8329.1853     494.3974    0.2929    3023.4620    2426.9442 22.773 25.778  762 
