   54533.494200   -3233.2540     381.7887   -3459.9085     381.8516    0.1301   -8676.9348   -8644.2163 -113.787 -86.386  762 
   54534.508600   -1001.2309     455.9269    -664.7152     457.9311    0.1013   -1628.0981   -1599.1753 -15.040 -12.406  762 
   54535.499500   -4590.0118     389.9299   -4114.5548     393.3843    0.2135     -56.6566     -54.4197 -0.261 -0.619  762 
   54536.510100   -1995.7936     485.0371   -2374.1979     487.8025    0.0568    1576.0783    1539.0526 15.211 11.668  762 
   54590.282500    3409.4071     342.9025    3546.8803     344.7089    0.2073     810.4484     787.9573  8.957 10.297  762 
   54591.406300    4355.4347     433.2324    4983.0517     435.9620    0.2484    1330.7767    1299.0337 13.764 12.198  762 
   54912.391600   17762.9981     603.5434   18267.3005     605.7350    0.6182    -621.8910    -614.2991 -3.995 -3.151  762 
   55536.504600   20231.2107     573.3685   20161.4361     573.6384    0.3538    -291.9319    -290.4117  4.001 -1.890  762 
   55927.525800   13422.0307     386.6776   14445.8931     390.3277    0.6531     262.5065     251.7991  5.528  3.052  762 
   56008.341900   -6357.1301     440.9996   -6828.6590     444.5282    0.2584     979.1376     950.6684  6.039  9.915  762 
   56009.331100   -4979.4308     419.2760   -5600.0885     423.1875    0.3131     -74.2743     -71.0775 -0.473 -0.789  762 
   56090.371800    1567.1076     472.6542    1757.1510     474.2852    0.0409    -793.1132    -775.6461 -8.101 -8.525  762 
   56302.501200   -3720.5171     483.3356   -3861.2053     486.0477    0.1082    1412.0930    1369.4074 13.686 12.384  762 
