   54533.494200    3014.6337     370.3676    2761.4036     370.4239    0.1868   15753.1144   15577.2212 213.718 162.791  762 
   54534.508600   -3372.2530     441.7634   -3524.9751     442.9419    0.0315    4416.6164    4205.9937 27.931 33.458  762 
   54535.499500   -1337.5948     389.1979   -1415.2714     392.5235    0.0867    -260.8147    -238.9261 -4.894 -2.754  762 
   54536.510100     373.5718     470.7536     502.3754     472.5161    0.0551   -1478.8329   -1395.2059 -9.742 -10.871  762 
   54590.282500     109.3024     343.4310     598.0470     345.4270    0.0936    1457.2988    1363.9899 19.882 18.142  762 
   54591.406300    -959.7230     440.4973    -715.2702     441.7143    0.0644    -349.9055    -331.2748 -2.217 -2.931  762 
   54912.391600    1508.7562     584.9267    1090.4717     586.5835    0.0037   -1184.1330   -1152.2882 -5.656 -5.758  762 
   55536.504600    2030.0576     575.5858    1736.8324     575.7611    0.0803    2765.7153    2730.4672 12.993 17.180  762 
   55927.525800    1448.2200     393.1366    1649.1175     397.2704    0.0781    -321.7211    -292.7262 -5.312 -3.526  762 
   56008.341900   -3816.8397     434.2224   -4609.9164     437.3648    0.1915     718.0921     660.9908  6.048  7.167  762 
   56009.331100    1170.0698     419.0153    1150.8037     422.8381    0.1239     666.4796     609.0990  0.462  6.743  762 
   56090.371800     -89.8025     471.0153      15.9030     472.3425    0.0154    -369.1883    -351.8407 -4.510 -3.860  762 
   56302.501200   -3648.5110     451.7853   -3012.6760     454.0483    0.2045   -1594.2600   -1489.2902 -21.452 -15.205  762 
