   54533.494200   -5931.5015     370.4234   -5970.7062     370.6967    0.1457   19568.8773   19165.5322 219.647 202.787  762 
   54534.508600  -13699.6839     435.4431  -14077.8093     440.4413    0.2917    5842.6379    5357.2587 41.762 43.116  762 
   54535.499500   -9399.5893     390.8853  -10197.4216     405.2034    0.5320    -459.5743    -391.0094 -7.738 -4.561  762 
   54536.510100   -4334.3318     458.3258   -4181.6970     465.9106    0.2756    -417.8596    -377.9087 -2.853 -2.975  762 
   54590.282500    -943.4318     348.8148     884.0508     356.3228    0.1602    3587.5093    3177.9218 41.027 42.567  762 
   54591.406300    -585.3983     436.2210      46.7781     442.1647    0.0286     565.0094     512.5094  0.840  4.539  762 
   54912.391600   -4955.9695     556.7040   -4742.8146     559.3861    0.2509     590.3344     566.9191  3.249  2.840  762 
   55536.504600   -5599.9349     570.5124   -5815.8514     571.0507    0.1046     759.6243     743.5577  5.334  4.697  762 
   55927.525800   -9350.7940     395.4697   -9780.3323     412.0435    0.5919     -79.5840     -67.1115 -1.329 -0.816  762 
   56008.341900   -2595.2164     434.8409   -4767.4947     446.6484    0.2475     291.9266     253.1060 -0.649  2.773  762 
   56009.331100     100.6035     419.2170    1066.0423     433.4303    0.0648    -248.6390    -212.6203 -0.871 -2.373  762 
   56090.371800   17914.6881     469.7194   18556.1568     475.2153    0.6601     164.5338     151.4907  4.863  1.672  762 
   56302.501200    1764.2677     449.9523    2765.1514     459.3538    0.0071   -3305.2451   -2929.7905 -31.284 -30.135  762 
