   54533.494200   10514.7111     382.2114   10525.6577     382.3825    0.2189  -34729.9645  -34122.6191 -329.061 -333.347  762 
   54534.508600    1047.3511     432.0461    2096.7968     435.7077    0.2891   -9668.8765   -8942.7347 -70.336 -67.708  762 
   54535.499500     719.1607     381.2437    1788.6807     393.4847    0.1389     291.9972     249.0162  6.472  2.789  762 
   54536.510100   -4051.7331     452.9968   -3711.2890     458.9935    0.1607    1514.3884    1375.8954  9.380 10.194  762 
   54590.282500    6346.0293     344.7332    7387.8078     351.8496    0.0800   -6537.0357   -5795.4792 -70.423 -75.315  762 
   54591.406300    3521.3550     411.7096    4583.7606     418.3461    0.2931     462.9684     412.2370  5.934  3.912  762 
   54912.391600    6134.4536     531.6926    5997.4954     533.8238    0.1369   -2788.5738   -2671.7384 -13.719 -13.615  762 
   55536.504600  -21702.3542     556.7572  -21773.3638     557.2409    0.5371  -11697.1917  -11429.8345 -85.377 -74.254  762 
   55927.525800    1606.4764     383.0471    1657.1631     398.7958    0.1654     308.7620     258.7700  2.432  3.120  762 
   56008.341900    8289.6200     428.8787   10420.9585     438.3180    0.5516      23.2059      20.3673  1.397  0.208  762 
   56009.331100    2539.1339     408.3498    2633.5586     422.2306    0.2248    -208.2101    -176.8359 -0.261 -1.951  762 
   56090.371800   -9183.1880     467.2126  -10720.1117     473.2760    0.4453    -233.3220    -212.3269 -2.394 -2.322  762 
   56302.501200   -8373.0204     465.8803   -8571.3042     472.6615    0.0060    9654.9928    8698.6039 74.349 75.536  762 
