   54533.494200    2428.7184     378.6872    1840.1760     378.8485    0.1831  -19539.2916  -19235.0714 -188.521 -190.544  762 
   54534.508600    1966.9034     433.4176    1988.7775     436.5784    0.1880   -5788.3847   -5438.0783 -42.240 -41.303  762 
   54535.499500    3156.1121     379.4718    3236.3119     389.1574    0.3315    1013.8615     893.0494  9.241 10.031  762 
   54536.510100    5023.2015     453.4884    5034.7640     458.7718    0.4236     988.0919     913.9340  8.671  6.869  762 
   54590.282500   -4621.3256     338.2975   -5730.5463     344.2101    0.3929   -2430.4681   -2194.1061 -27.469 -29.441  762 
   54591.406300   -5049.2975     410.7249   -6494.9038     416.5609    0.2505    1005.8604     913.6970  9.854  8.848  762 
   54912.391600   -7773.4935     541.5841   -8655.7468     544.2276    0.3998    -588.3018    -564.1487 -4.471 -2.916  762 
   55536.504600     734.5192     560.3190     312.9285     560.7421    0.1197   -6275.8867   -6156.9454 -38.708 -39.715  762 
   55927.525800   -5323.3724     383.5995   -5819.0368     395.2885    0.3731     692.7176     601.4560  6.310  7.240  762 
   56008.341900     667.9237     425.1051     518.6955     433.1156    0.0169    -892.0376    -800.7316 -7.389 -8.404  762 
   56009.331100    1823.1040     406.0580    1843.5075     416.3532    0.0937    -776.5254    -681.9385 -8.033 -7.569  762 
   56090.371800    2973.3752     460.0547    3195.3675     464.2748    0.2117     653.3312     606.6191  5.309  6.817  762 
   56302.501200  -13932.4148     454.4027  -14069.5459     460.7220    0.5013    2226.9467    2026.7678 19.865 19.207  762 
