   54533.494200  -15255.0191     371.7405  -16291.9901     371.9577    0.2383   -8895.7990   -8847.9233 -56.559 -87.828  762 
   54534.508600  -27921.5468     380.7533  -30533.9441     386.5682    0.5098    -247.5351    -236.6888 -2.916 -1.828  762 
   54535.499500  -31534.0480     305.7956  -38144.5424     319.6370    0.4070     837.6219     797.7562 10.981  8.946  762 
   54536.510100  -19796.3448     381.7367  -22656.2231     390.2848    0.4059     397.5159     382.1574  2.213  2.876  762 
   54590.282500  -33739.2617     296.2336  -41200.0804     302.9685    0.3651    1042.3043    1022.6930  9.476 13.037  762 
   54591.406300  -27848.7999     360.5332  -26407.8799     367.7174    0.4212    1159.3853    1099.1691 10.189  9.966  762 
   54912.391600   -7688.8405     474.1687   -5142.8839     476.5809    0.1427     -85.2046     -83.0959  0.827 -0.419  762 
   55536.504600    8128.1049     539.8249    8557.7566     540.2450    0.1589     574.3906     570.4158  6.294  3.652  762 
   55927.525800   -3341.4185     292.1296   -2508.5874     303.0010    0.0702     450.6556     446.4821  5.346  5.298  762 
   56008.341900    3726.9397     347.2805    -510.2101     360.3565    0.0090     136.3090     133.3783  1.990  1.375  762 
   56009.331100     -25.3353     321.8543     158.3426     332.8914    0.0235     270.3035     265.3478  1.670  2.885  762 
   56090.371800   -1157.5918     408.5631    -783.3225     412.2548    0.0422    -665.3638    -664.5131 -5.710 -7.119  762 
   56302.501200    4648.5159     388.2270    6198.2019     394.6060    0.3303    2020.6811    1968.9377 16.948 17.670  762 
