   54533.494200   -5217.7039     391.3636   -5335.3886     391.7738    0.0475    1444.2923    1404.5287  7.843 14.075  762 
   54534.508600   -3174.5030     507.1818   -3825.2720     513.1537    0.2292   -1354.9561   -1231.1387 -14.172 -9.503  762 
   54535.499500   -1323.3835     466.5743    -366.3485     481.3856    0.0098     666.8291     561.1955  1.663  6.351  762 
   54536.510100    4348.9264     546.1738    2694.7822     554.9805    0.1811    1311.2522    1176.6544  9.334  8.883  762 
   54590.282500    3820.1594     399.6048    4171.3975     409.2573    0.2270    1275.0014    1106.9271 12.288 14.458  762 
   54591.406300    6553.2984     502.2056    8212.5901     510.3175    0.3015     828.0711     733.1682  7.437  6.720  762 
   54912.391600    1777.0425     648.6569    1991.7863     652.0152    0.0057   -1880.7591   -1798.1586 -17.107 -9.056  762 
   55536.504600   23035.1978     595.3870   23500.7410     596.2077    0.3429   -2834.2281   -2751.9612 -20.635 -17.626  762 
   55927.525800    5563.8650     470.3880    7162.8235     487.5985    0.3560     557.5042     463.3635  6.653  5.582  762 
   56008.341900   -5625.9796     517.6708   -7048.3597     531.1861    0.2444       0.5332       0.4578 -1.430  0.005  762 
   56009.331100   -1477.6708     498.2652   -1434.2942     514.4585    0.0790     146.7520     123.3313  3.630  1.360  762 
   56090.371800    -493.8964     532.7986   -1980.4485     541.1498    0.1087   -1081.4394    -968.4833 -9.148 -10.567  762 
   56302.501200  -17044.3805     547.0934  -19185.0286     557.6531    0.6159    -618.3603    -542.7774 -5.412 -4.997  762 
