   54533.494200   -4377.1972     394.5695   -4627.4592     395.0891    0.1513   -9843.3740   -9527.1724 -103.273 -95.589  762 
   54534.508600   -4772.8378     519.7948   -4959.7639     526.9469    0.3555   -3558.8292   -3177.9731 -24.318 -24.568  762 
   54535.499500   -3718.4283     483.1724   -2677.9175     500.4386    0.1635    -460.8465    -379.7833 -2.267 -4.289  762 
   54536.510100   -8227.1221     562.4889   -9160.7204     572.9611    0.3379    1427.2764    1254.0113  5.106  9.479  762 
   54590.282500   -5924.5549     413.1661   -6504.1942     424.4327    0.2950    -247.7711    -211.0095 -2.508 -2.745  762 
   54591.406300    2259.7228     518.5176    4247.8157     527.8334    0.2106    1395.7431    1213.3804 11.561 11.057  762 
   54912.391600   17988.9003     658.9800   19378.6379     662.3777    0.5685   -1469.3452   -1388.5125 -7.146 -6.989  762 
   55536.504600    4574.3785     603.5828    4845.5554     604.6738    0.0592   -1474.5376   -1420.4442 -18.075 -9.068  762 
   55927.525800    4306.9758     488.0768    5697.2759     507.6053    0.3019     501.9693     408.7390  5.336  4.892  762 
   56008.341900   -5392.0442     534.1363   -7008.0113     549.2611    0.2389    -252.5747    -212.5255 -0.390 -2.220  762 
   56009.331100   -2248.5269     515.4468   -3280.4888     534.1833    0.1684     138.4611     113.8434 -0.218  1.250  762 
   56090.371800    2599.6185     546.6177    2162.0160     555.7910    0.0776    -404.7767    -357.3507 -1.365 -3.880  762 
   56302.501200   -5854.6187     559.9331   -7578.3743     572.2787    0.1980    2167.5677    1865.5458 14.123 17.298  762 
