   54533.494200   -5656.2323     382.5290   -6096.3982     382.7561    0.2530  -20003.9084  -19800.0535 -196.341 -189.753  762 
   54534.508600   -3419.1796     420.0974   -3225.2924     424.6525    0.2809   -3281.0646   -3109.8445 -24.577 -23.232  762 
   54535.499500   -4186.5290     346.6511   -2097.2941     360.0712    0.0299    1528.8287    1425.8976 15.733 15.842  762 
   54536.510100   -4614.1745     434.4568   -5188.3187     441.6435    0.2453     201.6344     191.0880  0.023  1.395  762 
   54590.282500   -4689.4797     318.6973   -5388.7707     326.5506    0.2661   -2534.3704   -2431.4831 -28.462 -31.289  762 
   54591.406300   -7090.0031     386.1192   -3942.5988     393.6499    0.0604    2313.7854    2153.9365 17.393 20.821  762 
   54912.391600    3337.9302     521.0266    3781.9458     523.3851    0.0302   -2985.5549   -2891.7576 -13.633 -14.810  762 
   55536.504600    -357.7800     546.7483    -254.4708     547.2921    0.1228   -6865.6916   -6771.8032 -43.721 -44.436  762 
   55927.525800    2051.7689     337.4873    3898.9386     352.8999    0.2514     105.2729      99.6990  1.535  1.202  762 
   56008.341900    2014.8816     400.7238     899.5901     414.0635    0.0441     212.9771     200.1980  3.084  2.012  762 
   56009.331100     215.1996     369.0034     192.4304     383.8038    0.0114     -27.0807     -25.4252 -2.077 -0.280  762 
   56090.371800   -3415.6418     438.3413   -4575.1255     444.5815    0.2365    -112.5093    -109.1134 -5.400 -1.189  762 
   56302.501200    1266.0843     449.6689    1493.2863     456.0875    0.4128    6515.6454    6211.9021 50.754 51.239  762 
