   54127.315500    3092.4881     284.7935    2968.3754     284.9505    0.5416    3269.0773    3221.4511 15.019 15.867  762 
   54127.409800     270.8408     198.6303     281.9429     199.2713    0.3496     628.0286     598.3261  3.285  3.440  762 
   54127.505600     564.1924     133.6616     623.2189     137.0477    0.4975     266.2049     222.5255  1.338  1.459  762 
   54149.242500     462.3022     123.0639     410.4250     127.4843    0.3140      40.2426      32.6188  0.148  0.204  762 
   54149.261300    1209.4195     143.4935     804.1710     144.0651    0.1390     957.5692     923.9349  3.480  3.510  762 
   54152.347000     227.1664     116.3330     101.3376     121.5005    0.0587      29.5756      22.4160  0.195  0.193  762 
   54201.226700     445.9920     139.1955     388.6807     141.1897    0.2021       7.0035       6.3885 -0.215  0.028  762 
   54201.240900     489.2572     130.1467     489.8286     133.0362    0.2367    -155.6784    -134.9037 -0.847 -0.713  762 
   54201.251200     223.7715     134.1386     261.2253     136.6474    0.1330     -33.5359     -29.7331 -0.275 -0.142  762 
   54230.228100     -63.3785     105.0501     -77.8084     111.1864    0.0625      -7.7684      -5.3395  0.190 -0.075  762 
   54260.167300     376.7921     117.3167     411.0924     120.5819    0.2361     -41.6342     -33.6675 -0.119 -0.329  762 
   54261.167200     826.2924     143.4458     816.3779     144.6253    0.4260      81.6395      75.4715  0.337  0.408  762 
   54264.169200     304.3270     109.1535     417.6760     113.4522    0.3549     -21.5567     -16.2393 -0.302 -0.229  762 
   54265.188900     625.5925     116.7619     522.3544     119.2978    0.1551     -83.7237     -70.5421 -0.601 -0.575  762 
   54384.475400     603.2120     121.1961     521.5806     125.1721    0.1616     -22.7641     -18.6097 -0.249 -0.124  762 
   54384.485900     717.1019     122.5239     696.8703     126.0921    0.2404      -7.8347      -6.5270  0.041 -0.041  762 
   54385.512900     691.2822     187.4281     674.3252     188.4981    0.1759      69.6206      63.7789  0.760  0.628  762 
   55884.411600    -262.6674     416.8245    -337.0348     417.2732    0.0311     491.8511     479.3356  2.473  2.291  762 
   55889.438100    -104.9396     155.3656    -445.0361     164.8774    0.2033       4.7583       3.3358  0.158  0.040  762 
   56301.281100    -194.8215     193.0303    -387.3085     198.0095    0.0821     249.1552     212.9190  1.393  1.185  762 
