   54533.216400    1048.3017     366.4912    1041.5639     373.3837    0.0653    -173.7139    -150.5393 -2.181 -0.997  762 
   54534.350300    2946.2966     341.1479    3989.7867     352.3043    0.2330    -539.3312    -436.6043 -3.979 -3.249  762 
   54535.300800    2337.5252     336.8765    2751.1629     350.7254    0.2175    -401.4112    -314.0625 -3.561 -2.488  762 
   54536.152700    1318.1391     354.5212    2019.5084     362.0117    0.2160      57.0475      47.8989  0.351  0.466  762 
   54537.404600    1640.3277     295.4061    2191.8985     322.0592    0.1208      40.7972      25.8516  0.628  0.486  762 
   54538.192700    2260.6333     428.6106    2628.0221     434.8625    0.2747    -680.9701    -603.7751 -4.182 -3.692  762 
   54590.208000    2930.6841     301.9762    4955.5350     320.8002    0.3982     315.0202     218.4510  1.388  3.119  762 
   54861.128800    5120.6021     397.6261    5084.7407     403.3724    0.2578    -869.3121    -766.6955 -4.602 -5.392  762 
   54862.306200    7406.3743     451.5521    7551.2145     453.0528    0.2292   -3295.7483   -3190.6355 -12.960 -11.437  762 
   54912.160800   -1207.2690     277.2799   -1784.3712     287.2606    0.2109   -1823.5112   -1409.5159 -22.209 -22.617  762 
   55126.494500    2540.1991     351.6626    3130.9598     363.2679    0.3824    1425.7212    1120.4852 15.670 14.967  762 
   55273.271900    1834.9366     336.0640    2697.8981     349.4864    0.2731    -343.0340    -267.5073 -2.594 -2.239  762 
   55536.299000    1202.1719     337.9058    1263.8333     348.6803    0.0435   -1106.9685    -893.8486 -8.532 -7.907  762 
   55538.335900     152.4873     298.8824     125.0587     320.5200    0.0307     179.2787     121.9650  2.013  2.152  762 
   55540.344000    3691.0439     427.1057    4122.4536     431.3790    0.1558   -2502.7962   -2304.5249 -10.011 -10.581  762 
   55884.409900    2831.6817     707.2567    2882.3211     708.4063    0.6328    7693.9227    7406.7617 45.019 43.649  762 
   55889.436800     131.6938     325.3048    -142.0562     338.7693    0.0878    1462.2939    1117.1070 11.881 12.923  762 
   55924.444500    1770.1496     281.5918    1470.2958     308.4792    0.0780    -258.0659    -158.2445 -4.948 -3.794  762 
   55925.375400    2014.1957     305.3219    2673.7320     321.7488    0.3369    -739.6385    -532.4090 -7.782 -6.645  762 
   55926.308900    1555.4349     277.7772   -1362.9462     303.5957    0.0921    -405.4755    -253.4207 -5.160 -5.044  762 
   55927.351300     689.9463     307.9563     389.0186     325.0432    0.0033    -516.1430    -369.1053 -5.049 -4.914  762 
   55969.117000    5974.3019     354.2324    6651.3513     361.9652    0.5224    -313.3804    -262.9449 -2.754 -2.283  762 
   56045.161300    -824.6447     361.0266   -1506.6136     371.4628    0.2697   -1429.5622   -1147.1120 -14.838 -13.962  762 
   56215.479000   -1173.4750     328.7814   -1439.9040     346.3202    0.0330    1694.2774    1217.2001 19.473 19.249  762 
   56217.471100    3513.3435     611.7059    3205.5930     613.1956    0.3846    3281.4051    3171.6817 12.048 12.229  762 
   56301.274100     963.1456     359.3773     637.8763     370.2192    0.2988    1454.8821    1193.5611  8.562  8.609  762 
   56301.282900     821.4345     387.3066     -91.3962     393.7629    0.0825     986.6407     873.9610  5.079  4.782  762 
