   54534.351500   17124.0046      91.7164   17082.5115      91.7800    0.9830    -676.6034    -681.4309 -12.769 -5.357  762 
   54535.302200     772.2387      85.4953     450.3977      86.5750    0.0083    -459.9991    -415.5603 -2.342 -2.589  762 
   54536.153800    7452.2497      79.8037    6826.6562      80.2366    0.5333     -67.4082     -65.6076 -1.037 -0.522  762 
   54537.405900    1237.9932      81.0943    1215.7476      82.1921    0.2920     -73.2258     -64.7944 -0.705 -0.613  762 
   54590.208800    1091.1857      69.0136    1257.7162      70.3640    0.4396     181.5421     151.9864  1.670  1.844  762 
   54793.510600    3848.8380      94.7206    3407.6306      95.4797    0.4362      26.1930      24.5457 -0.194  0.198  762 
   54794.490600     634.0521     106.9376     417.0174     107.7292    0.0950     183.9279     169.9634  1.808  1.343  762 
   54860.202700     449.1457      84.9783     408.3136      85.9080    0.0892    -101.5301     -90.1083 -1.026 -0.790  762 
   54861.129900    2412.6331     116.0971    1710.2118     116.5877    0.1131    -531.0627    -511.8463 -3.090 -3.061  762 
   54912.161700     612.4438      78.1983     551.6005      79.2255    0.1361    -158.8445    -139.0146 -0.516 -1.263  762 
   55126.499300     715.6012      85.2946     766.2497      86.1854    0.3361     -89.3390     -79.1823 -0.917 -0.845  762 
   55208.320800     397.8194      66.8509     426.1759      69.5160    0.1098    -124.4619     -93.8872 -0.938 -1.598  762 
   55273.273000     257.0293      85.1597     188.0002      86.5028    0.0811      41.2480      36.0365  0.373  0.273  762 
   55536.300000      73.0502      73.2858     227.9274      74.6427    0.0981      49.5205      41.0571 -0.014  0.544  762 
   55538.337000     564.4825      66.4171     760.0912      69.1126    0.2154    -158.9647    -117.0757 -2.375 -2.723  762 
   55540.344900   16109.1105     298.3040   13309.2718     298.5012    0.2464    6611.6631    6613.9983  6.291  9.122  762 
   55599.209300   10112.2703      76.9354    9271.8560      77.4867    0.6762     -34.3348     -34.0983 -0.599 -0.205  762 
   55603.167400   18123.4805     211.0251   18044.0973     211.0551    0.9251   -1499.7772   -1499.5305 -16.301 -7.105  762 
   55679.255600     171.0858      82.3194      86.2252      83.8123    0.0072     -73.3429     -61.9578 -0.613 -0.669  762 
   55924.445900     728.4143      71.4574    -394.6666      76.5050    0.0959       1.8937       1.3838  0.256  0.033  762 
   55925.376900    -156.9736      86.4019    -207.0954      88.0383    0.0303     151.4986     128.6153  0.830  1.334  762 
   55926.310300     142.3941      64.4116     289.5805      68.2492    0.1474     -26.2432     -17.9583 -0.108 -0.434  762 
   55927.352700     -75.4407      92.0935     -91.9266      93.4861    0.0209      48.8493      41.9944  0.797  0.431  762 
   55969.118500     632.9824      82.1275     334.3988      83.0817    0.0537     -86.4065     -78.3237 -0.820 -0.562  762 
   56045.163000      47.8265     116.9062       8.0459     117.6340    0.0384     104.4472      95.3615  0.946  1.087  762 
   56215.481000     -74.8246      84.7019     -89.5877      86.5318    0.0759     -41.5582     -34.4598 -0.904 -0.499  762 
   56217.473300   11451.9703     111.9834   11201.5109     112.1904    0.8906    -867.7632    -859.9538 -5.810 -5.293  762 
