   54533.479900   10337.8687     207.4843   10499.8262     209.4762    0.6455   -1214.9427   -1083.6116 -13.590 -11.595  762 
   54534.493900   12742.9598     278.6155   12507.8362     282.6550    0.8385     439.0928     388.6362  3.761  2.736  762 
   54535.487300   11828.7738     262.5757   11438.2453     270.0040    0.7915     456.1891     363.3789  6.626  4.195  762 
   54536.506300   11026.5348     307.0639   11249.1153     311.4621    0.8666    1309.8050    1138.5299 10.341 10.348  762 
   54538.445200   11471.6997     329.3840   11402.5094     334.0764    0.7786    1339.7661    1206.9308  9.725  6.933  762 
   54590.268200    4989.6213     225.7808    5061.7510     232.1413    0.5465     174.0204     138.0638  3.054  2.035  762 
   54591.392100    7538.4529     312.4511    7401.0462     317.3253    0.7155    1141.9113    1006.1417  6.723  6.825  762 
   54912.379600  -60399.8532     342.6758  -60144.6188     348.4735    0.9794    -385.9101    -339.9684 -0.940 -2.056  762 
   55536.490900  -10542.9937     321.2128  -10437.5601     322.7933    0.6549   -5376.3302   -5067.2770 -28.159 -26.804  762 
   55927.511900  -21881.4206     251.4586  -22028.3940     264.7013    0.9502     182.6086     126.5897  3.152  2.353  762 
   56008.327800   -4086.9784     284.9704   -4392.8254     292.9763    0.7273     -16.4868     -13.1144  0.197 -0.153  762 
   56009.317200    -353.7983     286.8572    -423.6091     295.3281    0.0696      48.4954      38.2855  0.089  0.415  762 
   56090.357800   30164.0867     278.8272   30201.5502     282.2084    0.9660    -828.6670    -719.4655 -7.278 -10.633  762 
   56302.487100  -28787.6971     312.5211  -28732.5913     320.1947    0.9632    1417.7922    1165.8621 10.916 10.344  762 
