   54533.479900    4337.8890     214.5848    3957.3527     216.0372    0.2463   -1088.4521   -1005.2302 -32.563 -10.668  762 
   54534.493900    1850.7458     302.5119    1533.4892     305.8127    0.1319    -219.9118    -205.2772 -31.740 -1.438  762 
   54535.487300    1444.0399     274.2073     933.0714     278.7461    0.0749    -305.6470    -264.5147 -47.914 -3.037  762 
   54536.506300     267.6468     325.4239     238.2567     328.6705    0.0636     334.6391     305.2786 -25.476  2.770  762 
   54538.445200   -1436.0815     366.6667   -1364.9426     371.2893    0.2101   -1436.2407   -1361.5549 -21.813 -7.800  762 
   54590.268200   -1734.3246     229.8218   -1624.0149     233.8853    0.1501     577.8875     491.3508 -14.235  7.211  762 
   54591.392100   -3531.5450     337.6708   -3505.5852     341.2968    0.2402     -17.1125     -15.9433 -9.305 -0.108  762 
   54912.379600   -5910.2326     357.4431   -5699.8833     361.2303    0.6565   -1840.9488   -1743.0774 -12.765 -10.541  762 
   55536.490900   -1683.5505     340.5791   -1075.6388     342.2364    0.1638   -2455.3661   -2387.9298 -6.116 -12.654  762 
   55927.511900    2015.0402     242.4489    1940.2971     249.5106    0.3537     264.1460     208.7400 15.856  3.899  762 
   56008.327800   -3477.3092     294.1805   -3648.5847     298.7196    0.5657    -269.0923    -232.2873 -0.991 -2.724  762 
   56009.317200   -1502.6783     297.8468   -1440.2110     302.6392    0.3011    -627.6852    -541.1036 -4.470 -5.883  762 
   56090.357800    2523.2232     283.0554    2671.6034     285.3529    0.2165    -686.5597    -616.3789 -11.720 -9.179  762 
   56302.487100     878.7957     318.3800     982.4889     322.1372    0.1412     237.4164     213.3353 -2.271  1.896  762 
