   54533.479900    4170.7957     159.8765    3279.2033     160.3072    0.0720   -1434.6685   -1370.8224 -17.328 -15.581  762 
   54534.493900    2035.8133     197.5749    1362.1278     198.3520    0.0497    -409.7817    -387.8387 -2.478 -2.836  762 
   54535.487300    8160.8440     166.9588    5983.0846     169.4978    0.2193     166.8707     149.4099  0.377  1.805  762 
   54536.506300    3066.8662     222.9724    2073.1473     224.1028    0.1026     282.0412     264.2692  2.718  2.490  762 
   54538.445200    2631.6891     229.0292    1965.7591     229.8372    0.0950    -272.2360    -259.6521 -1.279 -1.526  762 
   54590.268200    8382.8474     148.7090    5585.4165     151.0394    0.1637    -380.9072    -342.5556 -5.837 -5.266  762 
   54591.392100    2928.4827     220.8773    2249.2295     221.6778    0.1202     271.6087     258.2199  1.205  1.780  762 
   54912.379600    4086.8806     227.8361    3977.4806     228.2966    0.2817     274.3843     263.5167  2.105  1.634  762 
   55536.490900    1695.8141     265.2171    1506.8876     265.3565    0.1064   -3447.0156   -3385.0328 -15.699 -18.028  762 
   55927.511900    2913.4493     151.7034    2727.9128     156.4591    0.3085     -52.0612     -41.5943 -0.781 -0.790  762 
   56008.327800     538.0449     190.3913     409.1848     192.6200    0.1390     165.3861     145.9293  2.114  1.724  762 
   56009.317200    1471.8531     190.2789    1361.0334     192.6299    0.3735     407.9761     358.9504  2.965  3.919  762 
   56090.357800    2389.7465     222.0115    1824.3160     222.9034    0.0768    -290.0383    -272.3768 -4.933 -4.032  762 
   56302.487100    1449.6652     207.8208    1397.0385     209.2096    0.2471     403.1105     368.8432  3.574  3.343  762 
