   54533.479900    -326.8175     187.6288    -429.6056     188.5214    0.1874   -1873.5783   -1734.7931 -19.546 -18.533  762 
   54534.493900    -897.7663     246.0975    -831.8706     247.6667    0.0807     273.0495     251.3963  1.884  1.767  762 
   54535.487300   -2184.0421     222.4603   -2518.3991     226.6272    0.2564     930.0250     786.1752  8.400  9.137  762 
   54536.506300   -1241.5556     271.8850   -1136.8066     274.0396    0.0291    1454.9916    1315.1154 11.414 12.067  762 
   54538.445200    2078.2586     288.3515    1868.4603     290.1432    0.3812    1228.5335    1143.8607  8.068  6.565  762 
   54590.268200    2715.6113     189.5241    2626.3822     193.0753    0.4644     177.0643     149.5064  1.929  2.239  762 
   54591.392100    2038.3338     271.7332    2000.0815     273.4140    0.4174    1031.1853     950.3439  7.554  6.485  762 
   54912.379600    4238.0412     283.9853    4167.3958     285.4335    0.5364     -96.6703     -90.3345  0.415 -0.548  762 
   55536.490900    3812.0374     292.8564    3775.7337     293.2643    0.0242   -4277.0080   -4137.7856 -22.035 -22.032  762 
   55927.511900    2613.2133     196.2616    2654.4385     204.0129    0.4982     186.7454     142.5258  3.597  2.763  762 
   56008.327800   -1226.0876     237.7864   -1419.7945     241.9429    0.2569     170.9952     145.0652  0.646  1.742  762 
   56009.317200   -1950.7536     239.8072   -1831.2955     244.1018    0.3395     -11.2373      -9.4841 -0.778 -0.106  762 
   56090.357800    1347.2944     249.1205    1253.5709     251.1528    0.0832    -647.4170    -581.3086 -7.238 -8.911  762 
   56302.487100     756.6893     258.6857     598.9116     261.5621    0.3213    1579.2077    1396.2106 10.880 12.548  762 
