   54533.479900    -670.2385     154.5667    -769.2586     155.0093    0.2206   -1318.9333   -1293.7031 -15.892 -14.393  762 
   54534.493900   -1659.4234     188.1519   -1809.8041     189.0979    0.3328    -243.9257    -235.6657 -2.769 -1.697  762 
   54535.487300   -1274.3383     153.6791   -1412.2532     156.4363    0.2070    -349.2536    -328.6374 -4.337 -3.886  762 
   54536.506300   -1025.4123     211.1003   -1140.1132     212.1686    0.3508    -474.2959    -462.6469 -5.514 -4.285  762 
   54538.445200     154.0967     218.3378     -49.3818     219.2847    0.1859   -1518.1389   -1466.4322 -8.197 -8.502  762 
   54590.268200   -1817.5617     136.6285   -2045.5004     138.8078    0.3629    -451.5505    -431.6221 -7.875 -6.492  762 
   54591.392100    2104.5495     209.7911    2049.2887     210.6808    0.2178    -796.9603    -772.5348 -5.463 -5.285  762 
   54912.379600    -528.2122     215.2474    -447.5003     216.0816    0.0727      44.7877      43.2249 -0.744  0.274  762 
   55536.490900   -3175.2859     258.6315   -3255.0920     258.7958    0.2261    -365.7829    -360.5424 -2.797 -1.929  762 
   55927.511900   -1851.4069     123.5415   -1884.4085     127.8417    0.3092     -42.4768     -39.9441 -0.483 -0.762  762 
   56008.327800     312.7407     170.5243     278.1548     172.7708    0.0358    -151.9835    -146.2071 -1.921 -1.688  762 
   56009.317200     202.8693     169.7829     214.5620     172.1624    0.0672       3.4907       3.3224  0.797  0.036  762 
   56090.357800    8562.9043     205.6205    8615.3137     206.2570    0.5276     290.8198     287.6782  4.152  4.315  762 
   56302.487100     295.3169     190.7206     356.8143     192.4196    0.1041     111.5164     106.4887 -0.159  0.979  762 
