    964.1450195   3454.2199707  9492_13_7415  Rlc06832.963.3453    964.1290283   3454.4899902     -8.8870001      0.0071000  Vlc06731.963.3454    964.1129761   3454.6188965     -8.7969999      0.0061000  Blc12088.963.3454    964.1660156   3454.5839844     -8.8409996      0.0104000  Ulc17118.963.3454    964.0819702   3454.6049805     -9.2510004      0.0109000
    694.0839844   2525.5490723  9492_14_6605  Rlc00181.693.2525    694.2139893   2526.1650391     -8.3190002      0.0150000  Vlc06651.693.2525    694.2960205   2526.2141113     -8.2679996      0.0157000  Blc00159.693.2525    694.1939697   2526.1850586     -8.4099998      0.0114000  Ulc17112.693.2525    694.2290039   2526.1589355     -9.2209997      0.0162000
    674.5430298   2533.8640137  9492_14_7028  Rlc06860.674.2534    674.7750244   2534.8601074     -9.1440001      0.0335000  Vlc06741.674.2534    675.0999756   2534.8730469     -8.8640003      0.0387000  Blc12091.674.2534    674.8930054   2535.3291016     -8.8559999      0.0596000  lc/lc17758.673.2533  674.775  2534.860  -10.760  0.007 
    678.9349976   2544.3798828  9492_14_7655  Rlc06809.678.2544    678.9680176   2544.8469238     -8.6389999      0.0480000  Vlc06676.678.2544    679.1190186   2544.8410645     -8.4209995      0.0588000  Blc00223.678.2544    679.0679932   2544.7180176     -8.7670002      0.0510000  Ulc00153.678.2543    679.0800171   2544.4409180     -9.7580004      0.0470000
    666.2349854   2558.4299316  9492_14_8521  Rlc06834.665.2557    666.4630127   2557.9741211     -8.8979998      0.0581000  Vlc06718.665.2558    666.4650269   2558.8010254     -8.7080002      0.0442000  Blc00126.665.2558    666.4559937   2558.7529297     -8.8230000      0.0441000  Ulc00099.665.2558    666.3380127   2558.5690918     -9.6400003      0.0392000
    663.4849854   2541.9589844  9492_14_7490  Rlc06920.664.2542    664.5209961   2543.2770996    -10.9099998      0.0436000  Vlc00031.665.2544    665.0000000   2544.0000000      0.0000000      0.0000000  Blc00226.664.2542    664.6049805   2543.1679688    -10.8540001      0.0670000  Ulc00169.664.2542    664.6810303   2543.0979004    -11.4630003      0.0556000
    718.7940063   2406.2849121  9492_14_1816  Rlc06728.718.2406    719.0759888   2406.7250977     -8.2510004      0.0122000  Vlc06630.718.2406    719.1069946   2406.8649902     -8.1719999      0.0109000  Blc12021.718.2406    719.0369873   2406.8229980     -8.2220001      0.0082000  Ulc16996.718.2406    718.9689941   2406.8420410     -8.6199999      0.0075000
    961.5369873   3447.2680664  9492_13_7103  Rlc00539.961.3447    961.5770264   3447.5270996     -9.1199999      0.0057000  Vlc06697.961.3447    961.5709839   3447.6289062     -8.5360003      0.0074000  Blc00148.961.3447    961.5770264   3447.6159668     -7.8590002      0.0186000  Ulc16852.961.3447    961.5120239   3447.7580566     -8.1910000      0.0317000
    905.2490234   3536.8930664  9492_13_11152  Rlc00372.904.3536    905.4730225   3537.3540039     -6.8140001      0.0158000  Vlc00063.905.3536    905.5599976   3537.4340820     -6.2340002      0.0290000  Blc00125.905.3537    905.9370117   3537.5690918     -5.4809999      0.0516000  lc/lc17759.904.3536 905.473  3537.354  -5.595  0.067 
    523.9539795   4064.2648926  9492_13_23814  Rlc00397.523.4064    524.0339966   4064.6030273     -8.6160002      0.0035000  Vlc00083.523.4063    524.1420288   4064.4709473     -8.2679996      0.0048000  Blc00194.523.4064    524.1500244   4064.6188965     -7.5749998      0.0074000  Ulc15650.523.4064    524.3229980   4064.6069336     -7.0359998      0.0121000
    703.6939697   3549.0129395  9492_13_11533  Rlc08199.701.3548    701.6259766   3548.8979492     -9.6260004      0.0030000  Vlc00074.704.3549    704.5670166   3549.5930176     -8.8339996      0.0075000  Blc12652.701.3549    701.5390015   3550.0639648     -7.2859998      0.0150000  Ulc14170.704.3549    704.7059937   3549.5969238     -6.4070001      0.0139000
    379.7019958   3735.4750977  9492_13_17081  Rlc08233.381.3734    381.6260071   3735.1879883     -9.2390003      0.0030000  Vlc07030.381.3733    381.6350098   3733.6130371     -8.3400002      0.0040000  Blc12670.377.3736    377.5880127   3736.6130371     -6.9280000      0.0110000  Ulc12631.380.3735    380.5490112   3735.8291016     -5.9990001      0.0199000
    451.9830017   2607.1831055  9492_14_11163  Rlc00536.451.2607    452.1010132   2607.6940918     -8.9110003      0.0021000  Vlc00069.451.2607    452.1700134   2607.7661133     -8.7010002      0.0092000  Blc00220.451.2607    452.1589966   2607.7470703     -8.3959999      0.0074000  Ulc00147.451.2607    452.1229858   2607.7299805     -8.9799995      0.0035000
    938.7100220   3444.8059082  9492_13_6986  Rlc00548.938.3444    938.7500000   3445.1379395     -8.6210003      0.0253000  Vlc00090.938.3444    938.7479858   3445.2690430     -8.4429998      0.0267000  Blc00228.938.3444    938.7730103   3445.2570801     -8.4689999      0.0347000  Ulc00139.938.3444    938.8930054   3445.3400879     -9.0850000      0.0266000
    676.1290283   4275.0019531  9492_12_961  Rlc00549.675.4274    676.3060303   4275.4711914     -7.1339998      0.0181000  Vlc00089.675.4274    676.3930054   4275.2749023     -6.9190001      0.0130000  Blc00232.675.4274    676.4299927   4275.4218750     -7.0089998      0.0203000  Ulc00162.675.4274    676.4500122   4275.3750000     -7.9159999      0.0163000
    419.0050049   3278.6931152  9492_13_1384 Rlc06914.419.3281    420.0820007   3282.4199219     -10.380000      0.0061     Vlc06773.419.3281    420.2170105   3282.4050293     -9.2019996      0.0059000  Blc11759.419.3281    420.0809937   3282.4160156     -7.3629999      0.0130000  Ulc13532.419.3282    420.2500000   3282.5109863     -6.2329998      0.0163000
    900.8599854   2611.1450195  9492_14_11998  Rlc00553.900.2611    900.8549805   2611.7370605    -10.3800001      0.0187000  Vlc00094.900.2611    901.0479736   2611.7971191    -10.1520004      0.0227000  Blc00235.900.2611    901.0859985   2611.7739258    -10.1040001      0.0252000  Ulc00164.900.2611    901.1040039   2611.7661133    -10.8680000      0.0193000
    188.3679962   2416.0949707  9490_c2_12822  Rlc08324.187.2417    187.9479980   2417.9750977    -10.0920000      0.0020000  Vlc07230.187.2417    188.0930023   2418.0690918     -9.1870003      0.0020000  Blc12924.187.2416    187.9400024   2417.0170898     -7.7960000      0.0060000  Ulc15114.188.2414    188.8939972   2415.2910156     -6.7570000      0.0094000
    595.8120117   2660.0139160  9492_14_14450  Rlc00541.595.2659    596.0750122   2660.4709473     -8.9969997      0.0185000  Vlc00071.595.2660    596.2739868   2660.5039062     -8.8149996      0.0224000  Blc00224.595.2659    596.3519897   2660.3669434     -8.9239998      0.0298000  Ulc00159.595.2659    596.3439941   2660.3181152     -9.6800003      0.0197000
    653.6929932   2563.7041016  9492_14_8847  Rlc00499.653.2563    653.8439941   2564.2028809     -9.4160004      0.0033000  Vlc06785.653.2563    653.9489746   2564.2929688     -9.2959995      0.0082000  Blc00208.653.2563    653.9130249   2564.2629395     -9.1400003      0.0062000  Ulc00127.653.2563    653.9619751   2564.2429199     -8.9610004      0.0125000
    452.1229858   2607.4331055  9490_c2_16096  Rlc00536.451.2607    452.1010132   2607.6940918     -8.9110003      0.0021000  Vlc00069.451.2607    452.1700134   2607.7661133     -8.7010002      0.0092000  Blc00220.451.2607    452.1589966   2607.7470703     -8.3959999      0.0074000  Ulc00147.451.2607    452.1229858   2607.7299805     -8.9799995      0.0035000
    664.4299927   2486.4350586  9492_14_4873  Rlc06881.664.2486    664.5440063   2486.7829590     -9.3549995      0.0313000  Vlc06788.664.2486    664.6019897   2486.7670898     -9.3000002      0.0363000  Blc12152.664.2485    664.5360107   2486.3669434     -9.6140003      0.0613000  Ulc17212.663.2485    664.4810181   2485.8181152    -10.4670000      0.0639000
    536.5850220   1625.3270264  V9  Rlc00554.535.1624    536.3179932   1625.2939453     -9.5760002      0.0082000  Vlc00098.535.1624    536.3969727   1625.1979980     -9.4499998      0.0135000  Blc00238.535.1624    536.3649902   1625.2459717     -9.3520002      0.0100000  Ulc00172.535.1624    536.3670044   1625.1479492    -10.0030003      0.0079000
    188.0919952   2415.8269043  9492_14_1739  Rlc08324.187.2417    187.9479980   2417.9750977    -10.0920000      0.0020000  Vlc07230.187.2417    188.0930023   2418.0690918     -9.1870003      0.0020000  Blc12924.187.2416    187.9400024   2417.0170898     -7.7960000      0.0060000  Ulc15114.188.2414    188.8939972   2415.2910156     -6.7570000      0.0094000
