   54533.485600  -34441.2737     381.4601  -37832.1122     385.4128    0.5185   -1028.1711    -946.8984 -34.217 -17.552  762 
   54534.499900  -37874.0034     577.0498  -39277.5832     586.3690    0.6481   -3720.9170   -3306.3708 -44.453 -35.181  762 
   54535.493200    -737.2620       2.8726    -737.2620       2.8726      -nan     737.2620     737.2620 14.644 11.246  762 
   54536.508100    -318.2875       3.0771    -318.2875       3.0771      -nan     318.2875     318.2875  3.837  4.293  762 
   54538.449200  -37178.2909     734.4461  -38482.2758     748.8538    0.7195   -4406.7602   -3866.8335 -39.616 -29.062  762 
   54590.274300  -20079.6961     489.4742  -22428.5967     506.5087    0.4443    -852.1821    -719.7777 -5.980 -12.572  762 
   54591.398100  -26277.6303     632.8821  -28893.6205     649.8388    0.4902    4700.0046    4006.7202 51.215 42.904  762 
   54912.375400   -7806.6163     628.4244   -8374.8495     643.5454    0.3732   -2720.2453   -2329.2684 -27.037 -21.567  762 
   55536.496700   15017.9403     813.4549   14846.4721     815.2728    0.2690   -5464.9374   -5279.7891 -32.927 -29.072  762 
   55927.517400   13538.2828     543.9568   14967.8897     561.4845    0.6424    -339.2556    -284.7275 -12.181 -4.485  762 
   56008.332400  -11069.1254     567.8089  -12490.9238     584.8856    0.6721     421.4040     356.6787  3.135  4.837  762 
   56009.322600   -5442.7717     564.6073   -5839.6700     582.7512    0.4856    -675.6498    -560.5329 -5.351 -7.420  762 
   56090.363100    6554.3784     540.0045    6481.1787     554.5780    0.2747     848.5552     727.7747 16.646 11.128  762 
   56302.492900   -4893.4837     608.9535   -3641.6009     622.5460    0.2850    -469.6912    -403.5233 -1.047 -4.920  762 
