   54533.485600  -95566.0355     312.2154 -108367.6890     315.6595    0.4760   -5399.3657   -5368.3843 -105.108 -105.448  762 
   54534.499900  -93058.5503     430.1275 -101919.9097     442.1017    0.5921   -7933.7645   -7515.6177 -85.948 -83.808  762 
   54535.493200    1923.0848     345.9471    4410.4867     359.6345    0.1131    1613.1363    1601.4713 27.891 26.069  762 
   54536.508100  -81541.1199     384.3090 -104792.8566     415.0074    0.4780     874.7900     806.0519 11.152 11.511  762 
   54538.449200  -71876.2292     501.9588  -75738.3230     523.9440    0.5137    1116.6171    1008.5963  8.018  7.784  762 
   54590.274300  -85278.9721     313.7660 -109389.4374     336.4748    0.4614   -2056.5771   -1961.9472 -38.446 -37.176  762 
   54591.398100  -73501.3688     407.3180  -80997.4899     433.6247    0.4594    2985.6882    2732.6600 30.918 31.633  762 
   54912.375400  -58600.8118     417.5383  -67848.3223     441.2349    0.5021    -336.0621    -303.4409 -4.297 -2.866  762 
   55536.496700  -10694.2332     709.4488  -10130.3643     710.9590    0.6343  -20589.2128  -20294.4555 -116.224 -113.198  762 
   55927.517400   -3697.4791     338.3278   -5184.1803     361.1788    0.3267    -540.6378    -519.9546 -10.336 -8.567  762 
   56008.332400   -1836.5919     358.0554   -3776.5554     382.2766    0.2529    -806.3650    -783.3007 -10.578 -10.833  762 
   56009.322600   -4392.9301     347.1578   -6187.2835     369.1761    0.4818   -1280.1463   -1218.2961 -16.052 -16.560  762 
   56090.363100    3524.0048     346.4461    5594.2607     360.2078    0.1486    1657.4324    1645.0153 27.603 26.715  762 
   56302.492900   10713.9226     408.3876   11913.6304     424.4523    0.5049    1054.0522    1012.4363 12.236 12.764  762 
