   54533.485600   30162.8568     312.0084   30772.7960     312.6005    0.6872   -3607.7977   -3499.7788 -65.084 -66.236  762 
   54534.499900   28082.5022     403.5181   28616.1879     405.0986    0.8284   -5849.2916   -5549.0949 -59.555 -60.178  762 
   54535.493200  -18105.6402     364.7348  -19096.9544     370.2071    0.8205    1275.1179    1158.4871 17.867 18.150  762 
   54536.508100   27628.7966     366.5277   28899.4498     373.5670    0.8690    -150.0302    -132.9969 -2.921 -1.835  762 
   54538.449200   30831.7373     439.8467   31203.4646     442.9324    0.9333    -265.7364    -247.3181 -0.784 -1.878  762 
   54590.274300   34887.4742     308.8275   37174.9278     313.7778    0.8243   -2892.3036   -2623.2308 -46.726 -47.292  762 
   54591.398100   39439.5760     375.1248   40727.1020     379.3689    0.9151     647.3437     590.2046  5.632  6.550  762 
   54912.375400   81827.1859     362.7745   83751.2532     365.3510    0.9241     243.9686     226.4329  1.640  2.104  762 
   55536.496700  -25899.2564     690.4448  -25938.8043     690.6014    0.8265  -19009.3380  -18801.9669 -110.421 -104.338  762 
   55927.517400    9871.5605     341.9052   10705.3205     348.6445    0.7390    -256.5489    -229.0717 -3.601 -3.682  762 
   56008.332400   -3343.1751     360.1894   -3663.2959     366.2731    0.5782    -900.3648    -808.2898 -11.455 -10.988  762 
   56009.322600   -3834.6704     349.3278   -4218.8972     356.4622    0.6803   -1152.2382   -1014.0417 -13.372 -13.517  762 
   56090.363100  -17708.3885     364.6058  -18759.1467     370.0816    0.7917    1392.9768    1265.9656 18.696 19.832  762 
   56302.492900   13736.9600     401.3127   14285.2882     405.0583    0.8413    1081.4228     994.5333 12.343 12.295  762 
