   54533.485600 -121057.0547     317.7890 -123581.2767     318.1418    0.8509    2250.2999    2199.6849 32.634 38.939  762 
   54534.499900 -120265.3659     392.5139 -122689.4699     393.5510    0.9187    4083.4886    3918.3799 41.882 41.900  762 
   54535.493200    3378.2915     318.8622    3293.1459     319.1503    0.2649   -1550.8312   -1522.0223 -24.660 -23.323  762 
   54536.508100 -111879.6229     349.3198 -118984.2633     354.1172    0.8865   -1062.7166    -968.2173 -12.721 -12.933  762 
   54538.449200 -113770.5061     417.7299 -115929.9890     419.6427    0.9449   -1162.9390   -1101.6059 -7.111 -8.257  762 
   54590.274300 -101908.4320     299.5372 -108510.4907     302.6339    0.8614    -460.3194    -428.0048 -8.747 -7.201  762 
   54591.398100 -101394.3501     350.9340 -105421.4760     353.8262    0.8983    5569.0333    5179.8957 58.482 57.646  762 
   54912.375400  -64659.7825     347.3726  -66106.2517     348.6926    0.9295     157.3542     149.8023  0.903  1.324  762 
   55536.496700  -30954.5291     662.1350  -31077.5276     662.1605    0.5473   12045.9521   12000.9996 70.937 69.073  762 
   55927.517400  -12688.4857     294.7879  -13311.4159     295.6258    0.7436    1037.3715    1000.7215 17.456 15.806  762 
   56008.332400    -999.5665     315.8710   -1003.1836     316.1681    0.0798     559.1489     546.5609  7.666  6.857  762 
   56009.322600   -1137.2152     297.7903   -1251.1477     298.2711    0.1795     383.9424     372.6163  6.371  4.706  762 
   56090.363100    3538.6653     318.5451    3449.4456     318.8331    0.2920   -1502.3216   -1474.5078 -23.613 -22.588  762 
   56302.492900    2436.6496     356.9388    2417.1155     357.1707    0.3769    -488.3315    -479.5141 -7.109 -5.849  762 
