   54534.502200    1755.0994     157.5427    1642.8199     158.4191    0.0536   -2381.1799   -2333.1525 -21.038 -13.779  762 
   54535.493400     789.7725     175.9234     362.2837     179.5154    0.1021     142.5297     128.2034 -20.492  1.352  762 
   54536.510300    -552.4109     261.1807    -762.4699     263.1798    0.0413     565.3715     547.3282 -4.370  3.669  762 
   54538.451500   -1420.2821     286.9252   -1398.7299     292.1764    0.3231   -1001.8353    -989.2372 -9.658 -4.223  762 
   54590.276400   -1273.6110     146.4295   -1412.2124     149.7020    0.2431     178.7335     156.0076 -5.765  2.251  762 
   54591.400200    -718.2782     190.4308    -808.2973     193.0062    0.0676     485.6269     449.1586 -1.950  4.081  762 
   54912.385500   -3168.2701     212.8668   -3184.8926     215.6891    0.7395    -214.5151    -201.5014 -3.274 -1.505  762 
   55536.498700   -3717.2324     183.2738   -3525.4596     184.4069    0.3782    -658.6837    -636.9957  2.043 -4.148  762 
   55927.519800    -290.3842     157.4027    -300.8096     162.4421    0.1344    -138.7557    -117.1376  1.199 -1.774  762 
   56008.335800   -2458.4840     191.0081   -2674.2037     194.7968    0.6953    -807.1757    -721.8954 -8.817 -8.015  762 
   56009.325100   -2178.1418     182.7963   -2371.4214     187.3430    0.5951    -208.4243    -181.2382 -2.324 -2.196  762 
   56090.365900     482.2899     166.7465     465.4645     168.4885    0.1693     669.7207     616.0582 15.309  9.216  762 
   56302.495200    1457.9097     170.7051    1503.1513     174.8281    0.3724    -162.5275    -141.3456 -3.253 -1.846  762 
