   54534.502200    6821.3099     148.1615    6565.5701     148.5302    0.5767     761.7082     742.5497  4.471  4.276  762 
   54535.493400    5165.0933     151.9232    5020.6573     152.7367    0.6562     146.2754     136.3662  1.791  1.430  762 
   54536.510300    4155.3387     246.2918    3889.0112     247.1385    0.4980    -322.6644    -310.3126 -1.577 -2.009  762 
   54538.451500    4327.6483     253.2803    3921.1071     255.5742    0.5247    -384.9648    -367.2646 -1.385 -1.544  762 
   54590.276400    8381.1505     122.9669    8524.4315     123.6368    0.7167     -38.9269     -36.8306 -1.111 -0.530  762 
   54591.400200    8680.5277     166.3430    8445.0861     166.9028    0.7528      57.4935      54.9845 -0.721  0.498  762 
   54912.385500    6761.2338     177.0404    6592.0047     177.7054    0.7425      -8.4815      -8.0633  0.146 -0.067  762 
   55536.498700    5883.4943     165.4073    5787.0549     165.7592    0.5289    -456.1897    -443.3882 -3.680 -2.953  762 
   55927.519800    1406.2112     129.5643    1431.1869     131.5035    0.5605      40.1961      36.2995  0.505  0.561  762 
   56008.335800      89.5551     171.1348     -65.1119     172.3584    0.0057      48.0689      44.0755  0.147  0.457  762 
   56009.325100    1364.3489     156.0396    1288.9569     157.3314    0.3980      29.9675      27.4523  0.660  0.330  762 
   56090.365900   -1995.5255     151.1813   -2012.7113     151.7483    0.3976    -167.4499    -159.8109 -1.719 -2.413  762 
   56302.495200    -366.6848     141.1560    -427.4855     143.0154    0.1542      18.9502      17.1829  0.817  0.245  762 
