   54534.502200    1217.7389     118.1932    1041.8819     118.2351    0.3169    2355.8214    2338.8243 14.058 14.545  762 
   54535.493400     512.0943      98.8152     503.4889      99.0071    0.0653    -379.9805    -365.8861 -4.490 -4.051  762 
   54536.510300     694.2110     192.2744     671.9636     192.3062    0.1930     -54.3543     -53.9068 -1.066 -0.366  762 
   54538.451500     674.3598     173.7097     625.5828     173.7728    0.1142   -1071.0122   -1062.5524 -4.446 -4.592  762 
   54590.276400    -387.9997      88.5634    -436.8876      88.7935    0.2300    -296.5334    -284.6979 -4.189 -4.379  762 
   54591.400200    -998.2015     123.4299   -1055.5993     123.5829    0.4079    -333.4109    -324.1560 -2.944 -2.960  762 
   54912.385500    1311.9464     126.7198    1299.0769     126.8111    0.4516    -279.1596    -273.1886 -2.110 -2.216  762 
   55536.498700     736.6854     137.2007     651.9264     137.2359    0.1756     555.1411     550.5757  3.045  3.632  762 
   55927.519800    -208.7785      81.1444    -211.9425      81.6207    0.0652     128.3471     119.6374  1.215  1.816  762 
   56008.335800     775.0679     114.9513     750.3150     115.1217    0.2784     -68.8510     -66.7800 -0.250 -0.685  762 
   56009.325100     275.5900     104.3156     253.1416     104.5972    0.0847     -89.6730     -85.4265 -0.665 -1.010  762 
   56090.365900     601.9116     125.0778     584.4828     125.1282    0.1915     154.6603     152.1632  3.263  2.240  762 
   56302.495200    -409.1669      94.5417    -455.1592      94.9444    0.3205    -153.9330    -145.5746 -2.815 -2.019  762 
