   54534.502200     745.9740     116.4007     648.8378     116.4197    0.3701   -4579.3516   -4559.6468 -28.190 -29.393  762 
   54535.493400     418.6411      96.0641     393.6956      96.1816    0.0997    -174.5879    -169.3569 -1.549 -1.916  762 
   54536.510300     -95.7468     185.1108    -107.4856     185.1278    0.1179    -266.7813    -264.7370 -2.288 -1.890  762 
   54538.451500     -54.0063     169.5264    -113.1932     169.5747    0.0154      55.3751      54.8905  0.294  0.244  762 
   54590.276400     -57.9255      85.5187    -110.1558      85.6504    0.1944    -498.8104    -484.0142 -7.621 -7.666  762 
   54591.400200    -151.2913     119.6909    -175.9425     119.7516    0.0236     254.9138     250.1915  2.395  2.348  762 
   54912.385500     215.5030     135.1178     200.4448     135.1596    0.1089      44.4608      43.8231  0.332  0.310  762 
   55536.498700    1237.3269     138.7764    1133.8027     138.8025    0.1463   -2332.3998   -2317.9468 -15.763 -15.074  762 
   55927.519800     -73.7909      79.2905     -95.3417      79.6450    0.1564    -115.8314    -109.8341 -1.915 -1.692  762 
   56008.335800      70.1925     106.8432      66.7356     106.9729    0.0572      46.3375      44.9703  0.326  0.535  762 
   56009.325100     226.2669     100.1728     222.0318     100.3472    0.0911     -48.5241     -46.7950 -1.012 -0.586  762 
   56090.365900    -110.1011     122.9924    -125.4440     123.0302    0.0110      87.5301      86.3540  1.175  1.310  762 
   56302.495200    -142.7930      97.2059    -170.6964      97.4030    0.0013     180.1721     173.3204  1.921  2.175  762 
