   54533.494200  103292.7597     394.6340   98683.1527     395.0613    0.2855  -23008.5664  -22667.7455 -239.368 -234.801  762 
   54534.508600   92994.0136     429.8177   79258.8605     438.6039    0.4001   -2428.9157   -2228.9850 -19.193 -17.010  762 
   54535.499500  160711.5067     343.3868  141417.1732     366.6482    0.4726     165.8715     147.9258  4.908  1.862  762 
   54536.510100  110411.6885     433.7411   88353.7641     448.5371    0.3839    -160.2191    -145.7859  1.543 -1.116  762 
   54590.282500  183450.6132     309.9803  163961.7768     322.3992    0.4580   -1570.5283   -1485.5148 -17.198 -22.821  762 
   54591.406300  133516.6956     386.6783  119962.8603     400.0359    0.4482     -63.6879     -57.1206 -3.175 -0.608  762 
   54912.391600   56716.9724     525.2603   53614.8807     529.8646    0.4298   -1630.3372   -1540.5127 -7.375 -7.734  762 
   55536.504600   48717.9814     557.0179   47220.9486     558.0277    0.3969   -5245.0458   -5096.5763 -37.528 -35.649  762 
   55927.525800   24054.8069     363.8577   27462.5206     394.8565    0.6118    -104.8632     -83.2390 -3.092 -1.291  762 
   56008.341900    8580.7556     431.2879    3144.7156     454.2957    0.0891     138.5316     114.9512  0.991  1.328  762 
   56009.331100    2715.3379     400.2886    2294.7666     429.5381    0.0587    -490.5355    -388.4167 -6.933 -5.234  762 
   56090.371800  -26684.5906     460.1321  -27874.0519     471.8011    0.3294    1122.7422     977.9040 16.876 13.265  762 
   56302.501200    8748.4805     474.9306   11844.8558     486.4632    0.2573     857.2163     738.2673  4.320  6.976  762 
