   54533.494200    4250.1472     391.8430    4026.0148     391.8856    0.3820  -51032.3098  -50645.1191 -500.546 -520.262  762 
   54534.508600   -5722.5758     418.1916   -5622.0177     419.2322    0.4011   -3975.8773   -3815.1165 -25.203 -28.451  762 
   54535.499500   -2211.3856     334.3488   -1942.6199     338.4534    0.1094    -182.6177    -169.0239 -6.793 -2.140  762 
   54536.510100   -7093.6955     428.6225   -6888.7485     430.5976    0.3857    -193.9736    -183.7601 -3.911 -1.370  762 
   54590.282500    1456.9301     303.2200     943.9351     305.4897    0.0184   -1393.6036   -1322.2008 -21.934 -20.592  762 
   54591.406300     780.9045     362.8741     650.8341     365.2188    0.0401      -0.9180      -0.8605  2.121 -0.010  762 
   54912.391600   -7483.8284     521.6028   -7346.9619     522.4457    0.3584     -52.0255     -50.6148  0.105 -0.245  762 
   55536.504600   -5935.2567     543.1447   -6250.4868     543.2985    0.2178   -5959.4192   -5882.0966 -27.690 -41.643  762 
   55927.525800    3423.9619     311.2945    3742.2689     316.8785    0.2669    -166.1592    -151.9520 -2.729 -2.422  762 
   56008.341900     -10.3696     377.7033    -623.1078     381.3416    0.0198     262.3272     244.9366  1.841  2.894  762 
   56009.331100   -3958.1803     341.4426   -3633.6186     346.4143    0.3029    -505.9151    -463.4213 -8.076 -6.493  762 
   56090.371800    1394.8784     404.8894    1281.7585     406.5634    0.0775     151.8008     145.0885  2.492  2.035  762 
   56302.501200    3364.0306     437.7935    3564.9675     439.3893    0.4687    3664.9704    3493.8398 29.646 31.360  762 
