   54533.494200  -33791.6890     404.2375  -33916.7783     404.6377    0.4060  -16485.5755  -16072.0324 -251.564 -165.894  762 
   54534.508600  -27728.8598     482.0133  -28105.6416     488.7663    0.6711    -722.3025    -649.6033 -41.396 -4.874  762 
   54535.499500  -19196.0125     417.4317  -20151.4124     437.9133    0.5571       0.0000       0.0000  2.314  0.000  762 
   54536.510100  -31369.6348     508.2699  -31967.4252     518.3717    0.6284       0.0000       0.0000 -26.387  0.000  762 
   54590.282500   -6086.8948     359.8951   -8128.3416     372.2819    0.2452       0.0000       0.0000 -6.131  0.000  762 
   54591.406300    2370.5087     438.2076    -428.7790     451.6478    0.0114       0.0000       0.0000 -8.987  0.000  762 
   54912.391600     298.0488     591.4476    -698.9240     594.7326    0.0138       0.0000       0.0000 -84.145  0.000  762 
   55536.504600  -40226.0545     572.2412  -40927.9688     573.3340    0.5610       0.0000       0.0000 -79.777  0.000  762 
   55927.525800   10825.4836     391.8536   11776.6711     417.8442    0.4320       0.0000       0.0000  6.173  0.000  762 
   56008.341900     184.1074     458.9571   -2140.8201     477.8610    0.0476       0.0000       0.0000 -10.081  0.000  762 
   56009.331100    3674.4047     422.5279    5367.2898     446.3129    0.2271       0.0000       0.0000 -15.058  0.000  762 
   56090.371800   -9251.0285     469.4437   -9390.7733     479.7954    0.3413       0.0000       0.0000 -6.590  0.000  762 
   56302.501200   15103.7497     509.1740   16291.5480     518.3289    0.5369       0.0000       0.0000 -4.474  0.000  762 
