   54533.494200 -126466.4799     395.4909 -127211.9963     395.5386    0.6624   24507.3994   24313.3950 233.302 238.155  762 
   54534.508600 -125478.4779     383.1135 -127677.5233     384.6481    0.9499    2046.3334    1938.8435 18.032 14.636  762 
   54535.499500 -119876.6983     312.4998 -128492.8177     318.6679    0.9076    -703.8202    -626.5118 -7.826 -7.538  762 
   54536.510100 -120707.1619     380.9208 -124387.3010     383.8538    0.9362    -640.6689    -595.7488 -5.447 -4.518  762 
   54590.282500 -102692.1547     294.9203 -108448.3658     297.3155    0.8600     114.2968     107.2973  3.400  1.558  762 
   54591.406300 -108570.9180     343.9386 -111570.9860     346.5404    0.9433   -1990.8679   -1847.8276 -18.980 -18.453  762 
   54912.391600  -66974.6238     434.0148  -67394.4659     434.6535    0.9582    1444.2246    1407.2287  5.595  7.396  762 
   55536.504600  -17556.2618     527.7332  -17903.3093     527.7828    0.2517    4599.5062    4572.8721 35.972 31.851  762 
   55927.525800  -12140.5983     257.9788  -13181.3087     260.4905    0.7561     225.8990     211.3940  2.344  3.261  762 
   56008.341900    1310.2051     323.6287    1239.5043     324.3663    0.1761     587.3529     568.3094  5.924  6.224  762 
   56009.331100    1553.7365     283.6168    1601.1510     284.8858    0.2154     484.2963     462.6294  6.288  6.133  762 
   56090.371800    8888.2700     370.6325    8938.0386     370.8955    0.4812   -1231.9849   -1210.6209 -18.998 -16.031  762 
   56302.501200    5973.0143     351.3194    6028.3135     351.7828    0.2732   -2744.8669   -2668.0860 -28.189 -27.305  762 
