   54533.494200   -4277.3048     405.9606   -4994.2449     406.1588    0.2417  -22155.6146  -21820.9474 -217.009 -210.102  762 
   54534.508600   -9673.4410     427.1161  -10428.4053     431.7123    0.3079   -4583.2272   -4234.1159 -39.798 -31.077  762 
   54535.499500   -3290.4560     358.1375   -2279.3234     371.9360    0.1017   -2764.4372   -2338.0126 -38.168 -27.951  762 
   54536.510100   -5235.5200     434.9570   -6185.9861     442.4735    0.2672   -5867.3800   -5291.7401 -50.706 -38.865  762 
   54590.282500   -4630.3801     328.5464   -4642.7259     335.8848    0.1783   -3330.5669   -2964.1186 -50.046 -42.869  762 
   54591.406300   -1910.6931     386.6840   -1827.3803     395.2379    0.1644   -4381.6773   -3863.3680 -51.844 -39.728  762 
   54912.391600   15423.4703     501.2312   16092.2130     505.0234    0.2804   -5617.1015   -5350.0208 -33.911 -26.957  762 
   55536.504600   20593.0970     546.5227   20353.7708     547.0073    0.3888    6374.8411    6245.6878 44.345 43.653  762 
   55927.525800    3765.8189     332.2344    4594.3870     352.3432    0.1933    -192.1719    -157.6523 -2.666 -2.446  762 
   56008.341900   -2896.4238     402.5521   -4559.7739     415.1206    0.2373     290.3970     253.0922  2.646  2.792  762 
   56009.331100   -1180.3555     361.7903    -439.3518     379.5775    0.0201     136.2739     113.9456  1.320  1.544  762 
   56090.371800   -2776.6280     425.8871   -2777.2478     432.2069    0.1140      44.5650      40.6472 -4.655  0.545  762 
   56302.501200    1944.9635     434.7696    2320.5687     442.4444    0.0697   -1088.9120    -974.6668 -12.800 -9.418  762 
