   54533.494200   28260.4903     424.7066   27788.5626     426.1188      -nan  -28260.4903  -27788.5626 -282.427 -291.887  762 
   54534.508600    4780.8795     634.1151    4436.6056     652.8233      -nan   -4780.8795   -4436.6056 -51.044 -33.634  762 
   54535.499500    -264.8911     520.7693    -251.1969     548.7297      -nan     264.8911     251.1969 -13.574  3.259  762 
   54536.510100    4442.5277     684.8729    4126.8022     707.4611      -nan   -4442.5277   -4126.8022 -34.789 -31.322  762 
   54590.282500   -2150.4510     413.6030   -2083.7002     431.4111      -nan    2150.4510    2083.7002 46.703 33.399  762 
   54591.406300   -2358.9128     566.4384   -2182.1327     591.2025      -nan    2358.9128    2182.1327 17.448 24.605  762 
   54912.391600   13935.9483     843.2408   13064.1846     863.7229      -nan  -13935.9483  -13064.1846 -76.245 -63.939  762 
   55536.504600   14339.6632     640.1576   13957.6392     644.8804      -nan  -14339.6632  -13957.6392 -100.042 -99.889  762 
   55927.525800    -341.0296       2.9125    -341.0296       2.9125      -nan     341.0296     341.0296  0.061  5.607  762 
   56008.341900    -495.2335     572.1658    -475.1676     605.0647      -nan     495.2335     475.1676 11.682  5.728  762 
   56009.331100     805.0740       3.1355     805.0740       3.1355      -nan    -805.0740    -805.0740 -9.883 -11.554  762 
   56090.371800     -48.5158     535.4375     -47.2524     551.7597      -nan      48.5158      47.2524 -13.461  0.679  762 
   56302.501200   -1713.1670     666.4210   -1596.4820     686.9666      -nan    1713.1670    1596.4820 19.312 14.687  762 
