   54533.494200  -33573.8219     408.5409  -34125.5982     408.6403    0.4935  -23264.7676  -22974.1363 -261.238 -218.404  762 
   54534.508600  -42752.2584     437.3255  -43707.5130     440.5025    0.8670   -4102.1863   -3790.6140 -72.352 -27.575  762 
   54535.499500  -36939.6700     362.7804  -39863.8219     372.4011    0.8214   -2361.6056   -2038.7995 -75.855 -24.035  762 
   54536.510100  -38820.4791     445.6790  -40161.8475     450.4277    0.9088   -5176.7059   -4708.8144 -80.628 -34.225  762 
   54590.282500  -31515.8954     327.3514  -34308.1094     332.6745    0.8128   -2269.0169   -2062.6688 -67.345 -29.385  762 
   54591.406300  -23470.0315     386.7777  -23638.7374     391.4350    0.7151   -3624.6240   -3285.9982 -76.898 -33.507  762 
   54912.391600   47786.9341     500.2809   47872.9677     502.4062    0.9277   -5749.4805   -5571.8295 -56.320 -27.891  762 
   55536.504600   23297.1147     547.6891   23262.5729     547.9056    0.4287    6332.2991    6234.9125 34.811 43.297  762 
   55927.525800   15332.7226     319.6314   17605.9407     331.5733    0.7284     -99.3821     -86.3765 -0.090 -1.319  762 
   56008.341900   -4892.9583     402.1142   -6318.8191     409.3489    0.3194     566.4099     503.4026  5.017  5.492  762 
   56009.331100    -115.9729     355.2814    -237.4731     366.3836    0.0113      54.4812      47.4883  1.860  0.634  762 
   56090.371800  -13104.5365     421.3091  -13795.3159     425.3044    0.5909    -687.9500    -641.4105 -6.906 -8.501  762 
   56302.501200    1846.2636     430.3148    2829.4763     433.8104    0.0613   -1720.2245   -1596.9314 -13.520 -15.272  762 
