   54533.494200   -6096.6919     394.5725   -6413.0483     394.6341    0.3527  -35904.8062  -35555.9008 -372.364 -360.777  762 
   54534.508600     569.6245     416.2989     652.4741     417.5609    0.2370   -5328.3462   -5077.3263 -49.929 -37.706  762 
   54535.499500    2374.2668     336.2859    2929.1439     341.2767    0.1871    -252.3716    -228.9947 -10.007 -2.855  762 
   54536.510100    8284.6571     424.6112    7904.3389     426.9241    0.4142   -1138.5174   -1070.3522 -22.611 -7.946  762 
   54590.282500   -5630.1038     308.3747   -6280.3334     311.2446    0.3986    -872.4466    -814.6400 12.443 -12.455  762 
   54591.406300   -1183.9005     364.6415   -1507.3144     367.6956    0.0768     256.4466     237.4677 16.192  2.599  762 
   54912.391600   -9436.6617     517.9705   -9819.6816     518.7431    0.6117   -3840.9888   -3740.7733 -62.583 -18.195  762 
   55536.504600  -13971.2697     545.0043  -14267.3543     545.1814    0.3460   -3517.5103   -3468.2596 -13.050 -24.383  762 
   55927.525800    5631.8742     314.1340    6509.5480     320.8915    0.5208     273.4172     245.8979  6.837  3.842  762 
   56008.341900   -2415.8984     380.9367   -3099.8979     385.6807    0.2060    -331.0321    -304.1510 -10.794 -3.535  762 
   56009.331100     622.4851     344.3485     767.2503     350.6531    0.0451    -376.6767    -339.0983 -10.371 -4.658  762 
   56090.371800   -3382.2176     409.4142   -3460.0039     411.5902    0.2476     -12.7122     -12.0507 -3.163 -0.166  762 
   56302.501200   -3989.0104     437.6357   -4253.4789     439.9087    0.1335    2479.2098    2334.9924 21.113 20.977  762 
