   54533.494200   -4847.1541     407.7518   -5083.2651     408.0999    0.3456  -38566.1011  -37874.9408 -413.140 -384.274  762 
   54534.508600   -2320.9976     493.3635   -3256.3775     501.7097    0.1141   -2010.8269   -1848.7368 -14.768 -13.684  762 
   54535.499500    6527.3505     417.2643    6685.8364     434.0471    0.1362     203.1685     175.2762  2.347  2.178  762 
   54536.510100   -4714.4188     517.9540   -5064.7633     529.6732    0.1330     907.0419     818.3664  2.929  6.049  762 
   54590.282500  -15545.7443     362.2223  -17438.7239     371.9380    0.3600   -2017.4210   -1800.6614 -34.603 -27.446  762 
   54591.406300   -9403.5274     444.5636  -11021.4552     457.2518    0.2014     314.3172     275.4051  1.785  3.008  762 
   54912.391600  -30411.5556     616.9887  -32640.1864     625.9592    0.6358   -4056.2019   -3844.6757 -22.671 -18.512  762 
   55536.504600  -10814.2012     576.9622  -11369.8965     578.1532    0.2381   -5021.1329   -4885.5791 -37.315 -34.200  762 
   55927.525800  -15441.7468     398.0596  -18225.4623     418.8007    0.5827    -124.1080    -104.0347 -5.407 -1.613  762 
   56008.341900    -665.2276     464.1531   -1962.3682     479.3310    0.0645      11.0903       9.7889 -5.932  0.114  762 
   56009.331100    9420.8186     423.9577   10774.3205     442.4129    0.4316    -600.4268    -513.2922 -5.747 -7.005  762 
   56090.371800    5005.3294     466.7964    6312.5632     474.2668    0.2628    1405.6521    1285.7936 17.796 17.631  762 
   56302.501200  -10465.4887     522.2840  -10726.4635     532.7053    0.1375    2972.2798    2695.9077 22.698 23.980  762 
