   54533.479900   -5749.8215     149.1151   -5796.4904     149.4236    0.4015    2282.0727    2202.7440 33.859 25.571  762 
   54534.493900   -6604.9957     180.5043   -6648.1164     181.0940    0.4236    4052.6194    3855.8541 32.673 28.376  762 
   54535.485300   -6073.4292     159.7427   -6168.9939     161.4516    0.5760    2929.5397    2679.2336 35.030 28.179  762 
   54536.509200   -6799.3208     228.6211   -6847.6742     229.1584    0.4948    3593.1077    3453.0831 36.327 30.182  762 
   54538.445200   -4745.9936     205.5772   -4865.1921     206.1637    0.3974    2133.1091    2039.7940  1.401 12.340  762 
   54590.268200   -6470.3554     138.7366   -6644.3653     140.3901    0.6490    2532.6098    2331.1469 50.280 34.453  762 
   54591.392100   -4772.8137     206.2909   -4866.3207     206.8194    0.3869    2513.2259    2404.4600  0.446 16.211  762 
   54912.379600     666.4939     217.5097     637.6203     217.8089    0.0406    -874.0079    -849.1283 -54.841 -4.800  762 
   55536.490900   -2740.1186     262.5407   -2859.3753     262.6158    0.6197   -7434.2880   -7339.1161 -118.031 -37.215  762 
   55927.511900    -478.8846     137.1642    -747.1512     140.6130    0.0097     874.6074     782.8973 18.495 12.137  762 
   56008.327800     827.1022     171.4410     775.4038     172.9949    0.0710   -1093.3733   -1010.4212 -16.063 -11.539  762 
   56009.317200    1139.9692     175.7739    1082.1019     177.1129    0.0320   -1044.7970    -970.1348 -27.791 -9.515  762 
   56090.357800   -1251.5610     215.8388   -1198.0314     216.2597    0.0397     968.2429     935.7291 21.318 12.913  762 
   56302.487100    1794.3806     194.4788    1730.9272     195.2382    0.6387    3343.9264    3169.1415 16.220 25.939  762 
