   54533.479900   -3427.3660     186.0113   -3399.8563     188.1993    0.3774   -2548.5568   -2308.6799 -24.267 -25.560  762 
   54534.493900   -3288.3116     244.4755   -3350.0340     248.2434    0.5136   -1417.0107   -1254.3819 -8.318 -8.998  762 
   54535.485300   -1941.7715     234.0116   -2533.4263     241.9273    0.1431    1048.6113     870.4201  7.915  8.797  762 
   54536.509200   -2071.6774     291.2232   -2310.5485     295.2095    0.1010    1110.8200     999.3048  9.164  8.474  762 
   54538.445200   -2313.6792     284.2263   -2278.2796     287.9333    0.1319    1271.3979    1144.3628  5.529  6.711  762 
   54590.268200    -935.7940     196.1580   -1116.9747     203.2939    0.1260    -344.3246    -290.6574 -3.512 -4.022  762 
   54591.392100    -881.4895     276.8633   -1118.7854     280.4076    0.0388    1546.3725    1386.2232  7.405  9.074  762 
   54912.379600   -2696.1114     293.3577   -3152.6811     296.5409    0.3446     572.5108     522.8633  2.568  2.929  762 
   55536.490900   -4419.6802     303.7118   -4524.7971     304.5140    0.5717   -7033.8734   -6733.1734 -33.922 -33.699  762 
   55927.511900   -1508.8850     209.8501   -2341.8122     223.4401    0.2705     193.5562     154.1097  2.256  2.303  762 
   56008.327800   -2557.5435     247.6451   -2512.0612     256.5214    0.3995     224.6942     185.4388  2.562  2.054  762 
   56009.317200   -1593.2580     254.5350   -1693.5843     261.9676    0.3072     133.9459     111.4584  0.351  1.060  762 
   56090.357800    6279.2776     264.7113    6122.0570     267.9834    0.3320    -641.6009    -586.6141 -8.434 -7.620  762 
   56302.487100   -3738.3973     271.7411   -4173.7250     277.1379    0.2955    2215.6550    1911.7365 13.437 15.379  762 
