   54533.479900   12316.7062     288.8198   12418.9592     298.0185    0.3714   -2034.2610   -1735.7888 -19.901 -19.117  762 
   54534.493900    4347.7280     431.2548    3844.4732     445.1350    0.1285   -2337.4726   -2008.8739 -15.556 -14.320  762 
   54535.485300   11405.6182     434.8935   10001.3146     454.9129    0.3374   -1173.5651    -952.1520 -8.666 -9.471  762 
   54536.509200   14175.1838     476.1112   14796.4723     490.7938    0.4289    1442.5339    1243.2483 12.339 10.664  762 
   54538.445200   13076.8855     520.6646   12826.9364     535.2350    0.5448    -920.7761    -816.2974 -5.509 -4.713  762 
   54590.268200   15390.5247     350.0896   15894.0861     367.9447    0.6591     145.4048     117.9148  5.541  1.588  762 
   54591.392100    5450.3410     495.1683    7106.1791     509.0758    0.1963   -3225.8658   -2811.1199 -21.439 -18.046  762 
   54912.379600   24060.0981     523.9823   21933.6594     537.7511    0.8204       1.5381       1.3809  0.081  0.008  762 
   55536.490900   13217.7573     451.2672   14007.5835     457.3203    0.1752   -8712.6134   -8063.7345 -34.607 -40.087  762 
   55927.511900   -6468.9908     398.5936   -6471.9240     424.7541    0.2845     201.5030     156.0971  7.668  2.331  762 
   56008.327800     886.9100     448.3385     890.5322     470.2557    0.0412   -1720.9447   -1372.5573 -16.451 -15.363  762 
   56009.317200   -2317.5437     468.3977   -3415.9423     489.0576    0.4449   -2540.0168   -2046.6814 -19.382 -19.313  762 
   56090.357800   20476.7041     407.4039   20337.7589     420.9219    0.2679    1980.3893    1682.8533 22.614 21.712  762 
   56302.487100  -15047.6874     490.2313  -14978.7775     507.9624    0.7161    -266.9002    -222.2920 -5.958 -1.782  762 
