   54533.479900       0.0000       3.4437       0.0000       3.4437      -nan       0.0000       0.0000  0.000  0.000  762 
   54534.493900     938.2200      52.4260   47833.5133     367.0709    0.6288       0.0000       0.0000 -36.601  0.000  762 
   54535.485300     149.8098      32.2555   19321.0214     360.4907    0.4662       0.0000       0.0000 -13.085  0.000  762 
   54536.509200      96.0529      25.8398   25221.6726     410.5845    0.4180       0.0000       0.0000 -7.109  0.000  762 
   54538.445200     172.7646      28.1939   46095.0215     440.9743    0.5842       0.0000       0.0000 -51.410  0.000  762 
   54590.268200     439.0318      77.5439    5831.9669     287.1307    0.3006       0.0000       0.0000 18.369  0.000  762 
   54591.392100       0.0000       4.6093       0.0000       4.6093      -nan       0.0000       0.0000 -4.145  0.000  762 
   54912.379600       0.0000       5.0530       0.0000       5.0530      -nan       0.0000       0.0000  0.000  0.000  762 
   55536.490900   23992.9550     405.3346   26388.0597     406.4671    0.3612       0.0000       0.0000 -99.786  0.000  762 
   55927.511900    -103.7157      70.9711   -1612.0688     326.8606    0.0670       0.0000       0.0000 16.815  0.000  762 
   56008.327800      43.7965      24.3161   10778.2509     374.9150    0.4352       0.0000       0.0000 -4.330  0.000  762 
   56009.317200     120.1252      29.0112   23102.7362     389.1906    0.6860       0.0000       0.0000 -28.152  0.000  762 
   56090.357800    2607.2208     134.6461   17947.8567     350.1339    0.3899       0.0000       0.0000 -4.551  0.000  762 
   56302.487100     393.8684      46.7124   32037.2851     410.6142    0.6312       0.0000       0.0000 -25.213  0.000  762 
