   54533.479900   -4006.9887     161.2240   -4246.5311     161.8810    0.4486   -1292.1733   -1228.6365 -13.582 -13.566  762 
   54534.493900   -2267.0014     197.8967   -2473.1449     198.9925    0.3303     100.8156      95.0829 -0.401  0.679  762 
   54535.485300   -1287.5583     179.0516   -1502.8443     181.9633    0.0727     970.5867     873.0525  8.643  8.749  762 
   54536.509200   -2783.3533     243.5858   -2906.6316     244.6214    0.2206    1305.0342    1241.1441  9.959 10.618  762 
   54538.445200   -1314.7014     228.5673   -1373.8614     229.4903    0.0867    2289.7913    2178.6245 11.981 12.601  762 
   54590.268200   -2964.3939     156.5086   -3168.3484     159.2736    0.2452       0.3427       0.3079  0.358  0.004  762 
   54591.392100     779.6367     226.0439     655.0388     226.9890    0.2948    1137.4193    1083.5679  7.369  6.984  762 
   54912.379600     145.6336     238.1903     242.1554     238.7962    0.1033     433.7429     417.4598  3.141  2.326  762 
   55536.490900   -1920.6892     275.9937   -2098.6087     276.1643    0.4265   -4932.8812   -4846.2658 -24.753 -24.090  762 
   55927.511900   -1526.6389     157.5096   -1187.7664     163.5652    0.1650     148.1797     126.7150  2.732  1.900  762 
   56008.327800    -231.3583     189.3945    -289.2084     192.7883    0.0685      18.2898      16.5356  0.334  0.185  762 
   56009.317200     -66.2720     196.4186     -37.2993     199.1543    0.0122     -16.1281     -14.6639 -0.450 -0.139  762 
   56090.357800    5104.2897     231.1094    4807.1731     232.1612    0.2762    -398.2351    -382.9491 -4.554 -4.925  762 
   56302.487100    -856.1653     215.2929    -828.3491     217.0034    0.2842    2335.5539    2171.6338 17.320 17.434  762 
