   54533.479900   -1119.7719     163.3037   -1293.9223     164.3182    0.3222   -1776.9392   -1715.4673 -16.807 -18.660  762 
   54534.493900     -88.5907     203.9182     -37.7300     205.4449    0.0427    -280.6153    -266.8794 -2.196 -1.892  762 
   54535.485300     598.2348     182.7764     798.5460     186.8404    0.3366     916.0162     847.4258  8.518  8.416  762 
   54536.509200   -1932.5399     249.4197   -2240.9283     251.0900    0.2648     406.3930     390.5575  2.962  3.293  762 
   54538.445200  -30491.1394     247.3558  -32464.6901     250.2118    0.8169    1014.0758     957.9267  5.634  5.518  762 
   54590.268200    4234.7365     155.0346    4613.9619     158.8324    0.5175    -170.2674    -160.2903 -1.408 -2.155  762 
   54591.392100   -8982.9935     237.5349   -9182.0766     239.1711    0.8018    1083.3478    1027.0145  6.756  6.606  762 
   54912.379600   -1418.1904     247.5426   -1356.0364     248.7075    0.0923     859.4300     829.3154  4.742  4.622  762 
   55536.490900    3122.5591     280.1625    2882.3623     280.4303    0.0540   -3817.2043   -3766.4961 -17.958 -18.732  762 
   55927.511900    4382.1789     152.6942    5228.3620     160.3730    0.6071     118.4219     109.9373  1.363  1.635  762 
   56008.327800     690.2117     192.7323     511.7679     197.7068    0.1401      77.7789      72.4298  0.819  0.799  762 
   56009.317200     643.5848     201.6743     624.3845     205.7221    0.1492      23.6224      21.8724  0.169  0.206  762 
   56090.357800   -5689.3422     238.6495   -5821.9363     240.3371    0.3770    -451.0363    -430.5195 -4.484 -5.472  762 
   56302.487100    2596.8487     220.5073    2734.6444     222.9300    0.6192    1286.6402    1215.0202 10.483  9.734  762 
