   54533.479900   -1135.6098     208.1576   -1769.9145     214.0697    0.1193    -747.5302    -643.0779 -9.214 -7.036  762 
   54534.493900   -5965.0222     280.3541   -6562.9073     289.5916    0.5270     381.1656     321.1688  1.024  2.280  762 
   54535.485300    -246.2327     277.2454   -2210.4415     294.3293    0.1191     359.7943     278.3513  2.316  2.733  762 
   54536.509200      64.9132     324.9940      31.3265     334.2476    0.0664    1110.2752     949.5380  7.227  8.189  762 
   54538.445200   -1122.7889     328.4206   -1181.0359     337.3109    0.0888     122.7632     106.7833  2.405  0.611  762 
   54590.268200    -397.1057     232.8243   -1438.6424     249.1965    0.0587     589.5671     461.5681  7.091  6.074  762 
   54591.392100   -2831.8729     320.1941   -3123.1445     328.8920    0.3112      15.5363      13.3687  0.142  0.085  762 
   54912.379600     835.7938     334.3276    -440.0549     342.4987    0.0063     419.3863     370.2637  2.131  2.047  762 
   55536.490900    3073.6649     328.9942    2947.6394     331.2461    0.0741   -4695.8627   -4403.0967 -22.883 -21.758  762 
   55927.511900    6274.1671     249.9670    8103.8725     275.7746    0.4352    -103.5738     -75.4723 -3.794 -1.109  762 
   56008.327800   -1279.6120     288.4029    -980.0088     307.7909    0.1386    -406.2638    -310.7045 -3.250 -3.476  762 
   56009.317200   -2800.4664     299.3122   -3641.2025     316.8875    0.4676    -592.2060    -458.0766 -4.559 -4.276  762 
   56090.357800    -293.0844     299.0578    -724.5479     308.8127    0.0051     631.2040     545.1080 11.150  6.934  762 
   56302.487100    -514.9176     314.3240    -941.0599     327.6090    0.0638     476.0440     387.7341  1.575  3.083  762 
