   54533.479900       0.0000       3.4341       0.0000       3.4341      -nan       0.0000       0.0000  0.000  0.000  762 
   54534.493900   -5740.6272     205.0087   -4046.3564     214.4213    0.0498       0.0000       0.0000 -3.103  0.000  762 
   54535.485300   -8777.2026     170.6838  -11706.4907     180.3684    0.1550       0.0000       0.0000  4.000  0.000  762 
   54536.509200   -8682.8054     247.7676  -11463.8860     256.7232    0.1627       0.0000       0.0000  2.947  0.000  762 
   54538.445200    3689.5201     242.1211    9367.6249     253.2435    0.0942       0.0000       0.0000  5.109  0.000  762 
   54590.268200   -8931.3230     137.3256  -13602.8784     140.9298    0.1441       0.0000       0.0000 -2.003  0.000  762 
   54591.392100      -2.7644       5.5323   -5696.6618     133.6184    0.2769       0.0000       0.0000  3.834  0.000  762 
   54912.379600       0.0000       5.0242       0.0000       5.0242      -nan       0.0000       0.0000  0.000  0.000  762 
   55536.490900   18765.9525     281.6961   22597.4675     283.6620    0.2225       0.0000       0.0000 -9.795  0.000  762 
   55927.511900    -209.8469     126.8761     -66.6389     129.1902    0.0020       0.0000       0.0000  1.654  0.000  762 
   56008.327800    1573.6751     172.7349    2671.1929     178.6321    0.0927       0.0000       0.0000  0.229  0.000  762 
   56009.317200    3050.2819     182.9276    5735.4342     188.8713    0.1320       0.0000       0.0000  0.690  0.000  762 
   56090.357800    3279.8296     218.1467    4563.0248     218.7029    0.0697       0.0000       0.0000 -2.011  0.000  762 
   56302.487100   10271.1193     205.7179   15506.1418     211.1553    0.2455       0.0000       0.0000  6.385  0.000  762 
