   54534.499900   -6762.0346     452.2172   -6959.2480     454.7176    0.4007     616.0857     579.9936  7.395  5.531  762 
   54535.489300   -5435.4599     426.1518   -5795.7982     433.3465    0.4077    1040.6084     931.2688 15.343 10.152  762 
   54536.510900   -4593.3930     428.8393   -4630.0326     437.6269    0.5076     185.8764     165.7179  7.382  1.940  762 
   54538.449200   -5652.3290     499.1283   -5710.4313     503.5345    0.5996     250.8046     232.1766  7.404  1.602  762 
   54590.274300   -9035.9054     366.3170  -10069.4035     373.2442    0.6215     662.9392     601.6126 11.842  8.487  762 
   54591.398100   -4574.4422     431.0988   -4719.2062     437.6993    0.3863     429.2718     387.4017  7.862  3.772  762 
   54912.375400   -6152.6793     426.9302   -6430.5855     432.6088    0.6964    -410.7759    -372.1812  3.192 -3.102  762 
   55536.496700  -10712.7704     710.2900  -10820.4621     710.5511    0.3882   -1010.0459    -996.8708 -9.733 -5.448  762 
   55927.517400    8218.9753     386.0713    8699.7901     394.8132    0.5279     345.8272     309.7340  4.933  4.300  762 
   56008.332400   -2385.4403     403.3061   -2488.1309     410.2281    0.2248     273.0758     246.9724  4.308  2.907  762 
   56009.322600   -3704.7835     395.6925   -4130.8897     403.2137    0.4556     379.2183     338.6485  3.951  3.823  762 
   56090.363100   -2095.7629     388.7414   -3381.4010     395.9723    0.1685   -1680.0735   -1536.4561 -20.755 -22.511  762 
   56302.492900   -1806.8798     458.0960   -2355.8068     462.9300    0.0518    1946.8173    1790.8883 17.610 18.895  762 
