   54534.499900       0.0000       3.7389       0.0000       3.7389      -nan       0.0000       0.0000  0.000  0.000  762 
   54535.489300       0.0000       3.5511       0.0000       3.5511      -nan       0.0000       0.0000  0.000  0.000  762 
   54536.510900    2795.0199     389.0157    2412.2386     393.5431    0.3650     877.9484     813.4481 10.453  9.201  762 
   54538.449200    6182.5998     449.7259    6099.7279     451.3591    0.6350       0.0000       0.0000  7.395  0.000  762 
   54590.274300       0.0000       3.0073       0.0000       3.0073      -nan       0.0000       0.0000  0.000  0.000  762 
   54591.398100       0.0000       3.6562       0.0000       3.6562      -nan       0.0000       0.0000  0.000  0.000  762 
   54912.375400       0.0000       4.0646       0.0000       4.0646      -nan       0.0000       0.0000  0.000  0.000  762 
   55536.496700       0.0000       5.0225       0.0000       5.0225      -nan       0.0000       0.0000  0.000  0.000  762 
   55927.517400    1698.6053     346.1586    1482.0546     351.8770    0.2337     704.6276     649.5859  8.706  9.167  762 
   56008.332400   -3546.5471     370.6381   -3591.7541     373.6742    0.2965     829.8248     777.6456  9.237  8.758  762 
   56009.322600   -3272.0318     354.7782   -3482.9462     358.8007    0.3879     750.4928     694.6548  7.684  7.809  762 
   56090.363100    5202.7658     358.9615    4254.3155     362.7738    0.1308   -2150.6644   -2024.0516 -30.834 -29.021  762 
   56302.492900    -784.5058     416.7464    -877.6044     419.2401    0.1254    1988.2452    1878.9252 22.078 20.246  762 
