   54534.499900   -5820.5432     431.1395   -5790.8300     431.8753    0.6499   -5524.6162   -5326.3893 -51.407 -51.073  762 
   54535.489300   -3551.1343     393.1682   -3836.6963     395.8044    0.2861     970.9595     906.2490  6.862  9.883  762 
   54536.510900   -2098.1213     394.6249   -2035.9077     397.5337    0.1468     568.8991     530.9215  6.306  6.261  762 
   54538.449200   -3959.5180     465.7405   -4043.3233     467.1268    0.4442     130.1044     123.8980 -0.540  0.864  762 
   54590.274300   -2123.1796     332.9302   -2638.0279     335.5022    0.3221   -1896.0113   -1787.9791 -23.180 -26.498  762 
   54591.398100    -666.2931     397.3473    -909.8314     399.5060    0.0039     926.2936     869.2959 11.782  8.597  762 
   54912.375400   -2292.2034     396.3859   -2395.0887     398.0760    0.5125   -1836.1355   -1729.4200 -14.174 -14.424  762 
   55536.496700    -940.2386     689.3643    -991.1456     689.4305    0.3525   -9346.6303   -9275.2327 -52.715 -51.577  762 
   55927.517400   -1462.8986     357.4868   -1525.4017     360.5350    0.3057    -654.7886    -611.4225 -9.620 -8.565  762 
   56008.332400   -2554.2647     376.6243   -2475.0056     378.8809    0.3429    -364.4002    -342.1967 -6.197 -4.003  762 
   56009.322600     972.3794     361.5442    1165.6246     363.8109    0.0656    -814.9862    -761.2278 -8.777 -8.787  762 
   56090.363100    8734.7060     360.6852    8425.6898     362.8644    0.4938    1168.0326    1111.7577 18.094 16.303  762 
   56302.492900     529.3779     425.9862     507.1832     427.4014    0.1423     735.0645     698.7656  4.662  7.550  762 
