   54534.499900    1624.5254     513.3422    1431.4226     537.9436      -nan   -1624.5254   -1431.4226 -16.833 -13.586  762 
   54535.489300    -815.4958     511.2298    -653.8642     565.4101      -nan     815.4958     653.8642  5.930  7.135  762 
   54536.510900    -126.3754       3.3112    -126.3754       3.3112      -nan     126.3754     126.3754  1.663  1.478  762 
   54538.449200    1695.5112     592.3682    1444.2895     626.9345      -nan   -1695.5112   -1444.2895 -10.798 -9.887  762 
   54590.274300    -456.9976       2.9865    -456.9976       2.9865      -nan     456.9976     456.9976  8.003  6.475  762 
   54591.398100   -1112.6933     507.2212    -923.0657     558.7556      -nan    1112.6933     923.0657 10.520  8.952  762 
   54912.375400    2454.3333     507.6718    2033.2066     550.2285      -nan   -2454.3333   -2033.2066 -15.825 -16.861  762 
   55536.496700    9053.5826     748.3698    8743.5594     751.2302      -nan   -9053.5826   -8743.5594 -42.690 -47.277  762 
   55927.517400    -360.7854       3.0397    -360.7854       3.0397      -nan     360.7854     360.7854  1.416  4.975  762 
   56008.332400    -997.9625     461.3574    -849.4129     519.4642      -nan     997.9625     849.4129  8.097 10.008  762 
   56009.322600    -300.9199     462.6838    -247.4961     517.4056      -nan     300.9199     247.4961  2.300  2.782  762 
   56090.363100    1690.9455     434.2280    1479.1427     487.5184      -nan   -1690.9455   -1479.1427 -19.732 -21.625  762 
   56302.492900   -1901.8115     527.2772   -1628.8840     568.1190      -nan    1901.8115    1628.8840 13.696 17.050  762 
