   54534.499900       0.0000       3.6826       0.0000       3.6826      -nan       0.0000       0.0000  0.000  0.000  762 
   54535.489300       0.0000       3.3908       0.0000       3.3908      -nan       0.0000       0.0000  0.000  0.000  762 
   54536.510900   -1317.9563       3.2733   -1317.9563       3.2733      -nan    1317.9563    1317.9563 15.557 15.804  762 
   54538.449200   -1753.0954     575.2230   -1489.3515     609.5297      -nan    1753.0954    1489.3515  9.414 10.498  762 
   54590.274300       0.0000       2.8601       0.0000       2.8601      -nan       0.0000       0.0000  0.000  0.000  762 
   54591.398100       0.0000       3.5952       0.0000       3.5952      -nan       0.0000       0.0000  0.890  0.000  762 
   54912.375400       0.0000       3.9669       0.0000       3.9669      -nan       0.0000       0.0000  0.000  0.000  762 
   55536.496700       0.0000       4.9968       0.0000       4.9968      -nan       0.0000       0.0000 -91.495  0.000  762 
   55927.517400      -2.7305       3.0159      -2.7305       3.0159      -nan       2.7305       2.7305 -0.861  0.038  762 
   56008.332400    1493.3735     452.8882    1280.7972     509.4362      -nan   -1493.3735   -1280.7972 -14.447 -15.136  762 
   56009.322600    1795.7488     448.9439    1475.7338     503.0513      -nan   -1795.7488   -1475.7338 -17.809 -17.352  762 
   56090.363100   -1794.6695       2.9250   -1794.6695       2.9250      -nan    1794.6695    1794.6695 25.578 26.492  762 
   56302.492900    -640.4590     512.2369    -549.7141     550.5825      -nan     640.4590     549.7141  6.647  6.007  762 
