   54534.499900   10657.7672     512.4515    7750.0247     529.9273    0.1230   -3812.6198   -3261.2549 -35.408 -31.363  762 
   54535.489300    6480.4727     518.5322  -11943.7854     561.2813    0.0986    1722.2512    1328.5471  8.626 14.232  762 
   54536.510900    -373.9852       3.3084    -373.9852       3.3084      -nan     373.9852     373.9852  4.329  4.393  762 
   54538.449200  -18097.0886     582.9281  -22605.4091     608.1555    0.3495     314.8621     261.9201  0.569  1.817  762 
   54590.274300   25040.1847     428.2116   18721.8035     471.2100    0.1450   -1157.3872    -916.3672 -14.163 -13.324  762 
   54591.398100   -7087.1458     514.1757   -9985.3905     552.7944    0.2391     928.6994     725.7171  5.259  7.185  762 
   54912.375400  -11535.1996     509.0082  -21787.4063     541.1406    0.3052   -1797.6570   -1434.9070 -12.338 -11.902  762 
   55536.496700    6211.3422     729.0176    6034.6704     730.7192    0.2097     512.6008     494.9951 -3.139  2.754  762 
   55927.517400   23410.3501     457.5154   27625.9826     511.0452    0.6239     135.7547     105.2834  0.840  1.512  762 
   56008.332400   -3836.9939     482.6014   -9388.6900     523.3402    0.2923     433.2025     344.1955  3.800  4.030  762 
   56009.322600    1200.5842     474.0057     156.6141     516.8257    0.0225     277.6991     213.8084  1.402  2.464  762 
   56090.363100  -10561.2902     460.5518  -17502.9901     504.8436    0.2481   -1054.2456    -842.0448 -14.514 -12.512  762 
   56302.492900   11830.7821     528.5138   12771.1478     559.5338    0.6875    1598.2511    1305.1118 15.057 14.215  762 
