   54534.499900  -27633.4067     424.3868  -28579.3736     427.3424    0.7766    3703.6973    3462.8807 38.295 34.707  762 
   54535.489300  -29915.2051     385.5959  -32861.2982     396.1002    0.8445    2206.3545    1925.8475 29.392 22.876  762 
   54536.510900  -28627.8507     391.4333  -32158.0609     404.2805    0.8151    2242.5833    1952.9192 17.877 24.749  762 
   54538.449200  -30960.1615     453.0954  -31596.8601     458.1176    0.9464    2289.5414    2093.4460 -61.613 15.161  762 
   54590.274300  -27064.5513     327.7436  -30401.3026     338.3541    0.7601    2252.2882    2005.0578 55.732 32.885  762 
   54591.398100  -27384.3530     394.0599  -29580.5184     402.6587    0.8295    1260.1657    1117.1813 -2.431 11.581  762 
   54912.375400   -2521.9709     382.7914   -1843.8423     388.5356    0.4455   -3225.3307   -2909.2742 -97.932 -25.519  762 
   55536.496700  -32014.7200     678.2217  -31919.1344     678.4098    0.8220   -6854.0978   -6771.6618 -130.831 -38.219  762 
   55927.517400   -4752.4602     356.3503   -5418.1668     366.5219    0.5499     915.6375     813.3292 18.081 11.797  762 
   56008.332400    1074.8898     367.4245    2038.6146     375.6235    0.0108   -2416.2251   -2168.6735 -29.890 -27.080  762 
   56009.322600    1373.8795     355.1368    1821.2643     363.9224    0.0822   -2739.9067   -2416.6253 -50.972 -29.673  762 
   56090.363100    2266.7815     358.1583    2762.1955     365.9857    0.4185    3040.8471    2760.4504 57.819 42.925  762 
   56302.492900    -277.0630     419.9108    -650.0682     425.0174    0.2422    3347.6240    3066.5955 17.662 34.422  762 
