   54535.493400      87.6685     131.6695     367.6204     137.1682    0.1209      43.0027      35.3430  0.668  0.380  762 
   54536.510300   -1622.6700     220.9584   -1657.4740     222.0812    0.3016    -108.1983    -101.8651 -1.323 -0.655  762 
   54538.451500    -184.0820     200.1148    -286.5179     201.3263    0.2122    -584.2225    -554.4598 -1.531 -2.310  762 
   54590.276400    -196.3634     116.7975    -131.2029     121.4134    0.0756    -229.3532    -191.0862 -1.772 -2.719  762 
   54591.400200    -509.5419     152.3816    -474.9776     155.1667    0.0721     211.1673     185.5748  2.031  1.627  762 
   54912.385500       0.0000       4.5862       0.0000       4.5862      -nan       0.0000       0.0000  0.000  0.000  762 
   55536.498700     824.2499     157.6185     585.2173     158.1675    0.2078   -2242.1013   -2138.4731 -14.179 -12.686  762 
   55927.519800     -62.2702     121.9915      77.1653     131.0208    0.0336     -31.8518     -24.2340 -0.590 -0.313  762 
   56008.335800    -193.9603     146.5983    -213.4739     152.2249    0.1600    -265.0398    -218.7656 -2.623 -2.315  762 
   56009.325100    -591.8675     142.9703    -603.9131     149.7429    0.2373     -75.3355     -60.1657 -0.709 -0.655  762 
   56090.365900    -160.8168     152.3452    -438.4764     154.7411    0.1190    -235.1807    -212.3698 -2.259 -2.860  762 
   56302.495200     791.1093     133.5527     744.4745     140.1235    0.3380     317.8109     257.0650  3.391  2.904  762 
