   54535.493400      16.8584     100.4647     -19.7828     100.6380    0.0067       5.9090       5.7312  0.576  0.060  762 
   54536.510300     331.4421     200.5853     297.8351     200.6118    0.0268    -191.6983    -190.4943 -0.709 -1.208  762 
   54538.451500   -3470.7494     180.0738   -3518.4609     180.1299    0.6657     330.1579     327.6864  1.000  1.354  762 
   54590.276400    -258.9287      91.3064    -265.8864      91.4199    0.1235     -87.0173     -84.6523 -0.771 -1.164  762 
   54591.400200   -1588.0965     127.3001   -1631.7214     127.3872    0.3653     349.6348     342.9145  2.873  2.932  762 
   54912.385500   -1164.3927     140.4353   -1192.6659     140.4986    0.5043     -40.8391     -40.2602  0.358 -0.270  762 
   55536.498700      21.3121     145.9229     -61.9494     145.9460    0.2684   -1993.1983   -1984.2482 -11.719 -11.701  762 
   55927.519800     178.2945      85.6981     158.4540      86.0661    0.0743     -69.1761     -66.1533 -0.997 -0.850  762 
   56008.335800     -47.7429     112.9747     -79.3574     113.1381    0.1073    -171.4606    -166.6033 -2.179 -1.766  762 
   56009.325100     334.9449     107.1018     315.6408     107.2915    0.0865    -126.6712    -122.7179 -1.072 -1.334  762 
   56090.365900    -555.1902     130.0561    -566.8990     130.0993    0.1369      44.2088      43.6256  0.846  0.592  762 
   56302.495200     202.3542     101.5013     181.1552     101.6974    0.1145      45.9378      44.6039  1.166  0.497  762 
