   54535.493400   -1059.1191      99.4946   -1070.4117      99.9990    0.1688     676.5855     638.1290  7.135  6.878  762 
   54536.510300   -1335.6696     197.7355   -1359.0870     197.8005    0.1466     776.4047     765.9243  6.048  4.959  762 
   54538.451500    -587.8728     172.0090    -662.6093     172.1093    0.3622    -797.5824    -786.1333 -9.395 -3.284  762 
   54590.276400    -697.0209      90.5884    -764.6687      91.0088    0.0950     434.2505     414.0249  7.278  5.892  762 
   54591.400200   -1356.4615     125.1994   -1388.9556     125.4200    0.1363     997.4387     963.3147  9.080  8.440  762 
   54912.385500     500.7243     138.9033     460.7622     139.0416    0.0758    -310.2889    -302.9098 -2.597 -2.001  762 
   55536.498700    -464.7185     144.4436    -584.6356     144.4959    0.2521   -1408.2693   -1392.1195 -8.735 -8.245  762 
   55927.519800     -25.8497      86.4764     -73.4776      87.4307    0.0683     -18.9479     -17.3222 -0.006 -0.223  762 
   56008.335800     252.1180     112.8575     241.0643     113.2453    0.0594    -401.6050    -381.1278 -4.457 -4.034  762 
   56009.325100     224.3213     107.9395     190.5226     108.4907    0.1042    -430.1863    -403.3294 -4.744 -4.383  762 
   56090.365900    -235.0902     131.8609    -250.1367     131.9811    0.0344     120.8342     118.1315  2.162  1.593  762 
   56302.495200     286.5107     100.9103     258.3542     101.4510    0.2487     275.6047     259.1298  2.605  2.943  762 
