   54535.493400   -1146.4899     180.4678   -2023.5001     190.8969    0.2881     141.1649     108.4803  0.591  1.108  762 
   54536.510300   -2345.5391     260.3596   -2590.0084     263.7112    0.3350     550.8316     497.7225  2.938  3.137  762 
   54538.451500   -3661.1574     255.3509   -3768.9508     259.0622    0.5563     304.8715     281.6282  1.012  1.159  762 
   54590.276400   -3608.8975     156.0370   -4877.6954     165.2779    0.5668     205.7997     159.6903  0.572  2.105  762 
   54591.400200   -3183.3120     197.4399   -3688.5565     204.0637    0.4793     562.6579     466.6850  2.997  3.886  762 
   54912.385500   -1308.9155     214.2329   -1274.1154     220.2041    0.3802    -150.8760    -129.2030 -0.714 -0.866  762 
   55536.498700   -4075.8632     185.2353   -4081.5620     187.0178    0.5041   -1076.0863    -988.9583 -5.370 -5.761  762 
   55927.519800    3608.0969     170.8972    3921.8030     184.6045    0.7292     145.0702     103.9747  0.832  1.294  762 
   56008.335800   -2543.6092     195.8713   -2920.6284     206.1235    0.6366     -22.1301     -17.1235  0.192 -0.178  762 
   56009.325100   -1615.3321     192.3296   -1939.3124     204.1674    0.4332     182.7002     137.0930  1.032  1.453  762 
   56090.365900   -1451.9268     182.0185   -1525.3418     187.2450    0.3492    -499.9861    -424.1784 -5.029 -5.645  762 
   56302.495200    -283.3863     183.1058     -87.2044     194.6193    0.0029     102.3196      76.9910  0.333  0.843  762 
