   54535.493400     324.5829      98.2318     306.3084      98.4421    0.0986      71.7174      70.5428  1.158  0.728  762 
   54536.510300       7.5239     198.6309     -32.9499     198.7377    0.0192     102.5340     102.8094  0.467  0.652  762 
   54538.451500    1600.8572     177.5245    1625.7095     178.3299    0.3599     193.8968     195.4790  1.245  0.807  762 
   54590.276400     575.7203      90.0749     582.3818      90.1882    0.0461    -285.3882    -280.4688 -4.152 -3.745  762 
   54591.400200   -1861.3054     126.8349   -1938.8433     127.0208    0.4005     168.1427     167.3360  2.126  1.404  762 
   54912.385500     900.2861     137.4515     979.4793     137.7251    0.1709    -233.9123    -235.1571 -1.760 -1.572  762 
   55536.498700     966.9062     146.4006     939.6702     146.5037    0.1232   -1975.3990   -1980.8524 -10.156 -11.560  762 
   55927.519800     278.6507      83.3788     301.9596      83.7234    0.0815     -39.2088     -38.0507 -0.647 -0.477  762 
   56008.335800      16.3164     110.7868      -9.1155     110.9408    0.0088      36.3359      35.8486 -0.232  0.374  762 
   56009.325100     364.7777     105.3623     347.1791     105.5929    0.1128     -30.8510     -30.2861 -0.616 -0.322  762 
   56090.365900   -1449.9133     129.8747   -1539.8910     129.9313    0.1207      73.0434      72.3854  0.056  0.969  762 
   56302.495200     694.5025      98.7899     674.6971      99.0442    0.2344      73.5290      72.4243  1.334  0.801  762 
