   54535.493400     561.8584      97.5264     534.6205      97.6016    0.2506     101.8114     100.1209  0.420  1.041  762 
   54536.510300     541.2544     198.8087     511.1195     198.8263    0.1066    -110.3619    -109.8970  0.153 -0.694  762 
   54538.451500     432.8489     174.6476     388.0378     174.6731    0.1777     251.7293     250.7382  1.269  1.033  762 
   54590.276400     931.7737      89.0896     903.2701      89.1522    0.2144    -296.9989    -293.2148 -3.482 -3.990  762 
   54591.400200     471.0302     124.5002     434.7095     124.5389    0.1913     176.2641     174.2786  1.420  1.480  762 
   54912.385500     714.0878     137.0509     700.0567     137.0691    0.2198    -204.4616    -203.1774 -1.432 -1.356  762 
   55536.498700     117.5563     145.2194      32.6351     145.2410    0.3395   -2661.5394   -2651.8898 -15.374 -15.543  762 
   55927.519800     275.2577      83.0728     279.5321      83.2137    0.0523    -209.9063    -203.6263 -2.859 -2.588  762 
   56008.335800     425.6346     110.5043     393.2394     110.5933    0.0789    -202.5277    -198.7934 -1.791 -2.085  762 
   56009.325100     370.3179     104.7420     356.0601     104.8360    0.1698       6.0765       5.9446 -0.209  0.064  762 
   56090.365900    -528.7428     129.4461    -558.3647     129.4802    0.1313      46.2419      45.6760  0.182  0.615  762 
   56302.495200    -409.6627      99.5496    -434.1472      99.6725    0.0432     349.6148     340.8046  3.484  3.778  762 
