   54535.493400   -2439.6421     147.7955   -2707.7805     152.3876    0.4036     318.1592     263.6714  2.442  2.745  762 
   54536.510300   -3697.4043     234.6429   -3717.7776     235.8599    0.5421     251.1608     235.0022  0.857  1.488  762 
   54538.451500   -2418.4567     220.7336   -2598.3917     222.1821    0.4341     415.6064     391.9883  2.045  1.621  762 
   54590.276400   -1627.5780     128.1352   -2043.9706     131.8533    0.3735    -296.4790    -250.6583 -2.713 -3.411  762 
   54591.400200   -1940.3484     166.4629   -2119.8441     168.9284    0.2444     736.0383     647.9941  4.561  5.527  762 
   54912.385500   -1347.4989     183.1579   -1299.1820     185.1154    0.3927       4.7164       4.2654  0.673  0.028  762 
   55536.498700   -2233.1311     167.0526   -2286.1684     167.5991    0.5209   -3158.7668   -3000.7204 -17.719 -17.616  762 
   55927.519800    -784.5580     137.7201    -878.1530     143.9976    0.4304     -81.5746     -64.2602 -0.787 -0.806  762 
   56008.335800    -714.9575     161.2664    -905.1545     165.9133    0.3389    -312.0632    -261.0533 -2.025 -2.712  762 
   56009.325100    -467.6242     157.3411    -642.8787     162.5977    0.2394    -101.7298     -83.1649 -1.458 -0.886  762 
   56090.365900     765.9726     159.4962     827.8260     161.1541    0.1698    -101.6272     -92.4579 -2.171 -1.219  762 
   56302.495200     113.6385     148.6467      92.3139     153.4718    0.1513     401.8779     331.5609  3.604  3.646  762 
