   54535.493400   -1087.4283      95.7259   -1275.4609      96.2714    0.2148       0.0000       0.0000 -0.717  0.000  762 
   54536.510300    -910.8154     200.9735    -902.3603     201.2069    0.1553       0.0000       0.0000 -1.550  0.000  762 
   54538.451500     761.2008     179.2735     920.4387     179.6686    0.1083       0.0000       0.0000  0.312  0.000  762 
   54590.276400   -1498.9644      86.6763   -1735.7616      86.8688    0.2197       0.0000       0.0000 -2.468  0.000  762 
   54591.400200      -2.0097       5.2790   -1262.0208      83.3601    0.2845       0.0000       0.0000 -0.406  0.000  762 
   54912.385500       0.0000       4.5409       0.0000       4.5409      -nan       0.0000       0.0000  0.000  0.000  762 
   55536.498700    -595.5682     145.0964    -590.8933     145.1917    0.0708       0.0000       0.0000 -8.078  0.000  762 
   55927.519800    -306.8916      78.2446    -363.1316      78.4983    0.1567       0.0000       0.0000 -0.806  0.000  762 
   56008.335800     151.3558     107.3334     182.0957     107.7188    0.0559       0.0000       0.0000  0.030  0.000  762 
   56009.325100    -107.7098     101.4758     -90.9110     101.7853    0.0298       0.0000       0.0000  0.061  0.000  762 
   56090.365900     214.0906     126.4982     215.3378     126.5263    0.0630       0.0000       0.0000 -0.485  0.000  762 
   56302.495200     627.5952      95.3710     700.3623      95.5845    0.2343       0.0000       0.0000  1.303  0.000  762 
