   54535.493400    4917.3666     305.1380    3996.4063     317.2462    0.3392    1523.7527    1228.1692 15.717 12.784  762 
   54536.510300    1758.9824     389.8699     974.9406     397.4575    0.3266    6280.1521    5595.1765 40.320 35.612  762 
   54538.451500    3151.7121     434.8593    2791.1022     442.0846    0.4822    3606.1744    3356.2282 15.675 13.888  762 
   54590.276400    1177.2174     251.0018     508.3099     261.8178    0.0881     709.4229     562.1604  8.931  7.627  762 
   54591.400200    6357.3227     318.9693    6714.6740     328.2921    0.4811    1608.9520    1350.5363 15.914 11.454  762 
   54912.385500   12838.2209     355.2633   13401.1034     364.0197    0.8649     799.6857     698.3261  6.843  4.697  762 
   55536.498700   -3794.4016     272.3322   -3383.9671     276.6805    0.3200   -2340.8892   -2108.9295 -13.082 -12.404  762 
   55927.519800   -1611.5533     299.9098   -2188.4560     314.3314    0.2500     438.7220     337.2867  4.839  4.306  762 
   56008.335800    1575.6443     327.3716     694.6174     340.0755    0.0585    -322.9462    -258.5440 -3.270 -2.725  762 
   56009.325100    -755.0807     325.6369   -1537.8417     339.6498    0.2453    -227.2969    -177.5975 -2.505 -1.916  762 
   56090.365900    6868.8936     265.8478    8112.0296     273.8485    0.4382    -288.6672    -238.9598 -2.587 -3.239  762 
   56302.495200   -4481.7086     310.7653   -4027.1867     323.9084    0.4462   -1315.8344   -1037.6542 -13.480 -11.570  762 
