   54535.493400    -270.6360      99.0550    -370.6532      99.2930    0.1273    -158.9052    -152.8036 -1.510 -1.562  762 
   54536.510300    -579.3656     199.3573    -615.3620     199.3918    0.2128    -384.2200    -380.7593 -1.663 -2.395  762 
   54538.451500      35.8371     172.7142     -32.3955     172.7704    0.0696    -287.8057    -285.4542 -1.622 -1.172  762 
   54590.276400   -2059.0672      92.4281   -2187.5478      92.6677    0.4361    -157.8783    -151.4839 -2.410 -2.010  762 
   54591.400200    -532.2977     125.2206    -575.1657     125.3196    0.0855     249.0142     243.9064  1.909  2.040  762 
   54912.385500    -475.1701     136.6317    -491.9294     136.6990    0.1771     -46.9311     -46.1640 -1.067 -0.308  762 
   55536.498700    -948.7449     145.0244   -1044.4580     145.0530    0.2738   -1224.6504   -1217.4475 -8.460 -7.100  762 
   55927.519800     -81.2370      84.4010     -97.3305      84.9517    0.0434      33.7062      31.6901  0.055  0.395  762 
   56008.335800    -236.6527     110.9810    -244.3324     111.1839    0.0989      -8.0001      -7.7656  0.360 -0.081  762 
   56009.325100    -105.6533     105.5108    -123.6266     105.8231    0.0698     -35.7199     -34.3642 -0.511 -0.364  762 
   56090.365900     484.5301     129.9707     458.6297     130.0357    0.1226      41.7814      41.2248  0.385  0.545  762 
   56302.495200    -292.0770     100.4256    -311.7249     100.7510    0.0964     103.8160      99.6665  0.666  1.084  762 
