   54535.493400     585.9827     129.7429     408.5196     133.5116    0.1961     167.5791     139.8381  0.877  1.441  762 
   54536.510300    1176.7158     218.8043    1159.9256     219.4229    0.2531      43.5668      41.6046 -0.508  0.260  762 
   54538.451500     487.1069     198.6569     431.1012     199.3697    0.0773    -112.0079    -107.3463 -0.426 -0.440  762 
   54590.276400     444.8424     116.2659     406.9989     119.4893    0.0692     -65.4104     -54.8331 -0.628 -0.740  762 
   54591.400200     844.5309     149.3194     751.9471     151.0929    0.2459     233.6513     209.8565  1.675  1.777  762 
   54912.385500       0.0000       4.5633       0.0000       4.5633      -nan       0.0000       0.0000  0.000  0.000  762 
   55536.498700    3357.2667     155.9193    3244.6865     156.2216    0.1561   -2131.2247   -2055.4988 -10.971 -12.043  762 
   55927.519800     286.2035     121.2117     220.9643     127.7841    0.1074      -7.3931      -5.6140 -0.124 -0.071  762 
   56008.335800    -817.9807     143.7384    -740.9330     147.4051    0.2282     -23.7604     -19.9861 -0.268 -0.208  762 
   56009.325100    -313.8995     139.9691    -457.8278     144.9888    0.1116      84.4170      68.4020  0.444  0.730  762 
   56090.365900    1477.6741     149.6614    1454.7481     151.1003    0.2878      -1.4511      -1.3196 -0.109 -0.017  762 
   56302.495200   -1112.0221     134.5683   -1100.5988     139.2329    0.3233      -6.3499      -5.1305  0.316 -0.056  762 
