   54535.493400     -80.2457     130.0835    -238.3586     132.7885    0.0170     336.3377     294.1766  3.364  3.013  762 
   54536.510300    -722.8724     220.1564    -773.7203     220.6069    0.0672    1101.1226    1060.1894  5.635  6.717  762 
   54538.451500     336.0427     206.1816     228.4416     206.6341    0.2142     801.5705     777.8509  2.972  3.199  762 
   54590.276400    -295.3985     115.1519    -445.6845     117.5335    0.0978     158.0424     139.2735  2.339  1.843  762 
   54591.400200     194.3600     151.6647     100.4185     152.9339    0.1278     436.0665     401.2187  3.759  3.340  762 
   54912.385500     320.5466     165.5832     351.7002     166.4715    0.0564    -227.6507    -213.6518 -1.510 -1.427  762 
   55536.498700     228.2997     159.2349     116.5108     159.4546    0.1592   -1366.5402   -1325.7762 -7.841 -7.704  762 
   55927.519800      23.3412     119.4287      61.9331     123.9201    0.0319    -133.3700    -110.9343 -1.619 -1.384  762 
   56008.335800     -23.6552     143.5943    -116.7848     146.2683    0.0396      -0.8845      -0.7774  0.872 -0.008  762 
   56009.325100    -151.5847     139.3996    -179.6084     142.6575    0.0616      24.5613      21.2253 -0.048  0.225  762 
   56090.365900      14.4402     148.0629     -90.8289     149.1913    0.0474    -173.2250    -160.9704 -3.042 -2.144  762 
   56302.495200     204.3585     131.7585     299.0498     134.8295    0.1813     204.5664     177.1675  2.410  1.946  762 
