   54533.494200   -5960.2426     340.6901   -6414.4993     341.2107    0.1900   -9651.7532   -9362.5596 -130.024 -120.437  762 
   54534.508600    3332.5596     405.8078      54.4689     415.0359    0.1239   -4361.5182   -3790.3419 -31.539 -33.196  762 
   54535.499500   -5691.5481     362.2534  -11881.9769     389.7821    0.2694     573.5179     443.0222  2.485  6.029  762 
   54536.510100  -13875.7420     424.9364  -17320.1520     440.8334    0.5817    1433.6851    1203.6935 10.675 10.373  762 
   54590.282500    5930.3018     317.3418    3508.7557     333.0386    0.0766     351.4064     296.3994  1.359  4.963  762 
   54591.406300   -3022.2017     397.7018     295.1112     407.9502    0.0721    2265.7242    1922.3692 22.655 20.049  762 
   54912.391600     423.9395     506.2257    1027.3512     509.8736    0.0224    -516.6103    -486.6645 -1.800 -2.443  762 
   55536.504600   12598.9100     548.5443   12182.9384     549.3848    0.2982    3875.7053    3761.3686 26.633 24.993  762 
   55927.525800   13013.9036     356.0206   16095.1377     386.7668    0.5107    -478.1314    -376.9885 -6.021 -5.465  762 
   56008.341900   -4415.4126     388.2540   -8327.4718     414.2244    0.3166    -786.2330    -620.0722 -11.068 -8.891  762 
   56009.331100   -3650.7564     384.1277   -5554.0776     412.9023    0.3203   -1049.5164    -825.7497 -15.072 -10.914  762 
   56090.371800   -2455.7096     431.9756    -281.1364     442.8530    0.0611    2929.4848    2572.7955 35.684 35.004  762 
   56302.501200     892.1483     428.9665   -4500.3078     447.1001    0.0390    3306.5453    2781.8977 23.700 30.509  762 
