   54533.494200       0.0000       3.2174       0.0000       3.2174      -nan       0.0000       0.0000  0.000  0.000  762 
   54534.508600     -17.7051      12.4721  -33691.4951     501.0175    0.4498       0.0000       0.0000 -16.032  0.000  762 
   54535.499500       3.1330       4.8903   24912.1582     342.8303    0.3648       0.0000       0.0000 -13.913  0.000  762 
   54536.510100      -9.7675       7.1595  -66701.7296     472.9054    0.5392       0.0000       0.0000 -18.922  0.000  762 
   54590.282500     502.4535      49.3472   24887.3842     367.9651    0.3311       0.0000       0.0000 -5.527  0.000  762 
   54591.406300       0.0000       3.4240       0.0000       3.4240      -nan       0.0000       0.0000 -8.538  0.000  762 
   54912.391600       0.0000       5.2281       0.0000       5.2281      -nan       0.0000       0.0000  0.000  0.000  762 
   55536.504600    -250.5339      33.9939  -77632.4832     600.1826    0.6265       0.0000       0.0000 -0.705  0.000  762 
   55927.525800      -1.1648       5.7945   -6807.5195     389.1105    0.2540       0.0000       0.0000  5.756  0.000  762 
   56008.341900       2.8617       6.3958   13574.3557     424.8625    0.1527       0.0000       0.0000 -3.634  0.000  762 
   56009.331100      -0.1285       6.1943     720.0484     414.2616    0.0174       0.0000       0.0000 -16.725  0.000  762 
   56090.371800      -8.3350      12.0946  -16527.6166     493.0221    0.3819       0.0000       0.0000  2.771  0.000  762 
   56302.501200      -2.1536       6.0731  -16962.9065     441.6686    0.5464       0.0000       0.0000  5.570  0.000  762 
