   54533.494200  -34856.1269     361.6368  -37591.4420     363.5406    0.3073    4155.3307    3911.4996 62.077 49.217  762 
   54534.508600  -16692.9693     477.6140  -24697.5057     501.0367    0.5096     541.6912     433.9799 -1.476  3.739  762 
   54535.499500  -12737.8031     446.6793  -27795.0435     502.5925    0.4418    2006.0822    1385.5471 18.262 18.150  762 
   54536.510100  -10356.9097     506.1801  -18006.3152     542.3722    0.4046    -980.2217    -754.6607 -5.711 -6.427  762 
   54590.282500  -18646.8087     382.0333  -33295.6419     418.7962    0.4680     289.9663     222.1943  1.792  3.520  762 
   54591.406300  -10686.6564     481.6582   -7328.6870     506.3987    0.1309    2406.5171    1875.8319 18.963 18.645  762 
   54912.391600   12456.1490     581.2886   14329.7331     591.3979    0.3888   -1278.0048   -1158.1778 -5.621 -5.743  762 
   55536.504600   13881.6328     585.6020   13608.7490     588.4630    0.2210   -2013.7467   -1904.5234 -12.684 -12.363  762 
   55927.525800    3902.2042     439.0967    4693.8298     504.6196    0.1276     360.9990     254.8581  3.241  3.543  762 
   56008.341900   -1188.2023     469.1128   -5306.5140     524.9055    0.1407     145.5703     102.8048  0.075  1.461  762 
   56009.331100    4090.2378     465.7885    -274.8033     525.8920    0.0278    -612.8521    -435.1457 -3.104 -5.537  762 
   56090.371800   -5386.0062     499.3787   -3016.2817     528.6513    0.1000    -829.7024    -673.6448 -3.536 -9.013  762 
   56302.501200   -1449.0466     514.3115   -8190.4546     554.1426    0.1103     447.4540     345.1480  2.171  3.614  762 
