   54533.494200   -6288.7515     342.1849   -7043.4170     342.4641    0.0699    1708.7285    1671.2073  7.127 21.016  762 
   54534.508600  -13244.9284     405.9881  -14265.5860     411.4955    0.4845    2319.7377    2077.5383 16.265 17.960  762 
   54535.499500   -7943.7207     360.3058  -12062.4345     374.8906    0.4245     672.7947     556.9095  5.431  7.310  762 
   54536.510100   -3894.4235     423.2745   -5304.0896     432.3534    0.2536    1048.1510     914.1405 12.112  7.815  762 
   54590.282500   -8675.8301     318.6459  -11881.7608     326.8077    0.3736     352.5771     311.7469  0.380  4.936  762 
   54591.406300  -11895.4581     401.5556  -13523.2159     408.4508    0.5540    1189.5125    1047.5893  8.316 10.395  762 
   54912.391600   -3015.7227     515.7179   -3904.1325     519.1210    0.2523    -529.5797    -501.1763  2.594 -2.496  762 
   55536.504600   -6955.4985     557.7377   -7206.3212     558.2792    0.1820   -2316.5871   -2257.9090 -8.382 -14.682  762 
   55927.525800   13530.2061     357.1904   14291.7998     374.1636    0.5833     129.0845     107.0846 -0.401  1.492  762 
   56008.341900    -338.0105     377.6933    -506.4858     390.9552    0.0591    -578.7936    -487.0529 -7.148 -6.974  762 
   56009.331100   -1725.9366     382.7150   -2898.2647     398.0826    0.2386    -570.3654    -475.3391 -6.372 -6.058  762 
   56090.371800   -8904.2662     429.7184  -10082.4468     436.3662    0.3024     568.7824     514.1619  9.544  6.876  762 
   56302.501200   -6863.8228     433.9909   -8311.2722     443.7769    0.3016     790.1267     688.5709  4.424  7.244  762 
