   54116.305800    5377.4733     234.7497    5245.0071     236.4300    0.6783   -1920.3161   -1838.5685 -5.171 -5.226  762 
   54127.315500     771.8190     271.7442     717.1647     272.5465    0.0599    -402.8771    -383.0235 -2.457 -2.461  762 
   54127.409800    1841.5796     225.6798    1804.4858     227.5836    0.4722     -37.5030     -34.3661 -0.422 -0.202  762 
   54127.505600    2217.7429     173.0203    2098.2188     179.1823    0.5567    -192.5367    -154.0324 -1.102 -0.960  762 
   54149.242500    2370.7347     164.6740    2340.5516     172.6027    0.6866     161.4318     124.3705  0.627  0.771  762 
   54149.261900    4493.6473     178.7109    4292.4611     180.5107    0.6680    -330.4180    -306.9680 -1.195 -1.139  762 
   54152.347000    2559.5044     151.4630    2243.0885     161.1042    0.6089      76.3610      50.5560  0.704  0.517  762 
   54201.227200      68.1546     190.6681     -66.8836     193.9560    0.0565    -112.0100    -102.4354 -0.409 -0.384  762 
   54201.240900     830.2146     170.6866     757.5496     176.3811    0.2108    -172.6218    -143.9446 -0.773 -0.741  762 
   54201.251200     897.8636     177.1186     886.0757     181.7825    0.2567    -139.6818    -121.1872 -0.626 -0.544  762 
   54230.228100      89.4644     141.4356    -165.6406     151.4995    0.1122    -272.0586    -170.6102  0.378 -2.358  762 
   54260.167300    -288.6323     156.2308    -394.1898     162.3939    0.0964      36.8783      28.2376  0.113  0.245  762 
   54261.167200     378.1833     184.7926     386.6528     187.2884    0.1039     102.6015      93.2615  0.375  0.445  762 
   54264.169200     279.4177     144.1821     -76.5740     151.6128    0.0189     245.1035     172.6116  2.186  2.141  762 
   54265.188900     147.8853     148.5487      25.7162     153.8606    0.0103      15.3696      12.0677  0.251  0.096  762 
   54384.475400    -762.0850     163.1563    -991.4189     170.7159    0.1068     231.0531     179.2055  0.744  1.154  762 
   54384.485900    -544.4509     163.4188    -783.5500     170.8805    0.1056      84.2658      65.4949  0.975  0.419  762 
   54385.512900    -523.5060     217.9510    -702.7215     221.1777    0.0522     341.6281     292.6928  3.394  2.848  762 
   55884.411600    5543.9280     472.8212    5370.8693     474.1917    0.6803    1038.1587     992.7235  4.426  4.507  762 
   55889.438100    4040.4448     209.8659    2825.1315     225.2300    0.3725     834.9145     530.6804  6.274  6.411  762 
   56301.281100    -695.5085     259.7173    -932.1841     267.6703    0.0850     501.4184     423.4263  1.999  2.162  762 
