   54116.305800    5663.5277     226.5395    5564.5810     227.5025    0.6126   -2419.9117   -2342.4326 -6.836 -6.680  762 
   54127.315500    1516.4593     258.3740    1460.6673     258.9232    0.1564    -900.5259    -862.2624 -5.878 -5.784  762 
   54127.409800    1938.1645     214.3924    1826.0109     215.6942    0.3113    -998.9225    -928.3050 -5.252 -5.616  762 
   54127.505600    1905.5531     161.0841    1846.5023     165.7540    0.5188    -246.4095    -203.0164 -1.452 -1.295  762 
   54149.242500     511.9166     153.5357     559.2150     159.3918    0.1438    -225.2669    -180.6145 -1.198 -1.125  762 
   54149.261900    1570.3870     172.8111    1376.9919     173.9999    0.0634   -1141.0924   -1075.8363 -3.590 -3.986  762 
   54152.347000     364.0943     140.3669     142.9260     148.6105    0.0473     -75.0084     -52.5842 -0.438 -0.525  762 
   54201.227200    -548.9241     177.8247    -479.6645     180.0158    0.2126    -190.0648    -175.9212 -0.917 -0.687  762 
   54201.240900    -869.5302     160.3480    -828.9595     164.3110    0.3075    -146.7254    -125.9290 -0.602 -0.654  762 
   54201.251200    -844.3280     166.1764    -855.2435     169.5980    0.3893    -233.8004    -206.3419 -0.692 -0.953  762 
   54230.228100     188.8272     128.3393      35.0174     136.8019    0.0885    -342.3740    -227.1926  0.268 -3.164  762 
   54260.167300   -3354.5787     142.7466   -3565.1170     148.0331    0.8434     172.6550     133.7299  0.978  1.277  762 
   54261.167200   -2735.7005     171.3033   -2708.7111     173.3131    0.6351     260.3006     237.0871  1.134  1.225  762 
   54264.169200   -2623.9355     131.7880   -2561.5646     138.1085    0.4602     -46.0958     -33.2570 -0.451 -0.451  762 
   54265.188900   -3091.7847     139.6002   -3111.0067     143.4485    0.5601     110.9596      90.9750  0.956  0.719  762 
   54384.475400   -6431.0542     152.8748   -6479.0015     158.7785    0.7628       4.6794       3.7361  0.146  0.025  762 
   54384.485900   -6939.6898     153.9906   -6820.4329     159.6458    0.8298     290.0281     233.1638  1.054  1.500  762 
   54385.512900   -6639.3974     209.2147   -6667.4418     211.7713    0.7666    -126.4322    -110.5530 -1.167 -1.083  762 
   55884.411600   11325.3175     447.2095   11288.4068     447.9254    0.9097    -535.9556    -517.9583 -2.796 -2.468  762 
   55889.438100   10365.2482     182.4845   10142.3204     193.7575    0.8981      45.9450      31.4024  0.391  0.399  762 
   56301.281100   28732.4845     210.3142   28667.1766     213.7996    0.9943      97.4915      86.0485  0.750  0.488  762 
