   54116.305800    9859.6260     255.2244    9548.2403     259.1839    0.8306   -2055.0150   -1989.2088 -6.196 -5.693  762 
   54127.315500    2939.9578     266.5917    2894.0189     269.0531    0.6062    1549.5672    1497.5622  9.448 10.117  762 
   54127.409800    1887.4210     226.9582    1869.4315     231.1934    0.4376     389.7662     366.6599  2.237  2.248  762 
   54127.505600   -1547.4489     170.1415   -1481.1336     177.8413    0.3350     329.4188     293.3074  1.884  1.888  762 
   54149.242500    4427.5557     159.7296    4169.0876     169.4608    0.5976    -211.3429    -188.0274 -1.033 -1.168  762 
   54149.261900    6217.0264     186.7303    5830.9553     190.1152    0.7517     435.8687     416.6026  1.241  1.546  762 
   54152.347000    1445.9470     133.0919    1524.7471     143.3533    0.4409      93.2997      81.6139  0.651  0.800  762 
   54201.227200    2179.5778     197.1071    2660.1021     203.4067    0.5114      76.3133      71.4061  0.663  0.284  762 
   54201.240900    2136.3314     173.6464    2460.7193     181.6253    0.6273     -69.2598     -62.4496 -0.267 -0.326  762 
   54201.251200    1968.2581     182.0794    2446.0374     189.3601    0.5821      69.6219      63.5538  0.076  0.298  762 
   54230.228100    -390.4368     112.4621    -400.7943     120.9435    0.1092    -191.5547    -167.6271  1.024 -2.327  762 
   54260.167300   -1396.2846     139.6584   -1204.2810     147.4775    0.1777      58.7671      51.3997  0.943  0.507  762 
   54261.167200    2393.4182     181.7535    2969.3975     187.1094    0.5126     177.6192     165.1645  0.908  0.882  762 
   54264.169200   -3116.6189     118.2819   -2766.6976     124.8810    0.2852      72.0052      64.1434  1.034  0.897  762 
   54265.188900   -1855.2850     144.3779   -1288.5234     150.6957    0.1094     338.7887     300.1477  2.325  2.363  762 
   54384.475400    8686.0829     153.3810    8654.5685     162.9502    0.7153    -104.5671     -93.1427 -0.757 -0.615  762 
   54384.485900    7650.0048     156.0609    7376.8010     165.6099    0.6764    -153.8904    -137.0920 -0.637 -0.875  762 
   54385.512900    7959.9130     199.1876    8082.1414     202.3620    0.6347    -211.3480    -204.6202 -2.514 -2.000  762 
   55884.411600    8054.6307     462.5539    7916.5441     465.2105    0.7417     254.2141     247.6637  1.588  1.194  762 
   55889.438100    6225.6395     162.3500    6391.1618     176.5110    0.5443    -116.2585    -104.0351 -1.260 -1.326  762 
   56301.281100    6018.4972     247.7310    5086.0005     263.6966    0.4505      96.0326      85.6457  0.508  0.502  762 
