   54116.305800    -143.8785     208.0209    -233.9624     208.4262    0.3621   -1260.3865   -1233.5792 -3.647 -3.512  762 
   54127.315500    -251.7072     250.5821    -276.9811     250.7381    0.4827   -1729.1053   -1691.0064 -10.767 -10.975  762 
   54127.409800     -26.6872     200.4953     -45.3127     200.8881    0.3459   -1014.4026    -974.5324 -5.756 -5.781  762 
   54127.505600     308.0277     139.8357     217.4814     141.6142    0.0440    -351.6848    -311.5112 -1.786 -1.956  762 
   54149.242500     203.9005     129.2104     236.5589     131.5438    0.1190      14.9979      12.9785 -0.439  0.080  762 
   54149.261900     776.7500     158.9789     682.3099     159.3775    0.1991   -1555.9683   -1503.3473 -5.081 -5.564  762 
   54152.347000    -420.7466     114.6357    -393.4124     118.0845    0.2528       7.1742       5.6576 -0.266  0.056  762 
   54201.227200     211.9886     157.5868     185.9905     158.3561    0.1082      97.2867      92.8789  0.278  0.355  762 
   54201.240900     183.2771     137.5556     116.5449     139.1034    0.0825      53.5836      48.5817  0.123  0.251  762 
   54201.251200     385.2548     143.9652     394.6429     145.1495    0.2291      96.2881      89.2930  0.388  0.407  762 
   54230.228100     815.6164     103.5252     599.6167     107.2010    0.1827    -273.2517    -208.0075 -0.196 -2.849  762 
   54260.167300   -1218.1390     121.6957   -1267.1161     123.6207    0.4707      33.7943      29.0697  0.345  0.264  762 
   54261.167200   -1100.8694     155.3233   -1096.7993     155.9217    0.3183     243.6165     231.5691  1.047  1.150  762 
   54264.169200    -599.5835     110.1166    -629.3269     112.5260    0.1962      85.0493      69.7064  0.720  0.898  762 
   54265.188900    -629.2407     120.0002    -728.3435     121.4840    0.2373      63.7796      56.2752  0.605  0.445  762 
   54384.475400    2167.4428     125.7489    2114.3437     127.7080    0.5174     203.9222     178.9068  0.773  1.156  762 
   54384.485900    2407.4894     126.0975    2358.9451     127.9840    0.5941     241.8386     212.7879  1.196  1.353  762 
   54385.512900    2455.5725     188.6378    2410.6147     189.2651    0.5135      60.8981      57.0012  0.522  0.550  762 
   55884.411600   -7305.7484     444.8986   -7363.1738     445.2603    0.7996   -1203.3345   -1175.6055 -5.596 -5.440  762 
   55889.438100   -4474.3153     161.2569   -4813.7613     167.9847    0.7256     189.9715     141.8800  1.532  1.723  762 
   56301.281100    1591.3455     203.1303    1479.1011     205.3864    0.4401     -24.4800     -22.2174 -0.362 -0.119  762 
