   54116.305800    4291.1920     251.2348    4178.9280     252.6154    0.3881   -6166.0363   -6073.6239 -18.581 -17.318  762 
   54127.315500     553.8121     256.9710     482.3079     257.4349    0.1827   -1188.9728   -1170.5352 -7.867 -7.815  762 
   54127.409800     101.9286     214.1257      12.0337     215.0807    0.2910   -1035.6161   -1006.9147 -6.242 -6.086  762 
   54127.505600   -1575.9974     159.0131   -1595.0368     161.0581    0.7129   -1017.6071    -948.3834 -6.509 -6.035  762 
   54149.242500    1021.2057     150.2200     871.8025     152.9113    0.0983   -1237.2891   -1149.5742 -7.628 -7.120  762 
   54149.261900    2938.8632     181.0957    2820.5558     181.9955    0.1622   -3704.7419   -3625.0575 -13.775 -13.408  762 
   54152.347000    -568.8186     125.7967    -634.0679     128.8914    0.4318    -274.6906    -245.1818 -2.588 -2.421  762 
   54201.227200   -1097.6665     189.7590   -1068.2342     191.6842    0.5250    -770.2590    -744.8295 -2.716 -2.913  762 
   54201.240900    -248.8776     162.7216    -299.6921     164.9508    0.3638    -903.4002    -854.1581 -4.289 -4.431  762 
   54201.251200    -280.1668     172.2891    -255.0467     174.3696    0.4025   -1044.5637    -995.7340 -4.653 -4.605  762 
   54230.228100      47.3039     107.4974      44.6496     110.2793    0.1230    -314.8841    -277.0947  0.440 -3.821  762 
   54260.167300    -920.8693     129.7665    -997.3238     131.9118    0.3758     108.0356      98.9488  1.502  0.945  762 
   54261.167200     -68.7838     173.1492      23.8287     174.4530    0.0500    -174.5386    -168.7858 -0.721 -0.875  762 
   54264.169200    -628.0770     112.3387    -571.7392     114.2790    0.1490     102.3695      92.5651  2.587  1.251  762 
   54265.188900    -492.6113     131.4271    -511.9974     132.9880    0.0862     283.6792     264.6892  3.168  2.080  762 
   54384.475400    4139.3568     143.0293    3880.2533     145.4618    0.7016    -961.3948    -900.1864 -6.544 -5.905  762 
   54384.485900    3835.2500     144.9538    3595.9459     147.4412    0.7286    -718.0911    -672.7783 -4.670 -4.298  762 
   54385.512900    3286.5072     193.0684    3189.7111     193.7692    0.6334    -556.6775    -539.4878 -6.272 -5.237  762 
   55884.411600    3241.9672     453.8135    3151.9507     454.3791    0.3507   -1247.1520   -1232.1673 -5.688 -5.855  762 
   55889.438100    2385.2308     158.4394    2045.4793     163.0560    0.5279    -175.3733    -156.4479 -2.688 -1.962  762 
   56301.281100    1542.4460     233.6800    1237.7996     237.5570    0.0617   -1078.3087   -1020.1747 -6.307 -5.791  762 
