   54116.305800    1894.4361     200.7037    1830.0816     201.2392    0.6712     827.7277     807.5333  2.041  2.285  762 
   54127.315500   -2045.1907     250.0193   -2071.5051     250.1785    0.3339    4238.4400    4145.7808 26.870 26.656  762 
   54127.409800   -1565.1767     199.5129   -1575.2973     199.9092    0.3211    2784.5501    2674.3019 15.596 15.620  762 
   54127.505600    -121.0098     137.5982    -209.9873     139.1532    0.2836    1127.5960    1001.4366  6.361  6.202  762 
   54149.242500     337.6290     127.1928     352.0851     129.4170    0.1127     -73.6235     -63.2521 -0.408 -0.393  762 
   54149.261900    1492.3435     155.3570    1378.8678     155.8281    0.6920    3405.6958    3276.3989 11.229 12.115  762 
   54152.347000   -1361.9754     111.4852   -1756.4769     114.7393    0.5507       0.6829       0.5315 -0.223  0.006  762 
   54201.227200     693.1694     158.9420     573.6047     160.0046    0.2398     133.6417     126.9454  0.594  0.465  762 
   54201.240900     688.8911     136.1672     686.0820     137.7038    0.2566    -137.0449    -123.7913 -0.145 -0.633  762 
   54201.251200     764.7470     143.8601     760.5396     145.1656    0.3489      50.2310      46.4239  0.240  0.205  762 
   54230.228100    2470.6238     101.1963    2490.3662     103.7794    0.5993    -133.7177    -103.9789  1.249 -1.441  762 
   54260.167300    1806.8981     122.5298    1970.3764     123.8200    0.4558     119.3079     105.2234  0.508  0.878  762 
   54261.167200    2364.5870     159.1902    2332.6633     159.8154    0.5090     200.1857     191.4585  0.836  0.875  762 
   54264.169200    4348.5847     109.2229    4302.5345     110.7289    0.6198     147.3574     125.6890  1.789  1.489  762 
   54265.188900    3138.6553     116.5576    3010.1030     117.7126    0.5059     185.4243     165.0659  0.663  1.328  762 
   54384.475400     392.7749     126.2616     373.7104     128.2071    0.0791     205.0985     178.2669  1.440  1.147  762 
   54384.485900    -113.7063     126.3223    -183.8091     128.3403    0.0129     118.1684     102.3287  0.747  0.661  762 
   54385.512900     687.2353     188.3605     638.2462     188.8585    0.0973     127.2682     119.7319  0.877  1.164  762 
   55884.411600      14.0017     447.8240      -9.6630     448.0712    0.5404    4217.3922    4137.4616 18.462 18.493  762 
   55889.438100   -1884.4933     156.4231   -2438.5950     161.3556    0.2660     623.2546     480.4260  5.417  5.790  762 
   56301.281100     -59.9931     209.0016    -276.7679     211.1895    0.1665    -756.5317    -692.4101 -3.496 -3.402  762 
