   54116.305800    1375.9243     214.1575    1274.3414     214.6756    0.0740   -1009.4192    -984.9734 -2.325 -2.815  762 
   54127.315500    -408.4399     253.5192    -434.1929     253.7129    0.3933   -1379.9643   -1346.6472 -8.565 -8.787  762 
   54127.409800    -222.4384     204.5841    -238.8551     205.0632    0.3927    -863.7566    -825.8912 -4.369 -4.927  762 
   54127.505600    -197.5146     145.7152    -246.1885     147.4130    0.1846    -213.2832    -188.1938 -1.136 -1.195  762 
   54149.242500    -913.3058     136.6734    -976.2672     139.0901    0.2967      72.9670      62.5436  0.156  0.391  762 
   54149.261900     591.0281     163.1614     508.7843     163.6433    0.1228   -1073.6659   -1032.6257 -4.042 -3.849  762 
   54152.347000    -491.5005     119.7237    -561.3735     122.3422    0.3504     -52.9350     -41.9918 -0.576 -0.430  762 
   54201.227200    1055.2746     164.8212    1044.8657     165.7585    0.3864       0.6090       0.5786  0.266  0.002  762 
   54201.240900     722.9216     143.8756     678.9358     145.5130    0.3220      66.7282      60.1277  0.257  0.313  762 
   54201.251200    1100.7855     150.7912    1063.9719     152.1782    0.4808      74.7121      68.7622  0.085  0.315  762 
   54230.228100     365.3894     106.7069     213.9469     108.9480    0.0180    -222.9452    -174.3015  0.422 -2.482  762 
   54260.167300    -189.0635     126.0949    -234.8357     127.6406    0.0865      14.0421      12.1559 -0.209  0.111  762 
   54261.167200     255.1695     161.1121     241.0744     161.8286    0.0144    -200.8242    -190.1655 -1.067 -0.940  762 
   54264.169200     737.8976     112.2298     553.6345     113.8250    0.1988      81.3117      67.8430  1.172  0.893  762 
   54265.188900     761.1672     123.2007     672.6830     124.4546    0.1714     -92.6681     -81.8671 -0.366 -0.661  762 
   54384.475400     606.9980     133.4660     399.5822     135.5684    0.0886      71.5298      62.0690  0.740  0.406  762 
   54384.485900     587.4933     133.9220     441.0642     135.9708    0.1025      93.6221      81.4950  1.119  0.525  762 
   54385.512900    -510.5464     191.1455    -567.2840     191.7029    0.0817     131.6368     122.7953  1.404  1.217  762 
   55884.411600     379.9794     446.6600     313.4095     446.9788    0.1172   -1043.9910   -1020.7941 -4.055 -4.729  762 
   55889.438100    -453.9652     162.4045    -871.9530     166.3796    0.1257     205.2866     159.9029  1.855  1.995  762 
   56301.281100    -480.3448     216.4407    -619.1825     218.9851    0.0854     278.7834     251.6649  0.921  1.337  762 
