   54116.305800     760.4050     214.8814     703.0660     215.0818    0.4883   -2671.9999   -2639.0806 -7.913 -7.547  762 
   54127.315500    -116.0065     244.1881    -151.1037     244.3579    0.0472     309.6729     304.7680  2.049  2.045  762 
   54127.409800    -594.5499     197.0488    -623.3776     197.4045    0.3403    -271.0349    -263.4010 -1.698 -1.605  762 
   54127.505600   -1311.9452     136.2912   -1380.4452     137.8088    0.6497     -58.8242     -54.5937 -0.817 -0.350  762 
   54149.242500     125.4455     125.6684     126.5668     127.4674    0.0619    -284.9668    -263.4617 -1.898 -1.635  762 
   54149.261900    1410.0818     160.0797    1364.0525     160.2976    0.0866   -1041.5482   -1021.4901 -3.653 -3.789  762 
   54152.347000     452.9026     104.5295     400.8463     107.8009    0.1482    -185.8898    -166.8825 -1.941 -1.637  762 
   54201.227200    -116.2410     157.2465    -139.9359     157.7418    0.1829    -337.3301    -327.2528 -1.324 -1.295  762 
   54201.240900    -349.0318     136.6111    -368.0166     137.7001    0.3159    -357.1838    -336.6520 -2.017 -1.755  762 
   54201.251200      -3.9166     143.4538     -46.8035     144.3175    0.1728    -397.9337    -378.7138 -1.696 -1.769  762 
   54230.228100     -20.8141      90.8131     -46.8921      94.5480    0.1193    -140.4631    -123.6484  1.989 -1.714  762 
   54260.167300   -1458.5727     112.5891   -1514.4870     114.5188    0.6271      26.6453      24.1889  0.759  0.236  762 
   54261.167200    -826.9655     149.8372    -789.4200     150.3208    0.2526     112.4399     108.4444  0.472  0.575  762 
   54264.169200   -1229.3087      98.3688   -1110.8584     100.7720    0.3640      15.1749      13.5922  1.023  0.189  762 
   54265.188900    -966.3761     116.2953    -949.8667     117.4389    0.2608     302.0775     279.8583  3.323  2.200  762 
   54384.475400     652.1440     122.5729     656.6983     124.1901    0.1942    -188.9215    -174.6277 -0.670 -1.148  762 
   54384.485900     529.1142     123.9166     471.3707     125.5422    0.1358    -131.8207    -122.2329 -0.153 -0.779  762 
   54385.512900     609.2779     182.8963     625.8716     183.4920    0.1325    -182.8640    -176.8097 -1.863 -1.721  762 
   55884.411600     572.0063     430.5719     533.3629     430.7840    0.0905    -135.0348    -133.2078 -0.447 -0.639  762 
   55889.438100      13.9471     137.1848    -190.8376     143.2454    0.1377    -304.3054    -266.8780 -2.392 -3.368  762 
   56301.281100    -922.9443     197.1287   -1069.7527     199.4644    0.3343      13.5903      12.6420  0.175  0.073  762 
