   54116.305800     514.0486     222.1320     339.0814     222.8867    0.5037   -3140.0564   -3109.0884 -10.084 -8.868  762 
   54127.315500    1245.0149     247.0608    1214.8506     247.3515    0.1544    -645.4289    -636.5843 -4.092 -4.250  762 
   54127.409800     814.5051     200.6338     805.3193     201.2114    0.0341    -906.3914    -883.8118 -4.860 -5.350  762 
   54127.505600      10.0520     139.9078      35.7229     141.6294    0.4611   -1093.3422   -1027.9325 -7.878 -6.547  762 
   54149.242500     428.8249     129.3670     369.4555     131.7623    0.0163    -437.5883    -410.0556 -2.542 -2.541  762 
   54149.261900     129.6141     164.6162       9.6375     165.1561    0.3113   -1616.5496   -1586.9647 -6.053 -5.874  762 
   54152.347000    -387.6906     107.1989    -482.5085     110.7689    0.3712    -169.2380    -154.5477 -1.586 -1.524  762 
   54201.227200    1372.2654     164.0431    1391.9075     165.1568    0.2116    -844.9932    -821.1605 -3.628 -3.213  762 
   54201.240900     541.8901     141.1892     604.4705     142.8452    0.0938    -412.5757    -392.0180 -3.137 -2.035  762 
   54201.251200    1253.9628     148.9655    1275.2259     150.4163    0.1583    -931.5666    -892.1544 -4.385 -4.130  762 
   54230.228100     221.9641      91.5941     231.7685      95.0791    0.0510    -346.0692    -316.2181 -0.803 -4.358  762 
   54260.167300    -164.8012     115.2538     -83.0708     117.3234    0.0512     -32.6978     -30.2277 -0.615 -0.289  762 
   54261.167200    -148.7515     155.9046    -129.4972     156.8178    0.1283    -260.2618    -251.4812 -1.581 -1.305  762 
   54264.169200    -942.0187      99.9761    -817.5551     102.3012    0.2613     -24.6051     -22.6638 -1.035 -0.306  762 
   54265.188900     -12.0083     118.4722      66.3663     119.8684    0.0131    -114.2767    -107.1872 -1.220 -0.843  762 
   54384.475400    1235.0429     125.4516    1216.3337     127.6819    0.4403     244.4357     229.8085  1.501  1.507  762 
   54384.485900     770.9745     127.2501     735.5564     129.4627    0.3099     204.0910     191.5180  1.735  1.223  762 
   54385.512900    1320.0587     183.5181    1285.7818     184.1955    0.3349     -10.9059     -10.6746  0.304 -0.104  762 
   55884.411600     279.7141     437.2507     244.8195     437.6000    0.0674    -553.6337    -547.2663 -1.977 -2.601  762 
   55889.438100     734.7396     135.8109     760.8896     140.8660    0.2291     102.4573      95.0045  1.464  1.191  762 
   56301.281100     645.5026     204.4213     526.6838     207.6183    0.0239    -476.7074    -449.7768 -3.044 -2.555  762 
