   54116.305800    4823.0737     205.9506    4657.4472     207.0136    0.4783   -3077.8666   -2969.7924 -11.131 -8.417  762 
   54127.315500    1308.4925     246.8841    1247.4935     247.3781    0.3747     285.7816     274.0287  1.591  1.888  762 
   54127.409800    1147.5827     203.5158    1082.3339     204.6708    0.2687    -199.4921    -185.8239 -1.429 -1.133  762 
   54127.505600    1414.3539     148.1594    1056.4935     153.1126    0.3113    -369.9364    -300.5228 -1.640 -1.913  762 
   54149.242500    1378.9409     138.1465    1127.0489     144.4128    0.3459       5.1298       4.0239  0.137  0.025  762 
   54149.261900    3156.5567     160.3838    2928.0192     161.5029    0.4745    -646.4646    -609.5514 -3.801 -2.245  762 
   54152.347000    -199.0924     127.9950    -375.6632     136.3219    0.2247      -1.3786      -0.9356  0.148 -0.010  762 
   54201.227200    1568.1687     160.0628    1563.0842     162.4033    0.5814     490.9812     450.8371  1.537  1.753  762 
   54201.240900    1572.2687     144.7616    1325.4942     148.9799    0.4743     122.2555     103.7147  0.196  0.534  762 
   54201.251200    1607.1351     149.6503    1513.0092     153.1609    0.5733     126.8822     111.0837  0.326  0.509  762 
   54230.228100     907.3791     117.9050     694.2732     126.1719    0.2491    -268.6288    -176.4778  0.578 -2.447  762 
   54260.167300     712.2216     129.9921     450.5074     134.7392    0.1938      82.1343      63.7074  0.683  0.613  762 
   54261.167200    1250.0099     158.2987    1257.5876     160.1746    0.5529     367.3650     334.6011  1.991  1.721  762 
   54264.169200    1816.6106     121.0588    1674.3647     126.7742    0.3321      16.9113      12.3332  0.102  0.165  762 
   54265.188900    1432.6957     128.1261    1271.9320     131.5569    0.3752     103.6973      85.5400  0.623  0.672  762 
   54384.475400    1846.5319     134.2706    1630.8168     139.7861    0.3539    -133.2795    -105.4308 -0.895 -0.706  762 
   54384.485900    1606.3782     135.0716    1399.1012     140.4895    0.4088     -33.3050     -26.4747 -0.357 -0.173  762 
   54385.512900    1849.5633     197.4521    1746.8401     199.3462    0.3768      43.2157      38.4653  0.598  0.376  762 
   55884.411600    2692.5584     435.8866    2628.9925     436.6819    0.3782    -533.3543    -514.0807 -1.774 -2.475  762 
   55889.438100    1817.1259     173.7862     708.6568     187.5892    0.0977    -181.6427    -116.2511 -1.432 -1.512  762 
   56301.281100    1204.3490     211.3443     883.9337     218.5675    0.1387    -351.0143    -289.3820 -1.811 -1.670  762 
