   54116.305800    2052.4200     201.8824    1989.8852     202.0708    0.5338     417.0330     413.4650  0.995  1.181  762 
   54127.315500     406.8080     239.3963     383.7122     239.5077    0.3747     962.2411     952.5461  6.135  6.385  762 
   54127.409800      97.7906     190.5708      93.4095     190.8026    0.0733      98.0533      96.3210  0.594  0.586  762 
   54127.505600    -277.1174     126.5393    -266.7244     127.4703    0.0487     362.1169     345.3801  2.057  2.207  762 
   54149.242500    1597.2558     114.3864    1641.6820     115.5719    0.6993     -13.0772     -12.4604  0.135 -0.077  762 
   54149.261900    1932.4345     152.7280    1893.9939     152.9040    0.6301    1037.5204    1024.3335  3.769  3.789  762 
   54152.347000     418.8045      94.7786     385.2012      97.0194    0.2861      52.5997      49.3024  0.696  0.480  762 
   54201.227200     480.0396     147.2808     463.5771     147.7185    0.2817     171.0462     167.3629  0.962  0.662  762 
   54201.240900     402.7946     126.7512     395.9364     127.5369    0.2365     114.1768     109.6864  0.763  0.570  762 
   54201.251200     270.7808     133.7361     266.2323     134.3907    0.1835     156.6900     151.2214  0.997  0.705  762 
   54230.228100      93.0863      82.0517      77.6319      84.3735    0.1149    -250.4312    -233.6104 -0.034 -3.203  762 
   54260.167300     775.1243     102.9995     833.8048     104.1350    0.3805      41.6070      39.3105  0.854  0.382  762 
   54261.167200    1181.2291     141.9750    1192.3909     142.3370    0.4952     191.0201     186.3656  1.030  0.989  762 
   54264.169200    -405.0403      90.4215    -232.5858      91.6944    0.0616      46.7998      43.9310  0.933  0.604  762 
   54265.188900      66.4832     108.8970     146.9286     109.5485    0.1710     331.9844     316.3346  2.009  2.474  762 
   54384.475400     382.0309     113.2121     341.0419     114.4193    0.1837     109.4627     103.9249  0.435  0.681  762 
   54384.485900     880.2664     114.1534     866.4705     115.2684    0.3505     -26.8542     -25.6071  0.096 -0.163  762 
   54385.512900     885.3107     177.2718     887.1404     177.5966    0.2201    -200.3594    -197.1903 -2.173 -1.907  762 
   55884.411600     983.1361     422.7944     960.0682     422.9282    0.3836     618.3983     613.1523  3.067  2.935  762 
   55889.438100     893.7244     121.6067     894.3833     125.1402    0.2712    -180.5289    -168.9107 -1.836 -2.118  762 
   56301.281100     692.8760     180.1196     650.5052     181.7074    0.4433     535.5008     511.0651  2.682  2.963  762 
