   54116.305800    -492.1970     219.4508    -609.5761     220.0367    0.5098   -1606.6763   -1589.6341 -2.146 -4.558  762 
   54127.315500      83.4601     244.6372      56.9386     244.8524    0.2312     704.4673     694.5691  6.332  4.686  762 
   54127.409800     248.0889     197.8567     247.0826     198.2972    0.0258    -184.8553    -180.3847 -0.575 -1.105  762 
   54127.505600    -509.2063     137.5626    -550.2852     139.0116    0.5542    -658.9836    -618.6472 -5.570 -3.999  762 
   54149.242500     424.5926     127.2999     401.6364     129.1306    0.1006    -220.7509    -206.2947  2.023 -1.289  762 
   54149.261900    -379.9110     162.3789    -529.4628     162.8250    0.0737     210.5263     206.6577  2.384  0.769  762 
   54152.347000     319.6555     105.5600     292.3184     108.4144    0.1502     -69.9256     -63.6939  1.060 -0.632  762 
   54201.227200    -211.6484     160.6029    -213.8452     161.4237    0.2070    -334.8148    -325.6200 -1.032 -1.294  762 
   54201.240900     119.1200     138.6720      94.0290     139.9779    0.0889    -275.3423    -261.5071 -1.295 -1.372  762 
   54201.251200     111.7730     146.1636      81.7908     147.3138    0.2004    -552.0069    -528.7367 -1.954 -2.483  762 
   54230.228100     -19.4430      91.0057     -51.9424      94.0261    0.1648    -224.8531    -201.0278 -0.132 -2.841  762 
   54260.167300    -381.0011     112.4847    -417.6439     114.2612    0.2419     -99.6372     -91.7500 -2.413 -0.907  762 
   54261.167200     524.3073     151.3615     519.0620     152.0650    0.2131       8.4205       8.1447  0.179  0.043  762 
   54264.169200    -580.4921      97.6709    -489.8417      99.6470    0.2080     -85.3047     -77.5818 -6.044 -1.099  762 
   54265.188900    -374.8468     116.7892    -331.9667     117.9117    0.1140      52.4190      49.1451 -2.446  0.390  762 
   54384.475400     702.6726     124.0343     660.2091     125.7877    0.2872     118.3607     110.7038  8.976  0.733  762 
   54384.485900     599.3484     125.4327     578.6305     127.1366    0.2993     183.0784     171.9980  7.708  1.103  762 
   54385.512900    1097.6792     181.6845    1085.2665     182.2059    0.2770     -43.5603     -42.4642  6.414 -0.419  762 
   55884.411600     545.7790     431.6325     509.1763     431.9054    0.0152    -447.0379    -442.2582  2.151 -2.131  762 
   55889.438100     840.6833     135.7084     781.1080     140.3520    0.1468    -380.9735    -344.3988  2.243 -4.419  762 
   56301.281100     225.0796     199.0482     153.9603     201.5270    0.0653      28.9144      27.2548  3.491  0.159  762 
