   54116.305800    -714.6189     226.6590    -840.2004     227.1127    0.6523   -3100.0601   -3049.4019 -9.056 -8.714  762 
   54127.315500     931.2178     249.8999     884.4503     250.0590    0.0310    -784.8869    -768.2731 -4.702 -5.151  762 
   54127.409800     696.6410     204.3381     689.3528     204.6843    0.0527    -853.4253    -823.0450 -4.944 -4.993  762 
   54127.505600     813.8687     147.6085     812.7929     148.9444    0.1817   -1332.2404   -1203.1218 -9.074 -7.712  762 
   54149.242500    -509.7439     139.3040    -524.6890     141.0952    0.3253    -375.9447    -333.9552 -2.331 -2.085  762 
   54149.261900    -913.4679     168.0953    -973.2492     168.4372    0.4220   -1372.5816   -1334.1240 -5.240 -4.954  762 
   54152.347000    -662.6721     121.0772    -689.9279     123.6870    0.5129    -228.3659    -187.9920 -1.843 -1.881  762 
   54201.227200    1962.7360     168.6475    1938.0396     169.3124    0.3456   -1046.0492   -1005.4440 -4.146 -3.945  762 
   54201.240900     923.4537     147.5618     923.3197     148.6956    0.1822    -552.5585    -511.0269 -3.618 -2.665  762 
   54201.251200    1496.5471     154.6046    1509.9514     155.5143    0.2128   -1023.6083    -961.8554 -4.808 -4.472  762 
   54230.228100     796.1438     106.5396     720.7824     109.2604    0.2562    -375.7076    -299.8354 -0.636 -4.213  762 
   54260.167300     538.3944     123.2191     610.5067     124.5045    0.2592     -33.9786     -29.9217 -1.096 -0.289  762 
   54261.167200      64.4288     159.8879      93.5383     160.4254    0.0794    -349.7611    -333.7582 -1.998 -1.739  762 
   54264.169200     868.3345     110.2503     905.1272     112.0319    0.2474    -127.2992    -107.2906 -2.059 -1.477  762 
   54265.188900     957.6596     124.3084     968.2393     125.2855    0.2501    -208.1866    -188.4783 -1.669 -1.492  762 
   54384.475400    -132.6575     134.6960    -126.3823     136.2237    0.0256     239.7616     214.3236  1.555  1.415  762 
   54384.485900    -326.0282     136.2232    -345.8343     137.7687    0.0508     212.6018     190.3334  2.160  1.223  762 
   54385.512900    -362.6021     191.5446    -380.1476     192.1069    0.0959      14.2646      13.3995  0.515  0.131  762 
   55884.411600    -549.4105     441.5592    -564.2074     441.7976    0.2169    -479.2291    -470.0902 -0.677 -2.244  762 
   55889.438100    -773.9297     161.5878    -901.2566     166.0439    0.2235      91.6101      72.9788  1.657  0.926  762 
   56301.281100    -387.8658     216.5584    -436.9337     218.6224    0.2893    -586.7661    -534.9679 -4.121 -3.050  762 
