   54116.305800     460.7246     220.2002     423.6065     220.4279    0.0479    -626.5972    -619.5550 -1.645 -1.777  762 
   54127.315500     -53.8721     245.7789     -27.9826     245.9022    0.2142     909.0468     898.0893  6.035  6.004  762 
   54127.409800     850.8240     196.8637     881.4424     197.1300    0.4154     271.2765     266.0055  2.030  1.631  762 
   54127.505600     938.7378     134.5816     943.0889     135.5823    0.5008     135.4921     129.7804  0.848  0.845  762 
   54149.242500    -552.7187     127.4311    -607.5761     128.9288    0.3527    -444.2187    -417.2994 -2.547 -2.623  762 
   54149.261900     343.4083     162.7268     332.2173     162.9476    0.0244    -441.6900    -434.0979 -1.735 -1.625  762 
   54152.347000    -179.2485     103.1871    -137.9953     105.3318    0.1202     -89.9754     -84.2040 -0.551 -0.839  762 
   54201.227200     287.9748     160.5692     249.3651     161.0960    0.0279    -190.3450    -185.8841 -0.728 -0.739  762 
   54201.240900     116.2440     137.4531      80.6453     138.3906    0.0475      28.6599      27.4789 -0.227  0.145  762 
   54201.251200     142.6775     145.2323     122.4167     145.9929    0.0611      30.2688      29.2146 -0.110  0.138  762 
   54230.228100    1214.9668      85.4374    1216.3242      87.7204    0.5552    -273.2154    -258.1992 -0.726 -3.727  762 
   54260.167300     700.3666     109.8211     566.9633     111.3663    0.2734      -6.4045      -6.0447  0.450 -0.060  762 
   54261.167200     833.9740     150.6513     741.0607     151.1891    0.3227     141.4066     137.6041  0.456  0.734  762 
   54264.169200    1230.8991      92.0775    1185.9392      93.6993    0.4302     -28.5430     -27.2962 -0.276 -0.393  762 
   54265.188900     869.2775     114.0308     805.7905     114.9617    0.2721      -0.2230      -0.2131 -0.793 -0.002  762 
   54384.475400   -1944.5027     126.3127   -1984.1473     127.7419    0.5346    -338.0124    -314.5641 -2.291 -2.083  762 
   54384.485900   -1284.5472     127.2036   -1304.1932     128.5201    0.4172    -321.0942    -300.7541 -1.895 -1.931  762 
   54385.512900   -2001.0764     181.8579   -2019.1264     182.3528    0.5521    -718.2919    -697.0935 -6.392 -6.983  762 
   55884.411600     -67.7839     434.3554     -85.7411     434.5282    0.2799   -1437.5647   -1421.3642 -6.555 -6.828  762 
   55889.438100   -1444.0549     135.9506   -1494.6281     139.9220    0.4964    -577.6687    -527.0663 -6.361 -6.794  762 
   56301.281100   -1015.4164     201.9805    -955.1169     203.5448    0.2992     -87.1764     -82.2515 -0.659 -0.475  762 
