   54116.305800     718.1321     209.5468     633.3101     209.8087    0.1119   -1012.2195   -1001.3783 -2.719 -2.864  762 
   54127.315500    1121.2089     243.8563    1085.4077     244.0018    0.3388      -0.3033      -0.3000  0.081 -0.002  762 
   54127.409800     752.0844     194.2763     732.0972     194.5650    0.1603    -339.7089    -332.9230 -2.521 -2.003  762 
   54127.505600     593.4266     130.6311     607.0499     131.6629    0.2426    -145.0899    -137.7584 -0.657 -0.878  762 
   54149.242500     801.8891     119.6979     753.0870     121.2034    0.2466    -243.1844    -230.1998 -1.615 -1.427  762 
   54149.261900     725.1440     157.3249     673.8918     157.5478    0.0348    -821.7355    -809.1769 -3.123 -3.006  762 
   54152.347000     185.7461      98.6124     110.0876     101.0158    0.0006    -119.5788    -110.8917 -0.986 -1.095  762 
   54201.227200     102.6335     153.9341      77.1047     154.4469    0.0337      -6.7400      -6.5789 -0.111 -0.026  762 
   54201.240900      81.2805     131.4962      59.7808     132.4601    0.0240     -15.0577     -14.4106 -0.293 -0.075  762 
   54201.251200     157.2843     138.9922     102.4898     139.8190    0.0824      82.3484      79.3038 -0.028  0.368  762 
   54230.228100      80.3340      85.6379      84.7186      88.0604    0.1170    -286.6153    -262.0694 -0.178 -3.651  762 
   54260.167300    -380.6849     108.7492    -343.3239     110.0936    0.1151     127.3111     118.6466  1.139  1.127  762 
   54261.167200    -209.5007     148.1736    -215.8664     148.6226    0.0144     186.1525     180.9017  0.877  0.939  762 
   54264.169200    -623.9852      94.1066    -528.6596      95.6181    0.2061      20.2392      18.8074  0.397  0.256  762 
   54265.188900     -70.4606     111.7285     -31.3523     112.5792    0.0526     173.6999     164.3319  0.646  1.299  762 
   54384.475400    1590.9665     117.2732    1544.2496     118.5974    0.4284    -178.0057    -169.0243 -1.322 -1.104  762 
   54384.485900    1295.4386     118.5850    1244.4205     119.8819    0.3456    -150.1151    -142.5589 -0.858 -0.907  762 
   54385.512900    1816.6996     178.9914    1807.2261     179.3824    0.3821    -309.5048    -303.7650 -2.424 -2.961  762 
   55884.411600     872.8252     431.1796     843.1607     431.3356    0.0949   -1319.7583   -1308.5706 -6.481 -6.187  762 
   55889.438100    1442.4479     127.1838    1325.8699     131.1262    0.3024    -306.2379    -285.0594 -3.445 -3.548  762 
   56301.281100     475.2362     191.3587     368.4307     193.1787    0.1013    -111.4516    -106.0971 -0.327 -0.595  762 
