   54116.305800    1935.2306     234.3548    1845.2918     234.7571    0.0209   -1956.9683   -1930.6125 -5.049 -5.518  762 
   54127.315500    1205.5284     250.6256    1204.1977     250.9461    0.2774    -290.2931    -285.9146 -1.557 -1.917  762 
   54127.409800    1163.3828     205.5444    1144.1666     206.1560    0.2445    -587.9839    -572.3274 -3.400 -3.472  762 
   54127.505600     518.1764     147.2728     668.7619     149.0563    0.1096    -374.9712    -352.7631 -2.448 -2.260  762 
   54149.242500    1150.3270     138.2992    1123.4277     140.8784    0.2478    -493.9488    -463.9027 -2.728 -2.884  762 
   54149.261900    1979.5791     171.3157    1839.9725     171.8246    0.3046    -490.5540    -480.1742 -1.814 -1.781  762 
   54152.347000     501.0787     112.9377     474.1737     116.9311    0.2037     -94.7872     -87.6977 -1.110 -0.870  762 
   54201.227200     173.6853     175.4459     197.9314     176.4822    0.0616    -396.3277    -383.7253 -1.666 -1.512  762 
   54201.240900       1.9255     150.9765     -32.7398     152.7304    0.1434    -331.1798    -313.9485 -1.451 -1.637  762 
   54201.251200    -239.8684     159.5763    -202.5734     160.9753    0.2049    -376.4716    -359.3757 -1.899 -1.674  762 
   54230.228100     -94.6111      95.2990     -94.4755      98.9958    0.1971    -276.7270    -257.2731 -0.219 -3.592  762 
   54260.167300     128.8473     119.4618     194.8316     121.7197    0.1250      76.7628      71.4531  0.392  0.693  762 
   54261.167200     446.1650     162.0581     539.9326     162.8864    0.1750     -33.6400     -32.5429 -0.219 -0.171  762 
   54264.169200    -708.4098     102.0126    -406.4271     104.1938    0.0831      83.0303      77.9993  0.363  1.078  762 
   54265.188900     688.2880     123.1621     891.0682     124.5174    0.2932     202.7871     191.2082  0.968  1.507  762 
   54384.475400    1825.4950     133.2690    1762.4256     135.5591    0.4449     -91.8821     -86.6911  0.231 -0.571  762 
   54384.485900    1650.6740     135.2777    1588.1526     137.6086    0.4683      -4.3233      -4.0737  0.341 -0.026  762 
   54385.512900    2157.9365     186.4021    2165.9394     187.1275    0.4396    -254.8468    -250.3890 -1.685 -2.445  762 
   55884.411600    1149.1766     442.7417    1128.2280     443.0773    0.3128     199.8866     197.4848  1.093  0.944  762 
   55889.438100    2212.5514     141.0351    2279.9495     146.3841    0.5611     -30.3349     -28.5253  1.363 -0.361  762 
   56301.281100     616.8720     216.8929     490.4458     220.0999    0.1596      27.5570      26.0348  0.126  0.150  762 
