   54116.305800     656.6977     225.4272     620.5540     225.6527    0.4251    1123.7786    1113.9892  3.388  3.206  762 
   54127.315500      45.7081     247.6286      40.2453     247.6932    0.5851    3215.3478    3183.2373 22.241 21.196  762 
   54127.409800    -273.5146     199.9993    -266.7804     200.1346    0.3933    1515.2394    1487.9535  9.022  9.126  762 
   54127.505600    -101.6915     140.4144    -126.2400     140.7959    0.1754     475.9908     454.7093  3.099  2.941  762 
   54149.242500     203.4789     132.3325     213.6113     132.7980    0.0213    -272.3474    -259.4872 -0.771 -1.606  762 
   54149.261900    -267.5130     165.5488    -310.9529     165.7147    0.5395    2802.0269    2759.9977  9.983 10.290  762 
   54152.347000     104.4698     110.8754      85.6838     111.4287    0.0508      -1.2432      -1.1565  1.176 -0.011  762 
   54201.227200    -222.5792     165.1678    -249.7874     165.5261    0.1724    -203.9114    -199.3011 -0.692 -0.800  762 
   54201.240900    -353.5481     143.2656    -396.1960     143.7363    0.2430    -142.5491    -136.9023 -0.703 -0.721  762 
   54201.251200     266.6450     150.4595     239.2862     150.8702    0.1447    -616.2986    -596.5732 -2.400 -2.827  762 
   54230.228100      68.9795      93.7887      26.5950      94.2797    0.1213    -246.9078    -226.4294  1.356 -3.152  762 
   54260.167300     -64.4202     113.4982     -90.8262     113.8729    0.0198     134.6868     127.3279  0.813  1.264  762 
   54261.167200     126.9089     153.1927     122.9512     153.4439    0.2046     401.8026     391.5387  1.764  2.130  762 
   54264.169200     303.2394      97.5705     290.6757      97.8579    0.0188    -256.8448    -241.2043 -3.601 -3.450  762 
   54265.188900     444.5127     118.3618     428.9913     118.6187    0.0950    -182.2417    -174.5840 -1.389 -1.379  762 
   54384.475400     997.2290     128.4935    1012.0554     128.8597    0.2424    -417.4150    -399.1108 -1.702 -2.611  762 
   54384.485900     830.5886     130.7773     825.1008     131.1819    0.2181    -339.8715    -324.8234 -0.956 -2.048  762 
   54385.512900     680.8950     183.4553     679.6831     183.5300    0.1081    -325.2644    -318.8407 -2.009 -3.123  762 
   55884.411600     545.3285     434.2659     531.6982     434.3430    0.4295    1534.0018    1521.8118  7.322  7.323  762 
   55889.438100     734.0668     139.9216     765.6076     140.4286    0.2878      -9.5103      -8.8390  2.378 -0.111  762 
   56301.281100      16.9097     204.8056      16.7870     205.4274    0.0397      75.0715      72.0587  1.185  0.423  762 
