   54116.305800    2716.9331     229.7417    2622.9399     230.3085    0.2066   -1762.1267   -1719.8717 -4.453 -4.939  762 
   54127.315500    4670.5483     252.4993    4678.0717     252.6792    0.8218      77.8047      75.8898  1.192  0.511  762 
   54127.409800    4534.3586     207.3273    4550.3923     207.7692    0.8696    -236.6902    -226.6690 -1.926 -1.389  762 
   54127.505600    4795.6311     151.7754    4779.4888     153.4622    0.9278      56.4881      50.1881  0.041  0.326  762 
   54149.242500     470.3074     146.8577     557.6083     149.2395    0.1127    -273.2645    -236.9545 -1.333 -1.489  762 
   54149.261900    2865.0536     170.9134    2828.2419     171.3932    0.4044    -979.0778    -942.5688 -3.415 -3.520  762 
   54152.347000   -1035.7835     130.0077   -1005.8307     133.4310    0.5597      -2.4308      -1.9392  0.081 -0.019  762 
   54201.227200    2259.3205     174.0138    2205.5812     175.0698    0.6438    -100.2528     -95.0416 -0.343 -0.377  762 
   54201.240900    1907.9560     153.7910    1942.3212     155.3642    0.6538      -9.0870      -8.2421  0.083 -0.043  762 
   54201.251200    2024.7480     160.4883    2055.5028     161.8810    0.6321     -59.1060     -54.5207 -0.799 -0.256  762 
   54230.228100     959.6110     114.0370     958.7515     117.4022    0.3606    -295.4278    -227.5595  0.270 -3.271  762 
   54260.167300     495.1762     129.9928     569.7191     131.8824    0.2599      95.8843      82.0806  0.882  0.809  762 
   54261.167200    4229.4980     162.8006    4259.2439     163.5416    0.8016     -41.4464     -39.1323  0.516 -0.208  762 
   54264.169200    2228.4935     115.5017    2358.3839     117.7133    0.5678      -8.4597      -6.9318 -0.083 -0.099  762 
   54265.188900    1158.9552     129.9070    1208.8982     131.2887    0.4413     379.1321     335.8295  2.087  2.691  762 
   54384.475400     734.2748     142.3912     848.1707     144.4340    0.1728    -156.6974    -136.7601 -0.978 -0.909  762 
   54384.485900    1049.6514     143.7182    1140.9192     145.7141    0.2422    -220.5956    -193.5388 -1.266 -1.247  762 
   54385.512900     209.6554     195.7589     291.4390     196.5261    0.0047    -293.8347    -271.8628 -2.311 -2.714  762 
   55884.411600    4293.5903     443.7027    4259.1431     444.0555    0.6318    -280.9435    -274.1536 -1.783 -1.319  762 
   55889.438100    1758.2019     170.9562    1783.0742     175.9414    0.4254    -196.1092    -152.0737 -2.129 -1.969  762 
   56301.281100    -759.3910     227.5317    -711.7850     230.3640    0.1995      29.4274      26.2426 -0.141  0.152  762 
