   54116.305800    8581.2036     281.1640    7917.6463     287.0666    0.3792   -5254.0213   -5103.6652 -14.736 -14.610  762 
   54127.315500    1502.0749     272.6525    1110.9636     275.0538    0.0242    -966.4094    -942.1976 -5.452 -6.320  762 
   54127.409800     249.8846     234.5709    -164.2980     238.7722    0.1684    -779.0813    -742.1397 -4.657 -4.512  762 
   54127.505600   -3304.7645     180.7634   -3557.5711     186.8412    0.6864    -855.2461    -776.9491 -5.139 -5.000  762 
   54149.242500    2886.9135     171.4900    2511.4357     179.1694    0.4866    -929.9054    -843.4590 -5.251 -5.282  762 
   54149.261900    5667.2513     199.6509    5332.8427     203.3710    0.4044   -3047.6376   -2936.6240 -11.022 -10.931  762 
   54152.347000    -137.2906     141.0837    -485.8435     148.4460    0.2209    -174.8187    -155.6377 -1.634 -1.566  762 
   54201.227200   -3306.2270     217.6918   -4055.3872     225.3665    0.6797    -915.5116    -863.2115 -3.060 -3.389  762 
   54201.240900   -1149.9534     187.1498   -1699.3998     194.6433    0.4085    -748.4900    -687.0737 -4.011 -3.595  762 
   54201.251200   -1943.4068     198.5072   -2560.3070     206.1127    0.5291   -1050.0621    -972.4912 -4.414 -4.530  762 
   54230.228100    -669.4342     118.6790    -649.2840     124.5484    0.2423    -162.6875    -144.6561  0.724 -2.057  762 
   54260.167300   -2008.5857     148.0856   -2116.4633     154.2631    0.5240     173.9622     154.8879  1.598  1.499  762 
   54261.167200    -817.6156     196.4608    -450.0050     202.4207    0.0225     365.6646     343.6319  1.661  1.792  762 
   54264.169200   -2448.8775     124.3284   -2293.8979     129.0244    0.4066      37.1365      33.4541  0.809  0.465  762 
   54265.188900   -1336.3592     148.9884   -1054.0729     153.9359    0.1447     189.5187     171.9577  1.599  1.371  762 
   54384.475400    7286.6510     164.2477    7023.8375     171.8518    0.8451    -534.5848    -486.2129 -4.447 -3.218  762 
   54384.485900    6114.7412     166.6955    5882.4800     174.2274    0.7992    -392.6185    -357.5210 -3.664 -2.304  762 
   54385.512900    5441.6405     203.6175    5408.2719     205.9424    0.7827    -348.7169    -337.6244 -3.505 -3.344  762 
   55884.411600    6171.4797     478.4982    5840.6466     481.3575    0.5070   -1478.0087   -1449.5397 -6.842 -6.923  762 
   55889.438100    4144.4494     175.9935    3692.7122     185.8111    0.5425    -118.7049    -106.7705 -1.649 -1.368  762 
   56301.281100    5210.5040     269.2165    4706.4626     281.6731    0.4439    -728.7187    -667.7632 -4.223 -3.802  762 
