   54533.216400     981.8863     326.8163     957.0593     327.0200    0.1789   -2826.2485   -2771.5541 -15.876 -17.949  762 
   54534.350300      33.6751     298.8894      15.5813     299.2122    0.0138      78.4657      76.5313 -0.403  0.512  762 
   54535.300800    1615.4357     274.0186    1609.8115     274.5368    0.2511      91.6804      88.5972  0.511  0.699  762 
   54536.152700    1297.8398     319.6701    1293.5146     319.8796    0.0840    -526.1629    -515.3874 -3.608 -4.386  762 
   54537.404600    4011.9920     202.1672    4099.3715     204.0280    0.4868     217.3057     203.9110  5.200  3.489  762 
   54538.192700    1381.4208     399.3228    1387.4468     399.4589    0.0961    -821.7191    -810.6725 -4.788 -4.679  762 
   54590.208000    1764.1591     226.8657    1790.9921     227.9571    0.2607    -172.8041    -163.8751 -2.619 -2.118  762 
   54861.128800    1601.1742     378.8649    1601.4126     378.9873    0.1198   -3193.8265   -3151.8414 -22.279 -19.624  762 
   54862.306200    3076.1908     460.1841    2862.8368     460.2586    0.2431   -7516.0215   -7484.9259 -27.118 -26.560  762 
   54912.160800    5012.5641     246.2854    5065.5144     246.6406    0.4297    -951.9444    -925.1450 -13.776 -11.686  762 
   54914.127200   15579.9625     900.0412   15464.2983     900.0619    0.7037  -36637.7335  -36630.7179 -65.851 -64.307  762 
   55126.494500   -1647.0230     293.6082   -1733.0320     294.2399    0.4965   -1893.0493   -1824.3275 -21.872 -21.748  762 
   55273.271900    1057.1982     291.1765    1030.6135     291.6735    0.0424   -1341.3646   -1299.5379 -10.121 -9.913  762 
   55536.299000   -1143.6364     290.6319   -1175.4787     291.0523    0.1552     127.2403     123.2468 -0.047  1.015  762 
   55538.335900    1199.7718     223.4203    1140.6834     224.8347    0.2171      82.3042      77.7663 -0.602  1.180  762 
   55540.344000    4054.2529     417.0908    3998.3441     417.1926    0.2604   -1436.1856   -1421.5248 -6.131 -6.260  762 
   55679.254400    4124.2800     222.7237    4161.0260     223.8934    0.3713   -1173.8787   -1114.0796 -14.354 -14.156  762 
   55884.409900   -1154.8862     750.3760   -1174.3816     750.4015    0.0987     -70.0367     -69.7507 -2.836 -0.365  762 
   55889.436800    -200.3246     271.6472    -270.0934     272.1982    0.0429       7.4064       7.1383  0.455  0.071  762 
   55924.444500    1343.6833     212.8317    1508.4108     214.3678    0.1436    -630.0590    -592.7735 -8.542 -10.105  762 
   55925.375400     422.7131     248.9150     356.4798     249.7092    0.1090   -1007.1139    -963.3507 -10.569 -10.199  762 
   55926.308900    -801.5394     206.5392    -809.9851     208.0985    0.2218    -268.1384    -251.3109 -3.886 -3.868  762 
   55927.351300     537.9675     246.1875     482.3239     247.0178    0.0767    -926.9922    -884.8675 -8.318 -10.143  762 
   55969.117000     819.7078     326.6672     750.6552     326.9083    0.0290    -521.1380    -509.6981 -5.132 -3.861  762 
   56045.161300    1323.4825     322.8929    1217.7666     323.2394    0.1114    -236.6183    -230.8930 -0.059 -2.301  762 
   56215.478000   -1608.4237     260.6326   -1582.4195     261.4642    0.0752    2321.0294    2215.3814 29.191 29.380  762 
   56217.471100    -498.6716     622.0637    -556.9894     622.1035    0.5188    8504.0164    8470.0420 31.547 31.536  762 
   56301.274100     639.8988     308.4341     639.8948     308.7341    0.4839    2364.5088    2305.6900 15.525 15.938  762 
   56301.282000     544.7356     337.3904     517.6178     337.5841    0.5065    2679.0531    2632.6925 14.516 15.293  762 
