   54533.216400  -82305.2503     371.8781  -83878.7760     377.2845    0.9676    -693.8780    -623.0335 -4.252 -4.256  762 
   54534.350300  -83879.4186     359.7127  -86276.0288     366.6685    0.9431     534.4798     474.3344  2.955  3.172  762 
   54535.300800  -79393.7845     335.2834  -83854.3829     346.4747    0.9087     525.4788     444.5550  2.591  3.654  762 
   54536.152700  -85187.2059     363.0823  -88039.1968     368.7822    0.9466    -170.3320    -151.6930 -1.145 -1.363  762 
   54537.404600  -63056.3117     267.5079  -83713.6508     294.3469    0.7419      20.9110      15.8530  1.858  0.285  762 
   54538.192700  -84994.3981     441.5370  -86423.8052     445.8825    0.9611     903.9775     833.6454  4.522  5.050  762 
   54590.208000  -84554.5570     292.8401  -96848.6597     311.2001    0.8590    -711.7480    -561.7151 -8.513 -7.546  762 
   54861.128800  -95579.1132     421.0422  -97622.4319     425.4676    0.9622    -250.1486    -229.2028 -3.147 -1.498  762 
   54862.306200  -88322.0400     507.2788  -88928.0382     508.4296    0.9662   -6265.7664   -6116.5220 -16.917 -21.358  762 
   54912.160800  -90543.0887     291.4105  -98436.8759     300.3975    0.8843   -1997.6899   -1698.8700 -26.038 -22.719  762 
   54914.127200  -16342.0574     912.7321  -16793.5143     912.8936    0.8834  -52667.9498  -52547.8988 -94.003 -93.024  762 
   55126.494500  -98896.3589     358.3061 -106168.2488     369.6283    0.9182     355.7875     300.8306  3.991  3.588  762 
   55273.271900  -86288.2578     356.2310  -91171.4713     366.5643    0.9237   -1172.0734   -1004.1031 -6.941 -7.708  762 
   55536.299000  -23312.0235     338.3722  -24065.5853     344.0005    0.9296     227.9339     202.2721  2.154  1.643  762 
   55538.335900  -22692.8812     276.9876  -25318.5283     291.2392    0.7639     495.2562     406.5643  5.717  6.178  762 
   55540.344000  -22050.0044     454.5616  -22572.4187     456.7877    0.9131   -2151.6673   -2048.3263 -9.652 -9.044  762 
   55679.254400  -22431.1292     275.3103  -26228.1249     289.5331    0.6823    -178.3367    -144.6126 -4.012 -1.891  762 
   55884.409900    2526.3378     771.9063    2441.4923     772.3330    0.1512   -4516.7891   -4437.8781 -20.817 -23.128  762 
   55889.436800   -4016.6188     315.3150   -4030.5512     321.4575    0.4106     671.2609     590.9565  5.634  5.864  762 
   55924.444500    2502.0678     256.4595    2052.5589     270.6971    0.1264     358.7431     291.8644  4.520  5.160  762 
   55925.375400    1374.0080     292.4340    1548.9752     300.5318    0.2347    -195.3167    -167.2736 -3.065 -1.793  762 
   55926.308900    1040.0416     255.7727    1475.3881     267.9512    0.1856    -134.3499    -110.3681 -2.835 -1.650  762 
   55927.351300    1215.7796     291.4510    1282.2287     299.6471    0.1550    -548.3756    -469.8430 -3.800 -5.366  762 
   55969.117000    8550.0765     359.1784    8662.4808     362.2528    0.6026    -476.1097    -438.3801 -1.116 -3.354  762 
   56045.161300   23098.4821     355.2676   23986.3231     358.6250    0.8934   -1041.7328    -957.0004 -9.019 -9.564  762 
   56215.478000   55596.3353     291.4812   59184.0837     296.7353    0.8729     261.5058     231.3095  4.112  3.088  762 
   56217.471100   64089.1210     637.5699   64151.3951     637.8595    0.9562    -709.1906    -700.5043 -3.431 -2.602  762 
   56301.274100   79404.7192     331.6774   80909.5518     333.6410    0.9598     350.0706     328.4169  2.605  2.245  762 
   56301.282000   77764.2410     359.6165   78812.3085     360.8567    0.9671     810.6227     775.3752  2.781  4.431  762 
