   54533.216400  -11154.1486     375.2218   -9947.6982     387.9149    0.4422    -652.6031    -560.2570 -3.245 -3.973  762 
   54534.350300  -15947.7085     369.8849  -14665.1067     384.8741    0.4630    -345.8334    -291.7498 -2.693 -1.950  762 
   54535.300800  -19909.6550     345.4326  -19818.6541     369.2324    0.4487    -484.3718    -380.2149 -4.322 -3.218  762 
   54536.152700   -9369.8160     367.0998   -9373.1969     379.9644    0.3513    -768.8793    -658.5468 -5.205 -6.136  762 
   54537.404600  -32167.6098     270.8830  -42500.8875     317.2991    0.4643    -131.3633     -93.5756 -2.881 -1.777  762 
   54538.192700   -6841.7752     443.7241   -6186.2362     454.0000    0.3352    -492.2973    -436.6897 -2.789 -2.728  762 
   54590.208000  -21905.6673     294.4348  -25384.4444     326.7522    0.5169    -766.9408    -578.8324 -7.712 -8.062  762 
   54861.128800   -6729.1069     422.1279   -6858.9235     431.8432    0.3348   -1837.4997   -1631.0134 -11.111 -10.977  762 
   54862.306200    3444.8717     503.3193    3584.6295     506.4973    0.0006   -3715.7439   -3571.4476 -12.813 -12.337  762 
   54912.160800  -10403.6346     291.2842  -11815.5396     309.6542    0.4380   -2812.0992   -2308.8069 -33.813 -32.478  762 
   54914.127200  112706.9612     876.2768  112017.1494     876.6849    0.8560  -37175.9123  -37011.2909 -63.885 -65.898  762 
   55126.494500  -12385.0455     364.6362  -11768.6646     385.0844    0.4786     975.7539     794.2345  8.107  9.627  762 
   55273.271900   -7334.0662     363.7240   -7554.9914     384.7431    0.3944   -1318.7844   -1071.1847 -8.649 -8.273  762 
   55536.299000    1878.6327     357.8131    3261.1118     373.4321    0.2812    1477.0368    1235.0077 11.106 10.069  762 
   55538.335900   -4598.8356     289.8292   -3478.2175     327.1458    0.1603    -194.5191    -150.7107 -4.116 -2.352  762 
   55540.344000    3977.9853     468.5928    3290.3302     476.2368    0.0045   -3527.6242   -3233.0302 -15.018 -14.266  762 
   55679.254400   -8321.0313     290.1703   -9145.9794     323.6603    0.3496    -722.4252    -544.1818 -8.510 -7.333  762 
   55884.409900    4994.0701     785.6879    4700.7708     787.5442    0.2036   -7968.7525   -7701.5593 -40.555 -40.149  762 
   55889.436800     829.6945     341.0184    1146.0951     360.7553    0.1903     701.2848     573.2690  5.554  5.706  762 
   55924.444500    -305.8796     269.3762    -791.5211     307.5857    0.0382    -104.6677     -79.9038 -3.090 -1.466  762 
   55925.375400   -1846.3997     317.5459   -2487.2552     343.5716    0.3731    -333.5541    -261.9076 -4.461 -2.853  762 
   55926.308900     881.0659     284.0197     975.1316     317.9557    0.0953    -192.9029    -142.0020 -2.714 -2.130  762 
   55927.351300     930.1559     317.0147    1215.4136     342.8843    0.0921    -560.0204    -441.1258 -8.180 -5.089  762 
   55969.117000    -285.4454     382.9878    -728.6256     395.0609    0.1128    -360.2650    -312.8286 -1.881 -2.418  762 
   56045.161300    1050.6323     384.0367    1800.9383     397.5040    0.0488   -1441.2069   -1246.3182 -11.685 -12.497  762 
   56215.478000    1762.5908     329.2445    1427.3582     355.0094    0.1467    1186.3452     949.2477 15.787 12.937  762 
   56217.471100    5229.8496     657.4262    4975.6054     659.9733    0.4666    2998.1768    2894.6485  9.800 10.751  762 
   56301.274100    -505.8611     378.5434    -282.3906     393.5300    0.1637    1925.4123    1638.0937 11.226 11.171  762 
   56301.282000    1970.7298     402.7856    2883.6420     413.4535    0.4683    1888.6497    1672.2430  9.887  9.488  762 
