   54533.216400    4879.2164     353.8884    4632.5779     357.5159    0.5417    1029.4090     941.1080  1.611  6.631  762 
   54534.350300    5651.6218     343.6022    5118.1942     347.9586    0.4891     181.4432     164.9102 -3.032  1.109  762 
   54535.300800    5963.8888     315.6663    5457.4587     323.0870    0.4986      -3.8850      -3.3786 -5.016 -0.029  762 
   54536.152700    1334.4275     344.6021    1291.7567     348.2057    0.0560    -859.2829    -782.2384 -12.692 -7.292  762 
   54537.404600    7751.2388     248.0496    3297.7730     266.6743    0.1186    -381.0793    -303.3776 -15.159 -5.665  762 
   54538.192700    1261.2402     423.2151    1106.3912     425.9790    0.1594      66.9051      62.5912 -3.260  0.390  762 
   54590.208000    4838.1825     270.8588    3304.6196     282.6765    0.1852    -913.9653    -756.0408 -14.054 -10.492  762 
   54861.128800   -5864.0922     402.9511   -6430.8801     405.8753    0.4251   -1093.9033   -1016.5717 -8.423 -6.876  762 
   54862.306200    2220.8150     499.5589    1855.4275     500.1635    0.1289   -4504.6556   -4420.3676 -15.436 -15.364  762 
   54912.160800    2447.7724     272.5738    2103.8337     278.1066    0.0959   -3654.8642   -3220.7589 -50.203 -44.956  762 
   54914.127200   58802.3674     905.8695   58589.0920     905.9632    0.3212  -47320.1874  -47211.2712 -84.331 -84.539  762 
   55126.494500   -2462.9183     338.4544   -2761.2080     344.9050    0.3133     787.1228     693.5894  4.345  8.311  762 
   55273.271900    3646.5975     337.8563    3434.8304     344.0872    0.2343   -1267.3527   -1121.6179 -10.665 -8.713  762 
   55536.299000    4044.5905     337.9521    4216.0860     342.4803    0.3964    -866.1580    -778.3793 -6.910 -6.259  762 
   55538.335900    2226.6630     273.0530    3287.7822     284.9404    0.2894     129.9767     108.5677  1.131  1.660  762 
   55540.344000    6442.1461     454.3644    6280.0591     456.1006    0.2097   -4147.0988   -3964.3515 -18.054 -17.603  762 
   55679.254400    7305.5646     268.8896    6831.5744     280.8426    0.4278    -599.2585    -493.3071 -7.252 -6.638  762 
   55884.409900    3074.2903     775.1778    2925.8738     775.6169    0.1460   -5117.2650   -5024.7796 -26.759 -26.172  762 
   55889.436800    1224.1037     317.7966    1436.3483     323.5636    0.1035    -791.2378    -698.1118 -5.348 -6.958  762 
   55924.444500    2863.2772     256.0386    1666.1952     270.6792    0.0892    -430.3202    -349.2436 -4.151 -6.436  762 
   55925.375400      41.0767     295.3007    -204.6462     303.5276    0.0517     -89.4829     -76.4113 -0.611 -0.832  762 
   55926.308900      36.6438     260.2522    -250.4158     272.0697    0.0232     130.2054     107.5615  0.737  1.593  762 
   55927.351300    1756.9754     294.5951    1683.8839     302.6908    0.2537    -244.7167    -209.9850 -4.404 -2.410  762 
   55969.117000     -36.6746     363.6882    -384.3607     367.1055    0.1331    -857.7619    -786.1063 -7.513 -6.072  762 
   56045.161300   10186.6395     359.5258   10615.3858     363.3445    0.7048   -1100.3554   -1004.6581 -9.552 -10.209  762 
   56215.478000   -1563.2467     308.8796   -1577.2329     317.2135    0.1780     346.2982     297.3285 -3.486  4.007  762 
   56217.471100    2883.0789     654.2157    2757.5515     654.7282    0.1148   -4690.7879   -4609.4678 -17.302 -17.101  762 
   56301.274100    -463.9762     357.5536    -241.3922     361.5446    0.1344    -569.6192    -519.4712 -4.226 -3.532  762 
   56301.282000     707.2477     384.9315    1170.0296     387.4379    0.0191   -1093.1458   -1025.4078 -5.298 -5.803  762 
