   54533.216400    1638.9132     340.4528    1643.3029     340.8666    0.0195   -1861.9520   -1823.0666 -12.855 -11.910  762 
   54534.350300     -50.3758     316.7518    -183.2028     317.4674    0.1393    -828.8793    -805.5592 -4.592 -5.421  762 
   54535.300800   -2123.2933     291.9657   -2265.7893     293.0785    0.3321    -501.1888    -479.9966 -2.785 -3.824  762 
   54536.152700   -6343.3857     331.3687   -6465.1961     331.8756    0.5802    -421.8429    -409.5386 -5.629 -3.528  762 
   54537.404600   -4337.0405     216.8919   -5031.5473     220.4251    0.3294    -338.1738    -309.6140 -9.168 -5.421  762 
   54538.192700  -11211.2478     417.2846  -11344.9552     417.7478    0.8324    -952.8226    -935.6602 -7.493 -5.442  762 
   54590.208000    2715.5356     238.7259    2763.9583     240.4901    0.3228    -173.7524    -162.8727 -3.392 -2.141  762 
   54861.128800   -3366.1245     392.6289   -3462.6327     392.9897    0.3506   -1720.2679   -1688.2266 -12.153 -10.609  762 
   54862.306200     818.3371     484.7945     739.1970     485.1863    0.4694  -10182.6289  -10159.3669 -34.766 -36.086  762 
   54912.160800   -6925.2817     255.6809   -7107.5924     256.5206    0.5299     120.1634     114.9631  1.764  1.481  762 
   54914.127200   47516.9024     941.4484   48403.5465     941.8227    0.6026  -82183.0506  -82259.7006 -119.585 -145.049  762 
   55126.494500    3250.8485     302.8112    3278.0170     303.7459    0.3325   -1405.2901   -1344.4526 -19.020 -16.225  762 
   55273.271900   -5859.1129     309.8495   -6126.7794     310.9708    0.6502   -1281.0090   -1227.7039 -8.082 -9.441  762 
   55536.299000    3576.7638     303.6127    3508.0015     304.3206    0.4436     324.7035     313.1135  4.817  2.592  762 
   55538.335900   -3595.5558     236.7288   -3786.0134     239.1203    0.5242     365.2001     339.1029  7.590  5.229  762 
   55540.344000   -6099.3146     439.3116   -6100.3256     439.6803    0.5294    -921.6728    -911.1609  0.308 -4.027  762 
   55679.254400   -6891.5074     239.2452   -7643.8367     241.8006    0.5412    -948.5828    -878.4420 -10.923 -11.358  762 
   55884.409900   -8648.4846     759.6840   -8684.3797     759.7599    0.5362     -68.5861     -68.1982 -0.714 -0.358  762 
   55889.436800   -5861.3136     285.7446   -6067.5955     286.8467    0.5822     802.1508     763.8111  5.276  7.699  762 
   55924.444500    5320.1124     221.7250    5740.5199     223.9643    0.5518    -627.3046    -582.9945 -6.981 -10.192  762 
   55925.375400    5815.0266     260.2529    6002.9917     261.3512    0.6514    -570.7195    -542.6973 -5.348 -5.815  762 
   55926.308900    1459.1437     217.9939    1483.9074     220.3270    0.1994    -377.8874    -349.1428 -4.561 -5.452  762 
   55927.351300   -1119.0171     259.3834   -1199.1526     260.8178    0.2653    -421.8412    -397.8479 -6.352 -4.613  762 
   55969.117000   -6541.0748     340.5567   -6550.3180     341.0618    0.6332     313.5815     304.5230  1.386  2.324  762 
   56045.161300    2760.0910     332.4320    2716.2952     333.0063    0.3381      64.4855      62.5288  0.656  0.630  762 
   56215.478000   -2250.6532     272.4650   -2392.0615     273.9424    0.1333    1417.5538    1333.7479 18.463 17.940  762 
   56217.471100   -7281.3852     642.5078   -7298.1593     642.7022    0.4391     644.5451     642.2508  1.612  2.395  762 
   56301.274100   -9439.9954     328.0736   -9592.6544     328.8580    0.8130     408.0306     394.8040  1.018  2.740  762 
   56301.282000   -9282.0255     358.2563   -9442.0657     358.8213    0.8246     308.1757     301.5219 -1.051  1.754  762 
