   54533.216400   83768.2116     425.2724   84734.3550     427.6410    0.9814    2934.2960    2768.2838 18.260 18.562  762 
   54534.350300   86976.7826     415.0336   88395.2273     417.8604    0.9833    4092.1571    3845.3320 15.374 26.004  762 
   54535.300800   82586.4995     385.6610   84904.3643     389.9044    0.9594    1055.8991     967.3440  6.503  7.912  762 
   54536.152700   81753.7875     393.3171   83570.8482     395.8288    0.9572    1944.0572    1818.9501 15.413 16.314  762 
   54537.404600   81422.0955     286.6159   89705.8975     297.6540    0.9232       0.0000       0.0000 -0.832  0.000  762 
   54538.192700   84517.5289     500.3934   85596.2026     502.2040    0.9757    3326.1612    3182.4003 18.601 18.955  762 
   54590.208000   80543.2526     314.3758   85275.8537     321.8342    0.9483    1107.3004     976.0637 12.472 13.250  762 
   54861.128800       0.0000       4.5897       0.0000       4.5897      -nan       0.0000       0.0000  5.418  0.000  762 
   54862.306200   78812.7288     599.0213   78777.0044     599.6976    0.9470  -12482.5084  -12307.6399 -45.374 -43.594  762 
   54912.160800   78378.2926     303.5704   81980.2127     307.3103    0.9016   -2270.9337   -2071.6352 -29.144 -27.803  762 
   54914.127200  145478.4840    1088.9026  145207.5620    1089.0211    0.6441 -185290.5005 -185065.6991 -334.631 -333.208  762 
   55126.494500       0.0000       3.2800       0.0000       3.2800      -nan       0.0000       0.0000 -0.309  0.000  762 
   55273.271900    -263.9846     419.2425    -407.9466     425.4210    0.1907   -1761.7548   -1585.8709 -12.308 -12.351  762 
   55536.299000    4980.4927     410.6394    5236.5171     415.3203    0.0999   -4249.6926   -3861.5420 -30.900 -30.912  762 
   55538.335900    6400.4208     328.6794    7912.0728     340.2613    0.4219   -1164.6974    -994.9915 -15.448 -15.050  762 
   55540.344000   16043.2267     330.9473    3247.9962     558.2380    0.0736  -16571.2019   -4455.9651 -37.807 -19.845  762 
   55679.254400   27099.6772     324.9822   28376.4874     335.3463    0.8728    -996.1670    -853.0925 -11.201 -11.352  762 
   55884.409900    3572.7969     828.8095    3368.1480     829.5246    0.1351   -5386.5820   -5270.7650 -30.585 -27.384  762 
   55889.436800    1482.8620     379.6551    1929.0126     385.7232    0.0041   -2112.9165   -1885.9672 -20.320 -19.005  762 
   55924.444500   -3787.9336     307.1052   -5482.1346     322.6831    0.2260    -314.1359    -260.1201 -5.491 -4.782  762 
   55925.375400   -9143.5546     361.3064  -10007.5963     369.8074    0.6838    -715.9833    -623.7345 -7.834 -6.765  762 
   55926.308900   -8233.8775     316.0708   -8852.0040     328.2455    0.6088    -109.5107     -92.2313 -0.829 -1.394  762 
   55927.351300   -7026.4081     357.6591   -7849.0927     366.3314    0.6144     -79.1776     -68.8867 -0.739 -0.793  762 
   55969.117000    5533.8962     430.3608    5348.6922     434.0726    0.2315   -2688.5912   -2478.6015 -18.635 -18.968  762 
   56045.161300   18260.2255     410.6403   18870.3821     415.2094    0.8203   -1892.3236   -1726.9896 -17.642 -17.913  762 
   56215.478000   47432.2161     354.1843   50260.5798     360.9204    0.9082    3289.3295    2913.5801 39.126 38.962  762 
   56217.471100   54191.5282     743.2661   54318.6242     743.8728    0.8706  -13345.1235  -13141.8854 -49.498 -48.650  762 
   56301.274100   59976.0384     428.0060   61586.9647     430.9360    0.9526    2471.6692    2312.1786 16.300 15.765  762 
   56301.282000   59412.7604     464.2914   60661.0891     466.3178    0.9517    1901.0194    1812.9725 10.960 10.307  762 
