   54533.216400  -21690.4407     451.2755  -22395.4366     458.6918    0.8671   -4676.4645   -4340.8681 -27.998 -26.557  762 
   54534.350300  -17067.0788     429.9254  -18825.2836     440.8745    0.5823   -2441.0885   -2211.8461 -15.825 -14.816  762 
   54535.300800  -21827.8238     413.0056  -23585.9566     425.8083    0.6993   -2556.1249   -2262.6731 -17.683 -17.097  762 
   54536.152700  -21225.8237     423.1947  -21981.6522     430.4280    0.6748   -1322.6839   -1213.2633 -10.298 -9.804  762 
   54537.404600  -14373.5076     311.4260  -15186.5310     328.1091    0.3300    -726.5022    -595.6817 -5.733 -9.613  762 
   54538.192700  -22998.5869     531.7847  -23266.0493     538.0141    0.8234   -4870.0855   -4575.6942 -24.862 -25.104  762 
   54590.208000   -7856.5736     336.4095   -7123.2927     350.7337    0.2127     981.3152     831.3437  8.410 10.326  762 
   54861.128800   -4305.9574     491.7825   -5032.2969     497.5526    0.2399   -3221.6078   -3023.8775 -15.402 -18.064  762 
   54862.306200  -10671.3050     588.5750  -11780.2225     591.8470    0.7705  -16547.8846  -16109.2459 -58.305 -58.070  762 
   54912.160800  -19281.5673     327.0835  -22093.0661     334.6722    0.5478    2467.5734    2204.5449 27.659 26.299  762 
   54914.127200  145294.6662    1058.5803  144265.8398    1058.9365    0.3021 -128801.0836 -128462.8839 -210.193 -225.093  762 
   55126.494500       0.0000       3.3134       0.0000       3.3134      -nan       0.0000       0.0000  0.000  0.000  762 
   55273.271900   -6135.2107     417.4107   -7786.9883     429.3212    0.4417   -2591.1774   -2296.4817 -17.910 -17.405  762 
   55536.299000   -8099.8524     397.7490  -10826.0348     408.2723    0.3939    -913.5600    -821.1132 -5.528 -6.725  762 
   55538.335900   -4318.2010     326.9052   -8120.9915     343.1616    0.2156    -469.1564    -391.3450 -7.129 -5.804  762 
   55540.344000    1143.5850     545.5832     372.3040     550.7862    0.3228   -6076.5325   -5782.7315 -27.120 -25.411  762 
   55679.254400    6970.0667     327.4677    6333.4658     342.0044    0.1817   -1215.3585   -1031.6954 -11.397 -12.734  762 
   55884.409900   10705.0691     820.9027   10795.2943     822.3710    0.5032    1986.0667    1938.5740  8.359 10.080  762 
   55889.436800    1112.4469     372.7997    1070.3868     383.4150    0.0845     103.9735      91.8750  0.254  0.917  762 
   55924.444500   -1271.3127     306.8422   -2050.7999     321.1727    0.1202    -312.5379    -260.6082 -5.282 -4.306  762 
   55925.375400    -395.2172     356.7780      63.4116     369.0169    0.0081      32.7131      28.3156  0.708  0.295  762 
   55926.308900     674.6441     299.8974     332.6762     313.5175    0.0236     102.7755      85.7169  1.765  1.327  762 
   55927.351300    2724.4591     348.9699    3518.8484     361.4426    0.2803     162.9638     140.7983  3.111  1.603  762 
   55969.117000    7011.7031     426.3426    8494.2335     433.2878    0.4792    2051.1120    1883.5980 12.525 14.045  762 
   56045.161300   -3413.3587     413.7709   -4204.8423     422.1296    0.1047    2591.6572    2340.3352 23.120 23.412  762 
   56215.478000     324.4397     357.7205     975.8890     368.7215    0.0952     309.7254     270.3852  5.233  3.510  762 
   56217.471100    6586.3104     732.9710    6329.4769     735.1428    0.1016   -8263.0812   -8064.8326 -30.459 -29.938  762 
   56301.274100   -2653.1813     429.3846   -3121.8952     439.0176    0.3360   -2423.9239   -2204.1030 -15.782 -15.241  762 
   56301.282000   -7624.5602     463.3208   -9298.8090     471.4330    0.6604   -3287.5331   -3043.9570 -17.556 -17.756  762 
