   54533.216400    3152.4425     377.9134    2438.5504     389.1561    0.3568    1414.6908    1197.8634  9.079  9.191  762 
   54534.350300    5548.2445     379.0337    4587.5818     390.5604    0.2673    -459.8814    -393.2661 -3.379 -2.669  762 
   54535.300800    8561.2598     347.4632    7888.1122     366.1811    0.4381     444.5748     352.2026  2.202  3.199  762 
   54536.152700     242.0759     365.5105     -87.3303     375.9400    0.0139     -79.0690     -66.9826 -2.995 -0.687  762 
   54537.404600   16645.2143     280.4002   10712.0660     315.1461    0.2489    -147.8432    -106.3067 -3.264 -2.153  762 
   54538.192700    1633.8317     442.8529    1571.8845     451.5172    0.0691    -941.0110    -830.9918 -4.973 -5.584  762 
   54590.208000    2792.7499     304.9236   -1123.3657     330.3876    0.0493    -372.2877    -277.6073 -4.184 -4.147  762 
   54861.128800  -28987.2046     424.7844  -30928.9379     434.4464    0.8740     808.1089     700.8294  4.054  5.197  762 
   54862.306200  -16224.9520     526.5267  -17039.1974     528.7958    0.7008   -2810.2830   -2718.3693 -4.350 -9.298  762 
   54912.160800  -21886.2277     295.8390  -27412.4076     311.1487    0.6259      -0.8312      -0.6683 -2.524 -0.010  762 
   54914.127200  105502.1337     875.1407  104868.3504     875.4826    0.8880  -37267.5779  -37097.4402 -68.144 -68.191  762 
   55126.494500    1111.1469     375.3783    1299.2123     389.1349    0.1957     342.9849     284.1499  3.954  3.400  762 
   55273.271900   -1764.6834     375.2713   -3683.9316     391.5724    0.2488    -539.2334    -439.2032 -3.235 -3.494  762 
   55536.299000   -4146.1088     379.7177   -4813.1472     391.0402    0.4112     500.9263     423.8388  3.816  3.291  762 
   55538.335900   -6831.2383     315.0025   -8572.0752     341.1552    0.4509     189.2881     143.9261  3.367  2.189  762 
   55540.344000   -1478.1693     481.6262   -2249.9179     487.6271    0.2747   -1442.7705   -1327.2894 -7.402 -5.968  762 
   55679.254400    1025.7420     304.6579   -4730.9229     331.9630    0.1365     357.1244     262.9783  3.619  3.759  762 
   55884.409900   16930.2915     795.6621   16478.6274     797.0341    0.7478     829.1387     802.9133  3.066  4.160  762 
   55889.436800    7009.1006     353.3562    6990.6389     366.6668    0.7242     784.6341     648.0136  6.424  6.456  762 
   55924.444500    7095.9638     287.0556    4482.9980     316.4810    0.1609    -121.3451     -88.6172 -0.064 -1.781  762 
   55925.375400    3823.0683     330.2812    3320.4354     348.6267    0.3344      73.4181      57.5914 -0.190  0.646  762 
   55926.308900     664.3743     303.5582    -437.0078     325.4669    0.0228     319.1698     244.0083  4.298  3.454  762 
   55927.351300    -378.5434     334.1339    -947.2624     351.5258    0.0903     285.3864     226.0690  2.092  2.590  762 
   55969.117000  -14346.8989     396.3609  -15273.1439     405.6200    0.8246    -285.2314    -246.1166 -2.772 -1.939  762 
   56045.161300   17205.8285     389.6604   17150.4082     399.8711    0.8109     696.5658     598.2833  4.850  6.272  762 
   56215.478000    4293.1536     346.8355    5349.1128     363.7495    0.2906    -943.7087    -753.6353 -9.785 -10.266  762 
   56217.471100   15413.4338     675.8010   15332.8480     677.5371    0.4363   -7773.2818   -7535.4462 -25.022 -27.821  762 
   56301.274100     209.4382     396.2262     644.1851     406.5629    0.0282    -491.5123    -424.7261 -2.356 -2.829  762 
   56301.282000    -923.9288     423.1698    -501.0569     430.6132    0.1873   -1199.2912   -1078.2988 -7.028 -5.923  762 
