   54533.216400    -917.8407     532.7148    -257.8487     544.2240    0.1197   -3473.2510   -2974.9252 -18.418 -19.942  762 
   54534.350300   -6640.7406     538.1171   -6411.6796     551.8726    0.2261   -1437.5371   -1218.5018 -7.673 -8.139  762 
   54535.300800   -2212.7108     511.3631   -2917.7358     528.4322    0.1052   -1954.1094   -1589.7465 -11.618 -12.860  762 
   54536.152700  -16237.1638     498.8125  -16006.3450     509.9156    0.5151     123.4120     104.2944  0.987  0.918  762 
   54537.404600    8529.2726     401.8906    3759.4710     428.7469    0.0376   -1625.6032   -1246.2636 -20.399 -21.737  762 
   54538.192700  -16419.0052     613.3073  -15798.5947     624.0862    0.6023   -2473.3689   -2175.2299 -12.443 -12.969  762 
   54590.208000    3417.4969     432.4052    3116.5964     452.7427    0.0347   -2115.9335   -1648.2828 -22.539 -21.671  762 
   54861.128800   -7910.5027     571.0414   -7996.6825     581.1078    0.3354      41.6372      36.3889  3.516  0.234  762 
   54862.306200   16376.2783     690.6567   14871.8596     695.9777    0.1352  -11910.4299  -11316.7484 -39.661 -39.690  762 
   54912.160800    8891.3744     389.9489    7684.2341     402.9658    0.3310     988.6858     808.1035 11.637 10.504  762 
   54914.127200  351868.7678    1097.5350  349377.3943    1098.5461    0.9600 -124991.8313 -124183.4073 -220.735 -218.766  762 
   55126.494500   15558.4964     487.2083   17376.4588     502.9409    0.6846     536.3974     436.8730  4.765  5.160  762 
   55273.271900   21361.3849     521.6302   20748.2712     537.4341    0.6995   -1046.7406    -860.7088 -6.755 -6.572  762 
   55536.299000   -4498.4695     505.0771   -5793.7976     519.2993    0.3276     772.1601     636.9956  5.100  5.169  762 
   55538.335900  -11061.8172     427.9130  -13025.9537     450.3487    0.6191    1987.1978    1542.4719 23.606 23.097  762 
   55540.344000    6428.9597     647.1711    4345.6359     656.5941    0.1071   -6869.9540   -6220.3446 -27.086 -27.441  762 
   55679.254400   24447.7508     427.0356   22556.8963     448.0876    0.4984     280.7133     216.8890  2.635  2.783  762 
   55884.409900   37556.4223     891.5524   36507.6545     894.7976    0.8684   -2915.3697   -2764.5179 -12.503 -14.402  762 
   55889.436800    8256.1943     477.0343    7245.5154     492.3760    0.5622    1693.3159    1375.4585 12.177 13.594  762 
   55924.444500   17028.6525     398.6851   17217.6421     422.1819    0.5639     431.9066     332.7337  5.469  5.736  762 
   55925.375400    8660.0375     458.8849    8975.7994     476.1380    0.6819    -320.8191    -254.2162 -3.370 -2.695  762 
   55926.308900    4167.9023     408.2431    4039.2390     431.0790    0.3721      19.4836      14.9892 -0.114  0.223  762 
   55927.351300    2789.2860     454.9461    1741.7050     472.7669    0.1246    -430.5671    -340.5609 -3.588 -3.862  762 
   55969.117000   17500.5699     518.9933   17285.2343     529.8066    0.6660     283.3443     241.1816  1.245  1.834  762 
   56045.161300   -8345.3238     509.2382  -10515.8705     522.1925    0.3459    -415.0056    -347.6634 -2.790 -3.453  762 
   56215.478000   -5715.2092     465.7803   -4614.8148     484.3735    0.2058   -1391.3439   -1102.1470 -14.557 -14.532  762 
   56217.471100   19935.5079     820.4598   19018.6432     825.0959    0.1589  -23362.7982  -22214.9577 -80.265 -82.519  762 
   56301.274100    2201.0827     540.1752    2928.4552     553.3851    0.0684   -4898.9876   -4155.7804 -29.679 -28.436  762 
   56301.282000    3795.0301     571.3624    4514.1180     582.2280    0.0856   -6691.1418   -5885.1679 -33.819 -33.762  762 
