   54533.216400    3556.9875     339.7953    3652.6903     340.5200    0.3949    -320.3259    -307.5428  6.066 -2.066  762 
   54534.350300    5416.3677     322.2561    5404.7141     323.2701    0.6430     276.7879     264.0144 10.085  1.755  762 
   54535.300800    5773.6556     294.4938    5746.3647     296.1639    0.6356     255.6267     238.9783 11.325  1.935  762 
   54536.152700    3256.6796     330.3000    3306.4263     331.0341    0.4644     967.0174     925.9857 15.062  8.179  762 
   54537.404600    6299.3491     222.3265    6164.3651     226.7620    0.6097    -267.4616    -238.7348 10.654 -4.238  762 
   54538.192700    5793.0453     410.6832    5802.8957     411.2381    0.7035     507.3799     492.4868 10.669  2.931  762 
   54590.208000    5741.4691     246.2345    5859.4039     248.9126    0.6310   -1040.5037    -948.1464 -2.164 -12.594  762 
   54861.128800     421.7793     390.8720     119.9417     391.5132    0.0830   -1640.2525   -1587.5687 -4.065 -10.220  762 
   54862.306200     517.1571     484.1334     348.7915     484.3322    0.2162   -4149.4095   -4113.4136 -13.242 -14.380  762 
   54912.160800    -437.8186     257.6598    -344.5917     258.8285    0.0774    -351.3289    -331.0490  1.328 -4.364  762 
   54914.127200   20363.9912     920.9576   20139.6180     921.0221    0.7213  -47713.8189  -47673.2390 -83.728 -84.403  762 
   55126.494500   -2803.6088     313.9272   -2945.3369     315.5479    0.4902    -194.5263    -182.3101 -0.693 -2.167  762 
   55273.271900      86.4178     315.9994      55.8616     317.5605    0.0146      44.6264      41.9256  1.864  0.319  762 
   55536.299000    8899.9213     311.6104    8788.2135     312.7054    0.7846    2975.7405    2818.8966 24.304 22.828  762 
   55538.335900    5446.2137     244.6036    5778.7447     247.5030    0.6709    1433.9895    1311.2252 21.124 19.830  762 
   55540.344000    6570.7752     438.7620    6487.8437     439.1893    0.4120   -1723.2983   -1687.4014 -7.637 -7.413  762 
   55679.254400   -3202.9558     246.9690   -3483.9672     250.3032    0.3360      -0.6622      -0.5965  2.260 -0.008  762 
   55884.409900   -2250.1334     763.4469   -2329.9520     763.5600    0.3333   -2581.4019   -2558.3721 -12.020 -13.250  762 
   55889.436800   -3982.2702     295.0563   -4051.2189     296.6163    0.4111     703.1008     657.4759  6.445  6.503  762 
   55924.444500   -2933.7557     233.5220   -3417.0302     237.5400    0.4198    -100.6002     -90.1514 -1.455 -1.581  762 
   55925.375400   -2524.6322     272.1515   -2707.4584     274.3143    0.4980    -826.5484    -761.1027 -8.493 -8.102  762 
   55926.308900   -4739.7582     232.9245   -5035.8654     236.4077    0.7314    -133.7208    -120.1877 -2.454 -1.804  762 
   55927.351300   -3872.5584     270.9290   -4178.6169     273.2166    0.6494    -755.0736    -694.3739 -7.623 -7.899  762 
   55969.117000    3593.6539     344.4610    3485.9914     345.2167    0.3587    -309.4094    -296.4801 -0.993 -2.249  762 
   56045.161300   -2845.1746     342.6685   -2977.2200     343.6868    0.4079    -721.3892    -687.1203 -5.311 -6.840  762 
   56215.478000    7491.9032     279.8070    7890.0919     281.5162    0.6762     -50.9054     -47.3553 -0.717 -0.630  762 
   56217.471100   10537.6189     640.0374   10478.8420     640.1577    0.4726   -3854.0793   -3823.7687 -13.555 -14.148  762 
   56301.274100   -5572.9826     336.4832   -5669.7231     337.6126    0.7988   -1741.1216   -1655.5833 -11.649 -11.265  762 
   56301.282000   -5984.1869     365.9636   -6007.4582     366.6946    0.7539   -2671.5626   -2578.5898 -15.504 -14.667  762 
