   54533.216400   -1306.7247     271.3189   -1267.8672     272.1102    0.3864   -2301.8606   -2206.8640 -18.732 -18.378  762 
   54534.350300       0.0000       4.4251       0.0000       4.4251      -nan       0.0000       0.0000  0.000  0.000  762 
   54535.300800       0.0000       3.6504       0.0000       3.6504      -nan       0.0000       0.0000  0.000  0.000  762 
   54536.152700    1728.4888     269.2892    1725.9849     269.9551    0.0375   -2120.2864   -2049.2674 -21.415 -22.806  762 
   54537.404600   -5043.5306     175.1916   -4761.8454     178.7705    0.4757    -903.9825    -824.8068 -17.630 -18.080  762 
   54538.192700   -1880.5215     334.9803   -1867.3935     335.5353    0.6255   -5743.3818   -5571.5607 -40.166 -40.195  762 
   54590.208000   -1593.4648     195.9760   -1426.8938     198.2283    0.2687    -759.6576    -705.4683 -12.082 -11.219  762 
   54861.128800    1311.4344     318.0543    1312.3506     318.5754    0.1872     818.0440     793.8521  4.956  6.356  762 
   54862.306200    2692.0664     435.6267    2537.0444     435.7704    0.1399    -565.8836    -561.5741 -1.690 -1.880  762 
   54912.160800   -1417.5938     209.2251   -1424.5084     210.2493    0.1706    3486.5210    3338.4572 57.042 56.425  762 
   54914.127200   29379.4606     778.4736   29212.7067     778.5122    0.8092    1284.7902    1283.1195  1.925  2.394  762 
   55126.494500     979.4815     281.0491     927.8151     281.8886    0.0550   -1266.4503   -1218.6519 -14.651 -14.610  762 
   55273.271900    -570.2078     264.4301    -700.7363     265.6752    0.1372    -139.3540    -132.1439 -1.074 -1.064  762 
   55536.299000    5718.8747     283.1939    5734.8536     283.7623    0.6767    2076.3705    2005.5012 16.046 15.233  762 
   55538.335900    1854.0764     211.1608    1833.9399     213.3753    0.3637     634.1219     598.1965  9.542  9.132  762 
   55540.344000    5595.2808     381.5235    5594.5427     381.8008    0.6542    1941.6513    1906.1029  9.855  8.599  762 
   55679.254400   -2477.6195     197.0953   -2304.0229     199.4548    0.1776     648.0247     597.7412  8.310  8.969  762 
   55884.409900    1070.7449     744.0398    1045.8308     744.0872    0.5874    9477.5643    9422.9515 46.757 48.551  762 
   55889.436800   -2805.3142     259.9497   -2982.7297     260.9324    0.3926     113.1948     108.2374  0.958  1.070  762 
   55924.444500       0.0000       2.4306       0.0000       2.4306      -nan       0.0000       0.0000  0.000  0.000  762 
   55925.375400    1193.3745     225.7460    1248.2924     227.2040    0.2994     355.7638     335.7220  4.717  3.850  762 
   55926.308900   -1051.0506     205.5415   -1334.5727     207.4315    0.1950     341.5452     320.0145  4.677  4.370  762 
   55927.351300    -192.5469     233.1182    -197.8648     234.4106    0.0081     166.6379     158.0482  1.103  1.808  762 
   55969.117000    1824.5956     302.5945    1867.7102     303.0658    0.5449    2924.3669    2838.3174 22.855 22.707  762 
   56045.161300   -3398.7718     306.9078   -3522.9528     307.5386    0.3629     698.3106     675.7415  8.524  7.141  762 
   56215.478000    -679.7503     246.6384    -646.5074     247.8768    0.2469   -1266.2196   -1205.5083 -17.504 -16.629  762 
   56217.471100    2508.9661     603.3120    2455.7265     603.3930    0.0848   -1373.4126   -1364.0475 -5.423 -5.014  762 
   56301.274100      52.3234     296.5523       5.0880     297.2396    0.5161   -3512.7205   -3388.4002 -21.939 -22.146  762 
   56301.282000    -203.6526     327.6912    -221.6173     328.1553    0.6508   -5169.5123   -5032.5108 -27.202 -26.903  762 
