   54533.216400    2719.3515     356.5864    2610.7472     357.6775    0.4842    2365.8498    2257.4126 15.356 15.112  762 
   54534.350300     535.4602     339.2966     353.1862     340.8482    0.2967    2091.3823    1978.4078 12.003 13.345  762 
   54535.300800    1183.3064     313.0214     931.1616     315.5213    0.2900    1560.9207    1442.7191  9.937 11.728  762 
   54536.152700    2288.4965     342.8063    2428.7689     343.8917    0.3237     977.5872     930.2454  7.647  8.239  762 
   54537.404600   -1525.3105     238.9139   -2028.0978     245.6858    0.2005     540.4520     468.7715 10.355  8.291  762 
   54538.192700    -495.4847     429.4199    -480.8695     430.2371    0.3518    3193.5950    3084.5316 18.049 18.369  762 
   54590.208000    -212.2953     261.2630    -235.7049     265.4386    0.0983     961.9638     858.8264 11.477 11.447  762 
   54861.128800    -471.0222     404.8116    -642.7816     405.6438    0.1166   -1191.4277   -1147.6854 -7.180 -7.423  762 
   54862.306200    3695.6067     503.8526    3500.8791     504.0567    0.0069   -3660.5420   -3624.5352 -12.471 -12.814  762 
   54912.160800    1492.9973     267.4487    1517.3478     269.1877    0.1719   -3853.7234   -3592.6923 -48.429 -47.299  762 
   54914.127200   28024.7659     946.5616   27869.0607     946.5973    0.8068  -60094.0856  -60044.4472 -106.311 -106.636  762 
   55126.494500      45.3718     325.1579      91.9850     327.4195    0.0220      36.3496      33.7628 -0.453  0.403  762 
   55273.271900     -76.9965     330.9065     -34.2000     333.0469    0.0400    -253.2642    -236.0539 -2.035 -1.825  762 
   55536.299000     285.3747     328.4698     263.2467     330.1456    0.1248   -1324.4597   -1244.0605 -10.767 -10.109  762 
   55538.335900     681.3034     258.7749     942.7701     263.3286    0.1538      -4.4232      -3.9813 -0.331 -0.060  762 
   55540.344000    1738.3590     458.1852    1529.9702     458.7919    0.2555   -4493.5210   -4379.0769 -20.530 -19.452  762 
   55679.254400    -410.3567     259.1370    -190.2927     263.4573    0.0316     -32.7452     -29.0735 -3.393 -0.379  762 
   55884.409900    1897.1329     773.6395    1866.9543     773.7790    0.3582   -6935.9212   -6864.3031 -35.063 -35.905  762 
   55889.436800      63.9636     306.1605      22.9737     308.3234    0.0891    -671.6153    -623.3084 -5.372 -6.247  762 
   55924.444500   -1493.2461     244.2373   -1507.9992     249.7466    0.2067    -134.0424    -117.9352 -2.870 -2.092  762 
   55925.375400   -1057.1697     284.4588   -1024.6974     287.4091    0.2705    -644.1936    -587.6614 -6.081 -6.313  762 
   55926.308900    1092.5366     242.7909    1100.1065     247.4617    0.1881    -205.9262    -183.3295 -2.628 -2.775  762 
   55927.351300    1690.3732     281.6411    1695.9811     284.6112    0.1975    -579.9581    -529.4866 -5.908 -6.076  762 
   55969.117000    1114.5212     357.4935     901.6749     358.6604    0.0203   -1164.5655   -1108.6973 -8.125 -8.486  762 
   56045.161300    1279.1808     350.8160    1399.8282     352.2180    0.0877    -769.1297    -727.2747 -7.942 -7.380  762 
   56215.478000    -813.9298     294.2457   -1167.4602     297.5466    0.0702    1967.4644    1794.7266 23.479 23.939  762 
   56217.471100    2026.2654     659.1717    1897.3334     659.3549    0.0928    -385.8716    -382.0543  0.436 -1.422  762 
   56301.274100     682.6800     349.2131     673.1261     350.6300    0.4713    2192.5591    2079.0013 12.446 14.294  762 
   56301.282000    1969.3492     379.5340    2008.4273     380.4175    0.6123    2114.5687    2037.9123 12.630 11.732  762 
