   54533.216400    -519.7439     375.0702    -543.2582     376.5397    0.1966   -1612.7095   -1537.3791 -9.820 -10.103  762 
   54534.350300    2449.5100     359.8595    2262.6316     362.0257    0.1352    -969.5694    -916.9639 -5.623 -6.073  762 
   54535.300800    4255.5895     331.9233    3794.7022     335.1782    0.3159    -344.4696    -319.5032 -1.952 -2.538  762 
   54536.152700    3993.9407     357.8901    4197.1519     359.2496    0.3488    -427.2872    -406.4229 -2.298 -3.504  762 
   54537.404600    7666.9043     250.7337    6938.5583     257.5007    0.3001    -534.9452    -473.0132 -6.861 -8.095  762 
   54538.192700    3603.5132     448.0286    3597.1403     449.2608    0.3265    -827.7837    -798.3799 -4.396 -4.662  762 
   54590.208000    7218.9251     274.8317    6992.9371     279.3262    0.4135    -816.4354    -737.8342 -9.714 -9.554  762 
   54861.128800    3009.3240     422.3515    3028.5242     423.5202    0.1789    -534.3570    -514.2133 -1.594 -3.249  762 
   54862.306200   14158.2708     521.6380   13889.9967     522.3128    0.3992   -5190.6020   -5123.5435 -15.531 -17.963  762 
   54912.160800    5607.1590     278.1610    5526.3847     280.1581    0.4540    -288.7950    -269.6330 -1.467 -3.436  762 
   54914.127200  112466.9381     960.7785  112386.3828     960.9369    0.9317  -44928.4165  -44866.3491 -73.367 -79.082  762 
   55126.494500   -3512.3115     340.2182   -3790.5768     342.9998    0.4288      14.6399      13.5632  0.101  0.159  762 
   55273.271900    3825.1401     349.6088    3583.1181     352.4801    0.3124    -526.5642    -491.1313 -2.765 -3.713  762 
   55536.299000    1774.3409     343.2396    1946.8791     345.2502    0.3294     779.3586     730.3318  6.857  5.889  762 
   55538.335900    1421.5910     273.4583    1681.5582     278.3844    0.2651     611.9162     549.8448  7.334  8.171  762 
   55540.344000    7617.4175     477.1361    7434.0620     478.2005    0.5228    -461.1784    -448.3334 -3.675 -1.962  762 
   55679.254400    3575.1492     273.8942    2801.8469     279.0263    0.1654    -111.0691     -99.5077 -2.406 -1.260  762 
   55884.409900    3959.5893     783.7772    3875.3287     784.0179    0.1245   -2231.9055   -2205.9988 -12.436 -11.385  762 
   55889.436800    5052.2338     320.3065    5048.1885     322.8421    0.6101     648.9721     603.8424  6.404  5.924  762 
   55924.444500    1683.6769     259.3185     956.8683     265.5191    0.0961     159.5180     140.9374  3.182  2.390  762 
   55925.375400    -265.6482     300.5792    -355.4397     304.0364    0.1316    -474.7156    -433.5013 -4.646 -4.548  762 
   55926.308900    -611.7383     257.8872    -930.6814     263.2376    0.1146     287.8726     255.3917  2.313  3.789  762 
   55927.351300    -372.7331     297.5875    -635.7808     301.3376    0.1482    -232.9974    -212.3263 -3.137 -2.390  762 
   55969.117000    1908.0250     372.7961    1971.2326     374.2563    0.2531     578.3048     549.6719  4.816  4.129  762 
   56045.161300    2627.1674     365.8663    2350.7613     367.7391    0.2042     -78.7147     -74.4490 -0.085 -0.734  762 
   56215.478000    -474.6722     309.5416    -200.5707     312.8433    0.0149      79.7346      72.8006  1.271  0.950  762 
   56217.471100    8528.5212     673.4796    8422.0674     673.9111    0.4071   -1993.4724   -1969.6178 -9.547 -7.278  762 
   56301.274100    -325.6599     368.3587    -222.3827     370.3796    0.1146    -614.9661    -582.1855 -2.995 -3.953  762 
   56301.282000    -993.3115     399.7521    -921.2877     401.2818    0.2403    -801.0144    -769.3728 -5.194 -4.383  762 
