   54533.216400   -1781.6436     319.1440   -1580.3862     321.0920    0.2081    -936.3402    -874.8561 -7.347 -5.828  762 
   54534.350300     424.4851     296.4411     658.2352     299.2337    0.0726   -1337.4459   -1230.8149 -7.435 -8.144  762 
   54535.300800     313.6402     273.8154     514.3793     278.5458    0.0865     312.6226     277.9795  1.398  2.225  762 
   54536.152700    2851.9932     319.3752    3136.5446     321.1638    0.3286     254.3251     237.9640  1.947  2.067  762 
   54537.404600    3907.3336     217.4519    2996.4999     229.6793    0.2261       6.0033       4.9232  1.966  0.087  762 
   54538.192700    2384.0091     387.2141    2406.6695     388.6637    0.2450    -360.2808    -343.1351 -0.608 -2.023  762 
   54590.208000     825.2969     238.7593     823.7752     246.4540    0.1124     101.8456      86.6220  1.343  1.135  762 
   54861.128800    2308.8725     372.3059    2197.4424     373.6280    0.0588   -1332.0843   -1267.8576 -10.510 -8.013  762 
   54862.306200    4609.5791     435.2982    4250.1402     435.7620    0.1367   -1814.7309   -1786.6946 -4.519 -6.238  762 
   54912.160800    2243.6413     253.5197    2203.9175     256.6075    0.1396    -554.4640    -504.1592 -7.677 -6.547  762 
   54914.127200   34705.8019     834.7635   34504.7589     834.8248    0.8149     619.3469     618.5038  1.561  1.083  762 
   55126.494500    -403.3216     303.6888    -447.1781     307.7904    0.1899   -1168.5291   -1052.9246 -12.767 -12.592  762 
   55273.271900    1515.1857     293.6551    1373.0070     297.8864    0.0713   -1019.9079    -917.3835 -7.353 -6.928  762 
   55536.299000    1115.6820     294.0884    1098.4329     297.3093    0.1156    -255.3787    -232.0260 -2.034 -1.906  762 
   55538.335900     398.1858     238.0585    -290.6803     247.1047    0.0811    -232.2863    -198.1489 -5.848 -3.020  762 
   55540.344000    4772.3115     400.9569    4857.3891     401.9813    0.4516     -82.6534     -79.7555  0.420 -0.349  762 
   55679.254400    4270.2480     235.3147    3860.6186     243.8445    0.3109    -847.4235    -717.4061 -7.212 -9.178  762 
   55884.409900    5830.3012     745.2684    5764.1282     745.4773    0.3073   -2161.4360   -2133.8457 -9.188 -11.077  762 
   55889.436800     467.1325     280.5583     293.1145     284.6100    0.0485      -6.9548      -6.2349  0.835 -0.062  762 
   55924.444500    1524.5735     228.8319    2200.0146     238.0253    0.2342    -176.1841    -148.2308 -0.911 -2.540  762 
   55925.375400     478.7736     258.1627     536.0371     263.6628    0.0917     -80.9818     -70.7859 -0.835 -0.748  762 
   55926.308900    -323.4648     221.8596    -751.6730     231.1447    0.1457    -171.5075    -143.5151 -0.915 -2.185  762 
   55927.351300     206.4522     257.1957     302.0177     262.8522    0.0589     -18.0853     -15.8125 -1.221 -0.180  762 
   55969.117000    1907.9373     327.7795    2072.9071     329.6607    0.2928      77.5327      72.4442  0.254  0.548  762 
   56045.161300    1974.0863     332.4699    1596.2421     334.9516    0.1329    -455.8545    -423.3173 -3.951 -4.144  762 
   56215.478000     727.8045     273.7149    1041.8159     279.1291    0.1621     532.4323     467.2779  4.623  6.237  762 
   56217.471100    1666.1691     603.1761    1564.6716     603.4811    0.4901    6086.8779    6007.0456 22.001 22.274  762 
   56301.274100    -645.0479     309.0506    -854.2347     311.9638    0.1260     255.8317     235.1633  0.949  1.609  762 
   56301.282000     550.1284     331.9224     430.4513     333.7965    0.0429    -227.7924    -214.6531 -1.306 -1.230  762 
