   54533.216400    5427.0265     382.4481    5387.8738     383.7084    0.5228     384.6360     368.3485  2.630  2.418  762 
   54534.350300    -611.2723     366.9558    -776.9965     368.8426    0.0148     676.1693     640.6504  3.470  4.319  762 
   54535.300800   13723.9961     336.9766   13800.5588     339.0246    0.8844     320.0433     300.1490  2.664  2.406  762 
   54536.152700    3713.8333     362.5258    3711.4996     363.5911    0.3577      46.3903      44.2929  0.346  0.385  762 
   54537.404600    4515.7679     250.7922    4443.7678     255.5565    0.3271      40.4686      36.5455 -0.974  0.647  762 
   54538.192700    8451.6559     456.6569    8465.3826     457.6867    0.7654     636.0196     614.6184  2.274  3.589  762 
   54590.208000   13708.3872     274.1081   14296.3090     276.8134    0.8807     629.8619     581.1122  6.981  7.719  762 
   54861.128800    -276.2294     429.8859    -505.7131     430.9203    0.2104   -2582.0376   -2487.1235 -11.747 -15.761  762 
   54862.306200   18039.0453     529.5626   17704.7870     530.3189    0.4105   -8413.6075   -8299.0501 -29.024 -29.476  762 
   54912.160800   12117.3928     276.8279   12284.1573     278.0572    0.6912   -2085.3005   -1970.7253 -24.889 -25.683  762 
   54914.127200  107055.9662     973.3861  106907.6337     973.5374    0.7741  -74062.3410  -73969.3700 -131.560 -131.129  762 
   55126.494500    8600.3818     336.7611    8848.1199     338.4618    0.7236    -848.2176    -798.1210 -10.776 -9.645  762 
   55273.271900    4840.5118     354.0137    4781.7704     356.0299    0.3870   -1366.1889   -1282.1068 -8.821 -9.902  762 
   55536.299000    -622.4373     347.3967    -771.0318     349.1049    0.0173     667.0057     627.6354  2.752  5.172  762 
   55538.335900   -2588.2360     273.1158   -2785.3777     276.8770    0.3434     366.2676     333.9553  3.227  5.162  762 
   55540.344000    8380.3182     485.3143    8133.5366     486.3634    0.3344   -4204.6201   -4086.3927 -19.037 -18.093  762 
   55679.254400    1240.2559     275.2146     879.9181     278.7252    0.0125    -804.8601    -732.1452 -10.779 -9.564  762 
   55884.409900   18838.0597     782.5997   18726.6558     782.8073    0.7631   -3336.6858   -3299.4349 -17.080 -17.281  762 
   55889.436800    3684.1357     322.4988    3622.1480     324.3749    0.4844     186.9924     174.9861 -0.414  1.769  762 
   55924.444500    3958.7480     255.3164    4102.0308     259.4027    0.4268    -139.8517    -126.6420 -3.981 -2.252  762 
   55925.375400   -2218.7992     303.2312   -2300.5843     305.7229    0.4853    -793.4600    -731.6987 -8.460 -7.885  762 
   55926.308900    7448.3072     253.7437    7912.1758     257.0505    0.7290    -386.6214    -351.7260 -4.162 -5.489  762 
   55927.351300    1774.3863     298.2127    1566.7463     300.7945    0.1704    -668.9110    -616.6994 -7.607 -7.169  762 
   55969.117000    2057.0451     376.4653    1993.7404     377.6650    0.2644     142.0690     135.4345  1.577  1.035  762 
   56045.161300      95.0488     365.7023     -21.9858     367.0482    0.0208    -181.7133    -172.6411 -1.190 -1.757  762 
   56215.478000   -3630.4632     309.4921   -3565.5219     312.0816    0.2004    2013.6933    1857.8719 23.803 25.063  762 
   56217.471100    6093.9366     680.1521    5961.2175     680.5997    0.2686    -899.7611    -888.3758 -3.229 -3.309  762 
   56301.274100    1279.0099     373.6070    1298.2701     375.2472    0.2980     353.3871     334.9476  2.289  2.319  762 
   56301.282000    1142.3737     406.0140    1069.1243     407.3978    0.1782      11.9185      11.4336  0.885  0.066  762 
