   54533.217500    -496.6013     117.2132    -610.0168     118.4900    0.2180    -425.1290    -403.1220 -1.253 -1.681  762 
   54534.351500    1129.7781     114.6448     804.6910     116.4156    0.1225    -236.2691    -223.6004 -1.692 -1.042  762 
   54535.302200     319.1786     102.6286      54.0987     105.5087    0.0031     -71.4616     -64.9259 -0.270 -0.349  762 
   54536.153800    -645.6337     120.6165    -949.7594     121.7052    0.2012    -208.0510    -197.6153 -1.461 -0.982  762 
   54537.405900   -2631.0945     103.2204   -2718.7687     106.3823    0.3986      10.0593       8.7592 -0.167  0.065  762 
   54538.193800      30.8858     177.1937    -292.2958     177.8894    0.0518     -25.3526     -24.6904 -0.176 -0.109  762 
   54590.208800   -2038.6356      89.8641   -2224.6446      93.8668    0.5092     144.0453     122.6131  0.516  1.010  762 
   54792.430900     220.8163      98.3160      38.1181      98.9588    0.0819     437.3663     417.9716  1.835  3.182  762 
   54793.510600    -460.8134     113.6898    -569.7535     116.3364    0.1944     -40.2500     -36.2690 -0.383 -0.249  762 
   54794.490600    -894.5446     123.7906    -921.3573     125.8927    0.2380    -185.7988    -169.4164 -1.486 -1.186  762 
   54860.202700    -969.8611      99.6266   -1165.6857     102.7973    0.2486      60.9849      53.5667  0.206  0.415  762 
   54861.129900     643.2538     114.5529     172.7339     115.8133    0.0102    -272.1637    -256.7220 -1.843 -1.669  762 
   54912.161700    -778.7810      89.0457    -728.0317      92.4028    0.2045    -131.9972    -115.3644 -0.872 -0.974  762 
   55126.499300    -482.5556      94.5199    -638.5649      98.0952    0.2461     -88.5714     -78.0052 -0.804 -0.797  762 
   55208.320800    -208.4270      68.8447    -183.2285      76.6271    0.0587      19.9343      16.5648  0.000  0.257  762 
   55273.273000    -707.1811      99.5095    -764.5470     103.1994    0.1959      89.4316      77.6352  0.704  0.541  762 
   55536.300000   -1822.2934      82.8211   -1998.6273      87.4076    0.4043      -3.5329      -3.0419 -0.243 -0.035  762 
   55538.337000    -329.2565      68.2392    -480.4283      75.9600    0.1536     -83.2094     -73.4868 -1.327 -1.299  762 
   55540.344900     440.6835     137.8859     137.0189     139.4014    0.0024    -156.5730    -148.7860 -0.418 -0.641  762 
   55599.209300    -953.5957     116.3544   -1148.7096     118.0535    0.2689     102.9750      96.4098  0.317  0.411  762 
   55603.167400   -1087.9055     177.7026   -1195.5539     178.2976    0.1746      45.9446      44.2459 -0.234  0.258  762 
   55679.255600   -1151.9152      93.8014   -1164.3536      97.5650    0.2684     188.1483     163.0280  1.520  1.536  762 
   55924.445900     564.8387      61.9732     242.6498      73.6107    0.0321     -35.8914     -31.8663 -0.751 -0.752  762 
   55925.376900     290.2613      95.4477      96.0919     100.4708    0.0108    -152.8963    -130.9998 -1.129 -1.287  762 
   55926.310300     287.7190      58.0240     367.5927      68.2440    0.0719      -2.5078      -2.1787 -0.150 -0.046  762 
   55927.352700     615.0318      95.4832     508.9982     100.1382    0.1847       9.2617       8.0946 -0.384  0.087  762 
   55969.118500    -526.1119      92.3148    -585.5932      95.2260    0.1489     121.7709     108.1929  0.458  0.773  762 
   56045.163000    -700.4346     123.6303    -623.3063     126.0464    0.3419     -12.8706     -11.8151 -0.245 -0.132  762 
   56215.481000    1091.5220      84.5908    1162.6454      90.2482    0.2894     -63.2158     -56.3092 -0.096 -0.803  762 
   56217.473300    -107.5027     155.9646    -175.1777     157.1259    0.0178     257.8262     247.0398  1.830  1.006  762 
   56301.279200    -694.3146     114.4945    -810.3920     117.7285    0.3090     -36.8273     -32.9453 -0.322 -0.191  762 
