   54533.217500     389.5387     136.2532     214.4694     137.0788    0.0132    -287.0569    -271.7702 -0.745 -1.168  762 
   54534.351500    1203.9851     134.0569     827.6387     135.2260    0.1469     -49.4347     -46.4908  0.276 -0.217  762 
   54535.302200     657.6722     122.2561     355.5529     123.8606    0.0646     -84.3721     -77.1751 -0.697 -0.425  762 
   54536.153800    -999.0784     129.5274   -1081.4105     130.2760    0.3040    -472.2612    -444.9122 -2.971 -2.365  762 
   54537.405900    1239.5508     112.8501    1266.8088     114.3078    0.2276    -420.8970    -380.2980 -4.291 -2.973  762 
   54538.193800    -524.9386     179.7115    -673.1857     180.2045    0.1917    -257.2220    -247.7494 -1.336 -1.194  762 
   54590.208800    -277.5697     102.9377    -475.8237     104.9957    0.2043    -106.5390     -92.7034 -1.020 -0.809  762 
   54792.430900     -20.8478     103.5591     -70.8161     103.9192    0.0405     309.3450     292.2575  1.919  2.316  762 
   54793.510600     572.3216     130.0100     443.3828     131.4847    0.0921    -112.7328    -102.1176 -0.848 -0.695  762 
   54794.490600     536.7605     137.3758     556.6779     138.4488    0.0013    -609.7531    -561.2768 -3.197 -3.980  762 
   54860.202700    -983.3160     114.9501   -1118.4544     116.5164    0.3419    -231.5132    -206.5524 -1.873 -1.606  762 
   54861.129900    -706.5635     124.9871    -940.2450     125.7659    0.3805   -1361.7988   -1266.0413 -7.064 -8.700  762 
   54912.161700     812.9697     105.1029     823.5345     106.5233    0.1812    -262.7932    -232.7775 -1.952 -1.948  762 
   55126.499300     -91.7898     108.3205    -183.8173     110.1900    0.1128     -96.7238     -85.0513 -0.560 -0.874  762 
   55208.320800     269.4692      85.2722      26.7328      89.5969    0.1463    -483.9392    -399.7403 -6.004 -6.232  762 
   55273.273000    -221.8227     117.1283    -419.8910     119.0725    0.2637    -554.2402    -489.7340 -3.327 -3.452  762 
   55536.300000   -1464.4805      98.4741   -1661.4024     100.7209    0.4177    -448.9879    -380.3295 -4.978 -4.359  762 
   55538.337000    -437.6593      86.7792    -920.7260      91.8462    0.2541     -91.6174     -75.4761 -0.322 -1.357  762 
   55540.344900     409.3167     156.9221     275.4301     157.7901    0.0900    -757.4081    -717.8613 -3.509 -3.142  762 
   55599.209300    -126.1957     134.6430    -257.5406     135.6460    0.2706    -823.1409    -772.5360 -3.527 -3.432  762 
   55603.167400     568.3676     185.8414     529.5011     186.1959    0.0518    -250.2133    -241.0470 -1.712 -1.436  762 
   55679.255600     548.7205     107.4718     460.4996     109.5307    0.0712    -218.4324    -191.0055 -3.371 -1.818  762 
   55924.445900     853.3697      79.1745     -52.5679      88.8071    0.0027      80.7667      68.5672  1.306  1.647  762 
   55925.376900     -11.4104     112.6669    -152.2906     115.2088    0.0509      19.3225      16.6289 -0.033  0.165  762 
   55926.310300     302.1388      78.9081    -243.3863      86.4399    0.0354      90.1582      72.7834  0.718  1.567  762 
   55927.352700     408.0782     112.2343     420.2491     114.5949    0.1133    -101.8320     -88.4801 -0.301 -0.948  762 
   55969.118500    -779.6789     110.0869    -868.9826     111.5631    0.4277    -958.2582    -853.4010 -6.290 -6.115  762 
   56045.163000    -704.2150     135.6421    -791.8762     137.3199    0.3013     131.1788     118.7491  0.172  1.338  762 
   56215.481000   -1029.6071     105.5083   -1289.0605     109.0701    0.4106      13.4205      11.2920 -0.278  0.161  762 
   56217.473300      65.0276     180.5479     -63.5285     181.2785    0.3423   -1902.8690   -1821.4232 -8.586 -7.378  762 
   56301.279200    -194.1377     136.8291    -211.4202     138.3647    0.2818    -687.2423    -622.9021 -4.051 -3.603  762 
