   54533.217500    2137.7808     115.1265    1988.3208     116.0107    0.4815     412.1912     388.9363  1.020  1.698  762 
   54534.351500    2724.3909     113.5771    2623.0044     114.5722    0.4790     -52.6969     -49.1469 -0.466 -0.236  762 
   54535.302200    2521.8303     103.0957    2361.2042     104.8154    0.4596    -339.7570    -305.3476 -1.894 -1.721  762 
   54536.153800    3991.3507     111.1390    3998.5050     111.7359    0.6378     -64.1752     -60.8042  0.308 -0.337  762 
   54537.405900     -46.4452     105.4909    -437.4672     108.1031    0.0611     171.4719     148.0044  1.045  1.097  762 
   54538.193800    3184.6176     163.0509    3119.3702     163.4478    0.6149    -234.0737    -226.6544 -0.735 -1.114  762 
   54590.208800    -488.6042      92.6842    -873.5668      95.5173    0.1646     122.9208     102.2144 -0.201  0.860  762 
   54792.430900    2014.3316      94.6823    1981.9177      95.0995    0.3739     -15.8159     -14.8545  0.509 -0.128  762 
   54793.510600    2571.7568     110.2706    2553.0165     111.9694    0.5930    -175.4554    -157.2150 -1.094 -1.176  762 
   54794.490600    1557.6374     123.3541    1512.3938     124.8060    0.3303     -80.8049     -73.1711 -0.655 -0.536  762 
   54860.202700     241.7471      99.6781     -81.1218     101.9768    0.0029      73.4762      63.8477  0.174  0.531  762 
   54861.129900    1318.8463     111.9738    1222.0250     112.7575    0.2032      24.8387      23.2546  0.308  0.166  762 
   54912.161700   -2597.3977      94.8782   -2755.1304      97.5324    0.4911     -89.5023     -74.9685 -0.780 -0.669  762 
   55126.499300     635.6288     100.7988     517.8936     102.9241    0.2336     175.4848     152.5199  0.904  1.468  762 
   55208.320800    2363.8398      76.4485    2653.0451      80.6741    0.6931      87.4343      69.7422  1.129  1.062  762 
   55273.273000     137.3923     101.8700     -72.1168     104.5139    0.0107      33.7790      28.9492  0.638  0.210  762 
   55536.300000     853.1589      86.8208     607.3235      89.9308    0.1319       2.5072       2.0725  0.215  0.025  762 
   55538.337000    1536.3186      73.7915    1500.8845      79.4251    0.3240      43.9030      35.7110  0.894  0.737  762 
   55540.344900     163.0886     136.7866     131.9603     137.7535    0.0678     227.0881     212.8698  0.509  0.965  762 
   55599.209300   -1231.5870     112.4842   -1316.6628     113.7943    0.2428     143.0958     132.6013  0.837  0.634  762 
   55603.167400   -2785.0014     171.3392   -2919.7070     171.8994    0.3618     481.6137     461.0172  3.082  2.957  762 
   55679.255600   -4396.5546     100.2199   -4628.7684     103.3800    0.6311     173.1480     141.1805  1.269  1.403  762 
   55924.445900    -914.8280      74.6086   -1358.4873      83.5193    0.1877     104.7107      82.3448  2.086  2.147  762 
   55925.376900   -1410.1937     101.3587   -1414.8018     104.6626    0.4344     167.7004     138.7530  1.533  1.421  762 
   55926.310300      18.9812      71.8717    -117.2419      79.3294    0.0098     101.3884      78.1453  1.243  1.717  762 
   55927.352700    -526.4627     102.9033    -613.4403     106.0204    0.2533     -62.0854     -52.2949 -0.098 -0.559  762 
   55969.118500   -1426.9833      99.9204   -1662.1344     101.8553    0.3647      31.1851      27.6746  0.807  0.183  762 
   56045.163000    1401.5942     127.2201    1460.1635     128.7523    0.4377     -36.4874     -32.8380 -0.445 -0.364  762 
   56215.481000    2378.6789      96.4741    2598.9996      99.3293    0.5790     -56.5829     -48.3406 -0.609 -0.628  762 
   56217.473300    3028.7213     160.8566    2931.6038     161.5032    0.5783     -72.0296     -69.2120  0.246 -0.272  762 
   56301.279200   -1811.4167     121.8192   -1804.7039     123.6876    0.5494     155.0225     139.4041  0.552  0.770  762 
