   54533.217500   16084.5703     137.7198   15928.7445     139.8771    0.8987     665.0666     615.6816  2.892  2.782  762 
   54534.351500   17714.7334     134.3995   18269.9325     136.4766    0.9282      94.9768      87.6155  1.181  0.430  762 
   54535.302200   16886.9187     124.6157   17018.4213     128.4549    0.9722     592.3118     524.6991  3.117  3.006  762 
   54536.153800       0.0000       4.7022       0.0000       4.7022      -nan       0.0000       0.0000  0.000  0.000  762 
   54537.405900       0.0000       4.0461       0.0000       4.0461      -nan       0.0000       0.0000  0.000  0.000  762 
   54538.193800       0.0000       4.9385       0.0000       4.9385      -nan       0.0000       0.0000  0.000  0.000  762 
   54590.208800   14646.3963     107.7316   14392.9260     113.7084    0.8850     230.6423     187.5765  1.312  1.713  762 
   54792.430900       0.0000       3.8733       0.0000       3.8733      -nan       0.0000       0.0000  0.000  0.000  762 
   54793.510600   17329.8365     132.3781   17659.1887     136.0232    0.9326    -214.8966    -190.0949 -0.859 -1.337  762 
   54794.490600       0.0000       4.3387       0.0000       4.3387      -nan       0.0000       0.0000  0.000  0.000  762 
   54860.202700       0.0000       4.0786       0.0000       4.0786      -nan       0.0000       0.0000  0.000  0.000  762 
   54861.129900       0.0000       3.9534       0.0000       3.9534      -nan       0.0000       0.0000  0.000  0.000  762 
   54912.161700       0.0000       3.9402       0.0000       3.9402      -nan       0.0000       0.0000  0.000  0.000  762 
   55126.499300   11269.8827     118.8419   11860.9613     123.3106    0.8482     -26.0125     -21.5151 -0.384 -0.214  762 
   55208.320800    3454.7827     100.3849    4006.3443     110.5534    0.5858    -127.2018     -92.7053 -1.362 -1.410  762 
   55273.273000       0.0000       4.3732       0.0000       4.3732      -nan       0.0000       0.0000  0.000  0.000  762 
   55536.300000       0.0000       3.3318       0.0000       3.3318      -nan       0.0000       0.0000  0.000  0.000  762 
   55538.337000   -1340.8880     101.6116   -2048.5764     114.5144    0.2326       0.0000       0.0000 -0.832  0.000  762 
   55540.344900       0.0000       5.7583       0.0000       5.7583      -nan       0.0000       0.0000  0.000  0.000  762 
   55599.209300       0.1215       5.5215      42.8816      10.5731    0.0435       0.0000       0.0000 -0.619  0.000  762 
   55603.167400       0.0000       4.7100       0.0000       4.7100      -nan       0.0000       0.0000  0.000  0.000  762 
   55679.255600    3828.8258     120.5638    4057.3804     126.6064    0.5677    -324.2834    -258.1048 -2.383 -2.506  762 
   55924.445900   -2622.3694      97.9479   -4119.9922     118.4053    0.3451     -13.9283     -10.0323 -0.933 -0.246  762 
   55925.376900   -4136.1963     131.4708   -4413.1464     139.6323    0.7718     163.5859     126.2837  1.048  1.263  762 
   55926.310300   -4060.0077      98.8467   -5108.6999     115.6908    0.4927    -109.2071     -74.7232 -1.172 -1.601  762 
   55927.352700   -2764.6722     131.5521   -3333.8367     139.7866    0.5500      62.5712      48.9342  0.210  0.514  762 
   55969.118500    -252.2325     125.0439    -310.0128     129.5870    0.1235    -419.5908    -350.6313 -2.258 -2.418  762 
   56045.163000    7846.8050     146.9365    8031.6209     151.4288    0.7785      61.4222      52.9727  0.932  0.583  762 
   56215.481000    7768.6562     120.2806    8963.9601     127.1791    0.7909     306.2686     241.2755  3.065  3.170  762 
   56217.473300   12191.2201     188.7872   12385.2294     190.4782    0.9084     334.9357     316.6597  1.269  1.250  762 
   56301.279200   11363.8705     146.3604   11871.4662     150.0389    0.8988     498.7551     437.3863  2.483  2.467  762 
