   54533.217500       0.0000       5.8295       0.0000       5.8295      -nan       0.0000       0.0000  0.000  0.000  762 
   54534.351500    2274.9413     123.9789    2110.5817     124.8568    0.3214    -378.8293    -364.3517 -1.338 -1.766  762 
   54535.302200     802.2231     111.5367     741.5475     112.5968    0.3486     370.2819     350.0860  1.626  2.007  762 
   54536.153800       0.0000       4.7411       0.0000       4.7411      -nan       0.0000       0.0000  0.286  0.000  762 
   54537.405900       0.0000       3.9446       0.0000       3.9446      -nan       0.0000       0.0000  0.000  0.000  762 
   54538.193800       0.0000       4.8820       0.0000       4.8820      -nan       0.0000       0.0000  0.000  0.000  762 
   54590.208800       0.0000       3.7016       0.0000       3.7016      -nan       0.0000       0.0000  0.000  0.000  762 
   54792.430900       0.0000       3.9305       0.0000       3.9305      -nan       0.0000       0.0000  0.000  0.000  762 
   54793.510600    -266.6680     122.5584    -306.3356     123.3561    0.0809      74.2489      70.6078  0.282  0.468  762 
   54794.490600       0.0000       4.3875       0.0000       4.3875      -nan       0.0000       0.0000  0.000  0.000  762 
   54860.202700       0.0000       4.1753       0.0000       4.1753      -nan       0.0000       0.0000  0.000  0.000  762 
   54861.129900       0.0000       3.9590       0.0000       3.9590      -nan       0.0000       0.0000  0.000  0.000  762 
   54912.161700       0.0000       4.0169       0.0000       4.0169      -nan       0.0000       0.0000  0.000  0.000  762 
   55126.499300       0.0000       3.5283       0.0000       3.5283      -nan       0.0000       0.0000  0.000  0.000  762 
   55208.320800       0.0000       2.8253       0.0000       2.8253      -nan       0.0000       0.0000  0.000  0.000  762 
   55273.273000       0.0000       4.4100       0.0000       4.4100      -nan       0.0000       0.0000 -0.438  0.000  762 
   55536.300000       0.0000       3.3734       0.0000       3.3734      -nan       0.0000       0.0000 -1.095  0.000  762 
   55538.337000    -826.6224      75.2131    -828.4415      75.7134    0.2781     -93.7963     -86.2474 -1.098 -1.538  762 
   55540.344900       0.0000       5.8496       0.0000       5.8496      -nan       0.0000       0.0000  0.000  0.000  762 
   55599.209300    1271.5285     122.1666    1183.5285     122.9828    0.3085     253.3259     242.1634  0.583  1.151  762 
   55603.167400   -1846.4126     179.6272   -1862.5675     179.8846    0.3302       0.0000       0.0000 -2.347  0.000  762 
   55679.255600     -23.9653      98.6204     -14.1669      99.2964    0.0237     -79.4940     -74.2626 -0.772 -0.703  762 
   55924.445900     858.3183      69.5932     827.9738      70.1870    0.1925     -59.2657     -54.9000 -0.593 -1.292  762 
   55925.376900    -362.8036     101.9913    -407.1044     102.8589    0.1709    -127.9155    -119.0707 -1.382 -1.173  762 
   55926.310300    -370.1211      67.6561    -463.6503      68.2903    0.1352      42.9543      38.8126  0.319  0.831  762 
   55927.352700     255.7555     101.8940     194.7516     102.6456    0.0475     -84.6980     -79.3484 -0.828 -0.840  762 
   55969.118500   -1839.9782     101.3508   -1893.2093     102.2058    0.4234     -24.1968     -22.6086 -0.432 -0.164  762 
   56045.163000     256.2818     126.4259     267.0543     126.7983    0.1599      71.3362      68.3320  1.133  0.758  762 
   56215.481000      11.7724      91.1165     -72.4493      91.6949    0.0006      79.3275      74.3916  0.191  1.071  762 
   56217.473300    -553.3346     174.0799    -681.8459     174.7463    0.2187    -320.0815    -309.7553 -1.119 -1.248  762 
   56301.279200    -899.9952     127.3832    -963.0538     128.4201    0.3287    -133.3980    -125.6267 -0.319 -0.730  762 
