   54533.217500    4670.7960     124.0811    4366.4209     125.4769    0.6878    -268.6480    -250.1460 -0.752 -1.069  762 
   54534.351500    3683.1320     122.7680    3486.2909     124.5491    0.5767      76.6682      70.8181  0.997  0.331  762 
   54535.302200    3551.6310     111.4751    3348.6760     114.4646    0.6989      78.7424      69.5329  0.699  0.383  762 
   54536.153800    2995.3150     122.5248    2781.7094     123.9171    0.5427     359.1809     334.7188  1.680  1.757  762 
   54537.405900    2868.4061     108.9524    2800.3254     112.8835    0.4929     164.3469     138.9624  0.633  1.074  762 
   54538.193800    1764.6659     175.1268    1697.7196     175.8797    0.3526     222.6245     212.5041  0.803  1.001  762 
   54590.208800    1017.6659      99.1532     448.5520     104.1527    0.1248      17.4992      14.0137  0.091  0.121  762 
   54792.430900    2085.4379     102.2244    1843.4145     103.1116    0.3150      41.5875      38.4435  0.335  0.302  762 
   54793.510600    1691.5383     122.9731    1700.9177     126.1216    0.5084     275.8441     240.6909  1.453  1.652  762 
   54794.490600    2465.1218     131.6960    2291.7430     134.5130    0.4764     -69.0106     -61.0438 -0.305 -0.433  762 
   54860.202700    5043.0835     106.3629    4963.4951     109.6604    0.7931     -31.1766     -26.8271  0.162 -0.209  762 
   54861.129900    3124.5592     119.9245    3098.3932     121.2473    0.5018     114.1921     104.4265  0.635  0.704  762 
   54912.161700    7866.8348      96.3425    8103.0894      99.3569    0.8580      75.7183      63.9893  0.464  0.539  762 
   55126.499300    4803.3695     103.2397    4731.6957     107.3667    0.8674      32.2598      27.0015 -0.376  0.277  762 
   55208.320800    4439.7710      81.0845    4812.5776      89.8800    0.8458      78.5692      58.7680  0.509  0.914  762 
   55273.273000     287.7478     110.4757     -28.3723     115.1626    0.0127      89.7826      74.4332  0.318  0.525  762 
   55536.300000     157.8565      95.9645    -160.9822     101.3759    0.0271      63.7274      49.6130  0.749  0.569  762 
   55538.337000    1690.1389      84.6279    1265.2461      94.9814    0.2933     -73.3052     -55.4421 -0.916 -0.997  762 
   55540.344900    1486.4649     146.5271    1195.5787     148.3344    0.2215     -69.5677     -64.6627 -0.324 -0.282  762 
   55599.209300   -2506.1406     125.5758   -2834.1866     127.8834    0.5276      10.4309       9.5332  0.334  0.042  762 
   55603.167400   -2505.1680     183.6287   -2710.8704     184.5837    0.4024      95.4431      90.3000 -0.690  0.538  762 
   55679.255600     341.9759     105.5883      74.4978     110.7157    0.0127     -37.3018     -29.9645  0.344 -0.285  762 
   55924.445900     511.5418      80.0496    -123.5434      97.5547    0.0085      85.9837      65.0060 -0.026  1.552  762 
   55925.376900      25.0374     109.7427    -162.6050     115.8051    0.0382      68.2737      53.9830  0.193  0.535  762 
   55926.310300    1368.0657      77.3166     771.1651      92.5673    0.1417      22.8333      16.3532  0.174  0.351  762 
   55927.352700     358.0965     110.2844     240.9114     116.2681    0.1111      77.1824      61.6560  0.520  0.662  762 
   55969.118500    1254.4487     103.3321    1220.9772     106.5743    0.2579    -141.8316    -120.4645 -1.268 -0.865  762 
   56045.163000   -1344.6995     136.2639   -1405.6597     140.0148    0.6120     -69.6697     -59.8031 -0.349 -0.673  762 
   56215.481000    3771.2779     101.1515    4074.7031     107.9683    0.7654      61.0062      48.0486  0.241  0.684  762 
   56217.473300    4533.4695     165.2417    4448.0724     166.4336    0.6653    -224.1690    -212.4991 -0.514 -0.864  762 
   56301.279200    6747.7765     122.6219    6846.5790     125.5161    0.8657      81.0533      71.2140  0.258  0.413  762 
