   54533.217500     807.0985     112.4565     617.1314     112.9336    0.2042     354.9446     344.3194  0.517  1.492  762 
   54534.351500     663.5793     111.6249     565.2433     112.1202    0.1955     213.5398     205.7719  0.212  0.960  762 
   54535.302200     191.3949      98.5840      57.5146      99.5572    0.0954     271.0419     254.1070  1.323  1.409  762 
   54536.153800     -54.8736     109.9736    -144.3745     110.3750    0.0738     492.3466     473.7085  2.213  2.570  762 
   54537.405900    -624.4789      94.8880    -710.6982      96.2497    0.1603     235.7028     213.5768  1.600  1.695  762 
   54538.193800    -353.9527     159.2232    -391.5183     159.4243    0.1815    -277.3731    -271.0349 -1.971 -1.350  762 
   54590.208800    -498.5662      83.1696    -599.6251      84.7228    0.1610     129.2782     114.6786  0.983  1.022  762 
   54792.430900     517.2500      94.5051     492.6474      94.6893    0.1796     446.3396     430.9038  2.243  3.432  762 
   54793.510600      -9.0560     110.4625     -66.2362     111.3021    0.0351     176.8397     165.6763  1.112  1.108  762 
   54794.490600    -247.1529     119.3532    -250.4014     120.0311    0.0948     -61.9656     -58.3561 -0.622 -0.413  762 
   54860.202700      31.3206      95.4755     -53.4172      96.4477    0.0011      61.4172      56.7108  0.505  0.436  762 
   54861.129900      24.3424     107.9811     -88.6723     108.4194    0.0485    -130.8915    -125.4813 -0.410 -0.887  762 
   54912.161700    -781.6074      87.5336    -964.7009      88.7887    0.2714      78.0699      70.6144  0.330  0.583  762 
   55126.499300    -279.2565      91.2481    -355.2111      92.6081    0.1961     -55.8787     -50.5481 -0.601 -0.526  762 
   55208.320800     476.5642      68.4442     427.0010      71.7621    0.0667    -344.5133    -290.1901 -4.501 -4.554  762 
   55273.273000      50.1455      95.4463     -72.9565      96.8215    0.0532     -94.5865     -86.2287 -0.638 -0.607  762 
   55536.300000      31.6359      80.7712     -95.3894      82.5039    0.0771    -130.7339    -115.3733  0.623 -1.315  762 
   55538.337000     436.7082      70.5607     487.8490      73.9138    0.1194    -143.8226    -123.5217 -1.815 -2.197  762 
   55540.344900     994.2986     134.0330     853.0661     134.4813    0.0313   -1022.3680    -990.3379 -3.859 -4.353  762 
   55599.209300     576.3728     111.0739     469.9590     111.6251    0.0243    -404.4245    -389.2534 -2.000 -1.734  762 
   55603.167400     638.3328     172.8206     528.2734     173.0352    0.0527    -819.9140    -801.5726 -3.754 -4.742  762 
   55679.255600    -701.6540      91.2560    -683.0430      92.6466    0.2369     -25.4397     -22.7597 -1.024 -0.215  762 
   55924.445900      74.0658      66.7430    -194.2113      73.5766    0.0757    -144.9497    -122.3681 -1.676 -2.926  762 
   55925.376900    -332.4929      93.3934    -379.6445      95.1653    0.2442    -221.3157    -195.6038 -1.586 -1.932  762 
   55926.310300     614.7758      62.4253     456.1381      68.7031    0.1071     -99.8840     -82.8615 -1.122 -1.796  762 
   55927.352700    -284.0863      94.4111    -332.0764      96.2289    0.1442      46.8666      41.5108 -0.059  0.445  762 
   55969.118500     181.1546      89.3702     141.3223      90.2924    0.0045    -138.9239    -127.8361 -1.374 -0.927  762 
   56045.163000     115.7532     120.7144     127.2921     121.6561    0.1049      34.9257      32.4375  0.622  0.365  762 
   56215.481000      65.3777      86.1352     -39.3653      88.8168    0.0045      57.0158      49.5415  1.484  0.722  762 
   56217.473300     -95.4967     156.1679    -216.9768     156.5467    0.1481    -517.8521    -505.4305 -2.664 -2.052  762 
   56301.279200    -338.4280     111.7063    -415.9888     112.7783    0.1775     -12.7641     -11.8744  0.373 -0.069  762 
