   54533.217500    1284.9668     122.1882    1191.6917     123.4128    0.0152   -1180.5849   -1114.9589 -4.617 -4.794  762 
   54534.351500       0.0000       5.5140       0.0000       5.5140      -nan       0.0000       0.0000  0.000  0.000  762 
   54535.302200     176.8194     109.9716     489.0112     111.8000    0.0709    -937.8427    -842.1965 -4.774 -4.720  762 
   54536.153800       0.0000       5.2411       0.0000       5.2411      -nan       0.0000       0.0000  0.000  0.000  762 
   54537.405900    1561.7752     111.2868    1541.7818     114.0719    0.2865    -308.5798    -272.2146 -2.020 -1.947  762 
   54538.193800       0.0000       5.7665       0.0000       5.7665      -nan       0.0000       0.0000  0.000  0.000  762 
   54590.208800    1683.1813      95.8129    1872.4319      98.7638    0.4304    -316.9645    -272.8604 -2.216 -2.189  762 
   54792.430900    1814.7683      95.8606    1927.1688      96.4162    0.6144    1636.9700    1532.5322 13.374 13.386  762 
   54793.510600    -223.4087     113.9701    -213.3544     116.6106    0.0518      61.8836      54.6545  0.336  0.426  762 
   54794.490600     714.2621     127.5074     819.1239     129.3315    0.1556    -312.7633    -282.5879 -2.432 -2.082  762 
   54860.202700     590.0716     102.9088     716.0157     105.5753    0.1107    -237.2530    -204.4074 -1.672 -1.746  762 
   54861.129900     272.9172     118.9913     432.8652     119.9132    0.1012      63.4674      58.9865  0.389  0.396  762 
   54912.161700      27.8301      95.8753    -103.9436      99.4185    0.0411     -20.1325     -16.7950 -0.088 -0.155  762 
   55126.499300     542.2970     105.5629     615.3720     108.0141    0.1898     -96.9865     -83.8731 -0.304 -0.789  762 
   55208.320800    1143.2999      81.2051    1074.0558      87.1955    0.2433    -279.6868    -219.5558 -3.386 -3.332  762 
   55273.273000    -445.9484     106.6064    -572.8742     110.1043    0.2468    -185.1016    -157.8464 -1.288 -1.147  762 
   55536.300000    3068.8915      88.8416    3503.3933      91.9246    0.6397     -45.4689     -37.5083 -0.717 -0.452  762 
   55538.337000    2369.6374      76.5272    2871.1486      82.9857    0.4342     -59.2739     -46.9010 -0.733 -1.007  762 
   55540.344900    1320.3645     142.7460    1310.3838     143.9619    0.2179    -354.4567    -332.8976 -1.719 -1.484  762 
   55599.209300    1180.3301     116.3693    1301.4727     117.8168    0.2671     -61.8039     -57.6752 -0.134 -0.275  762 
   55603.167400    2185.4802     171.6231    2192.2131     172.1939    0.3349       0.0306       0.0294 -0.677  0.000  762 
   55679.255600    -738.5633     100.1265    -474.2183     103.3798    0.0531     304.3878     252.5367  1.544  2.554  762 
   55924.445900     661.7491      43.8128    1270.3820      85.7372    0.1354       0.0000       0.0000 -2.666  0.000  762 
   55925.376900     -86.4656     103.9729      69.7529     107.9284    0.0177    -135.5406    -111.6729 -1.483 -1.163  762 
   55926.310300     644.7047      76.1232     977.8276      84.3339    0.1778     -22.9941     -16.9953  0.267 -0.379  762 
   55927.352700     419.3396     106.1456     640.0597     109.8331    0.1954    -109.5827     -91.0243 -1.194 -0.989  762 
   55969.118500     367.7294     104.1781     343.6463     106.2854    0.0651    -106.8324     -95.0350 -0.564 -0.613  762 
   56045.163000     199.8836     131.2147      61.5286     133.6408    0.0617      84.6755      75.2259  1.378  0.835  762 
   56215.481000    -121.6396     103.3362     257.0682     106.8788    0.0248    -435.0048    -357.5747 -4.915 -4.695  762 
   56217.473300     771.3031     168.6677     693.4596     169.6108    0.2185   -1912.8465   -1831.5629 -6.938 -7.174  762 
   56301.279200    1600.1388     125.8373    1601.6679     127.9854    0.2128   -1114.0621   -1008.6399 -5.521 -5.498  762 
