   54533.217500   -5488.4124     262.6008   -6361.2847     270.4757    0.6182    -596.7383    -518.1323 -2.942 -2.220  762 
   54534.351500   -5850.8731     259.3544   -6809.0986     269.0699    0.2531     443.0869     379.3736  1.420  1.765  762 
   54535.302200   -3860.8244     252.0232   -5209.8538     263.8352    0.2488     423.7832     345.6937  1.708  1.898  762 
   54536.153800   -7717.7931     236.1852   -9350.8829     244.8531    0.4236     699.0318     589.3867  3.581  3.124  762 
   54537.405900   -2944.0558     229.5914   -3744.3524     243.2034    0.2268     285.8752     214.9158  1.150  1.650  762 
   54538.193800  -16378.2158     294.5103  -16504.2761     302.0034    0.5147    -878.4731    -764.3731 -3.452 -3.667  762 
   54590.208800   -4327.2345     221.9465   -6266.7622     235.1232    0.5924     118.3091      86.5196  0.077  0.747  762 
   54792.430900   -1433.1278     168.2842    -710.6858     173.7812    0.0726     175.5929     142.4998  1.043  1.117  762 
   54793.510600   -1972.2733     254.5201   -2713.0511     267.0974    0.4038    -137.2702    -107.3320 -0.575 -0.729  762 
   54794.490600   -1459.6126     256.8808   -1965.7050     269.3817    0.2962    -477.7705    -371.9083 -2.148 -2.615  762 
   54860.202700    1989.9026     230.6943     794.6177     242.8846    0.0748    -319.3473    -241.8150 -2.290 -1.864  762 
   54861.129900   -6222.0205     223.2190   -5545.3905     231.1697    0.3700   -2487.6055   -2004.9278 -13.626 -13.669  762 
   54912.161700    2574.6442     218.5999    2189.8536     230.4929    0.2397     214.1917     160.6739  0.559  1.335  762 
   55126.499300    6825.9843     216.9361    6298.2646     229.9978    0.7115     117.1176      85.5603  1.349  0.872  762 
   55208.320800    3416.8296     191.1097    3899.6876     208.8837    0.3308    -694.8073    -478.5419 -7.619 -7.350  762 
   55273.273000    6722.4427     238.7395    5481.4845     252.6204    0.5306    -499.6535    -378.7558 -2.202 -2.652  762 
   55536.300000   -6500.6594     206.6458   -7977.3284     220.6083    0.4046    -330.9625    -228.2785 -3.333 -2.584  762 
   55538.337000   -1981.8005     188.9519   -3584.1996     210.9073    0.2641      56.9341      39.6372 -0.023  0.702  762 
   55540.344900    -546.7815     283.6942   -1830.8705     293.7215    0.1810   -1275.8458   -1092.2587 -5.516 -4.764  762 
   55599.209300    -617.2291     258.2807   -1269.8531     267.8512    0.2142    -721.3023    -615.5318 -3.772 -2.716  762 
   55603.167400     465.2015     285.8936      22.6171     293.0820    0.0090    -140.9038    -120.0799 -1.226 -0.710  762 
   55679.255600    5765.7241     219.1587    5159.5898     232.9645    0.5208    -457.8658    -329.3415 -2.532 -3.097  762 
   55924.445900    7028.8661     176.9116    5492.2224     207.5788    0.2251      69.3088      51.4588  1.057  1.203  762 
   55925.376900    1095.3474     237.5480     512.6708     253.1142    0.0744      92.0005      65.6910  1.025  0.644  762 
   55926.310300    3213.5090     179.2048    2816.3026     205.7142    0.1454    -102.6470     -72.1318 -0.651 -1.526  762 
   55927.352700    2008.2396     233.4050    1624.6781     249.2122    0.1457    -251.2681    -179.0762 -1.433 -1.902  762 
   55969.118500    2439.4048     222.3765    2395.3790     233.3897    0.1549    -417.4289    -319.9173 -1.730 -2.284  762 
   56045.163000   -4159.5374     248.2336   -4862.8011     262.2249    0.3917     138.9534     102.5712  0.622  1.138  762 
   56215.481000     338.1766     221.4361     789.3843     239.5371    0.1030     114.2934      80.6570  1.141  1.140  762 
   56217.473300    5811.4693     314.4259    5224.5764     323.3842    0.1873   -3456.3312   -3039.8923 -12.247 -12.290  762 
   56301.279200    3830.7914     273.4498    3331.0297     286.4768    0.2249    -872.2620    -693.5539 -3.805 -3.999  762 
