   54533.217500    -279.4768     133.1599    -383.0108     133.9857    0.1192    -174.0890    -167.8524 -0.335 -0.724  762 
   54534.351500    1027.1966     132.0598     825.7594     133.4279    0.2197      91.7299      87.0758  0.938  0.406  762 
   54535.302200     603.9968     119.5926     448.2928     121.5996    0.1349      48.5654      44.9506 -0.001  0.248  762 
   54536.153800     177.8866     126.4647     -31.4763     127.5023    0.0303     185.1909     175.8589  1.016  0.943  762 
   54537.405900     247.0523     110.8639     144.0721     113.0613    0.0572      70.8409      63.8085  1.356  0.503  762 
   54538.193800   -1135.8389     177.1051   -1126.9672     177.6592    0.3311    -530.4874    -512.6730 -2.874 -2.505  762 
   54590.208800     853.6240      98.3769     688.3465     100.9005    0.2359     186.4789     164.6489  1.191  1.452  762 
   54792.430900     773.8614     101.5850     726.7341     101.9877    0.2058     406.0948     387.9999  3.004  3.080  762 
   54793.510600    -159.3097     127.7511    -204.9287     129.5307    0.0551      48.6794      44.8684  0.193  0.303  762 
   54794.490600    1023.1922     134.3592    1011.3118     135.7638    0.1924    -340.9419    -317.5181 -1.548 -2.250  762 
   54860.202700     296.3092     111.1797     225.5825     113.1773    0.1019     118.2330     107.3805  0.353  0.831  762 
   54861.129900     397.0812     120.8736     431.6613     121.6161    0.0558    -163.7635    -155.0440 -1.821 -1.078  762 
   54912.161700     619.3021     100.8916     506.5810     102.8255    0.1637      16.2535      14.7179  0.457  0.123  762 
   55126.499300    -456.6030     104.6851    -591.3850     106.9140    0.2489     -59.2390     -52.9351 -0.616 -0.548  762 
   55208.320800     831.0010      80.2182     762.1503      84.5628    0.2152    -234.8533    -198.5388 -2.916 -3.114  762 
   55273.273000     105.0377     113.5472     -53.5011     116.0261    0.0258     -33.6801     -30.2115  0.420 -0.213  762 
   55536.300000     -65.2596      92.8595    -116.4012      95.0489    0.0918    -227.7297    -199.2588 -1.248 -2.281  762 
   55538.337000     426.4586      81.5994     242.4610      85.8260    0.0575      -9.3311      -7.8748 -0.347 -0.141  762 
   55540.344900      -5.2939     154.1362    -210.7959     155.2704    0.1580    -558.6452    -534.1943 -2.069 -2.342  762 
   55599.209300    -822.3973     132.5459    -899.9279     133.8164    0.2309     -92.7456     -87.8037 -0.199 -0.390  762 
   55603.167400    -178.3410     184.5809    -263.7673     185.0633    0.0247     134.3963     129.9357  0.758  0.771  762 
   55679.255600     409.6120     104.1297     219.3374     106.5077    0.0158    -175.5639    -156.2235 -1.482 -1.485  762 
   55924.445900     846.2132      75.0048     382.1434      83.5763    0.0729      38.1994      32.8532 -0.734  0.791  762 
   55925.376900      14.1297     108.7956     -73.8041     111.7000    0.0630    -125.4795    -110.0653 -1.072 -1.090  762 
   55926.310300     703.0254      73.9938     121.6216      81.1360    0.0092     -93.1550     -76.1221 -2.227 -1.649  762 
   55927.352700    -550.7761     109.3006    -618.4631     112.1310    0.2697    -121.5201    -106.6721 -1.032 -1.146  762 
   55969.118500     165.7674     105.2424       3.7252     107.0496    0.1005    -441.6623    -401.2005 -2.303 -2.894  762 
   56045.163000     346.8906     131.7914     342.6451     133.4268    0.2889     181.7638     167.4863  1.870  1.891  762 
   56215.481000    -988.7501      99.9632   -1141.5706     103.4564    0.3704     -13.3658     -11.5168  2.202 -0.166  762 
   56217.473300    -708.2240     177.3370    -802.8931     178.2268    0.1776    -165.8532    -160.3234 -0.839 -0.650  762 
   56301.279200    -228.9521     132.7257    -238.6346     134.6204    0.1429    -142.0313    -130.7398 -0.378 -0.759  762 
