   54533.217500     793.7820     134.0808     638.9899     134.8338    0.1964     195.9002     185.6529  0.830  0.810  762 
   54534.351500     951.2500     131.7087     788.8805     132.4840    0.1637     -27.5756     -26.1000  0.113 -0.123  762 
   54535.302200     125.0451     119.2441      34.8483     120.4064    0.1728     545.9501     501.9146  2.858  2.809  762 
   54536.153800     750.2694     124.3903     684.5359     124.9987    0.2643     499.0921     471.9028  2.037  2.606  762 
   54537.405900    1233.1181     109.5560    1165.7373     111.1209    0.3091    -101.1761     -90.2633  2.103 -0.720  762 
   54538.193800    -150.1033     172.3606    -162.6809     172.7047    0.0270      53.7004      51.8613  0.909  0.263  762 
   54590.208800     754.3091      99.5190     640.9058     101.3432    0.2053      61.2844      53.0882  1.532  0.476  762 
   54792.430900    1383.6868     102.0985    1359.4397     102.4108    0.1782    -329.2711    -311.6423 -3.615 -2.503  762 
   54793.510600     384.7953     128.8184     259.2688     130.0525    0.0705      -3.9070      -3.5644 -0.104 -0.024  762 
   54794.490600     526.9842     135.4647     444.8220     136.4719    0.0517    -252.7736    -232.6573 -0.047 -1.649  762 
   54860.202700     193.0319     112.6277      82.5746     113.8729    0.0327    -217.3239    -195.0234 -2.609 -1.503  762 
   54861.129900    1893.0954     120.1757    1817.5779     120.7581    0.0104   -2002.3180   -1879.0634 -18.786 -13.520  762 
   54912.161700     524.2058     103.7610     465.7931     105.2371    0.1364       4.0275       3.5647 -0.499  0.029  762 
   55126.499300     454.4814     106.3904     406.7712     107.9529    0.0848    -242.5754    -212.4875 -2.816 -2.202  762 
   55208.320800     353.7522      85.0699     297.7504      88.0076    0.0439    -494.0120    -398.7518 -11.089 -6.195  762 
   55273.273000    1233.8506     113.8698    1109.4198     115.3741    0.2445    -305.8463    -272.4857 -1.498 -1.922  762 
   55536.300000     147.0433      96.5441     133.1453      98.4620    0.0418    -335.6157    -284.3676 -3.970 -3.230  762 
   55538.337000     699.9151      86.8601     756.2345      89.8242    0.2233    -128.0437    -104.5193 -3.028 -1.841  762 
   55540.344900     181.0911     155.4398      84.8165     156.1475    0.2844   -1472.8361   -1396.7890 -6.970 -6.181  762 
   55599.209300     266.0592     131.8224     198.3852     132.5690    0.1268    -808.1902    -762.9194 -3.931 -3.429  762 
   55603.167400     513.9269     185.1766     376.3111     185.5279    0.0734    -891.3010    -859.5614 -5.488 -5.117  762 
   55679.255600    1097.5748     106.3651    1017.4302     108.1202    0.2692    -242.4211    -210.2612 -1.597 -1.986  762 
   55924.445900      24.3771      83.8836     -78.4340      88.5681    0.0119      22.8385      18.5233  0.485  0.435  762 
   55925.376900    -455.3387     111.4107    -442.9686     113.4550    0.1507      -5.9866      -5.1408 -0.942 -0.051  762 
   55926.310300     112.6628      81.0665      98.5823      85.2218    0.0107     -69.9667     -54.8988 -3.836 -1.172  762 
   55927.352700      58.4459     111.5459      -7.1809     113.6168    0.0015      13.0279      11.1522  0.222  0.119  762 
   55969.118500     462.7976     107.1103     293.7263     108.4775    0.0161    -400.6115    -356.4707 -3.394 -2.592  762 
   56045.163000     -42.1406     134.8121     -52.8576     136.1041    0.0580     201.8446     182.5090  3.394  2.040  762 
   56215.481000     186.9661     103.5727     156.0550     106.0212    0.0632      26.3481      22.0260 -2.144  0.318  762 
   56217.473300    -440.6914     179.0910    -555.6463     179.7309    0.2570    -751.5541    -720.9038 -3.116 -2.933  762 
   56301.279200    -115.9289     133.8411    -158.8478     135.1578    0.0661      -8.2427      -7.4947 -0.833 -0.044  762 
