   54533.217500     349.1098     101.1173     229.3295     101.3433    0.0491     -61.3813     -59.7476 -0.188 -0.251  762 
   54534.351500     155.5603      99.8640      14.2455     100.1857    0.0288    -120.2653    -116.5298 -0.791 -0.540  762 
   54535.302200     419.5658      85.6332     258.9914      86.2354    0.0319    -166.9367    -158.1125 -1.048 -0.858  762 
   54536.153800     331.7521     106.6708     158.1603     106.9220    0.0607     121.3078     118.2083 -0.422  0.596  762 
   54537.405900     163.3514      85.6001     133.3923      86.2404    0.0409     -14.8220     -13.8452 -0.773 -0.108  762 
   54538.193800    -858.2406     162.1518    -913.5572     162.2463    0.1971     135.7172     133.6102  0.555  0.602  762 
   54590.208800      74.8011      73.1062      39.4743      73.8833    0.0513    -179.4292    -164.1545 -1.504 -1.403  762 
   54792.430900    1221.5953      92.2319    1158.1366      92.3150    0.4035     993.6048     972.4636  6.937  7.315  762 
   54793.510600     480.8492      99.3370     418.2164      99.7873    0.1420      26.2366      24.8922  0.219  0.166  762 
   54794.490600     427.2942     109.1089     400.2287     109.4365    0.1149     -49.7979     -47.7466 -0.511 -0.336  762 
   54860.202700       6.2716      84.9166     -27.2068      85.4390    0.0678     248.1457     233.5658  1.405  1.786  762 
   54861.129900    -217.7600     104.3015    -330.8171     104.4719    0.0164     260.5029     251.7941  1.422  1.648  762 
   54912.161700     470.2592      75.4969     436.0385      76.0552    0.1249     -67.7303     -62.9347 -0.142 -0.525  762 
   55126.499300     438.4213      80.8489     421.0214      81.5573    0.2184     -11.6291     -10.7884 -0.246 -0.114  762 
   55208.320800     344.1408      58.3939     394.9414      60.4100    0.2486      50.5006      43.5003  1.293  0.696  762 
   55273.273000     156.2667      83.0592     111.5714      83.7585    0.0977     159.2666     147.6191  0.905  1.031  762 
   55536.300000     282.6721      71.3790     265.2412      72.2485    0.1214      63.4519      57.3211  1.266  0.653  762 
   55538.337000     602.8764      61.6490     586.2129      63.6481    0.2526      30.4229      26.9040 -0.006  0.472  762 
   55540.344900     325.4879     122.5980     224.0012     122.8446    0.1278     272.5882     265.8595  1.103  1.152  762 
   55599.209300    -256.5062     100.4168    -397.8714     100.7576    0.0183     345.5637     333.5344  1.538  1.411  762 
   55603.167400     222.0736     168.6591     146.7819     168.7573    0.0148     -73.6056     -72.4517 -0.779 -0.418  762 
   55679.255600      44.0927      80.9503      49.9417      81.6579    0.0362      44.9432      41.1525  1.121  0.388  762 
   55924.445900     413.9252      58.0347     260.6451      62.2059    0.0739      -3.2130      -2.7695 -0.576 -0.066  762 
   55925.376900      30.6262      81.5726      25.7588      82.5399    0.0028     -19.8690     -17.9874  0.418 -0.178  762 
   55926.310300     475.1151      53.2097     417.0773      57.1386    0.1884     115.2606      97.3784  1.765  2.149  762 
   55927.352700     -56.4154      83.2502     -72.5187      84.2800    0.0704     -63.2563     -57.3044 -0.514 -0.626  762 
   55969.118500     233.8753      77.6762     167.5135      78.2584    0.1844     339.7629     315.7059  2.471  2.334  762 
   56045.163000      83.2690     112.3802      34.1011     112.9260    0.0065     -46.0192     -43.5412 -0.735 -0.495  762 
   56215.481000     205.2207      74.6720     162.9063      76.2237    0.0784       1.5737       1.4118 -0.943  0.021  762 
   56217.473300     615.8957     139.8521     474.1148     140.1048    0.0655    -197.2117    -193.0208 -0.672 -0.796  762 
   56301.279200     127.8912      95.9664      99.5875      96.5474    0.0250     -54.1047     -50.9136 -0.415 -0.301  762 
