   54533.217500     223.1818     126.6706      26.9911     128.0552    0.0609     275.5331     266.6618  0.507  1.158  762 
   54534.351500     348.3111     123.6034     202.5055     124.8169    0.0091    -166.2323    -160.4561 -1.248 -0.751  762 
   54535.302200   -1410.5000     111.4490   -1637.4963     113.2925    0.4217    -128.7799    -119.9971 -0.403 -0.668  762 
   54536.153800   -2756.7839     120.8644   -2894.2061     122.0075    0.4463     255.4719     243.2689  0.432  1.325  762 
   54537.405900   -3896.6288     106.0128   -4089.8411     108.4081    0.6914      91.0812      81.5297 -0.504  0.650  762 
   54538.193800   -5650.9099     170.6812   -5715.9619     171.3037    0.8182    -385.8877    -374.5174 -2.463 -1.868  762 
   54590.208800    -282.8683      92.6169    -402.0673      95.1053    0.1437     -30.7546     -26.9745 -0.462 -0.241  762 
   54792.430900    1345.3094      98.2896    1407.5431      98.6053    0.2999     270.1381     258.9751  2.414  2.074  762 
   54793.510600      83.3502     120.5716      -1.3680     122.1482    0.0502    -237.0869    -219.5092 -0.643 -1.478  762 
   54794.490600      -1.7465     128.2907     -86.8148     129.5771    0.1058    -322.5491    -299.7160 -1.850 -2.131  762 
   54860.202700   -2411.6361     106.4523   -2657.1944     108.4152    0.6107    -173.2015    -155.9282 -1.552 -1.207  762 
   54861.129900   -1932.4377     116.4656   -2064.8715     117.3135    0.4756    -509.4362    -480.1272 -4.808 -3.403  762 
   54912.161700   -3600.3363      98.0680   -3786.4251     100.1922    0.7435      61.1735      53.9744  0.216  0.449  762 
   55126.499300    1393.2139      98.4799    1410.7978     100.4511    0.4732    -159.9140    -141.5917 -2.380 -1.480  762 
   55208.320800   -2099.2340      78.9393   -2500.0517      84.4135    0.6763    -350.4102    -279.8284 -5.858 -4.424  762 
   55273.273000   -3527.1257     108.0968   -3846.6095     110.7606    0.6950    -213.0986    -190.2114 -1.640 -1.345  762 
   55536.300000     746.3166      88.7703     757.9139      91.2181    0.1750    -283.0263    -241.7885 -3.596 -2.779  762 
   55538.337000   -1231.6631      80.3412   -1449.7536      85.8451    0.4402     -96.6593     -78.1493 -0.907 -1.407  762 
   55540.344900   -2923.5275     148.3245   -3336.1419     149.6742    0.5958   -1076.4855   -1032.7181 -4.342 -4.554  762 
   55599.209300     955.4502     123.1413     852.0664     124.3923    0.1583    -252.7419    -242.6441 -2.151 -1.084  762 
   55603.167400    -947.8345     179.9852    -989.2901     180.3598    0.2457    -363.5289    -353.3081 -1.735 -2.101  762 
   55679.255600   -4629.3807     102.6800   -4909.9253     105.5268    0.7638    -277.2666    -239.2456 -2.579 -2.279  762 
   55924.445900    1414.5881      73.2092    1338.4513      82.3811    0.2869     -59.6977     -49.1534 -1.017 -1.189  762 
   55925.376900    1166.5705     101.6653    1195.3345     104.4221    0.4024     -15.6621     -13.6229 -0.586 -0.135  762 
   55926.310300     368.2587      71.5869     405.0259      79.6085    0.0991     -64.7102     -50.8965 -2.649 -1.116  762 
   55927.352700    -861.5631     104.1730    -988.2747     107.2548    0.3326      58.9074      50.5870  0.398  0.546  762 
   55969.118500   -3551.5144     101.1815   -3687.4406     103.1338    0.7229    -266.8825    -238.4361 -1.551 -1.738  762 
   56045.163000     869.9310     127.6301     884.5313     129.2916    0.4877      49.4584      45.1678  1.010  0.512  762 
   56215.481000   -1554.4566      96.3354   -1574.7762     100.3510    0.5364     -53.4624     -44.7191 -1.258 -0.656  762 
   56217.473300   -3345.3677     171.6577   -3465.1549     172.6607    0.7107   -1066.1786   -1035.2426 -4.296 -4.216  762 
   56301.279200   -4329.7149     126.6727   -4457.2840     128.8013    0.8941    -167.7687    -153.4046 -0.916 -0.897  762 
