   54533.217500    1690.4496     108.3522    1560.8364     108.4828    0.0159   -1641.9609   -1618.5672 -25.852 -6.636  762 
   54534.351500     372.6316     105.2558     228.3987     105.4249    0.0292    -125.5677    -123.1166 -12.036 -0.578  762 
   54535.302200     827.1540      91.2214     743.8027      91.3739    0.1652    -300.7643    -293.6618 -4.551 -1.553  762 
   54536.153800     325.4640     114.7185     186.1159     114.8244    0.0436       7.0474       6.9440 -8.032  0.033  762 
   54537.405900    -584.6935      88.3583    -645.5983      88.4521    0.0757     407.9351     400.2718  3.565  3.000  762 
   54538.193800    1097.8797     175.1430    1026.3275     175.1905    0.0794    -694.1563    -689.8926 -27.161 -2.940  762 
   54590.208800     -44.4191      74.9063     -97.2579      75.0070    0.1090     382.2596     373.1052  3.896  3.033  762 
   54792.430900     959.5148      93.3493     890.6945      93.3733    0.3155     784.7151     780.0259  3.996  5.784  762 
   54793.510600     850.1960     100.9619     767.7833     101.0691    0.1029    -476.3213    -466.6893 -7.540 -3.162  762 
   54794.490600     495.6533     110.7351     417.7332     110.8148    0.0667    -182.9548    -180.3403 -3.382 -1.259  762 
   54860.202700     201.6730      86.3598     109.4167      86.4770    0.0648    -318.1624    -310.8247 -4.747 -2.384  762 
   54861.129900    1208.7469     104.9750    1131.3353     105.0267    0.1995    -254.6632    -252.7777 -4.547 -1.665  762 
   54912.161700     327.4498      75.5271     275.9123      75.6113    0.1569     129.0640     126.1381  0.189  1.067  762 
   55126.499300    -117.7806      80.1928    -147.0031      80.2546    0.0850     326.8795     319.3321  4.602  3.355  762 
   55208.320800    -199.2495      55.2131    -217.3025      55.2883    0.0181     194.7919     188.7384  3.161  3.019  762 
   55273.273000     774.4223      85.3996     685.4911      85.5323    0.0088    -677.7843    -660.4748 -8.933 -4.581  762 
   55536.300000      12.6924      69.4009     -27.9162      69.4782    0.0424     -77.5208     -76.0145 -0.488 -0.865  762 
   55538.337000    -234.1837      58.4710    -262.8536      58.5346    0.0981      32.0031      31.2928  1.490  0.548  762 
   55540.344900     437.2544     129.6260     364.8051     129.7206    0.4283   -2007.7227   -1976.8569 -46.265 -8.561  762 
   55599.209300    -161.1788     108.9431    -272.0512     109.0924    0.4046   -1408.5359   -1384.3917 -33.581 -5.715  762 
   55603.167400    1402.7856     171.3626    1344.0566     171.3914    0.0333   -1185.0083   -1179.2404 -12.256 -6.708  762 
   55679.255600      62.2976      80.1449       4.6525      80.2120    0.0802    -228.7555    -223.5838 -3.026 -2.105  762 
   55924.445900    -214.1167      53.3572    -252.2300      53.4555    0.0838      15.4662      15.0293  0.938  0.361  762 
   55925.376900      13.8732      80.4473     -41.4623      80.5690    0.0688     203.8694     198.6464  2.019  1.958  762 
   55926.310300    -371.2551      49.2908    -382.8306      49.3647    0.1001     128.5881     124.3554  2.097  2.744  762 
   55927.352700     107.9335      81.1066      66.3458      81.1820    0.0132     -39.2069     -38.2327 -0.221 -0.420  762 
   55969.118500     140.7122      79.3323      22.6292      79.4699    0.0339    -144.6902    -141.8135 -1.669 -1.038  762 
   56045.163000     451.1234     109.8470     439.6982     109.8910    0.1521    -201.2307    -199.1434 -3.605 -2.267  762 
   56215.481000      -9.4112      71.1780     -50.8968      71.2692    0.1012     272.0991     265.9098  5.797  3.982  762 
   56217.473300     597.6297     145.8097     490.6561     145.9296    0.3109   -1913.6297   -1890.5972 -49.111 -7.802  762 
   56301.279200     378.4201      99.9547     293.5950     100.1260    0.1454    -634.7262    -616.9993 -13.340 -3.633  762 
