   54533.217500   -3790.9240     211.6450   -4862.5575     217.0172    0.4973    -451.0435    -400.2980 -1.148 -1.719  762 
   54534.351500   -7099.3124     209.8582   -6732.3518     214.4569    0.4965     212.3142     187.6143  1.151  0.872  762 
   54535.302200   -8741.4863     201.4999   -8738.8951     206.7016    0.7093      28.4900      24.2797  0.443  0.133  762 
   54536.153800   -7001.0338     189.9375   -7048.5478     193.4437    0.6585     314.8887     278.0743  0.760  1.486  762 
   54537.405900   -3217.8482     180.5479   -4077.6810     185.6269    0.4186     311.7778     254.9890  2.350  1.960  762 
   54538.193800   -6436.3500     242.1772   -6379.2079     245.3104    0.6323    -851.0973    -774.2819 -3.116 -3.765  762 
   54590.208800   -2925.5352     171.1722   -3627.7825     175.6873    0.4970      12.2612       9.8610 -0.062  0.085  762 
   54792.430900   -3507.0094     138.6113   -3645.3376     140.1955    0.3912      59.0562      52.0182 -0.064  0.412  762 
   54793.510600   -4755.1803     201.4597   -5030.0282     205.7634    0.5533     -60.5546     -51.3154  0.109 -0.347  762 
   54794.490600   -4356.4208     205.9794   -4415.0301     209.8844    0.4731     432.1095     365.7026  1.320  2.570  762 
   54860.202700   -2066.3066     181.2741   -2352.9020     185.2845    0.4792     -56.8562     -47.1481 -0.520 -0.363  762 
   54861.129900   -3987.7509     179.3528   -3678.2183     182.3716    0.5326   -1194.7782   -1036.2390 -7.176 -7.163  762 
   54912.161700    3308.9786     169.9249    2907.8338     174.4737    0.4646      95.0742      77.7427  0.621  0.644  762 
   55126.499300    -202.6158     169.5789    -490.6590     172.8699    0.1247      12.2050       9.9844 -0.063  0.101  762 
   55208.320800   -1422.1752     144.8645   -1390.7160     148.1354    0.3365    -311.6036    -242.8400 -3.920 -3.688  762 
   55273.273000    -998.9542     188.4227   -1710.9729     193.2369    0.2862    -166.4665    -136.6499 -0.648 -0.955  762 
   55536.300000    1533.0823     155.3261     317.2260     159.0584    0.0196    -193.9698    -153.6957 -1.556 -1.735  762 
   55538.337000    -209.0583     141.7072    -690.1543     145.1954    0.1023      42.9275      33.9778  0.114  0.602  762 
   55540.344900    2701.1316     230.2498    2297.5110     234.6827    0.2056   -1027.9675    -913.8044 -4.563 -3.994  762 
   55599.209300    -955.8920     207.6971   -1451.5570     212.6551    0.3287    -873.8210    -771.2270 -3.426 -3.439  762 
   55603.167400   -1518.1135     240.9562   -1823.5128     243.4023    0.2511    -233.2241    -211.4835 -1.637 -1.255  762 
   55679.255600    -860.0073     171.5837   -1355.5113     175.5520    0.2694    -222.2637    -177.3113 -1.076 -1.664  762 
   55924.445900    -649.8270     137.6217   -1371.5256     143.6353    0.1340      45.2271      36.0596  0.601  0.837  762 
   55925.376900    -816.8867     182.3892    -986.3689     186.4148    0.2319      97.7026      78.5897  0.906  0.767  762 
   55926.310300    -653.0933     135.9986   -1139.5994     140.7415    0.1580     -65.1052     -51.1846 -1.635 -1.070  762 
   55927.352700      74.2441     179.5736     122.9185     183.0328    0.0149     -72.1419     -58.1814 -0.442 -0.612  762 
   55969.118500    -982.7805     175.4826   -1407.2725     179.9684    0.2171    -147.4075    -122.2598 -0.892 -0.862  762 
   56045.163000     905.8670     194.3559     630.9014     197.1016    0.1782     145.0606     121.5604  1.567  1.338  762 
   56215.481000   -1119.3519     169.0541   -1286.3424     172.3503    0.2461      71.2589      57.2025  1.292  0.793  762 
   56217.473300    1177.7741     260.3531     839.5929     264.8390    0.0889   -1577.7047   -1431.1083 -5.263 -5.743  762 
   56301.279200   14072.4454     211.5104   13414.9820     216.6364    0.8597    -142.1335    -121.9913 -1.056 -0.697  762 
