   54533.217500     829.5011     152.6121     896.3781     154.7059    0.2344     360.9926     336.0007  1.562  1.518  762 
   54534.351500    1525.7235     149.9952    1685.4180     152.6164    0.2360     229.3643     211.4863  0.874  1.025  762 
   54535.302200     636.9132     140.8706     603.9028     144.8833    0.1482      55.1260      48.7585  1.114  0.281  762 
   54536.153800   -1705.1818     137.3341   -1135.1431     139.0844    0.0675       0.0000       0.0000  0.653  0.000  762 
   54537.405900       0.0000       3.9788       0.0000       3.9788      -nan       0.0000       0.0000  0.000  0.000  762 
   54538.193800       0.0000       4.9426       0.0000       4.9426      -nan       0.0000       0.0000  0.000  0.000  762 
   54590.208800    1927.4321     117.7567    1757.9155     122.6978    0.3288     -66.2846     -54.5475 -0.943 -0.513  762 
   54792.430900       0.0000       3.9588       0.0000       3.9588      -nan       0.0000       0.0000  0.000  0.000  762 
   54793.510600    3187.1166     148.6062    2878.2353     152.3688    0.5318      33.5762      29.6939  0.579  0.199  762 
   54794.490600       0.0000       4.4037       0.0000       4.4037      -nan       0.0000       0.0000  0.000  0.000  762 
   54860.202700       0.0000       4.1863       0.0000       4.1863      -nan       0.0000       0.0000  0.000  0.000  762 
   54861.129900       0.0000       4.0116       0.0000       4.0116      -nan       0.0000       0.0000  0.000  0.000  762 
   54912.161700   -1770.6512     125.1447   -1617.6032     128.8997    0.2672     103.3686      87.6375  0.928  0.714  762 
   55126.499300    -407.0151     125.8617    -497.5558     130.0749    0.1824     -62.8415     -52.2257 -0.757 -0.540  762 
   55208.320800       0.0000       2.8431       0.0000       2.8431      -nan       0.0000       0.0000  0.000  0.000  762 
   55273.273000    1040.6878     135.4446    1241.4251     139.7583    0.2211       0.0000       0.0000 -1.348  0.000  762 
   55536.300000     266.0707     113.9992     206.8048     118.0136    0.0230     -97.1447     -79.1159 -1.108 -0.900  762 
   55538.337000     244.4116     102.2415    -516.0506     108.3168    0.1051    -115.5687     -92.9189 -1.119 -1.644  762 
   55540.344900      -2.8523      12.2588    -308.8394     152.6528    0.0473       0.0000       0.0000 -1.787  0.000  762 
   55599.209300    3060.9441     147.7867    3431.8905     150.2168    0.3943    -203.1851    -185.5835 -0.999 -0.880  762 
   55603.167400    1722.6031     198.1963    1586.2977     199.5323    0.1234    -694.9675    -655.3798 -4.375 -3.979  762 
   55679.255600    2206.0008     124.8896    2336.1117     128.9700    0.4262      59.3033      49.3239 -0.371  0.467  762 
   55924.445900     782.0417      98.9048     827.9124     107.7372    0.1080     -19.1609     -15.1738  0.287 -0.352  762 
   55925.376900    1819.9952     131.7780    1497.2229     137.3154    0.2846    -156.1823    -128.4596 -1.667 -1.265  762 
   55926.310300      -3.8081      96.6273    -396.3969     104.1504    0.0561      58.4085      45.1008  0.721  0.953  762 
   55927.352700     600.4740     132.7016     424.3229     137.8140    0.1046    -149.0048    -121.6352 -0.820 -1.284  762 
   55969.118500    -547.2440     127.1946    -717.1815     131.0786    0.1915    -138.3486    -117.9158 -1.032 -0.858  762 
   56045.163000    -240.8065     153.6894     -81.6482     156.9122    0.0032      86.1702      74.7903  0.559  0.826  762 
   56215.481000     868.3908     122.4155     392.5436     127.9764    0.0810      67.6675      55.0568  0.431  0.785  762 
   56217.473300     -54.6785     201.9265     -21.3797     203.9641    0.1111    -607.6450    -570.4123 -2.798 -2.306  762 
   56301.279200   -2684.5602     159.9734   -2604.8359     164.2119    0.5187    -387.8364    -337.1391 -1.782 -1.965  762 
