   54533.217500    1855.5498     112.8188    1667.8642     113.5607    0.2876    -283.5394    -270.0757 -0.934 -1.100  762 
   54534.351500     738.4103     110.6954     621.7584     111.7804    0.2633     420.6219     393.3094  1.355  1.849  762 
   54535.302200     866.0467      98.9949     746.1406     100.8345    0.2724     127.2447     115.5465  0.565  0.606  762 
   54536.153800    -189.0832     121.3744    -457.5159     122.1301    0.0798      29.0851      27.4657  0.093  0.131  762 
   54537.405900    1161.2464      99.0183    1017.1919     101.3902    0.2165      82.7454      72.6963  0.339  0.542  762 
   54538.193800   -1261.1908     181.2348   -1373.3716     181.6028    0.1931     351.3072     342.2795  1.354  1.442  762 
   54590.208800    1078.7639      86.4972     969.4251      89.2232    0.4945     465.6053     398.2784  2.441  3.198  762 
   54792.430900     635.7851      98.6972     474.8747      99.0847    0.2337    1054.9085    1000.6287  7.307  7.373  762 
   54793.510600     921.4982     111.1641     828.2862     113.0182    0.2333    -174.2837    -155.9322 -0.736 -1.053  762 
   54794.490600     837.3469     120.4916     787.0939     121.9495    0.3072     375.7585     342.0080  2.527  2.379  762 
   54860.202700     786.4880      96.8867     690.3060      98.9018    0.1914     -53.7493     -47.2185 -0.509 -0.361  762 
   54861.129900     348.1746     112.8370     -55.9681     113.6296    0.0207    -137.5953    -127.8133 -0.337 -0.848  762 
   54912.161700     747.5273      87.4818     763.8533      89.7339    0.3463     217.1959     186.0714  1.745  1.573  762 
   55126.499300     912.2433      92.9288     920.8216      95.4742    0.4686      37.4892      32.1844  0.922  0.338  762 
   55208.320800     154.9009      72.0965     476.7932      77.9206    0.1754      93.2077      70.6814  1.185  1.128  762 
   55273.273000     540.6301      96.1166     516.4018      98.7456    0.2874     456.2364     393.7988  2.013  2.719  762 
   55536.300000     406.7067      83.8626     450.5870      86.9078    0.1472     110.3431      90.5722  0.458  1.027  762 
   55538.337000     582.5944      74.9038     882.4265      81.0203    0.3034     -17.1894     -13.5666 -0.233 -0.236  762 
   55540.344900     829.0044     134.0605     767.1340     134.9154    0.2568     111.8810     106.0429 -0.113  0.459  762 
   55599.209300     408.7358     113.1739     -16.6712     114.4417    0.0513     331.1094     310.9036  1.450  1.273  762 
   55603.167400     268.1666     177.6523     158.6491     178.0289    0.0601     196.2087     189.5137  0.036  1.070  762 
   55679.255600     688.1070      93.1933     648.0146      95.9685    0.1932      90.8623      76.3926  0.650  0.717  762 
   55924.445900    -116.1482      70.3046      25.0778      81.9272    0.0052       2.0266       1.5839 -0.730  0.038  762 
   55925.376900    -266.6672      96.4111    -248.3226      99.9364    0.0484      93.6874      76.8868  0.750  0.755  762 
   55926.310300     469.8485      65.9332     608.0890      76.9259    0.1468     -19.1123     -14.2190 -0.021 -0.313  762 
   55927.352700     692.1280      95.9280     675.7889      99.7227    0.2216     -26.0155     -21.6777 -0.176 -0.238  762 
   55969.118500     259.3272      89.9022     216.4810      91.9960    0.1117     168.4148     146.7249  0.825  1.072  762 
   56045.163000    -797.0397     124.1413    -713.0985     126.0567    0.2711     -66.7821     -59.7704 -0.415 -0.678  762 
   56215.481000     562.1666      88.6602     512.0156      93.6064    0.1703      70.6218      57.2972  0.538  0.857  762 
   56217.473300    1659.7981     149.2334    1518.7641     150.0231    0.3403     142.7192     136.6110  0.777  0.564  762 
   56301.279200     392.9238     109.8190     264.4415     112.1688    0.0919     -19.1538     -16.9332  0.267 -0.100  762 
