   54533.217500    1861.2842     182.5419    1644.9718     190.4124    0.2227     144.1590     127.3515  0.253  0.551  762 
   54534.351500    -380.2191     183.8670    -799.7448     192.9415    0.0479     489.4561     422.2622  2.017  1.966  762 
   54535.302200    1785.0788     172.9671    1254.0340     184.5990    0.1971       0.4972       0.4075  0.198  0.002  762 
   54536.153800    -275.5546     168.4330    -280.9225     175.3577    0.0084     251.3695     218.6742  1.088  1.186  762 
   54537.405900    4715.1203     147.6018    5385.1259     156.8162    0.6263      43.1011      36.5277  0.232  0.288  762 
   54538.193800    6893.6346     215.2757    6667.5340     220.6143    0.5453    -247.7778    -226.2550 -1.342 -1.126  762 
   54590.208800    4247.1372     139.6412    4169.0404     150.1832    0.4284    -153.9006    -124.3687 -0.914 -1.106  762 
   54792.430900       0.0000       4.1304       0.0000       4.1304      -nan       0.0000       0.0000 -1.742  0.000  762 
   54793.510600     926.9337     180.1481     658.0208     189.8669    0.1064      78.2644      64.3855  0.755  0.428  762 
   54794.490600       0.0000       4.4362       0.0000       4.4362      -nan       0.0000       0.0000  0.000  0.000  762 
   54860.202700   -1584.0674     158.9496   -1322.0190     168.5194    0.2126    -102.3177     -83.4672 -1.086 -0.636  762 
   54861.129900   -3942.8883     160.2255   -3431.6825     166.2829    0.2716     467.1877     403.2144  1.824  2.834  762 
   54912.161700    -167.2113     149.6382    -121.9728     159.7051    0.0190     -13.7288     -10.9940 -0.732 -0.090  762 
   55126.499300    -893.0663     146.7813    -962.0828     156.7079    0.2015      -1.2889      -1.0378 -0.105 -0.011  762 
   55208.320800       0.0000       2.8197       0.0000       2.8197      -nan       0.0000       0.0000  0.000  0.000  762 
   55273.273000    1669.5101     164.2110    1475.1056     175.7047    0.2048    -422.6513    -335.8352 -2.196 -2.349  762 
   55536.300000   -2369.5839     135.0322   -2313.8276     145.0752    0.3400     -70.4610     -55.5412 -0.457 -0.625  762 
   55538.337000   -2294.8333     125.3327   -2259.3708     137.0510    0.2618    -200.4047    -149.1591 -2.608 -2.598  762 
   55540.344900    -598.6412     207.1728    -888.4729     215.1587    0.1300   -1096.5078    -958.3350 -4.237 -4.203  762 
   55599.209300   -1721.3120     183.4776   -1834.5596     192.2688    0.3257    -173.8021    -150.2315 -0.835 -0.664  762 
   55603.167400   -1681.4340     225.1014   -1819.8753     229.5991    0.3065    -538.4440    -490.0519 -3.159 -2.876  762 
   55679.255600    1469.8962     146.4634    1008.5089     156.2194    0.1328     -24.6548     -19.7535 -0.331 -0.185  762 
   55924.445900     136.6178     112.8241   -1055.8186     126.4216    0.1282     -92.4205     -71.9050 -2.187 -1.675  762 
   55925.376900     -82.3757     157.8941     -43.3033     169.8371    0.0235     -70.4465     -54.9983 -0.493 -0.539  762 
   55926.310300   -2208.5800     114.6880   -2507.7549     128.5190    0.3510       8.9927       6.6454 -0.572  0.142  762 
   55927.352700     454.1333     154.9782     450.9141     166.2769    0.0873    -115.9583     -91.2123 -0.923 -0.973  762 
   55969.118500   -2586.9176     153.8877   -2706.0641     164.2830    0.4198      48.4096      38.4724 -0.558  0.280  762 
   56045.163000    3038.2495     169.9898    3004.2756     177.5189    0.7339      73.8755      63.1729  1.062  0.703  762 
   56215.481000   -2877.9942     146.2137   -3116.4251     159.1512    0.5148     149.5592     114.7226  1.553  1.677  762 
   56217.473300    -167.6168     233.8291    -231.2851     241.8044    0.1943   -1320.5790   -1172.3848 -4.846 -4.768  762 
   56301.279200   -1573.6169     192.5552   -1866.8317     205.0292    0.5114    -275.6207    -221.8525 -1.059 -1.294  762 
