   54116.301000   15275.7425     423.0266   14936.5282     426.8670    0.7209   -5904.3169   -5572.5744 -21.283 -18.741  762 
   54127.317100     199.7511     391.7756     144.3911     394.8180    0.0501   -1025.6874    -950.2621 -6.374 -6.673  762 
   54127.352800    1903.2312     387.2363    1874.0902     390.1627    0.0331   -1526.7153   -1422.8487 -8.612 -9.038  762 
   54149.238000    3203.1614     291.2555    2746.2930     303.1938    0.2237      -7.8369      -6.2858  0.170 -0.045  762 
   54149.257400   11731.0070     340.3117   10857.4027     344.8461    0.6552   -2663.2940   -2435.6867 -10.511 -10.440  762 
   54150.328600   -1119.7081     278.1998    -768.7482     289.3167    0.0945    -178.2595    -140.7857 -0.893 -1.185  762 
   54152.336000   -1051.0167     254.4860    -682.2185     267.0128    0.0617     176.2070     132.8668  1.669  1.547  762 
   54152.342500    -928.1393     264.7292    -461.0911     276.3652    0.0172     322.6043     250.1505  3.056  2.540  762 
   54156.154700   11536.8027     260.7694    8431.7821     269.2920    0.2688    -485.0059    -402.3008 -8.399 -8.614  762 
   54174.142000    7055.6146     240.1542    5828.7481     253.9951    0.3976     138.8060     104.7097  2.162  1.495  762 
   54174.149600    4391.2403     229.4104    2756.4767     243.9692    0.2519     159.1563     116.1337  1.693  1.994  762 
   54176.305700   -1115.0127     267.9470    -743.9470     279.2270    0.0404     134.3455     104.3581  1.186  1.015  762 
   54179.173100    4173.4949     249.4626    3266.7376     263.5254    0.3508     327.7870     242.4950  3.110  2.995  762 
   54201.218300    -715.1388     266.0355     -83.8707     277.2453    0.0325     615.8773     481.1797  4.241  4.479  762 
   54201.228100    -436.7769     293.0735      72.6859     302.4264    0.0465     684.3704     567.8837  3.548  3.831  762 
   54201.243600    2910.9336     326.7032    3587.6620     333.7694    0.2286    -427.6138    -374.3973 -2.306 -1.889  762 
   54205.179300     668.0351     225.5714     159.1169     239.8605    0.0598     597.7490     437.6088  7.200  7.518  762 
   54210.346400   -6241.3753     246.9330   -4423.1711     257.5172    0.1688     746.6197     561.4243  6.881  6.886  762 
   54212.180600    1563.6005     291.0508    2078.4715     299.1893    0.2429     577.1378     480.5959  4.750  4.593  762 
   54213.208300   -1767.4061     283.5980   -1189.1330     290.5739    0.0514     704.8170     589.4628  7.797  7.527  762 
   54230.223600   -6329.9591     244.2843   -5126.0020     255.6665    0.2140     246.5907     183.7897  2.843  2.556  762 
   54231.221900    2262.2588     315.2820    3194.2441     322.5417    0.2018     484.5667     414.0613  3.108  2.535  762 
   54240.235600   -2753.4936     263.4502   -1111.6700     270.9251    0.0237     478.4036     386.3856  3.783  4.061  762 
   54260.157900   -8469.3942     252.3298   -6404.3270     261.2037    0.1952     425.2534     330.0340  5.274  4.869  762 
   54260.162700   -7154.7202     246.9236   -5794.3358     257.2594    0.2651     305.3298     232.9283  3.788  3.229  762 
   54260.175900   -9018.8433     230.8552   -6913.3977     242.2598    0.2395     353.6690     259.0721  4.498  4.304  762 
   54261.162600    -224.6687     266.7283    1496.3864     274.1224    0.1030     521.5279     429.1252  4.119  4.357  762 
   54261.174500   -4084.1017     254.0065   -1883.3050     262.6534    0.0519     446.1558     346.2591  3.596  4.110  762 
   54264.164600   -7502.5594     229.5731   -4252.4895     238.2400    0.1138     295.1354     223.0345  3.902  3.840  762 
   54264.180400   -6905.7579     229.6518   -3838.4233     238.8383    0.0970     527.9759     403.8329  5.993  6.476  762 
   54265.184200   -2390.0711     271.2458   -1248.3762     278.0491    0.0288     721.7092     599.0899  5.577  5.316  762 
   54265.195400   -6389.2942     254.4968   -4748.7259     261.5877    0.1248     912.6924     738.9204  6.974  7.809  762 
   54275.170700     620.1996     372.3577    1422.9686     375.1125    0.0902    1150.2332    1048.7587  7.543  8.585  762 
   54275.178200    1573.2277     351.5552    2595.4281     354.6897    0.1177     928.6269     835.0226  8.342  7.816  762 
   54384.470800   14835.8870     294.0705   13737.2407     303.8392    0.5591    -121.8591    -101.4241 -0.745 -0.710  762 
   54384.481300   16239.4142     275.8719   14582.3963     286.8321    0.5516     311.5963     252.0859  2.108  2.083  762 
   54385.508300   11770.8789     264.3645   10674.8246     275.6111    0.4568     -23.1942     -18.4128 -0.284 -0.217  762 
   54386.497100   11630.9990     284.7901   10608.8534     294.9518    0.5216     314.5445     259.4151  1.828  1.969  762 
   54386.502700    9234.1569     288.3332    8363.0848     297.9025    0.4880     190.5898     158.3182  1.548  1.194  762 
   54388.451200   20363.8013     219.7674   15509.8376     233.4894    0.3449      17.5204      13.6883  0.331  0.256  762 
   54533.213700    7715.3556     386.7821    8880.5387     397.4597    0.6118     247.7815     209.2230  1.403  1.474  762 
   54534.352300   -3241.3309     412.7782   -2894.3849     424.8933    0.2453      90.9127      77.1840  0.533  0.458  762 
   54535.298300   -1071.3712     353.0918     467.9184     371.0748    0.0531     152.6319     116.1093  1.591  1.237  762 
   54536.149900   12949.7747     362.1208   12639.0539     370.6621    0.5824     434.2962     374.3342  3.580  3.440  762 
   54537.401500   -2903.3324     309.8016   -1289.3752     325.9357    0.0417     298.3917     228.6765  3.404  3.674  762 
   54538.182200    5323.9925     517.0131    5442.6764     523.6103    0.5780   -1412.4364   -1285.9617 -6.986 -6.485  762 
   54538.197200    3194.9310     449.8629    3417.6293     459.0827    0.3932    -481.8454    -419.0603 -2.889 -2.979  762 
   54590.205000   -1282.9810     311.1800     659.8491     327.9164    0.0444       7.6275       5.6411 -0.319  0.090  762 
   54792.348600   24897.2251     282.3149   23049.6815     290.0445    0.5670     689.5211     587.0944  9.561  9.372  762 
   54792.505800       0.0000       3.6409       0.0000       3.6409      -nan       0.0000       0.0000  0.005  0.000  762 
   54793.506900   10132.5114     400.4981    9564.2236     404.8551    0.6183    2377.8997    2162.9415 15.503 15.848  762 
   54794.486900       0.0000       3.2545       0.0000       3.2545      -nan       0.0000       0.0000  0.000  0.000  762 
   54860.203100   10108.7444     415.0826    7598.2098     430.5214    0.2491   -1481.0305   -1214.4185 -8.736 -8.693  762 
   54861.126100   22033.9834     399.2285   21435.2732     409.9185    0.6079     436.5644     374.3108  3.284  3.185  762 
   54862.262500       0.0000       4.6236       0.0000       4.6236      -nan       0.0000       0.0000  0.000  0.000  762 
   54912.158000   13658.8121     366.6037   12186.2468     370.2150    0.4733    7266.3382    6594.3426 49.958 49.940  762 
   54914.124500   95345.0246     843.7031   94346.3426     844.5567    0.8924  -45152.2309  -44807.4211 -89.741 -80.304  762 
   55126.484100   10793.5951     377.8311    7933.0126     392.0220    0.2854    -127.2469    -103.3752 -0.333 -1.132  762 
   55126.506900    8578.5588     376.8365    5405.0864     392.7836    0.2474     -92.2796     -74.4327 -0.447 -0.825  762 
   55208.301900       0.0000       3.0897       0.0000       3.0897      -nan       0.0000       0.0000  0.000  0.000  762 
   55208.332500       0.0000       3.2165       0.0000       3.2165      -nan       0.0000       0.0000  0.000  0.000  762 
   55273.269300    4183.2104     389.0396    4201.3761     405.0790    0.3098    -979.7188    -772.8717 -6.009 -6.252  762 
   55536.296400   19110.1295     349.5336   15763.1240     365.7132    0.4535    -734.3300    -579.7104 -6.629 -6.542  762 
   55538.333300   22729.8094     289.3715   18198.0491     311.4609    0.4356    -395.7976    -296.2229 -5.705 -6.143  762 
   55540.341300   11382.4767     478.1465   10625.5792     488.6592    0.6343   -3312.2724   -2904.6405 -13.978 -14.768  762 
   55599.206500    8196.0417     446.4313    7826.4727     454.6481    0.4622   -1347.5611   -1200.9881 -6.955 -6.271  762 
   55603.163800    9731.2346     416.1162    8833.1498     427.2897    0.3802   -1164.1592    -989.5124 -10.795 -10.603  762 
   55679.251900   -7611.0699     338.4834   -8305.5748     356.3312    0.5336    -316.0235    -230.5688 -3.052 -3.270  762 
   55889.434300    7418.0422     396.0406    5778.7116     413.4158    0.4167       1.0885       0.8601 -0.139  0.008  762 
   55924.442100    5213.1451     296.9084    2199.4811     320.8827    0.1472     191.1349     137.0450  3.064  3.249  762 
   55925.373000    8465.4878     356.6641    7342.2585     376.5221    0.5888     238.6310     182.0035  1.789  2.333  762 
   55926.306500   13424.5747     303.7741    9866.9272     327.1973    0.4249     155.5328     113.2098  2.476  2.304  762 
   55927.348900    8711.5818     361.0662    7235.8880     379.8720    0.5522     170.6114     131.4512  1.349  1.742  762 
   55969.114700   11851.8426     407.0609    8872.8963     420.3465    0.3316     366.4904     307.4263  2.356  2.386  762 
   56045.159200    4411.1011     422.9640    3364.9743     434.5495    0.4525      75.7903      63.2402  0.690  0.651  762 
   56215.477100   12673.8109     384.0215    6042.2554     405.0369    0.1802     907.4990     727.2413  9.044  9.003  762 
   56217.469400   12143.6421     591.4337   10671.3073     599.3266    0.5158     -20.0157     -18.3425 -1.227 -0.082  762 
   56301.276300    3908.2845     443.1000     804.0228     460.0960    0.0628     742.4968     616.4518  3.823  4.203  762 
   56417.155100   -3874.6410     235.6222   -5287.1958     237.9487    0.2476     681.3406     625.1150  8.302 10.928  762 
   56418.173700   -2815.8236     357.8825   -3383.0652     364.3390    0.2243    1643.2828    1432.8905 13.569 14.311  762 
