   54116.301000     884.5402     363.4166     813.4087     363.7995    0.3711   -3190.7962   -3153.4818 -10.211 -10.573  762 
   54127.317100    1932.4723     334.7685    1954.6003     334.9994    0.1234   -1263.2915   -1243.9173 -8.036 -8.696  762 
   54127.352800    4319.9461     329.1600    4310.5180     329.3718    0.4498   -1414.7196   -1398.4270 -8.217 -8.808  762 
   54149.238000     162.7145     211.5828     188.6243     213.3251    0.0133    -239.9453    -224.6930 -2.137 -1.595  762 
   54149.257400     623.5129     286.3959     574.9898     286.8243    0.1357   -1369.1158   -1341.7947 -5.295 -5.733  762 
   54150.328600    -246.9875     200.0221    -289.1968     201.7823    0.1640    -239.6791    -223.9173 -1.243 -1.858  762 
   54152.336000    -283.7754     175.3447    -241.1715     178.1695    0.1131     -57.8690     -52.2485 -0.414 -0.604  762 
   54152.342500    -285.4489     185.2697    -171.6832     187.4784    0.0441      31.0764      28.5438 -0.125  0.288  762 
   54156.154700    1090.7494     205.9164    1029.3880     207.7181    0.0887    -575.8484    -539.8721 -11.322 -11.198  762 
   54174.142000   -1061.4168     162.3157    -949.9110     165.0352    0.3014    -164.2849    -148.6583 -2.202 -2.101  762 
   54174.149600   -1564.9732     151.1539   -1628.3615     154.9264    0.4751     -98.2775     -87.3029 -1.193 -1.474  762 
   54176.305700    -883.6984     188.8636    -854.7839     191.0496    0.3304    -119.1001    -109.3452 -0.961 -1.057  762 
   54179.173100     522.8961     168.8282     540.4178     171.6241    0.1830     -82.5054     -74.4407 -1.147 -0.910  762 
   54201.218300      63.8736     189.2074      76.2773     191.1556    0.0818    -308.1729    -285.0857 -3.022 -2.627  762 
   54201.228100     296.1468     219.1330     263.0571     220.4874    0.1064    -576.4094    -546.7769 -3.246 -3.661  762 
   54201.243600     508.4763     257.5590     465.8019     258.4330    0.1825   -1148.9793   -1110.6229 -5.323 -5.561  762 
   54205.179300   -1113.9392     147.9021   -1058.5631     151.2186    0.3074      51.6230      45.8357  0.558  0.779  762 
   54210.346400    1375.0373     170.8261    1506.2854     172.9066    0.5038     285.2299     261.1209  3.325  3.146  762 
   54212.180600    2199.8981     219.0177    2337.5351     220.0050    0.5001    -252.1464    -240.1183 -2.256 -2.273  762 
   54213.208300    2043.3075     218.2310    2102.7927     219.1904    0.4652    -149.2077    -141.9988 -1.332 -1.795  762 
   54230.223600    -960.3306     167.5533    -984.3006     170.2450    0.3795    -207.5858    -187.6620 -2.810 -2.590  762 
   54231.221900    -971.5227     245.9018   -1079.8847     246.8972    0.3480    -560.8103    -537.6017 -3.191 -3.276  762 
   54240.235600     231.8727     196.4333     129.7337     197.8172    0.0743    -455.3653    -428.1085 -4.062 -4.440  762 
   54260.157900    1316.1163     180.2257    1380.0756     182.1247    0.4003      12.0362      11.1628  0.040  0.161  762 
   54260.162700    1262.2591     172.7901    1263.3194     174.9790    0.3812     -74.0010     -68.0761 -0.787 -0.921  762 
   54260.175900    1632.4371     153.9471    1743.7599     156.9125    0.4759     -92.3260     -83.1876 -0.841 -1.356  762 
   54261.162600     176.8407     200.5746     169.7821     201.7998    0.0429     -31.2499     -29.4581  0.027 -0.291  762 
   54261.174500    1076.0689     182.3029    1102.4452     184.0406    0.2736     -66.3185     -61.4764 -0.361 -0.712  762 
   54264.164600    2182.3994     159.2316    2368.0084     161.5178    0.5931     153.9666     141.2027  4.315  2.357  762 
   54264.180400    2152.3689     155.4692    2440.5430     157.4064    0.5350     149.8994     138.3576  2.696  2.190  762 
   54265.184200    1765.9088     204.2539    1819.7647     205.1187    0.4527     212.8638     202.9980  1.102  1.800  762 
   54265.195400    2557.0311     186.2859    2618.3119     187.3980    0.5652     126.5602     119.7282  1.467  1.259  762 
   54275.170700    2074.6778     324.4101    2068.1730     324.6781    0.3616      30.0044      29.4201  1.886  0.237  762 
   54275.178200    1982.1325     301.2873    2042.4531     301.5907    0.4172     599.2302     585.9389  5.524  5.408  762 
   54384.470800     728.1746     222.6088     696.0903     223.8972    0.2113      18.4137      17.4120  0.463  0.121  762 
   54384.481300    -554.6305     204.3044    -492.6248     205.9395    0.0311     418.2316     389.6719  3.145  3.195  762 
   54385.508300    -374.2225     193.4360    -365.9088     195.3386    0.1153      13.2168      12.1994 -0.308  0.142  762 
   54386.497100     840.5395     211.9110     888.3359     213.3057    0.3595     380.3857     358.5094  2.509  2.703  762 
   54386.502700    1095.0881     215.1991    1120.9280     216.5133    0.4270     302.2788     285.7802  1.723  2.143  762 
   54388.451200    -389.2644     158.7053    -444.3026     161.8218    0.1044      34.3614      30.7427  0.299  0.566  762 
   54533.213700      45.8567     294.5218      51.3083     296.0053    0.0076     -28.3858     -27.0026 -0.577 -0.187  762 
   54534.352300    1290.5249     308.1849    1301.4543     309.7847    0.3738    -224.3929    -215.0186 -1.361 -1.269  762 
   54535.298300    1508.9189     240.6564    1496.4078     244.2776    0.5724    -142.5211    -130.3304 -1.568 -1.368  762 
   54536.149900    2328.8751     286.7443    2340.9363     287.9097    0.6285     314.6155     300.6177  2.748  2.719  762 
   54537.401500    1797.9111     210.1753    1755.8903     214.5365    0.4464     -67.0544     -60.9680 -0.004 -0.954  762 
   54538.182200    -114.5116     431.8330    -160.2813     432.5002    0.1980    -685.4475    -671.0300 -4.262 -3.355  762 
   54538.197200    -455.0491     359.3950    -516.9329     360.5315    0.2481    -339.4112    -326.6324 -2.774 -2.300  762 
   54590.205000    2542.9367     208.4700    2613.3119     212.9281    0.7322     -91.9055     -82.4875 -0.672 -1.283  762 
   54792.348600    2080.3362     229.4115    2135.7970     230.6050    0.4363     352.9526     333.4599  6.130  5.057  762 
   54792.505800    2361.3010     323.6586    2357.8070     323.9537    0.3709     546.9323     535.0767  6.985  5.372  762 
   54793.506900    1666.3220     344.3466    1572.9463     344.8325    0.1126    -902.2985    -880.2172 -4.842 -6.483  762 
   54794.486900    1577.2966     269.6328    1627.3150     272.8594    0.4203    -105.9248     -97.3293 -1.573 -1.181  762 
   54860.203100    1066.7627     312.1487    1016.9619     314.2303    0.2009    -511.7561    -482.2150 -3.378 -3.411  762 
   54861.126100    2220.1205     314.4027    2264.5310     315.7892    0.6154     372.3578     354.7777  3.312  2.962  762 
   54862.262500    2381.6610     317.0405    2402.2765     318.7236    0.5507    -643.2437    -611.1027 -3.048 -3.945  762 
   54912.158000    3069.7730     319.3707    2922.7629     319.7338    0.5009    2197.0528    2145.1126 15.536 16.097  762 
   54914.124500   22282.3601     786.5453   22255.8173     786.7658    0.2810  -18482.3201  -18466.2636 -31.122 -33.307  762 
   55126.484100    -127.6496     282.4513    -154.2074     284.3274    0.0489      11.3589      10.6621  0.249  0.112  762 
   55126.506900    -366.6446     278.9890    -437.4684     281.1864    0.1477      20.9367      19.6254  0.173  0.211  762 
   55208.301900    2616.7192     228.5022    2667.7887     232.1941    0.6538    -377.5514    -341.7156 -4.314 -4.422  762 
   55208.332500    2239.2494     241.4333    2370.6350     245.3900    0.7221    -104.7225     -94.7716 -1.585 -1.167  762 
   55273.269300    2333.3789     279.3739    2364.8758     281.7876    0.6347    -334.2733    -311.4937 -2.952 -2.486  762 
   55536.296400    1435.9933     255.3000    1422.4285     257.8222    0.4529    -121.1314    -111.7300 -0.851 -1.228  762 
   55538.333300    -959.2436     206.6272    -677.4153     212.3617    0.1449     -63.4573     -55.1142 -0.640 -1.111  762 
   55540.341300    1037.6045     382.6310     957.8442     383.7894    0.0149    -933.9180    -903.8554 -4.978 -4.538  762 
   55599.206500   -1119.7066     363.6486   -1175.2177     364.5948    0.3386    -272.9158    -264.6881 -1.609 -1.367  762 
   55603.163800    1542.6091     326.8960    1482.2898     328.4322    0.3250    -445.7401    -423.8277 -3.690 -4.504  762 
   55679.251900     456.5823     231.8438     457.7589     235.8516    0.2209      59.4043      53.3255  0.192  0.741  762 
   55889.434300    3478.9669     285.4375    3548.9108     287.7514    0.7983     -27.4779     -25.6766  0.189 -0.242  762 
   55924.442100     487.8299     200.6448     391.9312     208.1935    0.1033       3.4355       2.9714 -0.242  0.067  762 
   55925.373000    1180.2376     249.4800    1258.4895     252.9770    0.3831      42.3629      38.7432  0.690  0.481  762 
   55926.306500    1480.2229     205.2556    1645.4218     211.2597    0.4888       0.0823       0.0725  0.113  0.001  762 
   55927.348900     255.9683     259.1835     222.8361     262.7600    0.0953      60.9320      55.5341  0.911  0.713  762 
   55969.114700     116.6777     311.2492     114.1000     312.6619    0.0987     180.7290     172.2913  1.362  1.296  762 
   56045.159200    1450.1990     329.4119    1504.5696     330.9756    0.4534     -40.9532     -38.7634 -0.165 -0.390  762 
   56215.477100   -1429.4132     281.5397   -1618.1729     284.3605    0.5087      88.1918      82.0837  0.298  0.971  762 
   56217.469400    -701.6427     505.5347    -732.5211     506.2043    0.2414    -318.8690    -312.7383 -1.145 -1.374  762 
   56301.276300       4.3165     332.3696     -41.9112     334.2274    0.0689    -112.9328    -107.5897 -0.954 -0.709  762 
   56417.155100     490.1936     213.3565     392.4132     213.6081    0.0158    -227.4490    -221.8966 -1.097 -3.627  762 
   56418.173700     205.6939     293.5494     201.3880     294.2376    0.0463      38.3841      37.0141  1.107  0.360  762 
