   54116.301000    1890.7134     368.2587    1797.6860     368.7008    0.1894   -2905.1430   -2859.7875 -9.994 -9.626  762 
   54127.317100    6925.5692     337.4836    6948.2945     337.7512    0.6839   -1214.0341   -1189.9825 -7.698 -8.377  762 
   54127.352800    7623.5965     332.3262    7710.2743     332.5624    0.7510    -854.7754    -840.7659 -5.737 -5.342  762 
   54149.238000     280.2419     218.2809     289.6790     220.1982    0.0823     -54.8598     -50.4925 -0.721 -0.362  762 
   54149.257400    2241.0362     289.9516    2177.9366     290.4373    0.1335   -1447.0248   -1410.7342 -7.109 -6.070  762 
   54150.328600    -209.3902     205.9498    -246.5908     207.8852    0.1477    -216.6796    -198.6276 -1.991 -1.681  762 
   54152.336000   -2138.6733     183.2289   -2147.6494     186.2732    0.6064     212.1360     187.0363  2.335  2.184  762 
   54152.342500   -2642.5848     193.3967   -2679.6063     195.8800    0.6265     196.9173     176.7963  1.302  1.798  762 
   54156.154700    4925.2392     206.0281    5079.1248     207.8690    0.6290    -271.4562    -252.1523 -5.029 -5.478  762 
   54174.142000    3634.2342     167.3244    3855.9168     170.0830    0.7815      48.5833      43.2294  0.634  0.626  762 
   54174.149600    3343.8338     155.2597    3602.8968     158.9059    0.7973     183.6038     160.9276  3.051  2.819  762 
   54176.305700   -1460.9882     196.0439   -1338.3863     198.3626    0.3863     137.9673     124.3504  1.046  1.212  762 
   54179.173100    1059.4649     176.0537    1066.7987     179.1428    0.4534     154.4013     135.7548  1.971  1.694  762 
   54201.218300    1105.9917     194.2573    1098.2658     196.4024    0.4283     224.3864     203.8163  1.386  1.920  762 
   54201.228100    1504.3405     223.3609    1561.6165     224.7260    0.5019     201.7190     189.3403  1.540  1.286  762 
   54201.243600    1716.2035     262.0287    1680.2733     262.9862    0.3234    -708.4787    -679.6134 -3.206 -3.433  762 
   54205.179300    -282.9415     153.9985    -203.4307     157.6380    0.0193     169.7233     147.1296  3.099  2.602  762 
   54210.346400   -1084.8977     177.5313    -964.4579     180.0045    0.1109     642.7560     571.9765  6.448  7.083  762 
   54212.180600    -269.1436     225.1718    -168.9942     226.4015    0.0023     188.7307     176.5247  1.710  1.697  762 
   54213.208300    -494.1085     222.8066    -427.2582     224.0208    0.0812     160.6723     150.1495  1.640  1.948  762 
   54230.223600    -378.5516     173.2809    -306.9874     176.1986    0.1186      45.7943      40.4383  0.613  0.572  762 
   54231.221900   -1263.0250     251.4143   -1377.0108     252.5740    0.3015      17.2986      16.3852  0.244  0.101  762 
   54240.235600    3437.0608     199.2277    3457.0922     200.6516    0.7234     136.7969     126.7594  0.544  1.348  762 
   54260.157900   -1004.5464     186.4046    -984.4872     188.6316    0.1653     452.4477     409.4663  5.389  6.024  762 
   54260.162700    -571.2052     179.0088    -503.7144     181.4465    0.0834     279.0288     250.8141  3.826  3.475  762 
   54260.175900     263.0836     160.6607     354.1706     163.9840    0.2136     203.3427     177.7117  3.036  2.984  762 
   54261.162600    2443.7918     204.1454    2529.1090     205.4382    0.6342     517.6375     481.5035  4.345  4.852  762 
   54261.174500    4562.0270     185.7459    4738.8875     187.5762    0.8447     229.1676     209.0515  2.222  2.489  762 
   54264.164600    1604.4013     163.8093    1896.3320     166.3340    0.5316     418.3841     374.1762  5.966  6.506  762 
   54264.180400    1150.1073     161.1916    1475.9904     163.4363    0.3998     322.2511     289.9584  4.056  4.748  762 
   54265.184200      -6.9462     209.3236     131.9365     210.3734    0.1991     718.9179     674.5818  5.893  6.085  762 
   54265.195400     316.2155     191.2002     294.3470     192.6009    0.2208     526.8287     487.9237  5.717  5.268  762 
   54275.170700     362.0408     325.5125     319.7499     325.8660    0.2127     961.0542     935.2234  7.869  7.667  762 
   54275.178200     220.8061     302.7952     233.3076     303.2137    0.1461     666.2025     645.0348  6.540  6.085  762 
   54384.470800     178.5292     229.1846     177.8300     230.6872    0.0075    -161.7468    -150.6381 -0.737 -1.060  762 
   54384.481300      95.4529     210.7655     118.4593     212.6088    0.0612     109.1876     100.0329  1.042  0.830  762 
   54385.508300   -2177.0928     200.2668   -2234.1165     202.5511    0.5884    -219.7896    -198.2086 -1.895 -2.363  762 
   54386.497100    4102.9276     217.2323    4184.7736     218.6758    0.7405     275.1591     255.9891  2.065  1.948  762 
   54386.502700    3813.8815     220.7326    3836.3390     222.1179    0.7570     356.7484     333.4738  2.676  2.517  762 
   54388.451200     -71.3820     163.7945    -113.3635     167.2292    0.0249     220.4970     192.9843  3.198  3.689  762 
   54533.213700     566.5946     300.6793     541.1927     302.4278    0.1685     -12.3546     -11.5930 -0.177 -0.082  762 
   54534.352300   -1811.1653     317.7320   -1858.1711     319.5392    0.5884      77.3614      73.2432  0.187  0.435  762 
   54535.298300    5557.1678     246.1859    5711.8165     249.5909    0.9034     147.0792     132.2282  1.157  1.430  762 
   54536.149900    1037.3710     290.5864     968.3185     291.9006    0.2901     187.5758     176.9011  1.187  1.643  762 
   54537.401500    1171.1217     216.8815     912.7286     221.5463    0.1752     -88.0832     -78.1464 -1.315 -1.276  762 
   54538.182200    4452.5129     434.9136    4415.5200     435.6369    0.6920    -544.4917    -530.3836 -3.187 -2.681  762 
   54538.197200    3407.9500     362.1955    3417.9712     363.3509    0.7173    -219.6836    -210.0017 -1.779 -1.505  762 
   54590.205000    5388.6706     213.6218    5651.5029     218.0470    0.8509     -61.6562     -54.2263 -0.906 -0.882  762 
   54792.348600    3013.6915     231.9372    3175.3725     233.3315    0.4938     415.2593     386.9560  5.965  6.099  762 
   54792.505800    1622.0680     324.3817    1619.3006     324.7417    0.2460     535.5431     519.3345  4.558  5.334  762 
   54793.506900     554.0634     349.3013     435.4154     349.8056    0.4547   -3659.7817   -3548.6793 -25.573 -26.174  762 
   54794.486900    4825.0970     275.8159    4951.2317     279.1431    0.7298    -251.5627    -226.5639 -2.688 -2.823  762 
   54860.203100    1744.4736     320.6568    1650.0828     322.9636    0.2586    -783.0203    -727.2674 -5.824 -5.198  762 
   54861.126100     328.1168     322.1103     276.9291     323.7740    0.0755       6.5544       6.1533 -0.066  0.052  762 
   54862.262500    7217.5644     323.6596    7335.9371     325.3974    0.8399    -931.0369    -875.3505 -5.661 -5.706  762 
   54912.158000    8497.6459     322.6727    8353.6158     323.0556    0.6540    -894.2904    -868.3642 -4.468 -6.544  762 
   54914.124500   27611.7341     793.3550   27568.8890     793.4907    0.1013  -28535.5707  -28499.4196 -52.656 -51.918  762 
   55126.484100    6140.6865     288.4929    6230.6038     290.4852    0.8410    -489.0277    -453.4905 -4.284 -4.860  762 
   55126.506900    5250.3911     284.5448    5356.1548     286.6884    0.8806    -351.2116    -325.5704 -3.913 -3.562  762 
   55208.301900     423.7457     240.3345     401.5075     244.6719    0.0025    -443.6110    -390.4424 -5.482 -5.164  762 
   55208.332500      82.3848     252.2768      16.0696     256.9064    0.0974    -327.2422    -287.3123 -3.697 -3.623  762 
   55273.269300    2446.2543     288.7501    2524.3138     291.4122    0.5046    -786.3918    -719.1013 -5.261 -5.828  762 
   55536.296400     931.6436     264.8651     974.9436     267.8166    0.0920    -728.9619    -658.9397 -6.376 -7.390  762 
   55538.333300   -1123.7727     215.5697    -956.7978     222.0106    0.3334    -314.2896    -266.3075 -5.404 -5.539  762 
   55540.341300    1795.3473     390.9650    1645.2136     392.3218    0.1471   -2340.2019   -2246.2448 -11.098 -11.350  762 
   55599.206500    3059.1590     368.0771    2998.0610     369.0720    0.3178   -1482.5087   -1430.0710 -6.908 -7.450  762 
   55603.163800     456.4439     332.8275     239.6293     334.7374    0.2102   -1040.1754    -973.6236 -10.272 -10.586  762 
   55679.251900    -603.5574     241.2640    -678.2472     245.8755    0.4217    -480.0044    -418.6147 -5.166 -5.991  762 
   55889.434300    3593.3236     295.3703    3674.1960     298.0356    0.8003     -57.8835     -53.0837 -0.111 -0.506  762 
   55924.442100     616.4404     210.3250     662.3144     217.9011    0.1947      30.1887      25.4698  0.446  0.593  762 
   55925.373000   -1314.9390     261.4009   -1362.3423     265.4679    0.4517     -61.6736     -54.8639 -0.567 -0.693  762 
   55926.306500    5181.0439     212.2980    5675.4528     218.0193    0.8229     -78.3327     -67.8321 -0.965 -1.359  762 
   55927.348900     796.2667     268.1247     824.8901     271.9952    0.2899     -14.8365     -13.2420 -0.354 -0.173  762 
   55969.114700     479.1632     320.4566     456.3537     322.1872    0.1906     183.4741     172.4341  0.893  1.309  762 
   56045.159200     396.2753     337.8854     363.8203     339.7777    0.0507    -224.4147    -209.0956 -1.494 -2.120  762 
   56215.477100   -1202.2989     290.9165   -1572.8537     294.2713    0.2659     589.3603     537.9229  6.176  6.461  762 
   56217.469400    2579.5993     511.4444    2506.4984     512.2281    0.5821     698.6693     681.8502  2.788  3.005  762 
   56301.276300    -146.6740     342.1954    -215.3500     344.3387    0.0337     314.6845     295.7704  2.149  1.963  762 
   56417.155100    -135.4692     214.1252    -207.0006     214.4147    0.0238     -55.0065     -53.3795 -1.220 -0.888  762 
   56418.173700    6141.3846     296.1897    6188.1688     296.8991    0.7731     420.2283     402.5811  4.137  3.943  762 
