   54116.301000   15958.2510     418.4498   15648.6580     424.5179    0.7930   -6871.5996   -6655.9804 -21.374 -22.339  762 
   54127.317100     315.5281     366.6746    -278.0360     370.7649    0.0839    -444.8614    -430.4762 -2.558 -3.024  762 
   54127.352800    1576.5623     369.0065     780.4343     374.5569    0.0377    -484.0728    -464.9065 -4.555 -2.934  762 
   54149.238000    4219.4385     246.9514    4461.6490     255.6295    0.5997    -741.2812    -689.4145 -5.011 -4.911  762 
   54149.257400   10736.6186     324.2679   10572.6826     328.9922    0.6786   -3986.5018   -3840.2403 -14.665 -16.468  762 
   54150.328600   -1589.8782     232.0609   -1958.8112     240.1485    0.3414      84.1226      77.7328  0.347  0.647  762 
   54152.336000   -1981.8545     194.6567   -2783.0168     202.1675    0.2860    -174.1618    -162.4419 -2.023 -1.892  762 
   54152.342500   -2887.1436     210.2236   -3902.1012     218.6365    0.3973    -377.9842    -351.3574 -3.191 -3.564  762 
   54156.154700    9143.5854     207.3694   10008.5817     209.5478    0.4478    -333.9433    -327.3660 -6.051 -6.861  762 
   54174.142000    4930.2214     179.3296    4842.9560     188.6834    0.4024    -213.1419    -197.3327 -2.538 -2.820  762 
   54174.149600    4222.3207     166.1261    4065.9636     175.8709    0.3642    -268.4267    -244.0161 -4.707 -4.173  762 
   54176.305700   -1494.1587     214.6291   -2059.1960     222.9267    0.4008    -254.8348    -236.4035 -2.628 -2.301  762 
   54179.173100    2808.9101     189.9358    2796.2973     198.5849    0.2978    -284.7483    -262.8129 -3.709 -3.241  762 
   54201.218300   -2470.7491     215.7492   -2345.9226     223.3483    0.4109    -414.0176    -386.2918 -3.942 -3.588  762 
   54201.228100   -1454.1403     254.4823   -1211.1119     262.1135    0.4129    -841.3283    -789.3701 -5.404 -5.310  762 
   54201.243600   -2544.1676     303.8104   -2802.5600     311.3000    0.7290   -2355.7374   -2222.2606 -11.535 -11.142  762 
   54205.179300    -635.3119     160.7733   -1499.2408     171.3470    0.1689    -247.8756    -228.9330 -4.194 -3.965  762 
   54210.346400   -8990.0480     194.7312   -9741.9378     201.8364    0.6261    -193.2129    -177.5532 -2.312 -2.152  762 
   54212.180600   -3070.0749     245.5074   -3717.5227     252.2185    0.5438    -765.4895    -727.4347 -6.844 -6.929  762 
   54213.208300   -2895.7864     234.2379   -3328.2566     238.5274    0.4443    -546.4065    -528.3427 -7.727 -6.756  762 
   54230.223600   -5605.7024     182.9334   -6500.2062     189.7854    0.6066    -434.4670    -407.2901 -5.368 -5.701  762 
   54231.221900   -5965.1190     285.5586   -6061.1706     292.3831    0.7774   -1321.7231   -1240.5826 -7.757 -7.592  762 
   54240.235600  -10569.3621     219.4639  -10314.2285     224.5248    0.6011    -321.1137    -302.4492 -2.274 -3.162  762 
   54260.157900   -4193.3221     196.7203   -4796.9589     202.0342    0.3500     -97.2878     -91.9122 -1.149 -1.323  762 
   54260.162700   -7235.2334     192.9531   -7390.4768     198.9964    0.4890     -65.1831     -60.6827 -0.753 -0.822  762 
   54260.175900   -5949.3115     167.1594   -7106.8652     173.7645    0.4772     -84.3290     -79.1491 -2.106 -1.302  762 
   54261.162600   -5027.2082     227.0600   -3930.3404     232.7507    0.2529     162.7588     153.5024  1.540  1.508  762 
   54261.174500   -9071.6019     207.3543   -9052.0361     213.3944    0.5216      20.1814      18.6560  0.499  0.216  762 
   54264.164600   -7772.3306     172.9901   -8580.4831     178.2229    0.4705     -11.5658     -10.8982 -1.195 -0.183  762 
   54264.180400   -8249.5009     170.3577   -9648.3119     177.1599    0.5691    -147.0683    -139.1761 -2.372 -2.233  762 
   54265.184200   -6431.9508     232.2326   -6205.2738     237.9415    0.4490     -11.0938     -10.3999 -0.439 -0.093  762 
   54265.195400  -11304.0171     211.0381  -11246.8359     216.4737    0.6022     -46.7625     -43.7072 -1.037 -0.466  762 
   54275.170700   -8026.2067     348.4212   -7651.5837     350.5348    0.4490     156.1119     151.5710  1.234  1.220  762 
   54275.178200   -6647.6786     321.2258   -6275.8820     323.2909    0.3791     -80.2543     -78.1150 -0.338 -0.724  762 
   54384.470800   13326.4108     255.3548   13761.9876     263.2344    0.8556    -478.6168    -451.0077 -3.365 -3.148  762 
   54384.481300   12606.4979     232.9734   13251.4538     240.5435    0.7987    -109.2182    -101.8739 -1.913 -0.839  762 
   54385.508300    9423.5393     209.5269   10030.6583     215.5784    0.6590     -38.6605     -36.8674 -0.178 -0.434  762 
   54386.497100   10146.6644     243.0674   10082.1535     251.1941    0.7712    -129.6297    -121.9476 -1.471 -0.923  762 
   54386.502700    5753.6059     248.9005    5199.6189     256.9553    0.4586      62.9895      58.9747 -0.671  0.444  762 
   54388.451200   11781.4919     159.5557   13907.9085     163.3604    0.5107     161.2648     156.7790  2.284  2.935  762 
   54533.213700    2361.6172     339.0974    2606.6275     349.5796    0.2629    -871.4758    -825.9802 -5.342 -5.734  762 
   54534.352300  -10313.0848     370.2883  -11198.0500     383.2077    0.9192    -683.5196    -635.9918 -3.631 -3.762  762 
   54535.298300   -3272.1259     271.8494   -3607.5097     283.6275    0.4733    -438.5602    -411.9496 -3.936 -4.359  762 
   54536.149900    8579.5576     310.5153    9452.4558     315.7560    0.6440      -7.9465      -7.7312  0.813 -0.070  762 
   54537.401500   -6227.5650     224.2729   -7183.2892     232.6623    0.4217    -153.6007    -146.9654 -3.044 -2.320  762 
   54538.182200    3512.3863     489.6252    3489.1206     497.3306    0.2982   -1886.9977   -1810.3331 -9.717 -9.064  762 
   54538.197200      69.2527     400.2107     -99.2948     407.6625    0.1313    -673.3117    -645.0304 -5.144 -4.565  762 
   54590.205000   -2818.3711     223.7128   -3273.7523     232.2216    0.3180     -64.5058     -61.1591 -0.925 -0.965  762 
   54792.348600   14079.6901     239.4842   15026.8850     242.5549    0.6665     707.2514     692.6457 10.356 10.388  762 
   54792.505800    5730.4983     335.2712    5947.9867     336.5091    0.4221    -350.7627    -346.9661 -4.231 -3.503  762 
   54793.506900    9807.6974     362.5714    9555.2998     365.0239    0.6650   -2049.4339   -2012.4793 -9.307 -14.970  762 
   54794.486900    5251.4567     290.4068    5526.2504     297.8678    0.4009    -221.3903    -212.3432 -2.220 -2.579  762 
   54860.203100   11199.8930     356.6030   10734.9842     367.0060    0.6441   -1017.3036    -960.4511 -7.392 -6.801  762 
   54861.126100   15855.1676     344.3040   16738.5858     351.5046    0.7322     -98.7632     -95.6603 -0.505 -0.797  762 
   54862.262500   11646.2103     370.8288   11491.9667     382.3965    0.6958   -1549.2170   -1457.6713 -8.703 -9.280  762 
   54912.158000   15478.4835     337.5364   15084.4603     339.9985    0.7121    1439.1997    1412.8675 17.148 10.618  762 
   54914.124500  107332.8244     879.4128  107755.9435     882.1545    0.8918  -49947.8492  -49617.3613 -59.511 -90.375  762 
   55126.484100    9408.2618     319.2758    8643.9316     329.5097    0.5854     659.5898     619.4591  6.668  6.440  762 
   55126.506900    8617.9220     309.6598    8192.2432     318.9023    0.6408     434.2675     410.8404  5.309  4.386  762 
   55208.301900    7915.1788     254.8981    7819.0016     267.4179    0.5580     196.2221     184.2279  2.283  2.355  762 
   55208.332500    6196.8413     264.5569    6316.2265     274.2353    0.6535      42.0086      39.6828  0.715  0.486  762 
   55273.269300     779.2424     325.5146     389.2355     337.6118    0.0446    -168.7764    -156.8726 -0.702 -1.255  762 
   55536.296400   15231.0595     283.6804   15609.0711     293.0699    0.7404     125.4184     117.9966  1.631  1.292  762 
   55538.333300   10554.8090     202.4775   12599.2581     207.7498    0.4576     237.9001     231.1439  3.716  4.696  762 
   55540.341300    9970.3624     444.3305    9574.7259     454.2295    0.8052   -1894.4671   -1797.0980 -6.380 -8.997  762 
   55599.206500    9236.2328     413.9890    8822.0491     422.3346    0.6665   -1415.2489   -1355.2945 -6.974 -6.993  762 
   55603.163800   10293.9303     344.6904   10936.2244     349.9978    0.6683     198.7870     194.4461  2.981  2.090  762 
   55679.251900   -4302.7555     252.7742   -5643.4467     262.1529    0.4282    -100.3817     -94.2600 -0.416 -1.321  762 
   55889.434300    5336.6920     327.1105    4582.2256     338.7256    0.4268     113.3811     106.2244  1.950  0.993  762 
   55924.442100    1222.0385     202.8642    1016.8598     209.8835    0.0709      49.1393      47.3989  0.640  1.066  762 
   55925.373000    2096.9124     275.9719    1573.6734     286.7955    0.2063     266.7934     251.8749  2.942  3.104  762 
   55926.306500    5753.8364     217.0603    6446.4295     226.5172    0.3862     119.2795     112.2419  2.534  2.155  762 
   55927.348900    4267.8288     279.6656    4142.9993     288.7612    0.4403     305.1544     291.7349  3.825  3.724  762 
   55969.114700   12897.9889     362.1233   11660.2520     373.9189    0.6973     235.8956     220.4433  1.187  1.634  762 
   56045.159200    -452.0352     360.4811   -1030.1618     367.7247    0.1533      47.4431      45.7125  0.928  0.457  762 
   56215.477100    7054.1017     314.3052    6523.7855     325.5984    0.3337    -447.0456    -423.4373 -6.028 -4.900  762 
   56217.469400   10759.4287     576.7672   10253.2151     585.0243    0.6805   -3409.5068   -3282.1418 -14.680 -14.263  762 
   56301.276300    1912.9439     396.1536     432.6387     410.7978    0.0554   -1213.0540   -1131.7366 -7.940 -7.322  762 
   56417.155100    -811.1116     221.2694   -1381.0762     222.0430    0.1038    -541.1520    -540.4648 -7.370 -8.553  762 
   56418.173700   -5695.4962     319.3904   -6018.5816     323.5284    0.4853    -129.2242    -125.4453 -2.271 -1.207  762 
