   54116.301000    1805.1404     343.3291    1719.9533     343.5823    0.2669    -209.2413    -206.1611 -0.725 -0.690  762 
   54127.317100   -2108.8690     326.0098   -2270.3295     326.2623    0.2357     535.9559     524.2355  4.074  3.725  762 
   54127.352800   -1932.2988     322.7588   -2097.4761     323.0079    0.1982     627.6411     615.2218  3.406  3.884  762 
   54149.238000    -574.7077     199.9400    -517.2312     201.1351    0.1928      62.6943      57.9286 -0.385  0.411  762 
   54149.257400    1855.9990     271.4800    1809.2057     271.7682    0.1474   -2683.2309   -2620.3169 -11.217 -11.321  762 
   54150.328600      49.8082     191.5691      22.5792     192.7008    0.1487    -475.2512    -439.1991 -3.605 -3.607  762 
   54152.336000   -1342.8333     166.0864   -1698.5827     168.0419    0.4512    -284.6877    -253.6983 -3.302 -2.994  762 
   54152.342500   -1984.7196     176.1005   -2360.3149     177.8369    0.5405    -346.4417    -312.8966 -3.502 -3.212  762 
   54156.154700     874.7039     204.2823     956.0406     204.8428    0.2692     518.1335     493.3290  9.434  9.895  762 
   54174.142000    1093.9133     153.9197     886.1760     155.5179    0.3124     217.4438     197.3445  2.629  2.800  762 
   54174.149600    1226.9356     143.0214    1203.2841     144.6802    0.4018     244.8438     222.0672  2.831  3.711  762 
   54176.305700    -893.6770     178.4108   -1254.5135     180.1484    0.2276      74.4787      67.4196  0.239  0.664  762 
   54179.173100    -914.7152     161.6925    -993.6047     163.3352    0.3551      45.9136      41.0905  0.757  0.504  762 
   54201.218300    1522.8821     178.4092    1620.6264     179.5734    0.5194     -31.8959     -29.1869  0.117 -0.274  762 
   54201.228100    2106.9433     205.2721    2180.4357     206.0884    0.6253     224.7206     211.7359  1.520  1.435  762 
   54201.243600     862.7011     242.7952     846.7140     243.3996    0.3025      71.4901      68.7230 -0.058  0.344  762 
   54205.179300    -340.2549     137.8562    -626.9792     139.8238    0.1735    -141.0367    -127.5698 -2.339 -2.254  762 
   54210.346400     721.2372     165.3726     606.2784     166.7041    0.1415    -109.1062     -98.9781 -1.567 -1.179  762 
   54212.180600   -1725.0963     212.0703   -1951.0321     212.9261    0.3742     136.0448     127.8334  0.742  1.225  762 
   54213.208300    -277.1655     211.8935    -376.2023     212.5254    0.1114     -13.3653     -12.6554  0.804 -0.164  762 
   54230.223600    -113.0034     159.0335    -262.9797     160.6232    0.1455     -52.4786     -47.0437 -0.920 -0.670  762 
   54231.221900    -896.5744     233.2575    -991.7105     234.0024    0.3157    -192.8173    -183.2248 -1.162 -1.127  762 
   54240.235600    1389.8779     188.3809    1344.3340     189.1836    0.4121     351.0475     328.1394  3.975  3.448  762 
   54260.157900    1509.0656     178.4321    1521.9003     179.3616    0.4500     205.1263     190.1173  1.846  2.605  762 
   54260.162700    1788.7268     169.2549    1847.1996     170.3051    0.4825       8.2754       7.6058 -0.584  0.099  762 
   54260.175900     660.6321     149.3754     414.0903     151.0754    0.0916    -113.9821    -102.1448 -1.638 -1.654  762 
   54261.162600    2639.4004     196.4584    2760.7215     197.0764    0.5029     -22.8290     -21.5584  0.458 -0.203  762 
   54261.174500    1077.5142     178.5984    1047.1602     179.5989    0.2277    -228.4607    -210.6735 -2.044 -2.360  762 
   54264.164600    1752.4478     156.9267    1641.6616     158.1221    0.3768    -152.1968    -139.3893 -1.849 -2.247  762 
   54264.180400     123.7543     150.2250    -267.5427     151.6776    0.0876    -171.1644    -156.4202 -2.324 -2.530  762 
   54265.184200    1376.1887     194.4592    1243.0486     195.1448    0.1953    -417.8229    -393.8997 -3.774 -3.631  762 
   54265.195400    1461.2550     177.4419    1417.7584     178.2002    0.2551    -296.5491    -277.5274 -3.577 -3.052  762 
   54275.170700    2044.3441     322.5852    2032.2063     322.7429    0.3068      -2.5315      -2.4813 -1.016 -0.020  762 
   54275.178200     184.7373     298.5875     154.9214     298.7930    0.0216     -30.9058     -30.1322 -1.056 -0.276  762 
   54384.470800     769.7579     211.2049     815.7899     212.0967    0.2948     209.7361     196.5170  1.351  1.373  762 
   54384.481300     792.3337     193.8064     904.1071     194.8193    0.3702     391.4639     361.9358  3.514  2.976  762 
   54385.508300    -522.3065     185.8833    -425.5212     186.8689    0.1007     105.5675      97.1564  1.954  1.140  762 
   54386.497100   -1044.8302     202.1167    -987.6366     203.0804    0.2244     315.9106     294.4160  2.217  2.227  762 
   54386.502700    -783.1441     205.6827    -886.8002     206.6452    0.2570       8.2787       7.7371 -0.405  0.058  762 
   54388.451200     315.6016     151.1244     641.5269     152.2445    0.1414      42.8440      38.7846  1.015  0.733  762 
   54533.213700     261.9215     281.0008     331.0832     282.0004    0.0573    -148.8792    -140.6198 -1.173 -0.969  762 
   54534.352300    -686.5602     291.6024    -783.9721     292.7997    0.4003    -375.9307    -356.5019 -1.964 -2.106  762 
   54535.298300    -669.7588     229.7279    -621.7888     231.9545    0.4087    -574.6810    -516.9441 -5.311 -5.496  762 
   54536.149900    1959.4254     275.9850    2075.9167     276.5769    0.3056    -648.3381    -617.7088 -5.995 -5.673  762 
   54537.401500    3257.4971     200.5557    3363.9318     202.6905    0.6100    -104.9425     -94.9472 -1.203 -1.502  762 
   54538.182200    1098.8762     414.9009    1114.8053     415.3222    0.2526    -226.4087    -220.8855 -1.368 -1.103  762 
   54538.197200    1521.5501     343.4599    1531.8534     344.1475    0.3430     -44.3046     -42.5316  0.109 -0.303  762 
   54590.205000    1065.0944     199.1178    1140.8679     201.4370    0.3209     -69.5592     -61.9691 -1.408 -0.993  762 
   54792.348600       0.0000       3.1610       0.0000       3.1610      -nan       0.0000       0.0000 -0.520  0.000  762 
   54792.505800    1313.2068     322.2792    1328.2257     322.4312    0.0839   -2027.4483   -1980.9363 -18.874 -19.781  762 
   54793.506900    1644.8308     334.0577    1628.4781     334.2778    0.3708   -4411.8775   -4300.1392 -32.794 -32.838  762 
   54794.486900   -1145.8859     266.9362   -1232.5351     268.7094    0.4121      40.4577      36.9383  0.781  0.428  762 
   54860.203100    2464.4751     298.2550    2494.6241     299.5128    0.5566    -346.1786    -323.7495 -2.315 -2.258  762 
   54861.126100     316.6872     309.0382     312.6154     309.9502    0.0000    -329.8751    -312.5060 -2.185 -2.519  762 
   54862.262500    -994.5566     316.2207   -1250.5311     317.5763    0.3908    -584.7646    -551.0108 -3.189 -3.232  762 
   54912.158000     737.6653     321.8667     662.7491     322.0844    0.4955   -5784.5956   -5634.3728 -40.784 -41.491  762 
   54914.124500   18064.4501     720.6040   17998.0610     720.6501    0.6385  -10730.7019  -10714.4159 -19.751 -19.944  762 
   55126.484100   -1129.9968     288.3958   -1269.0771     289.6130    0.4010    -283.1509    -264.6880 -1.818 -2.478  762 
   55126.506900    -833.8512     280.0332    -915.4795     281.2434    0.3152     -64.6923     -60.4971 -0.958 -0.596  762 
   55208.301900   -1195.8946     232.4041   -1456.1771     234.7410    0.2903     294.8905     264.4664  3.110  3.032  762 
   55208.332500    -292.4211     240.8710    -416.8883     243.0281    0.0543     256.4742     230.2891  2.501  2.609  762 
   55273.269300     757.2766     267.6825     588.8310     269.5161    0.2525     135.9425     124.8736  1.023  0.985  762 
   55536.296400     409.8128     254.0162     293.4700     255.5889    0.0606     -92.9803     -85.2700 -0.810 -0.876  762 
   55538.333300    -536.2360     200.4445    -869.0998     203.6413    0.1655      87.8073      76.7539  1.783  1.497  762 
   55540.341300    1348.5455     368.3978    1227.6346     369.2214    0.2094    -355.4808    -342.4395 -1.123 -1.671  762 
   55599.206500    1635.7348     348.1691    1622.8647     348.7408    0.1979    -817.7846    -791.5874 -3.902 -4.035  762 
   55603.163800      76.7363     314.1459     140.4287     314.9853    0.1839     467.7583     442.3857  5.441  4.842  762 
   55679.251900    -136.9390     224.5440    -322.6964     226.8765    0.1095       3.9492       3.5200 -0.816  0.049  762 
   55889.434300    -989.5605     285.1375   -1196.6371     286.8807    0.3713     -60.2256     -55.5710 -0.382 -0.486  762 
   55924.442100    -921.8013     201.8376   -1267.6280     205.2075    0.2437     -71.8363     -63.5157 -1.586 -1.274  762 
   55925.373000   -1984.3819     250.0046   -2275.2120     252.2413    0.5601     160.7648     145.9299  1.342  1.656  762 
   55926.306500    -801.6091     208.8207   -1405.7461     212.1929    0.2378     -10.9143      -9.7249 -0.862 -0.164  762 
   55927.348900    -425.6019     257.5919    -645.6863     259.6094    0.1717      87.5976      79.6142  1.262  0.946  762 
   55969.114700   -2871.0187     314.8611   -3059.9299     315.9977    0.6295    -156.0355    -147.6013 -0.751 -1.001  762 
   56045.159200    -327.5338     329.1381    -537.8654     330.2328    0.1430     -83.8112     -78.9613 -0.151 -0.748  762 
   56215.477100    -631.5960     290.8934    -545.1944     292.1316    0.0073     555.2886     520.5702  5.057  5.206  762 
   56217.469400    1414.3162     504.0381    1399.2023     504.4060    0.4477    1068.9658    1049.3661  3.971  4.292  762 
   56301.276300    -348.3295     332.0327    -337.2615     333.0801    0.1748     899.2248     857.0365  4.606  5.011  762 
   56417.155100    2602.8971     244.4002    2564.7439     244.4692    0.2281     307.4255     302.4569  9.008  3.812  762 
   56418.173700    1427.3668     299.2556    1417.5680     299.6247    0.1765    -454.0876    -438.5722 -3.859 -3.908  762 
