   54116.301000    3989.9956     419.4530    3777.2873     421.2740    0.1745   -5514.5050   -5300.7913 -18.126 -17.768  762 
   54127.317100    2901.9031     379.4796    3826.5163     380.9735    0.1695   -1093.9298   -1033.1525 -7.645 -7.162  762 
   54127.352800    5452.8453     374.1928    6120.7925     375.5963    0.3630    -801.9908    -762.1830 -5.902 -4.793  762 
   54149.238000   -2968.2503     277.6665   -2745.7285     287.0802    0.4017    -313.8913    -260.5560 -2.196 -1.847  762 
   54149.257400     596.4133     332.9529     277.4535     335.5436    0.2303   -2545.3904   -2381.2586 -10.452 -10.213  762 
   54150.328600    -936.9475     261.8563   -1258.4498     271.9420    0.2879    -483.5780    -393.9937 -3.036 -3.302  762 
   54152.336000     302.2764     241.2208    1951.2802     254.7060    0.2268     361.7126     278.3748  3.062  3.122  762 
   54152.342500    1074.8964     249.9044    2359.1101     260.7598    0.2053     217.7168     174.0994  1.916  1.713  762 
   54156.154700   -5624.0196     269.0529   -4741.7215     282.6426    0.2380    -136.9863    -107.0930 -2.098 -2.186  762 
   54174.142000   -3242.8683     232.5753     116.3405     245.5725    0.0082      66.8831      49.8071  0.549  0.691  762 
   54174.149600   -2461.4170     222.6781    1243.1166     238.9942    0.0893     129.5952      91.7844  1.672  1.531  762 
   54176.305700    4106.2254     251.5538    5656.1167     262.0551    0.5109     207.4637     167.3970  1.445  1.579  762 
   54179.173100   -1032.8909     238.7151     660.1501     253.2776    0.0677     358.5649     266.2764  3.164  3.200  762 
   54201.218300   -2390.9917     250.4768   -3227.9575     262.2963    0.5750     189.4488     150.9725  1.820  1.408  762 
   54201.228100   -2286.5313     276.6740   -3140.9675     284.2683    0.4472     156.0479     133.8818  0.034  0.906  762 
   54201.243600    -374.7454     313.5866    -794.1278     318.3631    0.3929   -1623.6543   -1468.8920 -7.461 -7.405  762 
   54205.179300   -1040.3737     216.1084    1498.3091     233.8100    0.1430     551.4607     389.2432  6.597  6.589  762 
   54210.346400   13703.4085     226.0506   11856.9158     240.2197    0.3902       0.0000       0.0000  3.753  0.000  762 
   54212.180600    4465.9052     275.4137    5638.7974     282.1036    0.5102     749.1616     638.9985  5.187  6.024  762 
   54213.208300    2268.6646     271.9404    2724.2160     280.2578    0.3611     512.8201     428.7628  5.497  5.409  762 
   54230.223600    3877.6351     228.3241    4163.2518     244.2662    0.4757     409.1437     308.3381  4.526  4.197  762 
   54231.221900    -813.7961     301.6476   -1537.5401     307.6610    0.1652     363.4362     320.6316  1.879  1.948  762 
   54240.235600    1388.2580     248.0940     656.4690     257.6138    0.0976     468.4563     385.0282  4.071  4.038  762 
   54260.157900    1721.6351     240.1170    -201.2939     254.1141    0.0332     774.7246     603.2272  7.987  8.507  762 
   54260.162700    4885.2388     231.9899    4372.8241     245.6013    0.3470     634.5646     491.9632  6.540  6.584  762 
   54260.175900    8413.2482     213.7825   10101.7910     230.9952    0.5836     644.3124     478.7124  7.425  7.673  762 
   54261.162600    -107.6668     253.5229   -2977.3542     262.8943    0.1241    1043.2869     868.3032  7.694  8.644  762 
   54261.174500    3261.9969     238.7161    2891.5330     250.6117    0.3004     910.4080     718.0522  7.351  8.380  762 
   54264.164600    7242.5659     215.1561    9233.6214     230.2888    0.4687     474.9422     359.3112  5.221  6.039  762 
   54264.180400   10967.4555     210.9853   13818.5237     223.7336    0.4917     492.1247     382.8049  6.021  6.055  762 
   54265.184200    4570.6711     254.1687    4766.3623     260.6774    0.3690     758.5734     648.7441  6.071  5.749  762 
   54265.195400    2106.0265     236.9471    1955.1587     245.2590    0.1920     725.8246     600.3550  6.886  6.403  762 
   54275.170700    1336.8238     360.8704    1080.7301     363.5524    0.1495     952.9707     881.4163  7.288  7.171  762 
   54275.178200    6321.4408     338.8886    6010.4635     342.2476    0.3078    1053.1093     962.9954  8.325  8.973  762 
   54384.470800   -3367.1433     285.0356   -3185.5011     292.8893    0.3721    -584.0117    -495.4825 -4.250 -3.446  762 
   54384.481300   -3081.1071     268.0386   -2933.0917     277.6384    0.3595     -83.7513     -68.6046 -0.692 -0.558  762 
   54385.508300   -5693.8849     259.2739   -5069.9674     271.6538    0.4039    -190.5323    -148.6846 -1.828 -1.721  762 
   54386.497100   -1607.6958     274.3083   -1397.2353     282.2611    0.2193    -125.6810    -105.8279 -0.902 -0.792  762 
   54386.502700   -3097.0461     277.8572   -2636.9350     285.0222    0.2534    -105.6075     -89.7681 -1.363 -0.664  762 
   54388.451200  -11652.7337     227.8858  -14977.7866     248.8452    0.6057      91.3033      64.4340  0.957  1.172  762 
   54533.213700   -3124.9181     369.4690   -4282.7535     379.3035    0.4498    -131.2050    -112.4842 -0.553 -0.798  762 
   54534.352300    2441.2935     388.5015    2556.8487     395.7501    0.4338    -122.0480    -108.4932 -0.693 -0.638  762 
   54535.298300    -133.7554     329.1614   -1139.9169     349.3390    0.1862     -45.8258     -35.3379 -0.683 -0.380  762 
   54536.149900   -3877.8356     350.0978   -5653.1637     359.2183    0.3013     447.6904     382.1941  2.987  3.553  762 
   54537.401500   15836.1509     279.8898    9791.2079     307.6066    0.2852      94.3508      72.8538  1.239  1.175  762 
   54538.182200   -6798.0948     501.0021   -7257.2090     505.4035    0.6167       0.0000       0.0000 -5.163  0.000  762 
   54538.197200       0.0000       4.3517       0.0000       4.3517      -nan       0.0000       0.0000 -0.371  0.000  762 
   54590.205000    4451.2982     290.6445    2781.5893     318.2463    0.1987    -197.7199    -143.7942 -1.674 -2.301  762 
   54792.348600       0.0000       2.9432       0.0000       2.9432      -nan       0.0000       0.0000  0.000  0.000  762 
   54792.505800    2716.1876     362.8849    2457.0149     366.3173    0.1301     170.4072     155.3815  2.552  1.562  762 
   54793.506900     884.1260     397.1682     315.4069     400.5632    0.5479   -6070.1446   -5583.1716 -39.767 -39.798  762 
   54794.486900   -1334.8838     363.6712    -422.0439     384.7378    0.0614    -642.9705    -490.8797 -6.062 -5.928  762 
   54860.203100       0.0000       4.4942       0.0000       4.4942      -nan       0.0000       0.0000  0.000  0.000  762 
   54861.126100       0.0000       4.0082       0.0000       4.0082      -nan       0.0000       0.0000  0.000  0.000  762 
   54862.262500       0.0000       4.7100       0.0000       4.7100      -nan       0.0000       0.0000  0.000  0.000  762 
   54912.158000    6217.2865     366.5937    5139.4698     369.6693    0.2049   -1411.7261   -1296.5263 -8.958 -9.462  762 
   54914.124500   43639.4523     884.1296   43373.0689     884.4091    0.2966  -53303.8790  -53073.2950 -92.575 -94.766  762 
   55126.484100    -980.2319     370.5881     757.1791     382.2999    0.0244    -364.6776    -298.7982 -3.115 -3.110  762 
   55126.506900   -4519.8579     368.5895   -3599.6513     381.4635    0.3171    -506.9895    -411.1856 -4.798 -4.364  762 
   55208.301900    3934.4866     324.1586    6883.6365     343.1186    0.2633    -742.1800    -556.7789 -7.466 -7.110  762 
   55208.332500    -558.4525     339.4476    1332.6994     361.9982    0.0576    -782.4283    -575.5547 -6.998 -7.009  762 
   55273.269300    4341.9137     367.6440    4993.8946     381.5726    0.4396   -1711.7817   -1402.0158 -11.094 -11.205  762 
   55536.296400    -532.6447     345.8172     508.1421     361.2954    0.0142   -1122.7837    -878.5466 -9.134 -9.551  762 
   55538.333300   -1692.4732     303.1389    2897.7539     333.7822    0.1122    -577.0609    -395.4808 -7.945 -7.634  762 
   55540.341300    -154.8640     466.8883    -120.5761     473.3349    0.3411   -5036.9953   -4554.1309 -21.932 -22.840  762 
   55599.206500   -1384.8709     433.4355   -1751.9424     438.7370    0.4663   -2807.1665   -2561.9572 -12.699 -13.324  762 
   55603.163800   -7594.4563     409.2691   -9615.0535     422.1767    0.4379   -1379.5459   -1148.9044 -12.508 -12.258  762 
   55679.251900    8529.6869     316.5909    8754.0663     341.3224    0.5406    -791.7125    -589.5307 -8.577 -8.101  762 
   55889.434300    -180.4794     381.9366    1930.8952     395.5459    0.1134    -349.0115    -282.3398 -3.188 -2.625  762 
   55924.442100    2069.1045     299.6318    6948.9205     334.6940    0.4203    -207.0126    -141.0192 -3.475 -3.004  762 
   55925.373000    -416.0181     347.2736    3004.6688     365.0874    0.1822    -386.2426    -296.3490 -4.012 -3.597  762 
   55926.306500   -3046.3297     310.8581    4187.9506     335.9546    0.1393    -271.3230    -186.3410 -3.144 -3.509  762 
   55927.348900   -1771.2617     355.6969    1320.4886     374.9101    0.0774    -157.8574    -120.4343 -1.410 -1.513  762 
   55969.114700     776.8612     394.9359    2054.3935     403.0694    0.1101    -245.8680    -212.4528 -1.348 -1.584  762 
   56045.159200    4914.0205     410.3787    5644.7654     421.3118    0.5158    -769.0171    -654.8381 -6.711 -6.413  762 
   56215.477100   -1035.8276     376.6245    -278.7022     391.4843    0.0159     720.3198     577.5290  6.086  6.714  762 
   56217.469400     669.6036     584.3943     677.7691     588.2831    0.0221    -456.5363    -429.2613 -2.140 -1.876  762 
   56301.276300    -315.1059     424.5325     111.3699     433.8870    0.0237     190.7664     165.5369  1.084  1.085  762 
   56417.155100    9204.8977     243.0477    9204.8172     245.6593    0.4075    -475.5625    -434.5316 -8.320 -6.789  762 
   56418.173700    5079.3431     348.1796    4749.4709     353.8476    0.2833      74.8949      66.5917  1.128  0.632  762 
