   54116.301000      87.1502     407.7017      63.0030     407.9267    0.6130   -4777.0377   -4722.2651 -16.283 -15.902  762 
   54127.317100       0.0000       4.3584       0.0000       4.3584      -nan       0.0000       0.0000 -2.214  0.000  762 
   54127.352800       0.0000       4.5659       0.0000       4.5659      -nan       0.0000       0.0000  0.119  0.000  762 
   54149.238000   -2780.4828     240.9903   -2818.4820     241.9547    0.6448     -52.9828     -50.0191 -4.300 -0.359  762 
   54149.257400   -1759.4024     315.6462   -1808.9031     315.9272    0.2689     -57.3794     -56.2495 -5.094 -0.243  762 
   54150.328600       0.0000       3.9360       0.0000       3.9360      -nan       0.0000       0.0000  0.432  0.000  762 
   54152.336000    -855.2496     197.7534    -795.7371     198.9814    0.2692       0.0000       0.0000 -0.062  0.000  762 
   54152.342500   -1179.3881     209.6598   -1176.0731     210.7346    0.2755       0.0000       0.0000 -1.180  0.000  762 
   54156.154700       0.0000       2.3963       0.0000       2.3963      -nan       0.0000       0.0000  0.000  0.000  762 
   54174.142000       0.0000       2.9652       0.0000       2.9652      -nan       0.0000       0.0000  0.000  0.000  762 
   54174.149600       0.0000       2.6698       0.0000       2.6698      -nan       0.0000       0.0000  0.000  0.000  762 
   54176.305700     -85.0331     211.3416      61.9523     213.8735    0.0154       0.0000       0.0000 -3.274  0.000  762 
   54179.173100     984.0899     188.0959     946.7299     189.3522    0.2773       0.0000       0.0000  0.715  0.000  762 
   54201.218300       0.0000       3.6942       0.0000       3.6942      -nan       0.0000       0.0000  0.000  0.000  762 
   54201.228100       0.0000       4.4472       0.0000       4.4472      -nan       0.0000       0.0000  0.000  0.000  762 
   54201.243600       0.0000       5.4133       0.0000       5.4133      -nan       0.0000       0.0000  0.000  0.000  762 
   54205.179300     160.5699     160.0675     250.2903     161.4789    0.0599       0.0000       0.0000  4.130  0.000  762 
   54210.346400       0.0000       3.1946       0.0000       3.1946      -nan       0.0000       0.0000  0.000  0.000  762 
   54212.180600       0.0000       3.6783       0.0000       3.6783      -nan       0.0000       0.0000  0.000  0.000  762 
   54213.208300     553.6794     229.3405     542.2869     229.8927    0.1386       0.0000       0.0000  4.787  0.000  762 
   54230.223600    1797.0344     181.6101    1904.3807     182.7262    0.5724       0.0000       0.0000  0.540  0.000  762 
   54231.221900    1650.8551     272.2873    1662.0911     272.7980    0.3997       0.0000       0.0000  0.485  0.000  762 
   54240.235600     860.7682     208.7779     938.6216     209.4027    0.2146       0.0000       0.0000  1.576  0.000  762 
   54260.157900    1078.4760     193.0213    1063.9543     193.9641    0.3483     148.5490     139.3779  5.601  2.039  762 
   54260.162700     261.2816     186.8095     411.4675     187.7335    0.1453     139.9577     130.4866  5.382  1.813  762 
   54260.175900    1542.3202     167.0060    1759.5708     168.2044    0.4482      69.6938      64.2198  5.404  1.069  762 
   54261.162600     426.9740     213.6643     435.7074     214.3181    0.1062       0.0000       0.0000  2.540  0.000  762 
   54261.174500    1576.5785     194.4916    1646.6272     195.3333    0.4710       0.0000       0.0000  2.641  0.000  762 
   54264.164600       0.0000       2.6360       0.0000       2.6360      -nan       0.0000       0.0000  0.000  0.000  762 
   54264.180400       0.0000       2.7464       0.0000       2.7464      -nan       0.0000       0.0000  0.000  0.000  762 
   54265.184200       0.0000       3.8020       0.0000       3.8020      -nan       0.0000       0.0000  0.000  0.000  762 
   54265.195400       0.0000       3.3985       0.0000       3.3985      -nan       0.0000       0.0000  0.000  0.000  762 
   54275.170700       0.0000       3.9689       0.0000       3.9689      -nan       0.0000       0.0000  0.000  0.000  762 
   54275.178200       0.0000       3.6821       0.0000       3.6821      -nan       0.0000       0.0000 -0.231  0.000  762 
   54384.470800      -1.1149       5.8025   -1939.1905     156.8484    0.5042       0.0000       0.0000 -3.849  0.000  762 
   54384.481300   -1311.2927     228.9687   -1306.6086     229.8318    0.2874       0.0000       0.0000 -2.359  0.000  762 
   54385.508300       0.0000       3.3058       0.0000       3.3058      -nan       0.0000       0.0000 -0.940  0.000  762 
   54386.497100    -224.9501     238.0956    -174.3966     238.8007    0.0416       0.0000       0.0000 -2.601  0.000  762 
   54386.502700     442.8218     242.0643     401.3126     242.7575    0.1059       0.0000       0.0000 -1.635  0.000  762 
   54388.451200   -1921.4067     170.0708   -2144.9353     171.7854    0.4582       0.0000       0.0000 -0.769  0.000  762 
   54533.213700   -1309.8358     321.9094   -1318.2890     322.8336    0.3905       0.0000       0.0000 -0.894  0.000  762 
   54534.352300   -2226.9050     351.8163   -2181.4561     352.6600    0.5835       0.0000       0.0000 -1.738  0.000  762 
   54535.298300   -1550.7534     266.6077   -1540.4709     268.3256    0.5793       0.0000       0.0000 -1.827  0.000  762 
   54536.149900       0.0000       3.6603       0.0000       3.6603      -nan       0.0000       0.0000  0.000  0.000  762 
   54537.401500       0.0000       2.6731       0.0000       2.6731      -nan       0.0000       0.0000  0.000  0.000  762 
   54538.182200       0.0000       5.3393       0.0000       5.3393      -nan       0.0000       0.0000  0.000  0.000  762 
   54538.197200       0.0000       4.2919       0.0000       4.2919      -nan       0.0000       0.0000  0.000  0.000  762 
   54590.205000     432.6837     223.2176     562.5515     225.2549    0.2007       0.0000       0.0000 -1.156  0.000  762 
   54792.348600       0.0000       2.8359       0.0000       2.8359      -nan       0.0000       0.0000  0.000  0.000  762 
   54792.505800       0.0000       3.6120       0.0000       3.6120      -nan       0.0000       0.0000  0.000  0.000  762 
   54793.506900     582.4872     369.6098     459.4209     369.8489    0.1954    1197.7750    1172.4548 11.492  8.321  762 
   54794.486900       0.0000       3.2427       0.0000       3.2427      -nan       0.0000       0.0000  0.000  0.000  762 
   54860.203100       0.0000       4.4520       0.0000       4.4520      -nan       0.0000       0.0000  0.000  0.000  762 
   54861.126100       0.0000       3.9542       0.0000       3.9542      -nan       0.0000       0.0000  0.000  0.000  762 
   54862.262500       0.0000       4.6302       0.0000       4.6302      -nan       0.0000       0.0000  0.000  0.000  762 
   54912.158000       0.0000       4.4865       0.0000       4.4865      -nan       0.0000       0.0000  0.000  0.000  762 
   54914.124500       0.0000      12.6855       0.0000      12.6855      -nan       0.0000       0.0000  0.000  0.000  762 
   55126.484100       0.0000       3.4936       0.0000       3.4936      -nan       0.0000       0.0000  0.000  0.000  762 
   55126.506900    -897.6133     165.4965   -3024.0204     305.7164    0.6351       0.0000       0.0000  0.605  0.000  762 
   55208.301900    -910.7605     240.1924    -694.1916     255.0641    0.0962       0.0000       0.0000 -3.342  0.000  762 
   55208.332500     228.9325     266.2500     378.6775     267.9939    0.0684    -179.7901    -165.5749 -5.018 -2.105  762 
   55273.269300       0.0000       4.1074       0.0000       4.1074      -nan       0.0000       0.0000  0.000  0.000  762 
   55536.296400       0.0000       3.4359       0.0000       3.4359      -nan       0.0000       0.0000  0.000  0.000  762 
   55538.333300       0.0000       2.5269       0.0000       2.5269      -nan       0.0000       0.0000  0.000  0.000  762 
   55540.341300       0.0000       5.5283       0.0000       5.5283      -nan       0.0000       0.0000  0.000  0.000  762 
   55599.206500       0.0000       5.3037       0.0000       5.3037      -nan       0.0000       0.0000  0.000  0.000  762 
   55603.163800       0.0000       3.4814       0.0000       3.4814      -nan       0.0000       0.0000  0.000  0.000  762 
   55679.251900    -916.2044     252.5651    -893.1992     254.5837    0.3096       0.0000       0.0000 -3.228  0.000  762 
   55889.434300       0.0000       3.7475       0.0000       3.7475      -nan       0.0000       0.0000  0.000  0.000  762 
   55924.442100     113.8062     219.7451     101.8764     223.1815    0.0304       0.0000       0.0000 -0.314  0.000  762 
   55925.373000       0.0036       3.2166      19.1150      17.4104    0.0259       0.0000       0.0000 -0.844  0.000  762 
   55926.306500       0.0000       2.5139       0.0000       2.5139      -nan       0.0000       0.0000 -0.236  0.000  762 
   55927.348900       0.0119       3.1937      69.7308      33.0916    0.0619       0.0000       0.0000 -0.013  0.000  762 
   55969.114700       0.0000       4.2055       0.0000       4.2055      -nan       0.0000       0.0000 -0.039  0.000  762 
   56045.159200    -294.3405     356.1955    -258.2312     357.0363    0.0784       0.0000       0.0000 -3.009  0.000  762 
   56215.477100    -294.4738     101.2155   -2942.9276     306.3259    0.5775       0.0000       0.0000 -0.116  0.000  762 
   56217.469400      -2.2864      16.8126   -2479.6171     517.4147    0.5388       0.0000       0.0000 -5.210  0.000  762 
   56301.276300       0.0000       4.4739       0.0000       4.4739      -nan       0.0000       0.0000  0.000  0.000  762 
   56417.155100   -2588.0935     216.0148   -2682.7872     216.1684    0.2107       0.0000       0.0000 -10.193  0.000  762 
   56418.173700    -101.3657      75.6340   -1757.8103     310.9045    0.2971       0.0000       0.0000  1.053  0.000  762 
