   54116.301000    -442.8513     358.3467    -498.7016     358.5811    0.7105   -5794.2326   -5718.0191 -21.061 -19.210  762 
   54127.317100    1851.5024     331.5649    1841.8628     331.7400    0.0668   -1511.8195   -1484.3937 -10.812 -10.461  762 
   54127.352800    2650.3966     327.1356    2645.5679     327.2913    0.2144   -1513.7925   -1489.6468 -9.035 -9.428  762 
   54149.238000    -511.2908     208.2784    -540.3310     209.6103    0.4989   -1396.6213   -1297.3508 -9.411 -9.272  762 
   54149.257400     108.4633     282.5527      40.6245     282.8403    0.5299   -4150.8932   -4059.4042 -16.860 -17.418  762 
   54150.328600   -1857.7794     198.0482   -1913.2726     199.5061    0.6327    -759.8813    -702.5866 -6.162 -5.860  762 
   54152.336000    -582.4887     172.3648    -658.9170     174.8171    0.4363    -768.4924    -686.2105 -8.338 -8.072  762 
   54152.342500   -1561.9531     182.6502   -1581.5966     184.4982    0.5841    -634.0043    -575.3518 -7.062 -5.885  762 
   54156.154700   -1537.9887     204.0327   -1737.5579     205.8949    0.4168    -615.7657    -573.8497 -11.795 -12.227  762 
   54174.142000   -2373.1140     161.4791   -2551.0375     164.2547    0.7530    -630.0377    -560.6299 -8.415 -8.085  762 
   54174.149600   -2741.1655     150.3347   -3062.7479     154.1778    0.7400    -490.4274    -429.7642 -8.694 -7.427  762 
   54176.305700   -1515.7266     185.9410   -1572.4059     187.7728    0.6513    -837.1890    -759.7334 -7.417 -7.456  762 
   54179.173100    1214.4277     166.6865    1136.1988     169.2500    0.1494    -853.3691    -759.9164 -9.515 -9.448  762 
   54201.218300    2312.2986     185.2228    2287.8132     186.6988    0.4462    -989.3167    -911.0031 -8.961 -8.475  762 
   54201.228100    2477.3066     214.2362    2477.4240     215.0911    0.4026   -1326.3648   -1256.2047 -8.743 -8.452  762 
   54201.243600    1962.3559     252.7805    1938.0390     253.3242    0.1952   -2680.0530   -2586.0914 -14.241 -12.972  762 
   54205.179300     542.9621     145.4132     461.7174     148.6685    0.0152    -576.8748    -507.7107 -9.812 -8.857  762 
   54210.346400     -45.5606     169.6802     -65.3615     171.6785    0.1754    -424.5202    -383.4618 -5.018 -4.675  762 
   54212.180600    -407.7505     217.4431    -379.1053     218.3103    0.4066   -1186.8371   -1119.4691 -12.008 -10.708  762 
   54213.208300     364.9766     216.7128     286.2369     217.6612    0.2622   -1312.6476   -1238.0657 -15.428 -15.912  762 
   54230.223600     121.3045     164.5373     134.6301     166.9326    0.1299    -482.8645    -432.4928 -6.872 -6.101  762 
   54231.221900     210.3107     241.7541     200.5585     242.4261    0.4112   -2215.1378   -2116.9117 -12.281 -12.987  762 
   54240.235600   -1699.4264     194.6474   -1786.7125     195.8227    0.5215   -1150.6286   -1073.3909 -12.803 -11.246  762 
   54260.157900     191.6465     179.1180     288.4698     180.7515    0.0206    -421.8519    -386.4902 -6.483 -5.633  762 
   54260.162700     842.3052     171.0788     964.4989     172.9235    0.1756    -488.3899    -445.4706 -7.769 -6.098  762 
   54260.175900     888.7324     152.3263     969.9960     155.0981    0.2035    -395.7293    -352.1633 -7.047 -5.863  762 
   54261.162600     192.8482     198.6202     224.7463     199.5280    0.0706    -507.7501    -476.5864 -5.266 -4.706  762 
   54261.174500    1408.1975     180.6179    1476.5313     182.1000    0.1731    -839.9849    -772.3206 -10.302 -9.009  762 
   54264.164600    1924.5699     157.8561    2060.7699     159.9803    0.4684    -447.2922    -406.2852 -6.212 -6.881  762 
   54264.180400    1038.7643     154.2044    1224.5181     156.0764    0.3319    -196.3577    -179.0577 -4.746 -2.891  762 
   54265.184200     967.1423     202.0162    1045.7179     202.7258    0.1099    -612.1634    -579.2212 -6.384 -5.205  762 
   54265.195400    1287.1853     184.5023    1299.0134     185.4699    0.1855    -641.2301    -601.0418 -7.729 -6.409  762 
   54275.170700    1814.5585     322.6098    1809.5614     322.8170    0.1410   -1002.2188    -980.7310 -8.072 -7.909  762 
   54275.178200    1402.5834     299.4435    1405.4727     299.7113    0.1482    -593.4087    -578.1050 -4.145 -5.373  762 
   54384.470800    -387.8055     219.4135    -477.5202     220.4814    0.1581     -56.0371     -52.6007 -0.408 -0.368  762 
   54384.481300   -1041.7066     201.1659   -1026.9868     202.5261    0.1543     576.0290     532.1109  4.145  4.404  762 
   54385.508300   -1432.6375     191.2805   -1568.5846     193.1377    0.4746     179.7811     164.2109  2.081  1.944  762 
   54386.497100   -1271.9826     208.9848   -1317.1990     210.1304    0.1616     867.7850     810.5317  5.961  6.158  762 
   54386.502700    -725.4161     212.3686    -856.3802     213.4783    0.2408     -53.1202     -49.8029  0.440 -0.376  762 
   54388.451200   -1343.9971     156.5211   -1455.3839     159.5143    0.3429     375.0089     332.2199  6.546  6.284  762 
   54533.213700     469.9199     290.2627     424.1230     291.3276    0.2599   -1365.1583   -1293.7384 -9.525 -8.971  762 
   54534.352300    -417.8440     303.5088    -449.1467     304.6074    0.6618   -1949.0363   -1858.0768 -11.974 -11.013  762 
   54535.298300   -1222.1965     238.5754   -1343.6021     241.6536    0.6458    -793.7532    -717.8416 -8.429 -7.601  762 
   54536.149900    -283.8018     284.1786    -319.2232     285.0650    0.1879    -289.5509    -275.5678 -2.763 -2.501  762 
   54537.401500       8.9801     208.1140    -192.1354     212.0529    0.2004    -385.4269    -346.5382 -4.686 -5.485  762 
   54538.182200   -1308.2245     427.5710   -1344.6052     428.0346    0.6526   -1917.9200   -1871.6487 -10.272 -9.360  762 
   54538.197200     -30.7247     354.5913     -55.5328     355.3502    0.4353   -1800.1366   -1729.1822 -11.955 -12.234  762 
   54590.205000   -1246.8162     208.1753   -1449.1906     212.5933    0.6557    -353.6560    -311.9934 -5.337 -4.932  762 
   54792.348600    1670.7737     228.5793    1771.0604     229.6676    0.4802     495.1551     466.0436  7.016  7.094  762 
   54792.505800    1911.2059     321.1848    1857.8244     321.4684    0.2615    -186.2621    -181.5946 -0.613 -1.844  762 
   54793.506900    -309.1326     339.2359    -308.5191     339.5591    0.2610   -1354.6468   -1320.0169 -4.836 -9.871  762 
   54794.486900    -313.2003     267.3999    -308.1255     270.4150    0.1758    -185.4659    -168.6643 -2.076 -2.070  762 
   54860.203100   -1107.7704     308.3144   -1131.3734     309.9475    0.6126   -1136.4762   -1063.8963 -6.836 -7.566  762 
   54861.126100    -534.2342     311.7308    -549.4044     312.8101    0.2508    -253.3403    -240.0067 -2.334 -2.009  762 
   54862.262500     112.6497     314.7973     121.7566     316.0828    0.3870   -1319.8485   -1246.0777 -7.440 -7.994  762 
   54912.158000    -730.6020     317.0771    -795.9589     317.3702    0.0818    1436.1284    1398.0726 15.507 10.619  762 
   54914.124500   -8947.0830     785.0479   -9146.4663     785.2980    0.9412  -29334.5655  -29275.2121 -44.735 -53.445  762 
   55126.484100    -850.3723     281.8307    -849.9075     283.4894    0.3529     -77.8317     -72.3745 -0.210 -0.762  762 
   55126.506900    -731.8398     277.0238    -719.0246     278.8356    0.3145    -183.6241    -170.7752 -2.013 -1.843  762 
   55208.301900     355.0850     228.7196     376.4882     232.1127    0.0052    -409.6355    -365.3909 -4.909 -4.738  762 
   55208.332500     -92.3001     240.5439     -40.3529     244.1923    0.1968    -522.6547    -466.0321 -5.454 -5.776  762 
   55273.269300   -1428.0376     277.3028   -1449.0892     279.3907    0.6468    -796.3154    -733.7334 -5.252 -5.890  762 
   55536.296400   -1153.4717     255.0267   -1101.8596     257.3534    0.4902    -381.0352    -346.9035 -2.566 -3.838  762 
   55538.333300   -1640.8150     203.3968   -1521.5550     209.2449    0.4657     -15.0354     -12.9304  0.444 -0.268  762 
   55540.341300    -654.7219     378.0905    -683.0982     378.9013    0.6057   -2472.7108   -2384.3747 -10.420 -11.975  762 
   55599.206500    -922.5961     358.2032    -915.8056     358.7619    0.4747   -1871.2683   -1813.4434 -8.929 -9.370  762 
   55603.163800     185.5666     322.7199     142.6194     324.0144    0.0908    -440.3799    -416.6507 -4.520 -4.493  762 
   55679.251900     501.5329     228.6135     523.4160     232.3094    0.1672    -125.8197    -111.8300 -0.494 -1.584  762 
   55889.434300    -658.2110     285.1221    -632.3533     287.2070    0.3328    -437.8944    -404.3579 -3.292 -3.816  762 
   55924.442100     -79.6970     198.2810    -320.0790     205.5741    0.1277    -143.9111    -123.3217 -4.133 -2.855  762 
   55925.373000     312.7678     247.5985     377.7416     250.6648    0.0340    -304.4363    -275.2073 -4.222 -3.439  762 
   55926.306500    1097.9178     204.2606    1311.8918     209.7265    0.3266    -247.4892    -215.4140 -5.178 -4.225  762 
   55927.348900     944.4081     255.8344     979.5774     258.8367    0.2275    -282.6239    -255.5705 -4.837 -3.307  762 
   55969.114700   -2532.1769     310.6918   -2504.0590     311.8598    0.6633     -40.9677     -38.7045  0.003 -0.290  762 
   56045.159200   -1815.8426     327.4672   -1834.3991     328.8404    0.5255    -401.7880    -377.3934 -4.105 -3.817  762 
   56215.477100   -2327.4452     281.4232   -2600.0993     284.0084    0.7138    -619.4742    -572.2937 -9.032 -6.725  762 
   56217.469400   -2469.6780     502.3495   -2502.0655     502.8303    0.7751   -2370.4450   -2319.7253 -12.854 -10.135  762 
   56301.276300    -398.2716     329.8470    -451.5674     331.2174    0.6047   -1557.6178   -1476.7196 -11.681 -9.632  762 
   56417.155100     191.8714     213.7765     197.0653     213.9635    0.0106    -328.5365    -320.7409 -5.237 -5.220  762 
   56418.173700    -514.3603     291.7563    -588.0344     292.3387    0.1734    -604.2065    -580.9453 -5.704 -5.656  762 
