   54116.301000     912.1819     364.5470     833.5760     364.8387    0.3440   -3092.1862   -3049.2577 -9.958 -10.227  762 
   54127.317100    1886.1373     335.7920    1901.8296     335.9520    0.1419   -1123.0500   -1103.0968 -7.868 -7.722  762 
   54127.352800    4067.9723     330.1100    4049.3540     330.2429    0.4026   -1348.3582   -1329.5179 -7.975 -8.386  762 
   54149.238000      25.4797     215.3009      59.1741     216.6428    0.0601    -243.0624    -224.4196 -2.056 -1.595  762 
   54149.257400     482.9132     287.7877     429.9780     288.1277    0.1424   -1292.1919   -1261.1881 -5.024 -5.390  762 
   54150.328600    -543.6754     204.1578    -566.7520     205.4694    0.2488    -238.0635    -218.5596 -1.384 -1.818  762 
   54152.336000    -266.3671     180.7947    -232.7129     182.9090    0.1133     -69.0673     -60.7626 -0.611 -0.703  762 
   54152.342500    -174.8004     189.7133     -88.7298     191.3435    0.0259       4.7263       4.2599  0.003  0.043  762 
   54156.154700    1207.6911     210.7471    1074.3531     212.1189    0.0969    -595.7583    -543.7363 -11.034 -11.394  762 
   54174.142000   -1307.8268     167.4756   -1165.1912     169.2725    0.3671    -189.9735    -167.8722 -1.971 -2.390  762 
   54174.149600   -2032.8601     157.1005   -1975.8376     159.5065    0.5751    -109.0761     -94.0019 -1.370 -1.605  762 
   54176.305700    -835.8174     193.0194    -809.0551     194.6701    0.3447    -230.6569    -208.0638 -1.581 -2.015  762 
   54179.173100     284.8274     174.0513     312.0508     176.0702    0.1013     -62.2702     -54.7356 -0.585 -0.673  762 
   54201.218300     -32.4024     193.4441     -22.3474     194.9262    0.1440    -371.4931    -337.2737 -3.229 -3.115  762 
   54201.228100     101.5432     222.3524      76.7407     223.3997    0.1873    -618.4923    -579.8492 -3.431 -3.884  762 
   54201.243600     377.8833     259.8138     329.2044     260.5005    0.2451   -1247.9825   -1198.4045 -5.791 -6.001  762 
   54205.179300   -1004.0957     153.1937    -970.3505     155.3635    0.2899      20.9839      18.1366  0.127  0.311  762 
   54210.346400    1834.4965     175.2580    1847.1006     176.8246    0.5918     262.1883     234.3157  3.475  2.836  762 
   54212.180600    2463.6052     221.9605    2539.2594     222.6808    0.5396    -289.4672    -272.7080 -2.642 -2.588  762 
   54213.208300    2010.6275     221.4487    2016.0057     222.1819    0.4496    -143.3311    -134.4600 -1.304 -1.708  762 
   54230.223600   -1475.7896     173.3903   -1460.0758     175.4893    0.5209    -171.1777    -149.7169 -2.489 -2.076  762 
   54231.221900   -1512.2647     248.4925   -1566.9534     249.2829    0.4492    -628.1398    -597.0222 -3.594 -3.641  762 
   54240.235600    -596.9169     200.3553    -649.7548     201.4103    0.2811    -519.5762    -479.5371 -4.755 -4.986  762 
   54260.157900     906.3695     185.4133     979.2986     186.7677    0.2740     -27.8641     -25.1591 -0.521 -0.364  762 
   54260.162700     748.1009     178.2240     785.4370     179.7600    0.2199    -116.0624    -103.8484 -1.785 -1.411  762 
   54260.175900    1168.3062     160.6866    1233.4982     162.8766    0.3151    -149.6957    -129.5408 -1.917 -2.125  762 
   54261.162600      31.7480     203.5109      52.6801     204.4400    0.0059     -36.0089     -33.5483 -0.489 -0.332  762 
   54261.174500     462.5977     186.6301     525.3155     187.8883    0.1067    -132.5871    -120.3057 -1.059 -1.398  762 
   54264.164600    1797.4079     165.1925    1918.3512     166.8152    0.4638      73.6972      65.2428  2.719  1.096  762 
   54264.180400    2027.2292     160.5948    2214.5156     161.8703    0.4794      89.4673      80.3805  1.844  1.282  762 
   54265.184200    1835.9565     206.7035    1842.7042     207.3648    0.4351     119.9525     113.1586  0.508  1.006  762 
   54265.195400    1924.6360     189.6691    1972.0154     190.4890    0.4298     118.6028     110.4239  1.210  1.165  762 
   54275.170700    1451.0697     325.8596    1451.7975     326.0600    0.2718     158.7420     154.9060  2.037  1.249  762 
   54275.178200    1875.3345     303.0376    1921.0005     303.2696    0.3692     392.9242     381.6815  3.990  3.533  762 
   54384.470800    1063.0721     225.1026    1013.0963     226.1238    0.2951      -8.8127      -8.2609  0.562 -0.057  762 
   54384.481300      61.3753     207.2253      93.8615     208.4789    0.1556     441.5600     406.8242  3.767  3.341  762 
   54385.508300     -29.0698     197.5229     -72.8468     199.0011    0.0338     -32.7379     -29.6330 -0.548 -0.347  762 
   54386.497100     978.4424     214.7708    1015.2596     215.8461    0.4178     412.2062     384.5539  2.530  2.902  762 
   54386.502700    1199.4378     217.9073    1217.9124     218.9173    0.4573     288.7659     270.5323  1.664  2.030  762 
   54388.451200     940.4589     164.1491     744.5615     166.5523    0.1957      31.9820      27.7514  0.655  0.514  762 
   54533.213700      16.6121     297.7490      33.4516     298.9129    0.0195      30.9954      29.2414 -0.093  0.203  762 
   54534.352300     934.4652     312.1440     965.9776     313.3092    0.2513    -250.8030    -238.2312 -1.502 -1.407  762 
   54535.298300    1440.9510     248.6538    1406.0396     251.2459    0.5294    -151.9068    -135.2459 -1.803 -1.424  762 
   54536.149900    2436.8960     290.1833    2415.7150     291.1200    0.6606     388.0403     367.0329  3.164  3.322  762 
   54537.401500    1802.6746     220.6144    1633.0531     223.6851    0.4032    -114.2149     -99.7647 -0.649 -1.566  762 
   54538.182200    -379.9505     433.9229    -403.8771     434.4322    0.2521    -684.9421    -667.9177 -4.313 -3.340  762 
   54538.197200    -648.8162     362.8570    -680.1507     363.7216    0.2879    -347.2698    -331.5558 -2.916 -2.337  762 
   54590.205000    2990.5935     217.9593    2909.1740     221.1431    0.8219    -111.2878     -96.0036 -0.972 -1.500  762 
   54792.348600    2409.3080     232.6469    2405.9186     233.5342    0.4775     308.3462     287.0010  6.142  4.384  762 
   54792.505800    1889.9077     325.7109    1863.8096     325.9542    0.3046     533.7639     518.0291  6.627  5.216  762 
   54793.506900    1634.4873     346.8599    1519.3914     347.2456    0.1181    -803.6480    -778.3244 -4.748 -5.739  762 
   54794.486900    1498.0455     277.9628    1509.8216     280.4235    0.3761    -167.0825    -148.9736 -2.370 -1.816  762 
   54860.203100    1158.7432     316.7449    1097.4595     318.3985    0.2238    -547.3267    -509.3487 -3.647 -3.607  762 
   54861.126100    2519.9562     318.1519    2523.1353     319.2200    0.6964     445.4805     420.3509  3.775  3.512  762 
   54862.262500    2759.8030     320.5973    2722.5126     321.9339    0.6661    -602.0411    -566.8982 -2.809 -3.663  762 
   54912.158000    2771.5647     320.8995    2614.7459     321.1752    0.4808    2337.6081    2271.3506 16.557 17.075  762 
   54914.124500   23228.3945     787.5700   23194.1277     787.7323    0.3359  -18437.8530  -18413.2588 -31.018 -33.316  762 
   55126.484100    -227.1374     286.5446    -265.8356     287.9294    0.0710      59.1592      54.8688  0.546  0.581  762 
   55126.506900    -484.6275     284.4627    -556.3801     286.0266    0.1899      21.1947      19.5453  0.105  0.211  762 
   55208.301900    2553.1648     235.6437    2505.2722     238.3190    0.6085    -386.1833    -340.6570 -4.353 -4.431  762 
   55208.332500    2226.9142     250.4153    2270.9199     253.3941    0.6538    -233.4893    -204.0640 -2.128 -2.524  762 
   55273.269300    2357.3610     284.4568    2336.9102     286.3629    0.6259    -342.3993    -314.2507 -2.987 -2.512  762 
   55536.296400    1671.1987     260.1645    1584.1190     262.0761    0.5326     -83.5345     -75.7653 -0.506 -0.837  762 
   55538.333300     961.1253     216.1286     936.4285     220.7146    0.1808     -25.3365     -21.0298  0.497 -0.427  762 
   55540.341300    1059.1287     385.6348     978.2330     386.5462    0.0228   -1101.6337   -1059.3567 -5.147 -5.320  762 
   55599.206500    -976.8389     366.0675   -1014.9759     366.8025    0.3433    -451.0407    -435.2682 -1.852 -2.247  762 
   55603.163800    1524.3925     332.1189    1446.1382     333.2601    0.3065    -482.6323    -452.2729 -4.035 -4.819  762 
   55679.251900     382.6205     240.2464     359.4368     243.4674    0.1694      35.3227      30.5927  0.023  0.428  762 
   55889.434300    3426.0936     290.9781    3407.9346     292.7091    0.7771      25.3390      23.2933  0.249  0.220  762 
   55924.442100     987.1669     214.1891     720.3401     220.3275    0.1918      10.2311       8.2871 -0.143  0.189  762 
   55925.373000     978.2684     257.8847    1031.5708     260.3920    0.3171      40.4975      35.9884  0.775  0.449  762 
   55926.306500    1299.6672     215.9694    1451.8267     220.0201    0.4332       0.0853       0.0719  0.127  0.001  762 
   55927.348900    -163.3988     267.3681    -142.9692     270.0691    0.0298      62.4411      55.3172  1.078  0.713  762 
   55969.114700     258.6093     314.4080     231.3125     315.4634    0.1785     300.2118     283.9616  2.004  2.140  762 
   56045.159200    1388.4416     333.8513    1420.2119     335.0992    0.4234     -53.8272     -50.3343 -0.109 -0.507  762 
   56215.477100   -1749.7235     287.9952   -1851.4457     289.9496    0.5880      43.1991      39.5030 -0.322  0.469  762 
   56217.469400    -752.4673     507.5849    -767.3520     508.1076    0.2517    -315.9014    -308.8602 -0.924 -1.357  762 
   56301.276300    -178.1499     336.7194    -199.5363     338.1062    0.1381    -117.6387    -111.0113 -1.003 -0.732  762 
   56417.155100     772.3267     214.6165     654.5590     214.8348    0.0603     -26.9999     -26.1093  0.994 -0.430  762 
   56418.173700     239.5635     296.0305     232.9037     296.5661    0.0302     -80.1754     -76.6931  0.473 -0.747  762 
