   54116.301000   10697.8559     349.4403   10433.8763     351.2514    0.6187   -5445.4196   -5236.2756 -32.975 -17.641  762 
   54127.317100    2853.7344     341.6204    2906.1171     343.2025    0.4988     519.8068     491.0907  3.645  3.544  762 
   54127.352800    4617.9553     336.8273    4683.0905     338.1762    0.5315     451.2465     430.2198  2.860  2.759  762 
   54149.238000    3376.5280     225.8515    3300.6713     236.6364    0.7496     764.0319     614.1580  4.081  4.428  762 
   54149.257400    8054.4682     284.4033    7597.4387     286.9931    0.6542   -2643.0406   -2471.2471 -15.027 -10.613  762 
   54150.328600    4119.4023     218.9113    3905.1002     229.1906    0.6914     979.1475     787.5515  6.516  6.461  762 
   54152.336000    3145.0486     197.7816    2869.8929     213.9551    0.6568     824.0049     593.8153  6.998  7.355  762 
   54152.342500    3532.0109     205.3909    3996.7749     218.2007    0.6964     810.2073     609.9805  6.643  6.538  762 
   54156.154700     165.0957     232.3893    -782.9181     243.3339    0.0450     402.0533     331.6624  7.238  7.239  762 
   54174.142000    3374.5882     188.5025    3481.1888     204.4117    0.6022     850.7205     618.2407 10.039  9.242  762 
   54174.149600    3399.2445     177.3305    1977.5105     197.6413    0.2491     730.6979     522.8517 10.203  9.248  762 
   54176.305700    2041.0243     208.7600    1979.5532     221.9227    0.5534     758.1994     570.0373  6.912  5.862  762 
   54179.173100    3347.4816     194.4347    3303.0083     210.5253    0.5540     883.5022     634.2776  8.962  8.134  762 
   54201.218300    2798.6646     210.6193    3144.2480     221.4942    0.7928    1475.9322    1160.2125 10.239 10.583  762 
   54201.228100    2680.5540     232.1996    2833.7333     239.6581    0.7227    1713.3107    1453.3191  9.426  9.644  762 
   54201.243600    4876.3793     260.8649    4790.6861     265.7321    0.8416     556.1401     499.1169  2.758  2.487  762 
   54205.179300   10463.4690     169.8518   13311.0584     185.3308    0.5887     534.7074     398.6897  7.271  7.049  762 
   54210.346400    3413.5726     196.6252    2869.0311     209.5758    0.3951     378.8449     287.6087  3.309  3.472  762 
   54212.180600    3003.9401     239.6933    3107.5511     246.6274    0.5779     560.6785     472.0358  4.467  4.568  762 
   54213.208300   19291.2769     236.2511   21221.1671     241.3270    0.8454     809.2496     701.1492  9.110  9.033  762 
   54230.223600    3305.4294     192.7590    3392.6308     207.6225    0.5684     899.8444     660.4891  9.188  9.518  762 
   54231.221900    4341.6380     253.6365    4400.8155     259.4854    0.7392     517.5965     451.2310  3.710  2.800  762 
   54240.235600    4183.0833     217.9320    4090.2665     225.7248    0.6680     862.3581     712.8445  7.015  7.311  762 
   54260.157900    5694.8691     204.1938    5373.0687     215.9727    0.5740     544.7697     430.0463  6.547  6.451  762 
   54260.162700    2837.0942     199.1541    2937.1833     211.6876    0.5501     705.7796     540.6064  7.690  7.496  762 
   54260.175900    4829.6514     180.5275    4570.0613     197.3561    0.5777     496.5197     360.6495  6.890  6.159  762 
   54261.162600    1703.8094     223.5390    1506.9004     230.7379    0.4560     837.5888     696.7437  6.801  6.763  762 
   54261.174500    3818.8033     208.0307    3987.0708     218.2638    0.7157     764.2499     602.5226  7.058  6.893  762 
   54264.164600    4598.4752     187.6004    5090.0378     200.2504    0.6570     444.8615     342.3194  5.897  5.673  762 
   54264.180400    4993.8389     180.9644    5954.7241     193.2091    0.5783     636.1639     495.7702  7.198  7.998  762 
   54265.184200    2228.3061     222.2436    2616.7095     228.3148    0.5579     717.7517     608.3521  5.957  5.481  762 
   54265.195400    2891.8893     208.7589    3503.8637     215.6470    0.5521     817.9408     680.9681  6.516  7.078  762 
   54275.170700    3520.8681     341.1263    3684.5170     342.9344    0.5365     811.8010     760.2267  6.402  6.008  762 
   54275.178200    3946.7278     319.1224    3998.1488     321.5133    0.5664     428.7321     396.2405  4.229  3.623  762 
   54384.470800    3040.4677     237.2890    3089.2793     245.3593    0.6517     437.2387     364.1937  2.310  2.560  762 
   54384.481300    2079.2890     222.3900    2237.5204     232.7247    0.5174     692.1528     550.6201  5.189  4.632  762 
   54385.508300    1742.9712     217.8641    1503.5186     229.9011    0.4313     658.5083     513.0805  7.287  6.158  762 
   54386.497100    2376.9476     227.9058    2433.9671     236.6794    0.6316     634.4973     520.4936  4.426  4.025  762 
   54386.502700    2948.4131     229.6640    2912.1870     237.9592    0.6589     512.9762     424.8384  3.222  3.306  762 
   54388.451200    1541.3982     186.7988     606.2678     203.3163    0.1517     324.8557     238.8426  4.723  4.563  762 
   54533.213700    5344.6728     315.8853    5589.7506     323.7617    0.8567     -25.5802     -22.0643 -0.441 -0.148  762 
   54534.352300    4987.9003     317.8596    5050.4898     326.8744    0.7843     -96.7775     -83.7546 -0.322 -0.503  762 
   54535.298300    3935.8221     276.1609    4859.5642     294.0553    0.8434     480.1556     364.4168  3.745  3.704  762 
   54536.149900    4823.5974     315.9849    5154.1159     322.1032    0.7693     135.8075     118.8203  0.967  1.023  762 
   54537.401500    5368.0329     252.6558    5842.9485     273.4340    0.7267     433.8555     322.9669  4.489  4.790  762 
   54538.182200    4515.2011     441.6235    4477.1305     445.1463    0.6300   -1281.5154   -1198.8124 -6.356 -5.892  762 
   54538.197200    4330.8218     380.8117    4348.3745     386.9905    0.7802    -227.8988    -203.3860 -1.378 -1.405  762 
   54590.205000    4599.0617     252.2150    4887.7083     273.4554    0.6983     329.7159     239.2524  2.994  3.560  762 
   54792.348600    2462.6187     260.4611    2440.4187     268.5474    0.2739    -260.4622    -217.3190 -3.296 -3.279  762 
   54792.505800    4858.8784     338.5796    4883.7657     340.8776    0.5142     599.5141     555.1862  4.643  5.641  762 
   54793.506900    7129.9938     344.4566    7036.3453     347.5104    0.7106     241.3491     222.1833  1.715  1.755  762 
   54794.486900    3447.9996     306.4931    3989.2823     325.0236    0.5365    -222.3526    -170.3631 -1.964 -2.112  762 
   54860.203100    4184.9785     333.0596    3932.3317     345.9266    0.6299   -1371.2885   -1125.3903 -9.474 -8.119  762 
   54861.126100    3326.1706     340.2045    3634.1196     348.8265    0.5391    -361.8106    -308.6689 -2.321 -2.599  762 
   54862.262500    6273.6906     335.5373    6097.7191     346.6961    0.7036   -1577.2780   -1328.6171 -11.355 -8.591  762 
   54912.158000    6767.1494     323.7915    6497.4450     326.5415    0.6731     611.5460     559.2517  4.415  4.521  762 
   54914.124500   27678.9534     717.5328   27067.2532     718.0151    0.6559  -56300.1912  -56135.0191 -223.389 -103.656  762 
   55126.484100    2336.3677     315.5640    1916.2243     327.8949    0.2376      42.5345      34.4316  0.668  0.370  762 
   55126.506900    2668.0447     309.8935    2680.9630     322.7879    0.4065     124.8238     101.2243  1.105  1.118  762 
   55208.301900    3831.3684     269.0877    3675.0450     290.6992    0.4106       8.1431       5.8649 -0.313  0.078  762 
   55208.332500    3386.8304     280.0177    2911.9250     303.5072    0.2716    -397.4413    -286.4091 -3.645 -3.619  762 
   55273.269300    4241.5221     305.9407    4106.0809     321.1088    0.4489    -932.6068    -737.9409 -6.575 -5.932  762 
   55536.296400    3646.5323     290.3366    3405.7280     306.3515    0.1943   -1314.6153   -1009.3015 -11.288 -11.399  762 
   55538.333300    2511.3391     243.7057    1232.3692     274.6816    0.0776    -529.5413    -357.1006 -8.043 -7.935  762 
   55540.341300    6596.0654     387.4338    6153.4544     394.5674    0.3762   -3314.9908   -2967.7938 -18.062 -15.060  762 
   55599.206500    5740.2008     370.7566    5663.1223     375.6589    0.2480   -3853.2537   -3515.4998 -18.574 -18.068  762 
   55603.163800    4864.1263     358.4310    4760.3856     368.0703    0.3159   -1385.9588   -1180.0101 -12.309 -12.666  762 
   55679.251900   -5782.1797     275.8933   -6233.1008     298.3627    0.5581   -1302.2743    -916.4516 -13.765 -13.229  762 
   55889.434300    4841.3928     317.5198    4400.2364     333.1752    0.3897    -306.4347    -242.1309 -2.345 -2.347  762 
   55924.442100    7298.8134     234.4419    7033.8293     268.0093    0.4404     -77.6107     -52.8036 -1.041 -1.353  762 
   55925.373000    3625.8675     285.2299    3047.5880     306.4126    0.2217     293.0381     218.4308  2.557  2.845  762 
   55926.306500    4371.9825     246.8228    2720.3164     278.3800    0.1933      20.0015      13.7261  0.588  0.282  762 
   55927.348900    4984.6271     294.8166    3871.3273     315.5957    0.2356     -18.5120     -13.8551  0.587 -0.186  762 
   55969.114700    2820.1499     334.2136    2570.2468     343.5606    0.2015    -151.9402    -129.0044 -0.758 -0.984  762 
   56045.159200   33572.5047     341.1502   36238.0736     346.8161    0.7696    -315.9429    -274.1938 -3.215 -2.908  762 
   56215.477100    3614.2854     316.1342    3221.6981     332.0590    0.5769    1748.6244    1405.0870 17.781 17.023  762 
   56217.469400    5689.2769     503.4099    5418.2185     507.3945    0.5202     517.5362     485.5379 -0.747  2.150  762 
   56301.276300    3996.5168     350.6680    3966.7420     361.4188    0.5138    1832.9292    1561.6800  9.954 10.341  762 
   56417.155100    5583.7016     219.6846    5369.1694     221.5419    0.3609      -5.4712      -5.0743  6.148 -0.089  762 
   56418.173700    4074.3343     309.6292    4059.4097     314.4707    0.4416    1509.7822    1340.4195 13.786 13.642  762 
