   54116.301000    7586.4130     350.3233    7605.5468     350.5018    0.6383   -2968.3886   -2952.7310 -10.077 -9.950  762 
   54127.317100    2316.1821     326.2852    2326.1568     326.4000    0.2460    -828.1312    -817.4830 -7.679 -5.776  762 
   54127.352800    2983.8842     320.8392    2983.9920     320.9401    0.2453   -1524.6240   -1507.7118 -9.387 -9.617  762 
   54149.238000   -1188.3514     199.7474   -1176.7264     200.8798    0.3220     168.8951     158.8282  1.151  1.144  762 
   54149.257400    -364.6924     277.4076    -395.5727     277.6309    0.2451    -990.0334    -974.8993 -4.593 -4.196  762 
   54150.328600    2903.7202     187.0232    2976.2761     188.0300    0.7580     158.2862     148.9437  1.210  1.263  762 
   54152.336000    6098.6343     160.9316    6422.7952     162.3345    0.8723     169.9027     156.0552  2.384  1.841  762 
   54152.342500    5916.0375     170.8844    6167.1521     171.9214    0.8488     281.4131     262.4207  2.364  2.691  762 
   54156.154700    -432.0295     195.9855    -568.8637     197.4562    0.1757    -346.4641    -325.0886 -8.794 -7.169  762 
   54174.142000    1149.1721     151.9122    1335.5739     153.8062    0.4110      78.0510      70.7623  0.795  1.031  762 
   54174.149600     682.7188     140.6452     862.5931     143.3348    0.3846     170.7419     152.3588  1.731  2.687  762 
   54176.305700   -2338.4504     178.2803   -2247.8681     179.6945    0.5366      29.5081      27.2245 -0.523  0.268  762 
   54179.173100    6895.2631     155.4015    7170.3347     156.9937    0.9083      35.1156      32.0871 -0.199  0.403  762 
   54201.218300    2451.1665     176.8272    2494.0856     177.9959    0.7174     164.0906     152.9077  1.065  1.439  762 
   54201.228100    2333.3392     205.9170    2322.9609     206.6195    0.6511     305.0233     292.1764  1.761  1.982  762 
   54201.243600    2605.3345     244.2862    2610.6854     244.6881    0.6136    -231.3132    -225.7972 -1.496 -1.142  762 
   54205.179300     -58.8991     138.5348      17.4158     141.0460    0.0442     110.9645      98.5393  1.039  1.745  762 
   54210.346400    2074.4553     160.6901    2314.0829     162.1001    0.6515     505.0043     463.4102  5.870  5.763  762 
   54212.180600    -884.6104     210.2824    -831.5447     210.9517    0.2340     -55.6203     -52.9334 -0.107 -0.511  762 
   54213.208300    -683.2923     210.4697    -613.7974     211.1671    0.1280     203.1670     193.0731  1.737  2.509  762 
   54230.223600    1177.8885     157.1581    1325.3056     158.9536    0.4154    -148.1375    -134.5588 -1.843 -1.911  762 
   54231.221900   -1190.9983     235.1280   -1228.9600     235.6991    0.3545    -244.6635    -236.0952 -1.916 -1.454  762 
   54240.235600    1530.6572     186.2956    1514.0175     187.1650    0.3914      79.7969      75.3922 -0.628  0.801  762 
   54260.157900    -478.7307     171.4883    -462.9750     172.9568    0.0947     129.1798     119.6598  0.888  1.786  762 
   54260.162700    -934.2978     163.9269   -1021.5800     165.6877    0.2430     191.9449     176.0761  1.085  2.468  762 
   54260.175900    -106.6733     145.5079       7.4171     147.8168    0.0075      19.8485      17.8354  0.480  0.302  762 
   54261.162600     868.4063     189.8571     866.4392     190.6205    0.2867      34.4393      32.5960  0.385  0.331  762 
   54261.174500    2609.6802     171.5635    2666.3932     172.7645    0.6500     100.2853      93.4127 -0.178  1.119  762 
   54264.164600    7281.9659     147.4689    7731.3897     148.8110    0.8737     126.9489     117.7113  1.180  2.063  762 
   54264.180400    7339.9571     144.5489    7790.1566     145.6989    0.8505     155.6773     145.0544  2.687  2.381  762 
   54265.184200    4600.3159     194.8926    4686.0385     195.3806    0.7688     191.9536     184.1018  1.389  1.656  762 
   54265.195400    4705.4562     176.9085    4778.6021     177.5841    0.8257     159.6673     151.8190  1.478  1.630  762 
   54275.170700    2432.6786     315.2007    2445.8115     315.3495    0.4487     452.8732     445.1695  2.643  3.658  762 
   54275.178200    2886.1843     292.4148    2920.9501     292.6008    0.5539     468.3111     458.8600  3.213  4.335  762 
   54384.470800     454.4226     211.3481     416.2011     212.1823    0.2979     664.3942     631.4027  2.245  4.449  762 
   54384.481300     197.7547     192.8981     220.9398     193.9546    0.2965     788.0460     737.8526  5.563  6.145  762 
   54385.508300     233.9436     183.4217     344.1192     184.7324    0.1645     181.2990     167.8258  2.427  2.009  762 
   54386.497100     367.2776     200.8247     419.2164     201.6481    0.2726     513.7424     486.7961  3.684  3.718  762 
   54386.502700     826.5488     204.3520     807.5555     205.1384    0.2868     158.7662     150.9866  0.842  1.145  762 
   54388.451200    -902.0271     150.1167   -1095.2329     152.7088    0.2878     153.7457     137.1423  2.686  2.634  762 
   54533.213700    5618.5947     275.6189    5663.5927     276.3110    0.8754     448.3096     431.3970  2.920  3.045  762 
   54534.352300    4499.6167     288.7804    4520.0111     289.4701    0.9050     124.6423     120.7705  0.365  0.719  762 
   54535.298300    2379.1308     223.7939    2473.6421     226.0345    0.7861      89.9736      82.5945  0.725  0.891  762 
   54536.149900     638.2526     274.0871     601.0725     274.7856    0.2770     566.4547     543.4615  6.031  5.025  762 
   54537.401500    -155.5743     196.9845    -283.8363     200.2435    0.0675      12.8292      11.6268 -0.653  0.190  762 
   54538.182200   -1715.8352     417.1420   -1736.9603     417.4755    0.4754    -234.5901    -230.6105 -1.549 -1.164  762 
   54538.197200   -2129.8215     344.9013   -2154.1503     345.5385    0.5999     -53.7037     -51.9321 -0.653 -0.371  762 
   54590.205000    4595.0054     193.1792    4830.8971     196.1443    0.8876      19.7904      17.8591  0.260  0.289  762 
   54792.348600    6655.6663     215.7557    6855.0664     216.4740    0.7890     850.0356     809.3130 14.836 13.024  762 
   54792.505800    7990.2857     313.0336    7996.4881     313.1987    0.7679    2389.2429    2346.8100 24.173 24.236  762 
   54793.506900    5427.8625     333.7066    5449.9262     333.8953    0.7064     997.1875     979.6054  9.270  7.252  762 
   54794.486900    3998.7169     252.5764    4173.6965     254.6606    0.7431     108.8781     100.5178  1.471  1.268  762 
   54860.203100    1539.5856     295.2731    1480.3542     296.5638    0.2892    -495.6812    -470.2410 -3.682 -3.379  762 
   54861.126100    2566.5389     299.0661    2583.6998     299.8791    0.5962     240.9662     230.8361  3.192  1.968  762 
   54862.262500    3128.6266     298.7235    3166.1909     299.7192    0.6479    -632.1280    -603.8459 -3.241 -3.996  762 
   54912.158000    2055.1057     310.9673    1942.3489     311.2002    0.4960    4204.7931    4111.9330 32.192 31.391  762 
   54914.124500   20411.9918     777.9499   20638.8975     778.2286    0.2388  -24454.6315  -24454.1724 -43.293 -44.484  762 
   55126.484100    7543.6366     263.7670    7640.8338     264.8169    0.9086     -58.2285     -55.1089 -0.975 -0.603  762 
   55126.506900    7061.5560     260.1733    7161.0923     261.3487    0.9150    -207.0785    -196.1143 -2.622 -2.180  762 
   55208.301900    2563.7173     213.7165    2703.4318     216.3801    0.5774    -395.4573    -357.6434 -4.872 -4.833  762 
   55208.332500    1993.3445     226.2540    2068.6199     229.2602    0.6590    -324.1343    -292.6508 -3.637 -3.753  762 
   55273.269300     210.5934     264.5296     266.9633     266.1498    0.0455    -412.2426    -385.0666 -3.000 -3.134  762 
   55536.296400    6646.2148     238.2265    6824.8889     239.7088    0.8784    -251.6497    -234.3012 -2.136 -2.663  762 
   55538.333300    2425.0360     190.3184    2794.5506     194.5510    0.5666    -177.1732    -155.5304 -0.032 -3.305  762 
   55540.341300    -813.5155     366.7806    -822.1205     367.4194    0.4889   -1145.1373   -1115.0369 -5.911 -5.667  762 
   55599.206500    5984.3406     345.0068    5997.8277     345.3769    0.7880    -196.2057    -192.4746 -1.503 -1.006  762 
   55603.163800    3041.8702     312.4259    3053.8752     313.3415    0.6701    -446.1269    -426.2640 -4.612 -4.636  762 
   55679.251900   -1074.5533     219.7161   -1207.8290     223.0886    0.5178    -165.2394    -147.3621 -1.994 -2.129  762 
   55889.434300    1844.1155     270.4740    1894.3293     272.1378    0.6644     196.7235     183.8302  2.569  1.779  762 
   55924.442100    5432.1367     182.2282    5948.1291     187.0428    0.7640     180.1312     157.9886  3.605  3.815  762 
   55925.373000    7382.7156     229.5812    7684.0382     231.5239    0.8990     156.5251     144.6934  1.928  1.863  762 
   55926.306500    6307.8185     187.0065    6842.7581     190.8826    0.8568      42.7689      38.0911  1.392  0.785  762 
   55927.348900    4052.9293     241.0455    4247.0116     243.2426    0.8506     215.3097     197.7883  2.379  2.636  762 
   55969.114700     823.8290     295.2438     849.4755     296.1220    0.3724     363.1872     347.1942  2.736  2.679  762 
   56045.159200    6294.8763     311.5654    6404.5142     312.3731    0.8615      15.9768      15.2678  2.040  0.158  762 
   56215.477100    1967.5133     263.0326    1920.2319     264.8693    0.6850     542.9852     506.6031  5.333  6.242  762 
   56217.469400    -809.8752     487.1593    -840.7910     487.5244    0.0909     507.5642     500.0256  2.082  2.229  762 
   56301.276300   -1277.2432     313.1659   -1331.5128     314.3365    0.3489     535.6052     511.3784  2.712  3.452  762 
   56417.155100   -1405.0218     204.4524   -1482.6232     204.6399    0.0826     595.8419     581.7330  9.710 10.111  762 
   56418.173700    -492.2033     282.8057    -514.6146     283.2712    0.0425     744.5211     718.8784  8.200  7.174  762 
