   54116.301000    8072.0649     422.8898    7987.2122     423.4058    0.2448   -6451.3847   -6336.8584 -21.608 -21.243  762 
   54127.317100   -2223.6920     368.8854   -2902.1176     369.8128    0.0626    2122.4342    2045.0225 14.290 14.308  762 
   54127.352800    -729.2596     366.5081   -1246.3464     367.3082    0.1068    2595.3799    2512.1162 16.886 15.824  762 
   54149.238000    9512.4489     259.3640    9734.9635     262.1316    0.8447    -177.5715    -161.9652 -0.864 -1.151  762 
   54149.257400   10918.4853     326.8096   10899.5935     327.5098    0.6610   -5130.1713   -4975.3988 -22.322 -21.443  762 
   54150.328600    9783.9694     241.7490    9787.7753     244.9281    0.9007    -407.6650    -368.4185 -3.414 -3.097  762 
   54152.336000    7067.0897     217.8406    5411.2497     224.0146    0.4402     365.5609     315.8574  3.174  3.595  762 
   54152.342500    5765.5374     229.7163    4226.0088     234.7096    0.3366     381.0795     335.5538  2.677  3.338  762 
   54156.154700       0.0000       2.4632       0.0000       2.4632      -nan       0.0000       0.0000  0.000  0.000  762 
   54174.142000      29.5262      13.3100    4465.1279     204.3876    0.3549       0.0000       0.0000  5.420  0.000  762 
   54174.149600     405.4838      45.1019    5938.0377     196.0835    0.5740       0.0000       0.0000  5.587  0.000  762 
   54176.305700    6860.7532     232.8801    6094.1995     237.2812    0.6247     529.5547     468.5177  4.845  4.469  762 
   54179.173100    6889.6088     211.2503    6266.1045     217.1926    0.6821     811.9632     695.2365  8.737  8.488  762 
   54201.218300       0.1328       3.8276     346.5666      48.2358    0.1745       0.0000       0.0000  2.055  0.000  762 
   54201.228100       0.0011       4.4575       2.8567       4.9564    0.0097       0.0000       0.0000  0.996  0.000  762 
   54201.243600       0.0000       5.4368       0.0000       5.4368      -nan       0.0000       0.0000 -3.646  0.000  762 
   54205.179300    4909.6780     182.8038    1649.4857     192.5369    0.1474     467.4384     389.8462  6.414  6.912  762 
   54210.346400       0.0000       3.2461       0.0000       3.2461      -nan       0.0000       0.0000  0.000  0.000  762 
   54212.180600      39.6266      43.0818     377.0202     261.4198    0.0390       0.0000       0.0000  3.665  0.000  762 
   54213.208300    2046.9675     249.4128    1292.0410     252.7012    0.2795     990.9433     896.5929 11.593 11.601  762 
   54230.223600    3674.7760     204.4567    3330.7166     210.3784    0.6492     611.2449     521.2420  7.495  7.310  762 
   54231.221900    2630.9420     290.4347    2299.7613     292.4080    0.3114    -495.5619    -463.2089 -1.837 -2.830  762 
   54240.235600    8294.6608     227.2937    8666.6918     230.1004    0.8742     358.2102     323.7524  3.404  3.456  762 
   54260.157900   11015.2704     215.6109   11898.4987     219.1497    0.8905     864.4055     768.3409 10.802 10.722  762 
   54260.162700   11756.2666     208.5780   12982.1180     212.1027    0.8260     692.4643     612.6397  9.028  8.161  762 
   54260.175900    7514.9906     190.6497    7248.9996     197.1440    0.7161     741.7910     626.9038  9.663 10.169  762 
   54261.162600   12998.3822     234.7389   13867.5024     236.5482    0.8069    1012.4597     930.5934  9.651  9.123  762 
   54261.174500   10916.9114     216.9750   11481.4524     220.3964    0.9408     993.2890     882.9021 10.246 10.280  762 
   54264.164600       0.0000       2.7208       0.0000       2.7208      -nan       0.0000       0.0000  0.000  0.000  762 
   54264.180400       0.0000       2.7679       0.0000       2.7679      -nan       0.0000       0.0000  0.000  0.000  762 
   54265.184200       0.0000       3.7730       0.0000       3.7730      -nan       0.0000       0.0000  2.901  0.000  762 
   54265.195400       0.1179       3.4837     348.1429      43.3180    0.1376       0.0000       0.0000  2.216  0.000  762 
   54275.170700   12154.6271     347.3646   12294.6971     348.0262    0.8772       0.0000       0.0000 -1.746  0.000  762 
   54275.178200   11397.3079     323.5709   11618.2953     324.4184    0.7994    -211.2874    -201.8729 -2.639 -1.894  762 
   54384.470800    7016.2586     268.1441    7300.2578     270.4164    0.7973    -843.7711    -777.2433 -5.294 -5.437  762 
   54384.481300    5861.7500     248.8239    6091.5938     251.7987    0.7451     323.0704     291.5748  2.160  2.388  762 
   54385.508300    4855.4948     231.9231    4800.8450     236.1367    0.7131     281.1875     247.7757  2.850  2.914  762 
   54386.497100    3730.5424     258.4145    3507.8065     261.1358    0.4506     149.3126     136.1050  1.003  1.023  762 
   54386.502700    2858.8337     262.2596    2069.1331     265.1171    0.2639     345.0567     315.5241  2.309  2.341  762 
   54388.451200    6040.2904     191.8178    8426.0356     196.6418    0.5133     269.5733     230.4319  4.479  4.342  762 
   54533.213700   19918.8214     343.1053   20192.3540     345.3381    0.9421     454.6635     424.3793  3.029  3.014  762 
   54534.352300   18350.1534     370.6376   18236.0921     372.8196    0.9546    -133.2542    -125.9912 -1.116 -0.742  762 
   54535.298300   21040.1072     288.3596   22107.1327     293.4908    0.9327     433.7046     385.8512  4.174  4.223  762 
   54536.149900       0.0000       3.7062       0.0000       3.7062      -nan       0.0000       0.0000  0.000  0.000  762 
   54537.401500       0.0000       2.7418       0.0000       2.7418      -nan       0.0000       0.0000  0.294  0.000  762 
   54538.182200       0.0000       5.3715       0.0000       5.3715      -nan       0.0000       0.0000  0.000  0.000  762 
   54538.197200       0.0000       4.3151       0.0000       4.3151      -nan       0.0000       0.0000  0.000  0.000  762 
   54590.205000   18991.1533     247.7637   20873.7817     255.0606    0.8769      96.7496      83.3425  0.661  1.382  762 
   54792.348600       0.0000       3.0187       0.0000       3.0187      -nan       0.0000       0.0000  0.000  0.000  762 
   54792.505800       0.0000       3.6639       0.0000       3.6639      -nan       0.0000       0.0000  0.000  0.000  762 
   54793.506900   18488.5958     379.1467   18430.0449     380.0161    0.6439  -10236.4099   -9854.0621 -72.445 -71.996  762 
   54794.486900       0.0000       3.3335       0.0000       3.3335      -nan       0.0000       0.0000  0.000  0.000  762 
   54860.203100       0.0000       4.4967       0.0000       4.4967      -nan       0.0000       0.0000  0.000  0.000  762 
   54861.126100       0.0000       4.0325       0.0000       4.0325      -nan       0.0000       0.0000  0.000  0.000  762 
   54862.262500       0.0000       4.8225       0.0000       4.8225      -nan       0.0000       0.0000  0.000  0.000  762 
   54912.158000       0.0000       4.5308       0.0000       4.5308      -nan       0.0000       0.0000  0.000  0.000  762 
   54914.124500       0.0000      12.4039       0.0000      12.4039      -nan       0.0000       0.0000 -44.156  0.000  762 
   55126.484100    8766.7863     346.4598    8657.4814     350.4752    0.8909    -719.3618    -651.6864 -5.976 -6.443  762 
   55126.506900    8714.6266     338.8162    8919.5297     342.8716    0.8638    -874.5255    -793.5395 -8.957 -8.143  762 
   55208.301900   -5148.4641     301.4928   -5600.9363     309.5188    0.8145    -397.8716    -339.4618 -3.998 -4.128  762 
   55208.332500   -4672.4819     311.8115   -5107.9194     320.5293    0.7520    -701.3963    -596.4062 -7.070 -7.055  762 
   55273.269300       0.0000       4.1500       0.0000       4.1500      -nan       0.0000       0.0000  0.000  0.000  762 
   55536.296400       0.0000       3.5394       0.0000       3.5394      -nan       0.0000       0.0000  0.000  0.000  762 
   55538.333300  -15048.9597     272.2615  -18337.8072     288.8373    0.7673       0.0000       0.0000 -2.606  0.000  762 
   55540.341300       0.0000       5.5928       0.0000       5.5928      -nan       0.0000       0.0000  0.000  0.000  762 
   55599.206500       0.0000       5.3541       0.0000       5.3541      -nan       0.0000       0.0000 -9.779  0.000  762 
   55603.163800       0.0000       3.4835       0.0000       3.4835      -nan       0.0000       0.0000  0.000  0.000  762 
   55679.251900   -9122.8147     294.7601  -10897.0267     305.4473    0.7714   -1774.1794   -1476.7075 -20.265 -20.517  762 
   55889.434300       0.0000       3.8580       0.0000       3.8580      -nan       0.0000       0.0000  0.000  0.000  762 
   55924.442100  -19407.1110     276.2045  -27630.1871     298.6145    0.6951    -223.8489    -176.8063 -3.163 -3.609  762 
   55925.373000  -24524.1043     331.0755  -28413.4227     342.4408    0.8245    -433.7080    -368.6055 -4.070 -4.319  762 
   55926.306500  -19238.9381     281.3695  -27661.0634     302.1838    0.6923    -339.6191    -273.8272 -3.787 -4.910  762 
   55927.348900  -24148.6428     338.2701  -27517.8593     349.4577    0.8400    -533.5741    -450.9234 -5.836 -5.500  762 
   55969.114700  -18440.8750     392.4222  -19554.3610     396.5828    0.8971    -766.6343    -702.4050 -5.426 -4.986  762 
   56045.159200  -15652.4871     401.0329  -17262.4640     406.2815    0.8471   -1299.7251   -1169.2385 -11.439 -11.138  762 
   56215.477100    5801.3595     348.4779    5818.0342     353.4526    0.6249    1387.6521    1260.5142 13.813 13.610  762 
   56217.469400    5834.0634     590.5540    5794.4963     591.6334    0.4635   -2227.5111   -2167.3735 -9.188 -9.136  762 
   56301.276300    9591.1272     412.1224    9508.1315     414.8616    0.7856    1018.6926     958.0871  6.114  5.931  762 
   56417.155100   14855.0421     244.9666   14888.1073     245.5083    0.7145    1296.7468    1252.1776 17.297 17.373  762 
   56418.173700   11710.4280     334.9643   11642.3482     336.4797    0.7662     795.5829     751.7046  6.607  6.854  762 
