   54116.301000     967.5162     350.7045     906.5097     350.8678    0.4892   -3847.9911   -3807.7711 -12.531 -12.787  762 
   54127.317100   -1515.2517     327.5265   -1513.2207     327.6568    0.3079    -350.5949    -345.1959 -2.318 -2.435  762 
   54127.352800   -1241.9486     322.9517   -1245.3171     323.0748    0.2832    -193.1180    -190.4823 -2.173 -1.206  762 
   54149.238000   -1104.8111     201.3486   -1128.6309     202.3697    0.4723    -482.2617    -451.9677 -2.442 -3.226  762 
   54149.257400    -453.1863     277.1339    -506.5186     277.3414    0.5217   -2754.2150   -2703.5954 -10.933 -11.586  762 
   54150.328600   -1364.2100     191.4614   -1379.6254     192.4616    0.4815    -200.9658    -187.9079 -1.019 -1.564  762 
   54152.336000   -1286.3343     166.1894   -1290.7857     167.8494    0.4732     -21.4411     -19.3950  0.605 -0.228  762 
   54152.342500   -1484.9115     176.0487   -1485.3237     177.3590    0.4668    -141.9752    -130.4073 -1.023 -1.334  762 
   54156.154700    -544.4862     198.7379    -567.7709     199.6827    0.2249    -362.3196    -343.1932 -6.860 -7.308  762 
   54174.142000     -31.1793     153.6870     -21.5938     155.2924    0.0923    -252.5808    -229.2301 -3.083 -3.321  762 
   54174.149600     115.7189     142.1197     134.1467     144.1770    0.0197    -211.3208    -190.1880 -3.560 -3.308  762 
   54176.305700       1.8552     178.5312      73.7826     179.7289    0.0674    -320.6438    -295.4480 -2.790 -2.899  762 
   54179.173100     435.6765     160.1913     427.5431     161.8396    0.1062    -213.0408    -192.5554 -1.803 -2.401  762 
   54201.218300     499.4994     179.8770     492.9440     180.9475    0.0902    -301.5326    -280.0031 -2.250 -2.597  762 
   54201.228100     322.8441     208.7745     320.6690     209.4315    0.0668    -529.2252    -504.1128 -3.331 -3.383  762 
   54201.243600     356.6021     246.6044     341.5466     247.0067    0.3439   -1586.9547   -1539.6730 -7.850 -7.709  762 
   54205.179300     426.6685     138.9734     466.5802     140.8703    0.0813    -258.4517    -232.0132 -4.393 -4.070  762 
   54210.346400    -226.9271     164.1652    -229.2121     165.4527    0.0358     135.5823     124.0147  1.563  1.509  762 
   54212.180600     951.3761     211.2712     995.1214     211.8160    0.1360    -579.5638    -551.9314 -5.261 -5.278  762 
   54213.208300     919.9357     211.6523     937.0438     212.1963    0.1018    -635.6996    -605.9104 -7.618 -7.784  762 
   54230.223600     854.9655     158.6813     892.8170     160.1463    0.2330    -364.6923    -331.3574 -4.503 -4.671  762 
   54231.221900    1108.2088     235.1732    1093.6287     235.6492    0.0428   -1295.9063   -1247.8389 -7.834 -7.650  762 
   54240.235600     356.3433     189.0915     373.8593     189.7956    0.0247    -482.7497    -455.4701 -4.908 -4.755  762 
   54260.157900    1016.5236     173.6798    1075.1765     174.6995    0.2888    -129.1831    -120.0233 -1.931 -1.746  762 
   54260.162700    1280.6474     165.6805    1326.0984     166.8621    0.4018     -78.6574     -72.6132 -1.829 -0.991  762 
   54260.175900    1594.1265     146.6544    1674.8933     148.2949    0.5003    -151.0342    -136.5700 -1.334 -2.271  762 
   54261.162600    1503.2811     193.2910    1458.1348     193.9463    0.4026    -147.7592    -139.9688 -1.349 -1.375  762 
   54261.174500    1403.1223     175.5080    1365.6404     176.5086    0.3587    -293.8625    -272.8680 -2.083 -3.171  762 
   54264.164600    1232.5158     153.4795    1318.6736     154.7446    0.4282      37.9199      34.8565  0.906  0.588  762 
   54264.180400    1475.2694     148.9388    1652.9649     150.0105    0.4884     -15.5639     -14.3814  0.075 -0.232  762 
   54265.184200    1525.4994     196.6565    1600.8542     197.1081    0.3490    -212.6857    -203.0412 -1.789 -1.827  762 
   54265.195400    1443.5329     179.5693    1516.0407     180.1677    0.4154      35.1617      33.2876  0.155  0.354  762 
   54275.170700     977.0404     319.6992     963.5995     319.8388    0.1631     -73.9807     -72.5982 -0.069 -0.584  762 
   54275.178200    1286.6496     296.0715    1308.2596     296.2324    0.2781     234.8347     229.7887  2.663  2.132  762 
   54384.470800     671.8201     212.3253     638.3283     213.0423    0.3202     415.4376     394.1097  3.242  2.754  762 
   54384.481300     635.7557     193.8392     627.3809     194.7950    0.3499     865.7356     810.3624  5.800  6.705  762 
   54385.508300     818.6487     184.2292     837.9819     185.2771    0.4167     348.1146     323.2298  2.888  3.829  762 
   54386.497100    1065.3349     201.6722    1002.7342     202.4607    0.4839     647.5336     611.6443  4.450  4.645  762 
   54386.502700     985.1093     205.0176     922.7639     205.7462    0.3749     330.3800     313.3512  2.536  2.370  762 
   54388.451200     878.3598     149.8704     897.4963     151.5601    0.5737     313.7852     285.1145  5.169  5.383  762 
   54533.213700    1201.2566     281.9900    1179.9875     282.7494    0.2135    -644.2326    -615.6784 -3.268 -4.248  762 
   54534.352300    1936.4609     292.3691    1930.0916     293.0855    0.5639    -442.4061    -425.5102 -1.071 -2.522  762 
   54535.298300    1711.0305     228.3524    1668.7810     230.2702    0.5627    -356.4983    -326.7646 -1.626 -3.444  762 
   54536.149900    2518.5354     277.4473    2498.1847     277.9996    0.6382     271.9726     261.2960  2.234  2.357  762 
   54537.401500    2037.3318     200.8418    2032.8338     203.1108    0.5522    -199.1124    -181.2117 -0.773 -2.840  762 
   54538.182200    2386.9576     418.0235    2366.6325     418.3028    0.3927    -632.4358    -621.0998 -2.927 -3.100  762 
   54538.197200    2430.7616     345.8712    2421.7515     346.3650    0.6046    -140.3269    -135.8543 -0.475 -0.958  762 
   54590.205000    2190.2357     199.0844    2180.9935     201.5303    0.5723    -159.0036    -143.0635 -0.788 -2.245  762 
   54792.348600    3700.4644     223.1350    3764.1794     223.7346    0.6701      -9.2515      -8.8292 -0.840 -0.134  762 
   54792.505800    2982.5007     318.0935    2979.0490     318.2441    0.3319    -561.1988    -550.1649 -6.025 -5.570  762 
   54793.506900    3183.0743     333.9214    3137.0875     334.1210    0.1215   -2567.2057   -2513.3973 -17.468 -18.854  762 
   54794.486900    2443.9390     257.9824    2468.6853     259.6723    0.6520    -524.7457    -484.9260 -5.763 -5.934  762 
   54860.203100    1301.4931     297.9422    1267.4941     299.0399    0.1654    -945.1029    -893.9997 -6.099 -6.350  762 
   54861.126100    1143.0583     303.5590    1156.1091     304.2723    0.3598     -75.3757     -72.1138 -0.228 -0.602  762 
   54862.262500    1238.8675     304.9908    1248.7708     305.8981    0.1515    -947.6376    -903.1600 -5.572 -5.775  762 
   54912.158000     333.1505     313.1741     279.5380     313.3616    0.0084    -345.0749    -337.1603 -2.768 -2.561  762 
   54914.124500    8348.3271     763.5122    8281.9677     763.5782    0.7913  -20430.7327  -20410.6529 -39.707 -37.332  762 
   55126.484100   -1599.4091     274.4167   -1627.6060     275.5964    0.5766    -398.4321    -374.1597 -4.033 -3.934  762 
   55126.506900   -1500.4908     269.5259   -1457.3999     270.6967    0.5461    -363.0582    -341.3540 -3.964 -3.685  762 
   55208.301900    1842.3930     218.7451    1984.5959     220.6894    0.5985    -316.3644    -287.6593 -3.455 -3.726  762 
   55208.332500    1377.9368     231.0453    1406.0738     233.2504    0.4169    -384.2362    -348.4984 -3.817 -4.312  762 
   55273.269300     495.5943     266.8692     502.2519     268.2714    0.0723    -354.2915    -330.6407 -2.611 -2.649  762 
   55536.296400    3378.2688     243.7120    3440.8956     245.0331    0.7455    -415.5361    -386.3976 -5.204 -4.274  762 
   55538.333300    2967.2950     191.6443    3203.6027     194.6817    0.7237    -162.6193    -144.9464 -4.486 -3.002  762 
   55540.341300    3430.6832     366.3763    3394.0732     366.9093    0.4917   -1294.4426   -1259.0821 -6.580 -6.315  762 
   55599.206500    1984.3894     349.2495    1930.7573     349.6679    0.2206   -1001.0072    -975.9423 -4.665 -5.028  762 
   55603.163800    1985.0765     315.3325    1959.3211     316.1083    0.5001    -401.1805    -382.9162 -4.206 -4.118  762 
   55679.251900   -2170.0639     223.0228   -2262.4101     225.5596    0.7262    -206.9859    -185.5128 -2.425 -2.622  762 
   55889.434300    -421.2028     276.0047    -438.4999     277.4502    0.2075    -163.2937    -152.2244 -1.247 -1.436  762 
   55924.442100   -1691.0348     191.5962   -1944.9998     196.0531    0.4900     -90.6256     -79.3703 -3.667 -1.836  762 
   55925.373000   -1094.4964     240.0385   -1176.4285     242.1833    0.3678    -197.4461    -180.2657 -2.802 -2.253  762 
   55926.306500    -696.2583     196.9508    -753.1834     200.5614    0.2558    -130.6999    -115.8502 -3.793 -2.273  762 
   55927.348900    -711.6950     248.4711    -782.7430     250.5491    0.2303     -92.3909     -84.5787 -1.869 -1.093  762 
   55969.114700    3128.4064     299.2357    3124.0028     299.9463    0.6739    -255.4972    -244.6091 -1.877 -1.828  762 
   56045.159200   -1684.0291     320.0958   -1726.8419     321.0598    0.4859    -166.8075    -158.1425 -1.631 -1.595  762 
   56215.477100    3965.7650     268.5205    4023.7502     269.6922    0.7960    -282.0675    -265.7229 -4.017 -3.123  762 
   56217.469400    5401.6311     489.8840    5375.8594     490.1440    0.7371   -1355.5253   -1335.1044 -6.049 -5.824  762 
   56301.276300   -3497.1671     321.3875   -3546.6189     322.4328    0.8072    -763.3157    -728.0233 -5.539 -4.740  762 
   56417.155100    -877.5951     212.2639    -887.4796     212.3692    0.1371    -516.2817    -506.1080 -8.128 -8.224  762 
   56418.173700   -1920.9704     287.6301   -1967.5568     288.0249    0.3951    -496.6776    -479.6905 -4.763 -4.664  762 
